-4068
-2317
-3036
3861
-3052
3823
-14332
-1476
-14284
6196
60
271
-7144
3319
-9204
-4369
-16360
-7949
-3848
3077
2080
1775
-3064
4332
-5116
-4884
-3040
-2076
-6128
-492
4132
-5665
-1008
1541
-11240
-5676
-4068
808
-8140
3823
-6100
3611
3152
2307
-6128
2581
-6104
-1546
-10180
-2
-3036
2583
-8136
5387
-9988
8205
-12284
4125
-7148
-2318
-4060
1004
-5092
3581
56
8730
-10216
-1
-15324
-3327
-9180
5126
-10204
1523
-9208
-6867
1264
1526
-1992
3337
-9208
-1003
-8156
-2324
-10200
2799
-6144
1050
-9196
5377
-7164
-7166
52
-2560
44
2070
-15332
-3611
-23248
7174
-5080
-3325
-5892
-2062
-5056
-255
-5068
1513
-5092
6153
-5072
1262
1028
-4122
32
-8990
-8188
3089
-3016
9204
12
1243
1076
-3354
-6112
-9954
-6136
-5128
-11216
2561
-4005
-1261
-4072
-764
-16372
1822
-5104
-11764
-5060
1000
-4088
-2285
-9172
-16
-9168
-1783
-8188
3072
-7112
517
-4016
-12259
-12272
3067
-9160
4362
-13260
-3571
-11232
6921
-23252
2549
-20452
5357
-11196
-5387
-9192
-2077
-5076
-796
-9184
-7430
-11232
7950
-6108
-6158
-6116
2594
-9152
7180
-11204
-789
5368
4636
2088
-275
-13276
-3846
-16360
-4113
-12272
-2806
-3056
-4405
-2020
-2822
-4068
5105
-11232
2057
-9992
-6132
-3064
-8460
-18404
-778
-9184
509
-988
3862
-9208
10244
-1016
-5139
-952
-11490
-10224
-3093
-5100
1783
-11232
-5138
-5080
1549
48
-1295
-7152
-4087
-5104
2020
-8180
270
-18380
6412
-2012
-2321
-7128
-6
-7140
-3845
-22248
2297
-3024
4579
-10220
1537
1048
-2054
236
-1274
-14088
-2301
-9992
16139
-21444
-8747
-9188
6646
-19412
-9494
-11252
-3560
-3056
-2308
-2024
-2053
-9216
2281
-8156
2316
5356
-1003
-4064
520
-15344
-235
-9192
-5903
-14280
-6151
2048
-5354
-10160
521
3120
-3048
-992
8448
4124
-4889
-11224
1241
-17400
-1495
56
8175
-10232
8978
-15340
737
-9164
10511
-6108
315
-12260
-9459
-6920
4092
-17352
8744
3108
-5902
-1988
-13730
3108
3851
-4080
8673
4324
-4871
64
6887
-804
-3589
-1016
-20
-16132
2834
12324
-3862
-14304
6684
-6108
2301
-6124
3824
-7132
3569
-6920
-4867
20
-3327
-9212
7174
-7128
6428
-5092
770
-6076
1035
-3060
-6663
-10216
-1778
-5084
3832
-15312
-252
-9188
-525
-2004
7896
-6132
2775
-6144
2048
-7128
-7924
-12276
-6395
-21492
-732
-6096
-2846
-9000
-3550
-2828
3539
-7124
3043
-7116
-505
-9180
-2049
-3844
4338
-4056
2822
-4044
4329
-6128
242
-1972
-4613
-6116
2570
-6104
-7936
-14316
-4625
-9184
-3050
-2000
11524
-9188
1
-4044
-1537
-8172
-6683
-3052
3284
40
-10754
-3044
7702
-15332
-6097
-4052
4384
-4080
-7695
-16340
-511
24
4093
-16364
-9974
-7124
3817
-9140
-4374
-6064
2302
-11236
-4
-3068
6904
-9168
-228
-6080
8178
-2008
-12044
-9992
-3871
-17336
540
-13256
1007
-18408
-9982
-10188
-286
-10240
-4616
-3040
2045
-4084
-1296
-5100
-272
-3032
-5430
-5112
-4385
-11244
11277
0
2554
-5076
-2815
-16348
-5647
-3040
-7982
-11256
-2301
-6128
3315
-13264
14035
-3052
-1012
-5064
772
-6140
270
-9212
759
-21464
11811
-11252
7385
-14276
4866
-960
2849
-2012
540
-7104
517
-22264
-4070
-5088
6380
-8148
4356
-9180
-1028
-20468
-7178
-8144
-1543
4136
1308
-8164
-13102
-15352
2286
-6092
3360
-3040
9797
52
-5657
-13300
4616
-6104
-6925
-3048
27
-6096
7659
-13268
780
-7140
-1541
-7116
-6912
-7092
-13835
-20452
3597
-3848
-7412
-9216
-3839
-2008
2828
-5916
4332
-9152
-9224
-5896
2307
-4068
-9986
-12248
-5626
-4052
-260
-3072
9973
-3048
-3014
-1016
8944
-3064
-4344
-4044
4084
-8156
-7703
16
7
3072
-730
-17404
-2047
-14336
-6638
-984
-2575
-10236
2845
-3016
11013
68
-1011
-9188
-9494
-7940
17639
-7140
-3575
-5076
-5408
1080
1524
-2012
6409
-12260
-7679
-7128
8704
-3044
-1051
-14316
5384
-14308
2557
-20232
3347
36
-7936
-12288
-3614
-21496
-5393
-4080
-2286
-10188
2276
-10180
-7440
-9180
-508
-8140
8954
-3024
-5613
-13064
297
-13276
8985
-6092
3855
-5096
5092
-1016
5139
-14284
8
-7152
1787
-1796
-7931
-10184
5384
-1980
-3828
-12268
2543
-4096
510
-5088
-7723
-20448
1260
1056
-251
-9996
9473
-11224
5416
-4068
2073
1032
-5660
-7128
-9213
-9992
3077
1048
2033
-21468
-16093
3112
2312
-16372
11040
-3024
5638
-15316
-1787
-7140
3839
-3044
-4132
-9200
2323
-4088
-1021
2112
-3045
-7136
-2811
-8188
5146
-12268
2257
-6128
10503
-6092
2837
-6096
13090
20
-1526
1068
5901
-10204
1271
3108
8925
-15344
-504
-11240
-4352
-2036
-2280
-12248
5871
-3844
-6660
-13276
3637
-6140
5856
-11256
-3587
-17380
2008
-996
-13053
-8160
474
-5084
-12527
-996
3043
-1008
1560
-1992
-4580
-6116
9466
-4096
6396
-14284
-4391
-7120
-2284
-11240
1792
-13296
502
-13296
10491
-9180
-7162
-5096
-2838
-13276
-6116
-7156
-486
-13268
8424
-19428
-2817
-3048
3303
-6080
-10984
-7952
6164
-17344
-763
-16328
4589
-8180
-4358
-3040
-7960
-3052
-6664
-5048
1802
-4068
2003
-14304
-6934
-10188
1040
-3072
6654
-15304
2548
1060
8194
-9180
1295
-7140
-4348
-10188
3317
-2028
-9672
28
-1811
-5100
7219
-8168
7905
-4068
5132
-15296
-11283
-4872
-1502
-7136
7154
-10228
759
-3048
-4350
6152
-1818
-4040
-19162
1060
-4350
-9184
-3326
-4076
-3079
1092
9704
-7120
1775
-9132
2029
-13292
-7414
-11232
-3094
-1008
253
-6116
6899
-1012
5656
5152
-21
-5108
-2533
-9168
8188
-4052
-801
44
-3565
-20444
9740
-6132
-7688
-2024
7192
-13280
-1795
-10224
2872
-8152
-7691
-4096
4850
-3068
-263
-6924
-463
3088
-1057
-12268
248
-3040
-3053
4
9474
-17348
1526
-6116
4078
-6100
3112
-7944
-4341
95
-2039
-10180
-6390
-3052
1280
-11260
3039
-13296
-2586
-1016
-2588
-5056
7944
-8156
-264
-10200
-1551
-4040
-3
-13276
-4028
-14308
8423
-5100
-4622
-7124
7152
-12216
-3583
-10208
4821
-9160
11239
-3048
-2834
1100
-757
4132
-7716
-13248
-1297
-16384
-2296
-10188
5659
-13248
6
-12248
-4612
-9204
4622
-14292
2308
-4876
1796
-5060
-6648
-22264
3839
-14292
9255
-12252
472
-10204
5100
-11240
280
12
481
-13288
-1038
-14292
1527
-5080
6142
-15280
-502
-7144
1783
-8136
-517
-2012
17644
-7156
-2053
-6916
10471
-8148
767
-8172
743
-10184
-6152
-11200
-6647
-8120
6123
-11192
-12268
-772
-2290
-16336
-7958
-10188
-2797
-7152
-5191
5180
-2562
-13288
535
-12048
3546
-11260
-1286
-12260
-2299
-5904
3866
48
1797
-13300
-14376
-10200
3340
-5088
10756
-3016
2555
-6084
-511
-10220
6872
3116
-5100
-8172
4067
6168
4864
-6100
1789
-2996
-6119
-12252
-7664
-5068
1015
-12208
5365
-5108
-4090
-13064
-5608
-20412
-1831
44
4353
-7120
-268
-11224
-10453
-7140
-6639
-14312
1320
-8160
6877
-16372
4113
-3020
-1300
-12260
3624
-8184
3838
56
-509
-17388
2608
-3024
1271
-8164
-1784
-12044
-5664
-15308
4854
-5088
-2530
-10024
3330
3116
-3318
-11220
6926
-5104
-4093
-16364
-3588
-7948
-1760
-3004
-995
-9176
2014
-7164
1805
-7132
-214
-8188
1547
-4084
2521
3088
-2556
-6112
6432
-12060
784
-14304
-1585
-12208
2557
-16344
3592
-8172
-1323
-10208
-7173
-16324
-4121
-772
2816
-6136
-6408
-19424
6377
-2008
1575
-10216
-1066
-12256
-4630
-5068
2571
-6132
-1791
-4036
-6921
-10232
5895
4096
2016
-16344
12053
-984
8440
-18392
2562
-15328
-1551
-8172
-1293
-11224
-4078
-984
9749
-12272
1505
-10216
4347
2092
-1829
-4044
-3045
-6132
3834
-14304
-8180
44
219
-5076
6892
-988
-3073
1048
-5126
-15336
-9214
-3040
6147
-4052
-11734
-17360
-3321
6176
-5348
-7140
-6135
-11232
-524
10472
-9231
-11200
-6918
-13256
8448
-5112
5895
-8140
-9229
-11248
3854
-12216
-6683
-11192
1309
1028
-3588
-15360
7171
-10236
2325
-15340
4109
-6092
4872
-12264
522
-3032
-2058
-6144
8475
-8164
-3059
-10192
502
-5104
1576
-11248
3831
-17364
-5638
-4868
272
-11260
-8733
-4076
-8673
-3040
3058
-8180
-12287
-13264
1008
-7116
10518
10264
-3059
-13288
1296
-13276
-2571
28
1537
-6140
-8964
-5080
-10787
-988
-9755
-4092
-9508
-3040
13594
-14296
-204
-7156
290
1024
-1289
1060
4889
-16364
-6921
-3056
-3332
-3008
8148
-9172
-6448
-4872
3089
-7164
4102
-10145
5381
-10228
6888
-3040
2278
0
-1264
-6096
1542
-10240
-4861
-6136
3341
-9988
12039
-19412
-1493
-3032
5129
-10224
-1555
-11260
1788
-17336
4835
3104
3096
-14308
525
-17340
7706
6180
-284
-6124
5602
-976
-3372
-9184
-3870
-7140
1802
1072
2031
-4052
-6138
-11200
-9453
-14332
-505
-16364
-2562
-3060
12034
-9196
-3581
-6112
-1540
-5076
3849
-16360
1310
-5052
-6383
-12232
751
-10208
7704
-12236
5364
-14328
250
-9200
288
-9188
7178
-7128
5127
-8116
-20477
-15308
2052
-956
-2012
-11264
1263
16
4611
-4040
-1777
-2008
-6188
-5100
8217
-4092
7708
-11204
-2055
-2016
-2067
-6124
-769
-15332
-2788
-19436
5623
-10224
-4091
-12244
1805
-984
-3840
-3024
-265
-11188
-4870
-4060
-1527
-10220
-1278
-3036
-9756
-9188
796
-11232
-7419
-17384
-785
-7168
-15095
-992
-6411
-12240
10008
-7116
-1807
-1020
-1511
-5064
2539
-4076
2322
-4080
3833
-8132
5873
-14332
4370
-11228
4603
-15320
-1286
-9200
2527
-7144
2025
-12228
-1245
-9184
6397
-2024
2583
-15344
-8662
-13260
6148
-15344
5336
-12248
1299
-12228
7924
-980
-478
-8188
4343
-12272
-4328
-10200
-4601
-11252
-1542
-19436
-7182
-5076
761
-23284
-3817
-15328
7951
-13268
-2563
-18384
6634
-9208
3821
-15332
-5658
-6080
-2299
-13284
3313
-7116
-2047
-12248
-3045
-8184
-6110
-3044
-1559
-10216
8719
-8164
-1809
1072
1577
-13256
-529
-12260
3815
-6120
-8432
-4068
-2568
-15352
295
8212
-2295
-10200
8220
1052
2303
-6132
-3344
-7124
-2348
-14312
-7634
-22240
1508
7208
-9240
-5108
2057
-1992
-1761
-12252
3848
-12244
-9489
2292
-295
-6936
2074
-8176
3818
-9144
5911
24
-277
-13280
-1269
-12280
1023
-7132
-10764
-11236
6909
-11220
493
-11224
4884
-13264
-5084
-14084
4092
-15324
-507
-9148
2594
-10236
-3070
-6924
3568
-8168
9245
-10204
10498
-3024
1533
-6124
-759
-5092
-3817
-9208
1015
-20396
1558
-15292
2802
-8156
3095
2096
-1539
-2828
-2296
-8180
-3851
-8168
25
-6100
-1046
-9988
1038
1028
0
-18376
7692
-3056
-4402
-5892
3840
-5080
-6386
-14328
1272
-9200
-6401
-6096
2069
-10228
8976
-13284
10308
220
10250
-11224
-522
-15320
-2587
-5056
-3088
2060
-4335
-5088
-5381
-6144
7404
-12268
-5127
-4072
994
-8160
-9968
-8148
9986
-13268
7156
-21460
-4098
-11228
-265
-10224
-2277
-10228
8182
-7128
482
-1012
-4090
-4064
2100
-12220
8711
20
11019
-10176
3086
-2036
-2798
-18412
-220
-9212
-5650
-10180
-6378
-4068
2847
-4048
1041
-11256
7446
-6928
1807
-16340
4595
-6140
-1819
-12260
-742
-19448
5870
-8176
-5872
-12189
-746
-11020
2079
-9172
7128
-8112
-12009
-7156
-5367
-13272
-17747
-13288
5672
-4056
-6870
-6920
4597
-14332
10769
-9168
-1289
-11200
-4354
-15328
2061
-992
-1493
-6092
4643
-10200
-11776
-4052
11018
2048
4673
-2016
-512
-1996
6402
-8172
-2071
-6088
3880
-988
1277
-13264
2031
-7140
-273
-17376
-2586
40
-7941
-17352
1030
-6940
-3621
-10192
1551
-8184
-24
-13304
4826
-4048
-4116
-6132
4091
-3028
5118
-9176
1022
-14324
1564
-6140
2567
52
5135
-10216
10213
-11028
-11261
-11016
-7182
4
-537
-11016
1274
-3040
-5606
-4096
-7128
7196
-6904
-5060
-504
-7120
-2531
-7136
-7936
-16328
7155
-3028
-268
-13292
-544
-9192
-2567
-11212
4624
-8172
4615
-7956
-1
-21492
-4368
-8980
-478
-21460
-8742
-7136
-1543
-12252
6886
-15348
-7440
-4068
2841
-6128
-249
-2044
8700
-2048
2051
-4060
-4329
-14288
-4376
-13064
30
2052
-2020
-8168
512
-4904
15328
-6100
-3302
-2820
1518
-3844
7166
-17360
-4625
-7940
1261
-8188
2831
-8148
-2037
-7132
3048
-7108
-795
-4080
7449
-13280
-6875
-15300
4107
-1024
-12
7184
10203
-8140
2812
-11244
3339
-2016
-551
-4088
1791
2076
-1567
-8168
-5924
-4076
3594
-21472
-2076
-3068
-2265
-772
1508
-3848
1787
-8176
8704
-16364
-4894
1056
-763
-7164
776
-8168
-1261
-5076
763
-5060
3064
-8152
52
-7104
-8205
-2036
-38
-2992
-1307
-17360
3343
-2820
-4857
-13292
5886
-3864
2591
-15336
-11244
6368
-3875
36
-771
-6100
6965
-4076
3812
-1004
3835
-6144
-6131
4172
3579
1044
-4554
-16328
12306
-9176
5608
-6982
-7410
-9160
7406
-2036
5334
9256
-1760
-26140
-4349
-5096
-3073
-10164
-7946
-7132
-10245
-6120
-2563
-960
3319
-9176
2827
-11232
9235
-10212
3339
-5084
288
-9156
-3836
-7132
5375
64
761
3096
-3336
-1008
-5365
-8972
-2086
-13300
2841
-10192
4617
-11228
-5116
-30452
2284
-13260
5360
-5084
-1470
-5088
-2551
-976
-492
-6112
-3571
-15336
4888
-5104
4089
-8160
-11525
-10192
-265
-13264
-7125
-14272
-27
2080
-1276
-14288
-5870
-3052
-256
-5108
5626
-12288
-4869
-5076
-2319
-3028
3308
1040
-4587
-2008
-5670
-7144
-7435
-11216
-251
-7152
-3332
-19448
1537
-13312
-252
-9200
7691
-17164
-1806
-9216
482
-12260
7135
-8172
279
-11240
6935
-7148
-5909
-8172
3845
3112
-6177
-3044
-513
-14280
-4611
-6924
-1060
32
2053
8240
806
-6100
-525
-6144
-7906
-6100
-2836
1036
11246
-6084
9492
-3020
4071
-10192
-6166
-10228
10002
-4064
-773
-14280
1796
248
8461
-11036
4332
-2044
-2013
-4084
-3337
-7948
-2562
-10164
-4350
-6116
9985
-7156
3066
-6144
1800
-3040
-8969
-10212
9459
-6080
2308
-6116
292
1052
-5130
-17364
-5627
-2036
-2560
-7164
5369
4108
2297
-5108
1282
-6928
-1550
28
1274
-6916
775
-772
-529
-8176
-8725
-16376
1
-6080
-2529
-12248
-1498
1076
-7916
-13268
5950
-2000
5356
-15336
6657
-5120
-8705
-16376
-3578
-6096
-5338
-3036
771
2072
562
6152
-4108
-5096
777
-6104
3065
-13064
-5143
-9212
1570
-11236
-2289
-5084
1287
-6104
-6671
-6128
-2546
1080
4846
-7088
-4075
-19424
-4121
-9176
9229
-12248
-2525
-5056
-791
-14308
-1320
-5120
3052
-7136
1026
-5084
4075
-7128
-1521
-3052
-2
-10200
-8709
-7136
4103
-16340
-2522
-14280
517
-8156
1506
-4052
-3319
-4068
8222
-9160
6956
-8140
2535
-17380
4619
-8144
2806
-6924
-1794
-17400
-4896
248
-1785
-6120
5596
-3048
-6895
-6088
2811
3088
4087
-12260
5656
-2028
-4845
-8176
5367
-16364
2600
-7156
-4327
1048
2532
-4060
-21
4096
8209
-16344
-6145
-11244
-529
-13260
-6662
-3040
515
-1004
-11779
-14300
3059
-9172
-493
-9176
4625
-2000
-4090
-6096
4089
-3044
3583
-792
771
2060
-6909
-776
-20
1052
3069
-6140
-5840
-5092
-2816
-14304
-7411
-3040
2833
-1992
-1793
-8140
-5130
-5060
-260
-9208
5635
-4052
743
-8172
1038
1036
7458
-7128
-13776
-6140
535
4136
9208
-4072
2055
32
-4842
-7144
-1565
-6088
-2543
-5088
-4082
1024
-1288
-8136
-2544
-2028
6941
-5076
-3574
-8160
-7145
-1812
-2084
4124
10456
-3036
-5109
-8148
11262
-3020
-5650
-14160
-3083
-9184
7169
-15108
10490
-7136
-1526
-14264
-4858
-12040
-1235
2100
2530
-1012
-7162
-12288
-5114
-9204
4629
-10216
-1286
2092
-2303
-960
-4607
-980
2296
-2020
5141
-8136
1561
-7136
-4615
-15276
-518
-5072
7671
-984
2307
-2012
-8418
-8172
-3559
-8124
3857
-4052
1778
-5112
-6149
-2828
4596
-2036
-8430
-2040
5139
-8168
-1820
-9156
5121
-6112
11551
-9216
-2829
24
6652
-9172
-7184
10260
2575
-9176
8947
-984
-2584
-11264
767
-11256
-3299
-14276
2828
-9184
771
-2024
-1520
-10224
2578
7172
7424
-5108
7652
-6124
1315
-6076
-761
-8180
2591
-12240
-2581
-7100
1526
-11252
-3083
-9152
3859
-5108
4329
-2012
-1297
1076
12280
-11208
-8976
2060
-1012
-6128
1540
-9180
-2334
-5092
8668
-1016
7713
-6100
3887
-8184
-2046
7184
-3090
-19444
-5137
-14316
-6663
-6112
-2079
-2020
5132
-5068
-6649
-14320
3295
3124
-1528
1076
12273
-4060
-7677
-7140
506
-1000
-9473
-14296
-2286
-10240
-488
-3064
5890
-3024
2819
-3060
5888
-11024
-794
-7940
6897
-992
-5359
-6140
2039
-5100
14846
-5088
3581
-4072
2550
-6140
-1309
-9184
3827
-11224
-7934
-7148
-3082
-2820
-7431
-2828
2363
6168
-4867
-13276
-2819
-8164
-4877
-4032
-8708
36
7395
-4076
5644
-7144
-5107
1056
4598
-792
1807
-1984
8941
-6100
-465
-6916
-1567
5128
1033
2084
-4079
-12040
6908
-1004
-10012
1088
2273
-6096
14243
-7140
-1304
-5096
1035
-17364
-1274
-6120
5125
-10216
1807
-11256
-2284
-988
6952
-9208
5353
-10224
6148
-1800
-9446
-13280
-3599
-6124
-763
-3040
5096
-5104
-2338
-1984
5371
-24304
-1294
-9172
-5917
3092
2033
2292
3007
-9184
4348
-17392
1731
-7160
2538
-16348
-1526
-13288
2812
-9164
4114
-4092
1030
-10204
-2043
-17404
6145
-9200
6397
-8132
-41
-10004
-9
-4076
6140
-8172
-14048
-13244
1799
3096
2563
-3852
-6906
-3844
3590
-8124
6649
-1988
-3555
-18404
-2823
-15356
6845
-6116
-6136
-6104
7165
-2996
-14142
-13072
3808
-12036
7175
-2020
-2315
-14324
-269
-6060
528
-7148
2312
-19436
-5142
-20464
-1039
-11228
4880
-1012
2546
-1976
2328
-12280
3319
-9176
491
-8164
-3089
-968
6125
-7152
-2548
-5104
-5120
-6092
-3607
-11264
-1293
3076
-5641
-9172
6651
-4056
-9461
-4092
7446
-12284
-755
-9200
9442
-9196
-9965
-11012
-8230
8444
3824
2072
-7450
-8132
-1054
64
4362
-8192
-4108
-2832
3333
-17384
8184
-9004
-1552
-10192
3598
-14316
-8221
-8156
9457
-18376
5621
-9988
-993
-8172
-13063
4348
-3095
-7128
1794
-10224
-13312
20
3809
-4064
-1787
-2832
3836
-5096
9997
-6136
3846
-18192
-5129
-8136
3838
-8148
-4093
-4096
6910
-4092
-1783
-7156
2280
-5064
-5626
-10204
-6644
1024
2344
-7152
-7
-2048
1753
-2036
-3324
-9200
-7144
16
-5148
-8164
-1797
-7948
-2055
-12288
2565
-2012
-1269
-13264
4612
-2020
-6904
-3064
-2291
-4056
-4118
-1004
-3323
-2016
6161
-19440
1016
36
2564
-6120
-4327
-15292
3597
-9144
-3307
-14312
4853
-3052
-3062
-6096
2544
-13308
8211
-4068
-3591
2108
1300
-16368
5144
-9204
-4909
-10200
-10215
-6080
3328
-15324
4328
-5068
4103
-13308
1275
-16136
7407
-8120
6133
-14332
-18215
-13276
-517
1056
-14866
-9184
-2332
-2008
-4602
-3056
4343
-21468
3842
-10208
3098
-13264
4647
-8172
-3620
-8140
-2060
-11228
-5086
-6096
-7188
1268
13289
-2844
-8698
-2024
-5616
-4076
-5928
3100
9549
-10216
530
-7136
490
-16336
4608
-9192
3845
-6068
-4619
-8964
-6158
4108
-6410
-5076
22
4132
-10514
-1996
-5134
-3072
1276
-7136
2537
-10208
8956
3100
-2334
-10212
2062
-10236
-8452
-8172
5391
-9196
6695
-3040
3313
-6932
2039
-11244
4849
-3060
-744
-7168
-4112
-5908
-5129
1084
1300
-10212
3557
-2020
3577
-4888
6401
-19424
982
-6108
5887
-5892
2557
-4056
4095
-4064
9483
-4036
-1008
-10224
5409
-17384
3295
-10180
-5371
-7144
2565
-13288
-3803
-9152
3317
-6100
5384
-5100
3329
-9196
-2607
1068
8477
-4096
-3589
-5096
9980
-12268
4893
4144
5373
-15112
759
-8124
6167
-11024
-10003
-7108
11298
-7152
4118
-9208
1262
-10000
500
-6940
5365
-988
7697
-12264
532
-7948
14583
-16356
-1280
-13304
-8449
-13292
-3036
-5112
7925
-5064
-547
-984
2029
-6120
-1243
-7956
-10008
-3072
2293
-996
-1025
-9148
1536
56
-3297
-13300
-5679
-6120
1529
-8184
-5145
-5052
6417
-6128
1242
-11200
-3587
-8132
-1794
-9160
-3089
-13264
-747
-19436
3572
-15328
-7678
-13284
-10
-1008
-1040
-5096
-4057
-5892
-781
-17396
-8451
-8192
-5669
-24300
13042
-10240
-2271
-2032
-1806
-8140
5654
-17408
-5097
-22181
-7916
20
-7427
1060
1266
-5108
-482
48
5857
-9208
9995
-12036
-3068
-10232
994
-9184
-6683
-2036
-1263
1056
5634
-3844
-1279
-9208
-1802
2060
1033
-8964
2301
4
-3601
-3072
-3082
-6112
-3293
-18388
764
-2028
-4310
-6112
7455
-16364
7907
-8160
5141
-6120
4121
-7140
-6894
2060
1536
-4068
767
-8140
-1548
-2016
1305
-3016
8705
-3032
2781
-11236
503
-2844
8700
-2016
-14053
-3060
-2851
6148
-3818
-9204
9193
-10172
468
4148
-4901
-6096
7
-9172
11002
-11224
-5626
-11236
-14558
-9212
4365
-9184
4330
-13068
2071
-4080
1537
-1996
3300
3100
-3070
-5108
-737
-12264
-4617
-2004
261
-4064
-6385
-4096
6114
-5092
-550
-10192
9207
-9188
5
-6136
-38
4304
1000
-9180
-2535
-988
6921
-11248
3567
-21496
-1285
-3060
9245
2124
-18423
-9172
-529
-12280
-1285
-7168
-478
-10208
1572
-9192
1761
-3048
-3606
-10204
6383
-7124
2033
-7136
-13588
-12256
8447
-7140
-518
-13296
2832
-4048
5122
-996
1560
-3060
-1030
-13272
3805
-3024
-6119
-6144
16708
-8188
1488
-3052
-9724
-10240
3814
-7108
-6381
-4080
-4
-11264
285
-9208
-545
-988
1534
-9200
2034
-9196
-999
-9184
11568
40
1784
-6124
-5669
-992
2079
-9216
-3817
-20456
-2567
-12256
5652
-8188
-2859
-7944
771
-1008
-6669
-5112
798
-8972
6611
-10176
-3318
-12040
7676
-13268
5916
-18428
1019
-3072
-7197
1044
5137
-5100
4314
-3052
5341
-10000
11255
-18376
-8442
-12216
-5378
-28376
1279
-18420
-1748
-5100
2607
-9184
4103
-16352
20724
-13248
-3
-5112
487
-11244
2060
-10204
-2016
-7116
6144
-7128
258
-3040
-2297
-6104
-9697
-7968
8225
-3048
533
-12248
-5152
-2024
-2797
-13076
-5617
72
5833
-12264
1805
-18380
-9217
-10232
1533
-3028
6182
-11216
-6657
-6928
6680
-4080
-5638
-11236
-5886
-20432
5659
-23284
2044
-7136
1036
-4080
-6374
-4084
10489
-2048
-231
-3044
495
4128
11787
-16332
4098
-968
-429
-8188
3576
-10204
-2060
-3024
-6622
-10224
1289
-3068
-4115
-4048
4331
-14272
-9229
-13304
-1025
-3072
7890
-2000
-3592
-5096
-6656
-10196
-1537
-14328
4612
-6120
-4351
-4068
4596
-11204
6625
-7132
8736
-9200
-2544
-9204
-3317
9244
5103
-15300
7397
-16380
4852
-3028
1529
-5100
9482
-9156
5635
-12256
-2311
1052
520
-19424
-3082
2064
-38
-9188
9477
-2028
762
-12268
8207
-988
-2289
2092
-9783
-9144
-7429
1272
-5128
-1000
5393
-5904
-1059
-8164
-1550
-10216
4866
-2040
-2542
-12236
-1037
-6920
-10241
3092
1286
-6124
-3046
-10240
2287
-5088
-1271
-12248
4107
-5096
1794
-4985
515
-11252
6629
-16324
-2807
-8124
6405
1068
2297
-9188
-496
-5060
-5885
-12228
-10768
-11224
-1563
-19432
520
-11212
14080
-14292
-3063
-9156
4887
-8176
2321
-3004
-2272
-15336
-3019
-17376
-6666
-7156
-4853
-8156
-268
-2012
-13534
-9188
-5368
-8188
1284
-7148
-1048
-3072
3591
-16376
499
-4080
507
-12052
-2265
-9208
1781
-22216
4078
-10224
2338
-11260
-3583
-16356
-14571
-5092
4584
-8152
-5106
-11228
1262
-12264
-11528
-14304
-3081
-2044
-6937
-2036
-2067
-12272
-1047
16
-1808
-5108
5942
-22228
5610
-7164
4101
-4064
3615
-5116
-10553
-13300
9727
-5084
-8166
-11236
1283
-16368
6649
-1004
-277
-6924
8717
-10224
1029
-12224
782
-4076
7399
-2028
-495
-7108
4341
-10200
-1018
-3060
-1765
-6108
-4107
-11236
-7933
-13280
1821
-5060
2073
-9204
6869
-14308
-751
-4088
-6390
-10228
-229
-5912
5635
2096
-1030
-15304
-3832
-776
7946
-18400
12541
-1024
10963
-8168
264
-7152
3076
-12040
7682
4116
-4580
-5072
-5154
1036
-6649
-11236
-5845
-6112
-2034
-4044
4103
-13236
-269
-4868
9463
-7944
-5133
-11224
-5072
-8164
-3336
-10208
-1533
1052
-767
-5064
-13351
2296
-3829
-3040
-1279
-7944
13043
5144
-3326
-8164
-3595
-8968
-3325
32
3801
-12224
5091
-15336
-1766
-9176
9983
-9184
11296
-3036
-1295
-13288
-2591
-10184
-3364
-10172
2846
-4056
-2115
-4048
5666
-13272
-7424
-6128
-12
-10200
2294
4144
-4874
-8184
1311
-5080
512
40
-11295
-12244
1027
-7116
5324
-3048
-11506
-10184
2087
-996
-276
-13312
4056
-5116
-5880
-11256
3301
-7160
7464
-9216
-517
2112
754
8444
-3847
-18360
-1766
-9180
2792
-13296
-1774
-7128
-9470
-7164
-6180
-6104
4579
-7156
-1760
-10196
5615
-988
-3841
-5096
4334
-6136
10786
-12268
-6139
-1000
2028
-12260
4602
3132
-4105
-11028
-4870
-6936
-7427
-4028
-3327
-1020
6905
-16344
3322
1048
-4601
-5100
-9453
-1996
-6647
-9216
3313
-6124
-8697
-13288
-4631
-7116
-279
-4064
-2591
-9216
-3836
-16320
-8982
-7152
-2814
-14312
-3049
-13292
-3619
-7128
-499
-4076
-1551
-2020
9728
-9176
5357
-4068
8437
-9184
8461
20
-7414
-5092
5078
-1024
5887
-4068
-5389
-4048
2545
-9180
1793
-12244
6429
-10232
1543
-8188
-752
-7940
284
-6108
3600
2076
-1781
-12260
-5098
0
6907
-3012
5634
-10208
-3592
-15352
9713
-2020
6666
-14308
-5835
-13292
-1296
-14088
-3816
-12280
9168
-5084
-7916
-8160
-2090
-14336
225
-7156
6949
-8140
-2586
-6068
5420
-4064
-3325
-17156
10212
1080
-5645
-2036
4329
-9164
-1039
-5064
2094
-3016
-6638
-992
-1537
4148
-742
-7140
-4853
-4068
3047
-4060
-1011
-18408
-1280
-6088
-3059
-14292
7682
-10192
-3824
-17384
-999
-17392
2290
-5100
3098
-3056
-6882
-13240
7418
-7120
3035
-16336
-5133
-5100
11241
4156
780
5176
-6905
-11256
-7390
-11224
735
-7944
746
-7124
15940
-5088
2294
-12256
-290
-4052
2034
-23256
2779
-6112
-5123
-7128
-1773
-3848
-4602
-984
5632
-12252
-4372
-4092
1505
-8164
-10502
-9200
-5372
-19412
-6932
-5092
14318
-11204
2846
-8176
293
3096
2822
-13280
2022
-13280
4887
-13280
-2549
-9184
4343
-13296
-506
-7156
4607
-4044
785
-8172
4344
-1988
3076
-976
-2319
-6108
-3594
-784
-5397
-17388
-2324
-15320
6171
-3052
-811
-11236
-4339
-2868
3581
-4096
-1518
-6116
7709
-14088
2275
-7132
6629
-17344
-6396
-8184
-1281
-6108
5629
-2044
6927
-6100
-2330
-8188
-3589
-10228
560
-10200
-239
14356
-1280
-9204
4340
-8176
1007
-9192
3045
-4064
785
-4068
-524
-6100
6386
-4084
14872
-4096
-11032
-12252
1248
-9172
-5365
2108
1519
-7132
5396
-3064
3817
7212
-1766
-9140
-3109
-10224
5369
-7148
-7674
-10000
3584
-7136
-10762
-11224
249
-11212
1025
-8180
-4851
2084
-1233
-3032
7436
-4064
3588
3116
-1559
-2828
-3610
-9164
7421
-5084
4886
-10204
9205
-5068
-2551
-6112
-2075
-1004
4889
-5104
-4370
-10212
4111
-4068
-10244
-9184
6128
-4068
2327
-15328
-2276
-13288
4351
-9204
-1512
-9992
-2833
-8976
-3590
-4076
-6888
