-16348
3845
7196
-11988
-9160
5122
-8156
-3826
-10204
2026
-8164
-4598
-10208
11028
-3044
6139
-8172
-9235
-14288
-2041
-10180
9693
-12228
7706
-16136
-7955
-6104
12006
-12252
-1532
-13296
-9740
-10200
2321
-6128
4889
-4056
-2545
-4044
9499
-3048
-751
-3040
2822
-7120
5659
1032
-5579
-2024
5908
-12240
-6403
-14304
1777
-2028
6148
-13205
-2026
-10228
2804
-7108
-3595
-19448
-1794
-2000
13
-13225
739
-9188
-7971
-7132
-3581
-972
5136
-11256
3566
-12264
-3836
-7100
2282
-9204
6636
-6080
-4062
-8160
2551
-14316
-255
-10184
-2306
1036
6114
-1012
-1052
-11256
-1811
-9208
9713
-2024
-1555
-4052
14849
-9148
-5114
-8140
1017
-10212
-5631
-11184
3359
-5100
2041
-8148
790
-13296
490
248
4861
-10212
-6883
-18428
-11507
-4056
-4627
-5056
-1265
-7136
-4612
-2048
4364
-8176
5115
-12044
-7906
-2028
2
-16376
267
-8180
5370
-14272
-9703
-1996
5678
-5108
1040
-10216
7942
-15108
2017
-3032
-1822
-13288
-739
-9172
-7135
-8184
-764
-6100
1540
-6112
-8
-8116
4601
-10200
2784
-4060
-10222
-2040
3598
-6116
-6637
-15344
-1777
-9144
5668
-4036
4858
-14304
-780
3128
-8686
-956
7667
-12240
-5600
-7144
-2541
-25300
11539
-13292
-1042
-9192
3318
-16352
10254
2080
-4127
-6112
1768
-3004
7916
-2012
7195
-9212
274
-3024
-1003
-10228
-2026
-5108
9471
-5072
-4098
-2012
-3604
-6916
-3316
-9176
4794
-11216
-10750
-15320
4370
-7148
-2798
-6116
-8691
-4080
-5141
-12248
4309
-14304
-5890
5164
4856
-4064
3337
-6057
10002
-13288
-226
3100
2018
-8132
-8215
-8184
770
-9164
-1764
-5072
-32
-12284
-767
-7116
-15581
-1992
-5405
-8968
10240
1048
-6449
-7148
9201
-5088
7160
-5080
-10241
-1020
-5630
-7136
2325
-6140
1786
-8168
-15629
-17344
-3850
-15112
3355
-11232
5898
-11228
1008
-11260
6425
-14312
4076
9224
3363
-8148
34
2076
12571
-14304
-4326
-15324
-10280
7192
276
-1000
-8746
-2012
8455
-7148
4333
-7156
-1577
-8172
-6664
-6092
4847
-4040
1524
-1992
8467
-11020
-6112
-956
3338
-13288
5870
6392
-731
-15336
-3862
-7128
2548
-3040
-3088
8232
7392
-5116
-1308
-8164
2559
-7120
5659
-2008
-2308
-8164
-741
-10180
-5862
-3032
774
-5084
9710
-7156
2323
-2048
4389
-2036
3583
5160
805
-9180
-2848
-8172
270
-5080
-4136
-14272
-4862
-9000
-8709
-8164
-1562
-13304
-781
-11240
520
10268
9250
208
-4613
-9172
-2551
-12252
5380
4348
8446
-13284
-4360
-8128
-8460
-2020
-1551
-7168
5382
-3048
3827
-2032
-8
-12264
974
-8180
2561
-16368
-1027
1040
5617
-9168
4848
-20428
-3826
-7140
-2046
-16352
-16401
-10228
4850
2072
2560
-11232
-4878
-13288
3082
2056
3817
-13264
-4579
-7168
-3578
-16360
-7678
-12220
-2542
-10216
-2037
-18368
-4628
-16360
-3324
-4084
-7686
-13304
4085
-5120
5883
4100
-9517
-16368
1539
-7940
-1265
-13284
-3554
-13292
4367
-11256
-229
-11188
13288
-17372
-5662
-8140
-5670
-6120
3591
-6132
-1495
-8164
10226
-10176
-8434
-6144
-9741
-960
12507
1068
-2834
-7144
3822
-7148
-1259
-12240
-4090
-8176
-3563
-3844
7919
-6140
2773
-11232
2041
-7116
-4598
-1816
-4859
-6924
7428
-9200
-3121
-12252
-1265
-7128
-5630
-4056
-4370
-5096
4912
-6120
-1273
-7148
-219
-7128
4616
-9160
-220
-8168
507
-7112
-548
-10228
4403
24
-7413
-7164
1807
8
1030
-10216
7676
-5080
13555
6184
2297
-3044
-3055
-14284
4101
-12216
8494
-2032
-2078
-15304
-4364
-15352
6413
-3024
3839
-15128
6388
-4048
7438
-18396
1592
-13068
-12026
3316
16657
-11232
-2544
25396
1814
-12076
-6387
-11216
-11255
-10212
-5370
1028
-3324
-6108
543
-4096
2814
-11024
5641
-11224
-7173
-6124
5903
-11252
-3851
-6120
4852
-8176
-4345
-16364
5879
-6076
-1782
-6120
252
-7116
-4342
-14300
5113
1068
5117
-7144
-1233
-10196
-3323
2104
-9723
-3060
-10723
-11224
-1324
-7168
812
-9180
-6639
-9184
-7467
-7140
5613
-12244
2590
-14316
4608
-11208
810
-9992
-493
2060
8171
-8128
781
4120
3312
-3044
-4867
-2020
-3632
-5112
-4092
-9180
-3297
-14312
2590
-5084
-4131
-5060
-1786
-7156
-10778
-10232
-1789
-7112
-9462
-11212
1040
-8140
-4346
-17384
-9754
-4868
2578
-14292
3086
-7136
11051
-14276
2315
-4064
-6431
-11240
988
-15356
1784
40
-269
-5100
18460
-6120
-5885
-3028
1539
-4088
-18
-7136
2336
-6096
-2045
20
-2042
-18432
5095
-4036
11028
-10208
4639
-5092
-242
-7124
5907
-15332
1781
-17408
-13825
-11260
-4596
-5108
-499
-15300
235
-5904
-3054
-4052
-8205
-3060
291
-17376
16382
1068
-2810
-6120
-13829
-952
-4219
-8144
-1790
11264
2300
-15320
2803
-13312
1532
-12052
-6144
2080
-2311
-6128
-3848
-4032
-3832
2108
5353
3100
4587
-11236
-1840
-3004
1268
-15304
-1294
-12268
3090
-12276
-755
-13304
-1540
-2024
-1307
8
3326
2124
1541
-16364
-4
-6116
-4845
-15324
-283
-17328
4
-3032
-9733
-2028
-4864
3112
-2281
-5116
8936
6176
-982
-8176
10003
-12268
7147
-2040
-4359
-7124
974
2060
-3355
-10216
3322
-21468
-10507
-13268
-5904
-8156
3088
-8164
-5356
-15332
511
32
2073
-13288
9481
-7940
4603
-5088
12552
240
6142
3112
-11263
-5068
11225
-12256
3068
-14304
-7164
4140
-4589
1068
-503
-13225
-1539
-4084
7688
-13296
-2850
-5060
3088
24
-2305
1032
5370
-1796
538
-11188
5875
-2016
-539
-19440
3058
-22244
-7679
-12276
254
-4949
-5371
-2012
3
-15296
1019
-3044
5627
16
-2817
-12244
5166
-5908
-9741
-13264
-795
52
-8491
-5076
5373
-15328
-3875
-8144
9257
-5080
-3588
-11252
7944
-10224
7171
-11228
-2794
-24268
4071
-3028
17
-12256
6119
-14324
-13313
-6064
6174
-8172
-4608
-1984
-778
-8144
5646
-2004
11762
-6108
3572
-6128
-9447
-3048
-3581
-4064
-7171
-9172
3593
1080
-3825
-11024
267
-10212
1567
-15312
-4400
-5100
-4102
-988
3839
-1024
1523
4136
-748
-11232
3620
56
6149
-8160
10512
-12260
-2058
-9200
1032
-5116
6392
-9164
-3046
-10216
3873
-6108
-3595
-8168
-7925
-13288
5131
-20440
39
2072
8682
-3020
5920
-2036
3821
-6092
-1535
2064
-4583
-11236
-1514
-10232
8409
-8164
3068
-1800
2598
-11252
-2546
1272
1247
-15116
-5391
-1800
15136
-7132
5645
-17360
-7949
5156
2791
-3064
-3344
-8968
-3634
-12272
-1768
1080
6870
-10208
12542
-1996
5139
-15116
-9220
-3060
1786
-7140
2560
-13284
-1585
-5116
5135
-980
-3613
4
1273
-7948
-263
-5088
256
-9212
7929
1060
-7672
-9992
3603
-12260
-4111
-3028
-4573
-7160
5399
-5068
-3856
-9180
-4357
1040
-5417
-1980
-11295
-9144
1034
-8188
5092
-2048
-7423
-8128
-3356
-2004
-2058
-7156
-6156
-7136
3864
-7120
514
-9192
2620
-15340
2336
-2012
3326
-9212
1516
-13304
13835
-6960
-499
-2028
-8947
-9196
2772
-2020
7728
-12280
-2569
-14300
10513
-14336
-4386
-10232
-12
-9164
8177
-11208
-7219
-19420
9716
-7148
-497
-6108
7696
-4072
2288
-18404
2298
-6120
-7939
-21500
-2034
-9172
775
-10196
2545
-5080
4879
-2048
3352
-3040
38
-9140
-514
12
-7428
-2020
-2564
-13276
-1796
-12048
3844
-2008
-1305
-22240
-1271
-13304
735
-10176
-266
-2040
545
40
5350
-5104
-4647
-3040
-10251
-4076
6664
-4068
7947
-12264
-8161
-6104
3295
-12272
11792
-7156
12039
-5088
-2268
-1988
8464
1276
2572
8252
-5910
-6124
-8209
-7160
1535
-8172
-3811
-6128
-7437
-3032
-1033
-6104
779
-12256
-3375
-5084
-7176
-16336
5091
-10236
-4585
-9192
7441
-7144
-2316
-11016
4616
-7148
-9980
-9156
-3567
-11184
9720
-4076
5886
-4048
2811
-12044
3324
3100
-1309
-2048
-500
-6080
2034
-4084
-6127
3092
773
-17372
3334
-8172
-1520
-12288
-5879
-9204
758
2300
-6383
-6092
-12826
-5908
12557
-18184
-2563
-2040
4631
-11240
-3825
-5084
-9955
-14304
-9441
-9184
24
-12228
-1065
-3028
-3575
1068
5648
-7160
-7639
-8140
-3618
-6112
10230
-12268
1778
-12252
11003
-3012
4360
5164
-11006
-12224
1531
-5896
11992
-5084
3395
-12252
9760
-13292
-4061
-11212
217
-796
4632
-13296
1533
2064
8449
-772
-536
-8140
1498
-12280
3326
-16368
3602
-2020
-11494
-20448
6149
16
5909
-1004
-4310
-4084
5100
-15340
-5889
-8964
-781
-6932
5885
-10236
-2039
-956
-4866
-16289
5906
-8188
11
-2996
4877
-5120
7931
-8164
-6133
-7148
256
-12228
-3333
-16324
8175
3108
-1047
-3000
-3866
-6116
6403
-10228
-12272
-15112
-2092
-6112
3577
-9200
-6398
-10224
-4635
-2008
-7218
-11024
2315
-11212
1751
-9176
5109
-11248
-3057
-5104
802
6200
10495
-6092
497
36
-5384
-12272
9759
-2969
4592
-8176
-10495
-3064
3064
-13276
8964
-15300
-3613
-2008
4904
3124
2542
-16332
-1007
-10200
7950
-2036
-7427
-13284
2021
-6924
-16354
-8180
1495
-15336
1037
-5904
6408
-6100
265
-5092
-1302
-8188
-3588
-7112
4057
32
-563
-7104
-7418
-3848
-2832
-4052
3076
-2008
3100
-6128
-4836
-18412
-8480
-4064
3837
-9176
542
-4076
10001
3112
-1289
10480
11282
-7128
4330
-3028
3302
-5080
2841
-3852
-2286
-7100
-1520
-5080
484
-4872
-3302
-7164
13823
-10216
-9483
4100
736
1056
-9198
-15320
4365
-3844
2605
52
216
1056
-6395
-14328
1276
-9208
2783
-960
-3107
1048
6404
-3028
-10228
-17360
6915
-980
996
-6140
-1549
-16376
-2569
-10212
-2544
1076
3860
-10208
-4886
-968
-780
-14300
3359
-1988
2554
-19412
786
5156
-5873
-10208
6155
-9160
-5133
-8160
-9175
-1808
-1069
-14296
-756
1032
2803
-2044
-1028
-2032
-9216
-14312
-217
-972
2002
-23248
-7407
-3064
-2060
-11228
-6370
-14288
4088
-10208
-754
-11212
2839
-8164
-1085
-15296
1033
-14276
-6647
-1976
547
-11240
2060
-12284
8464
-11212
5389
-12256
5898
-17376
4580
-15332
5618
-7164
5914
1100
-222
-17336
5873
-7132
-4317
-4016
10237
-11020
4397
-7112
510
-11224
1561
-1004
4584
-3012
-7411
-13240
10273
-10212
3597
-6080
6660
-17368
-2547
-2012
-1026
-4080
-13593
-12244
-5120
-8156
3347
-2020
510
-4068
-6643
-2024
3621
-3028
2800
-6104
-7191
-13276
10771
-6108
8196
-21428
-504
-11216
-8400
-8964
4325
-4080
7179
-5084
-8203
-5076
-2040
-15348
-552
-10176
-6117
-3052
-3562
-11216
-2525
-6104
-2833
-6124
7664
-12280
764
-9180
2323
-9160
-2064
-20448
-7185
-980
4138
-19384
-1531
-16332
-4605
-5068
4887
-10208
-7150
3108
4847
-9160
3903
-9200
4862
-16148
5352
-5892
-13043
-9188
-288
-13312
-5101
-14304
-2811
-6096
7393
2056
-1042
1060
2559
-9208
-7924
-14256
266
-1012
6883
-11244
-9507
-8168
-3321
-14308
6169
-4096
6122
-10224
-5636
-6132
4095
-10184
7678
3088
5420
-9176
5388
-12228
4644
-2020
-3612
-8136
-13078
-2028
-8761
-17324
3351
-3048
-9717
-10208
9479
-11248
-1782
236
4840
-15348
5134
-11216
-5129
-3016
-1761
-12256
-987
1024
2298
-6140
2057
1032
2542
-2000
-7181
-5088
-7186
-6112
-2559
-10224
-8163
-14320
-6874
-13292
5664
-5088
8677
-4084
-3344
-3032
10523
-2008
-4854
3072
8212
-988
760
-4052
-4665
-10216
-8929
-9188
7923
-9992
-1297
-8184
9755
3088
-6138
-6080
2069
-9164
1253
-4052
-9975
1064
-2565
-16340
-6403
-15324
-2592
-10232
2311
-11228
-5381
-14316
-762
-8156
-1598
-4016
-239
-12280
-9487
-11228
-11041
-3072
-537
-16348
-11249
-15328
-2585
-11256
7162
-3060
6137
-11016
-4880
-15284
-4050
-8148
4115
-6100
3072
-4060
8446
-9204
1517
3112
-1046
-8160
-2275
-3032
-1278
-9188
-3333
1036
-4846
-4052
-2782
-7168
-473
-2036
-3077
-14308
3242
-8136
-2015
-14324
-2049
-13288
2321
-7140
1272
-15108
-5401
-8184
3302
20
-12557
-9988
15394
-9180
-8468
-5064
-5136
-1000
11253
-4052
-985
-10232
-218
-6116
-8699
-8156
1302
-12220
8957
-3020
4875
-15328
14
5160
2542
-7144
1508
-10196
-281
-8144
3568
-2836
-19
-8192
-4338
-10208
5618
-17352
-4617
-7148
5122
3104
-1543
-6124
-51
-9168
-243
-2004
-4916
-3064
-1302
-13292
-7174
-3048
-8430
-13280
6379
-20436
1258
-1008
10235
-9184
-3085
-11212
3048
-10192
-6694
-7164
-10500
-4068
775
-12244
5642
-3052
-216
-6116
4071
-13292
5430
-6140
2072
-4872
-3332
-11200
3843
-14304
-31412
-6132
6677
-3020
-7684
-4052
5112
-5100
-8679
-11020
-4382
-2024
3323
-9144
2814
-6128
6139
-12268
17162
-5096
2310
-13264
4357
-6144
-6886
-13284
7174
-9200
5330
-5096
771
-13300
2347
-12052
8444
-10168
6153
-10216
-8935
-5904
7419
-1796
7666
-5092
-4576
-8140
-767
-8964
764
-13264
5911
-6128
-10256
-1012
6121
-4064
6914
-3048
-3571
-8168
4105
1028
-2056
-14088
1769
-11224
1290
-5072
-4587
-12284
-521
-2016
-12549
-12040
-1279
-10232
3605
-6132
-3049
-8172
3831
-1012
3558
-6112
-5097
-992
-783
-11212
8985
-980
6402
-5892
774
-10212
2294
-7168
4608
-13244
11519
-4068
2058
-4036
4629
-12260
6963
-9188
-12
-13264
7932
-12244
8190
-10200
1820
-7136
3295
-6108
-9952
-11188
4898
-8156
781
-2032
-2068
-9192
-5403
1052
-6387
-6144
-2071
-8160
-1286
-2032
-5632
-9200
6926
36
-8966
-12268
4112
-9188
8431
8212
-1264
-9172
-31
-13268
-2562
-4084
5875
-10224
5381
4
-6361
-8192
1518
-1796
5150
-9204
-2055
-4076
3844
-19436
9686
-4056
-4379
-4040
7953
-19420
-2854
-1004
1081
-8152
2829
-3064
-2265
-2820
-4073
-15308
-4378
-4884
-1021
-8964
2822
-8160
257
-2040
1296
-7140
-1833
24
5142
6184
769
-8980
-8206
-15320
-2572
-13272
5634
-7940
4123
5148
-8911
-6116
-2096
-996
1810
-4052
-3589
-4032
-4335
-4068
-6128
-11228
-7457
8200
766
-5068
1034
-14288
2840
6160
8962
-12236
2531
-13272
3043
-6124
1512
28
-2574
1040
1495
-984
4295
-1832
1287
-10236
-2546
-11016
-4084
-7112
3092
-9200
-5420
-11212
-10227
-5084
8155
-4040
7738
-17376
8195
1044
-997
-9212
4642
-16340
-2294
-5104
509
-10192
-5631
3116
-5409
-11212
-3092
-7124
-2546
-3016
3331
-5896
-2805
-6096
5054
-14312
-4600
-20408
-6690
-5108
-1025
-5096
3555
-20428
-5128
-1008
3320
-8156
-500
6172
-2798
-4052
-6661
-14316
-13579
-1796
-3331
-15340
-234
-10220
6660
-13264
-11488
-2020
4079
-15308
-7949
2076
9950
-9188
-5912
-9212
-1806
-7148
-3570
8
-7946
-4048
-7911
1084
1509
-10184
5865
-2040
-9749
-5104
499
-6112
5338
-4072
-10510
2048
-3358
-13312
-2026
-12284
-8460
-2990
-3812
-2000
5347
-5076
-6884
-20460
6157
-11020
-12516
-984
-519
-12236
4886
-9184
2019
-12256
-12812
-1024
-6372
-7124
4853
-4092
2823
-12240
-1788
-5096
-3053
-7140
-3128
-9168
-5377
-16348
4588
-3856
-3078
-9180
9487
-992
2787
-9988
3596
-8172
-5372
-20448
-773
-8136
-1564
-13312
4860
-8124
6403
-2032
-5099
-6096
-1290
-7168
-2554
-3052
-1014
-16320
2564
-15132
-1790
-12260
3611
-2008
11265
-2012
6932
-10188
-4884
-17372
-242
-1984
5377
-3044
-2319
-9160
5402
5140
2803
-5904
-5927
-20464
3321
-9168
5668
16
2060
-9172
724
-5080
-9470
-7140
-8456
-10192
-13053
-10216
2047
2088
-2071
-3056
-1526
-9188
9455
-5080
-301
-11204
-7678
-6916
4077
-22264
-12023
-14088
-7433
-5084
7916
-11224
9440
-10145
-1516
-5104
-1250
-8156
2591
-7948
-2301
-10192
6138
-13260
6662
-5060
-2801
-6120
-10765
-14320
-3523
-11216
3811
-4024
-5640
16
8703
-7136
2808
-4072
-5640
-7156
483
-3064
1561
-13300
203
-13280
-1817
-2024
1530
-7104
5632
9216
-7666
-13276
277
4144
2062
-9212
5614
-20444
-2799
-17368
5949
-8140
-793
1028
8689
-18392
-1289
-13272
-9479
24
-2527
-3048
4868
-9196
-2309
1048
-3069
-11264
4336
-10220
12041
-3072
10490
-15308
511
-6084
11002
-8152
-1509
52
6117
-4040
-3627
-15340
1018
-9188
-5157
0
12038
-16140
-14097
-12036
-9533
-1808
1300
-13284
4604
-12244
-3070
-3028
726
-9180
-3566
-8132
4595
-3981
4630
1060
-271
-13280
-6957
-12260
-7
-8148
-3062
-12244
7943
-19448
-5906
-27360
-5091
-5088
3336
-7112
2291
-5100
-8169
-15316
1536
-10236
-1271
-6092
8419
4136
-5421
-9192
3352
-5072
-4318
-21476
-747
6172
-1046
-3028
-9431
-952
-2576
-5072
9210
3136
-3836
-3052
-10231
-7088
-9969
-3044
2285
-9156
-3833
-4068
2291
-6108
-4585
-11204
6620
44
4920
-8180
985
-8136
3607
1080
7148
1040
8180
-7140
3560
-960
4890
-4892
-1816
-8124
9220
-2016
8449
-5052
-8472
-2008
-5139
-5072
-1762
-11228
-3101
-14316
-8645
-10228
2534
-9172
5880
-18364
8438
-10236
-3839
-2024
-5865
-4044
-2285
-4024
8242
-9168
-3327
-1020
4605
-7124
-4902
-15284
4851
-9192
-492
-14284
1021
-9200
2576
-2024
-8963
-5072
1524
32
6422
-6116
-2037
-10008
9732
-5104
782
-988
-9185
48
4853
-11260
4084
-4072
-3313
-3024
2029
-3036
3121
1060
-2043
-9176
-5637
-6124
238
-6108
-3827
-6140
-1274
-988
-10718
-2848
4149
-3056
-2033
-10228
2034
-11228
-2558
-6128
-789
-9200
742
40
-1777
-5108
-4885
-5056
2806
-14300
-3549
-17156
-2604
5360
3853
-20428
-2769
-10153
7177
-17372
772
-11252
-1530
-10216
-3581
-1016
-3566
-3024
1000
1072
544
-7164
-1526
-13272
-9246
-9180
1005
-20460
1043
-5108
2313
-12272
-1538
-6104
3328
-8176
-2320
-10240
4092
-7160
-1272
-5116
236
-14316
-3837
-5116
1018
-4080
2808
-3048
-1279
-5096
2800
-6080
-3317
-6112
-8171
-17160
-2282
-13312
-1751
-10236
-1801
-3032
2055
-3969
1012
-14308
3078
-10208
3326
-3052
-4328
60
7198
-10208
-1808
-5892
-15838
-12256
12068
-8188
4100
-3064
-3337
-2008
-7464
-5068
7453
-4872
3854
-5076
238
-13268
-2068
-15332
-4137
-9180
5623
-15348
-6693
-3064
1761
-11248
-5892
-7116
7687
-2032
-1275
-13272
-8706
-5080
2020
-15316
499
-9208
2085
-8156
4361
-16324
-4056
-7144
-5099
-6108
3846
-7148
-9741
-4076
-268
-5108
-6190
-8172
11517
-16340
4362
-7140
-4867
-3852
-4597
-1008
39
-2044
-518
3088
4080
-8968
1801
-6092
-6416
-17160
2064
-13260
-3349
252
3545
-12256
-4
-6136
-2848
-4040
-1283
28
-4623
-7144
-5111
-10204
-4603
-8128
4601
-5100
-1751
-1012
460
16
-2534
1175
4101
-2036
-2053
-7152
31
2064
-1810
-6088
3616
-11252
-4351
-5084
-261
-16364
-2802
-2028
4111
8440
-2032
-13268
6156
-12264
-250
-9212
-6131
-9192
11
-964
5111
-5076
4058
-11012
-25573
-9204
-12832
-5072
6125
-8148
-3842
-13256
8697
-8188
11281
8
-3867
-13304
-3327
-988
9732
4112
2843
-10208
4863
-984
-1274
-5120
-4044
-10188
-4079
-9196
5334
-6096
3581
-9160
-3106
1036
-9478
-3040
6416
-14284
1526
3312
3064
-2024
6917
6396
-262
-9188
12
-12244
5637
-5088
4873
-12268
497
-8148
-1314
-7140
2813
-9208
-1024
-6104
-272
1056
-8715
-3068
-8171
-1016
5642
2060
-6652
-12260
1012
-2032
-4079
-2996
6131
-13296
-4081
-10220
-3847
-5116
-2563
-2036
-2324
-3052
-11775
-8188
2021
-15304
-510
-4060
-4613
-15332
775
-980
-5329
228
-1524
-23044
241
-11232
7408
-5100
-13553
-8176
1516
-9196
5847
-3028
8700
-9208
2036
-9188
-7935
24
2552
-9152
803
1028
-3615
-7156
-2323
-8128
-13817
1068
4604
-4048
3272
-15324
-2548
-3068
3362
-10232
4609
-17384
7167
-3044
3071
-6096
504
-3052
-1792
-6116
-5378
-6104
-1542
-8172
1315
-7144
-5880
-8164
3872
-10224
3572
-14300
8462
2076
-2039
-12244
3605
-4084
-5116
-7940
-8722
-2992
-8464
-9164
-2539
1052
8172
-10184
7447
-12240
-492
-3016
2832
-17396
-1333
-11252
11
1056
-1293
68
3101
-16132
-509
-7136
8447
-11220
9481
-7136
1258
-8128
2297
-16308
-2086
-12268
-5120
-7168
7685
-14292
-538
-13076
-2566
-2016
-6390
-3040
-5892
1048
1041
-16384
-4620
-11228
4327
-6104
-3854
-2000
-2825
-10180
2040
-11224
7182
-772
-1038
-12252
2837
-15340
-2547
-6136
-3074
-14280
-6633
-4092
-3576
28
16419
3084
-522
-2036
-4585
-984
2586
-1012
-4657
-10216
2040
-7136
12
5136
-6180
-9204
-2557
-13248
2814
-14296
-7412
-6096
10999
-8972
-4354
-7164
-3317
-11220
8427
-12268
7681
-9180
1506
-13272
-2776
-6136
-511
-3016
-3594
-8152
-3851
-3000
5646
-6140
-8147
1060
-1290
-8160
-3868
1028
-6128
-4072
-5
-6944
3832
-17384
789
-6084
2039
-3016
6377
-5088
2849
-7092
-5148
1068
-5354
-10236
-1295
-13296
509
-3844
5671
-12248
7166
-18432
-7432
-16140
6395
-12260
2839
-9180
-13546
-9216
3819
-6108
-11013
-7144
-3338
-13268
-507
-8144
-2330
9248
1769
-13292
-1802
-5080
793
-6116
-3068
-3072
-5654
-16336
3805
-2004
-7145
-3072
5151
-12044
-7679
-5084
6131
-14292
-5115
-14316
6662
-17336
9747
-7148
6169
-4032
-1053
-4052
-1513
-17400
742
0
-12773
-8164
-3862
-5056
-539
4148
2563
-11244
-2032
-4872
-4339
-7116
-2823
-6100
7879
-1016
-6131
-15316
3335
1068
-5128
-11216
2813
-4068
3107
-4068
-12293
-944
-3086
2076
7403
4132
9226
-976
-5401
-8148
-6430
24
4896
-16344
-754
-23292
-4609
-16368
3823
-15356
-5107
10284
-1234
-6116
7190
-10212
2822
-10016
7440
-16340
7971
-6112
-6878
-8168
7682
-1992
12818
-11224
9502
-4048
-753
-16360
-3851
-968
-1578
-17376
-13061
-16356
4341
-21496
1561
-5072
-12281
-960
-1022
-13312
12235
-7152
-545
-8176
501
-14280
11750
-1008
-8971
-13268
3082
-10212
-11306
-10220
4108
-4088
-1037
-8964
-519
-21468
6680
-14300
10469
-7112
5095
-10196
-3062
4136
-6604
-5096
-11233
-8192
8225
-2012
210
-10212
8761
-4048
-3833
4
2295
-14088
7472
-12260
3302
-5060
-6943
-9188
255
-8144
1009
-11024
4323
-2032
-502
-9164
272
-10212
3559
-5104
-4899
-10208
-1534
3104
-10026
-4028
1555
-13268
-15381
-9172
-503
-4048
9258
-7144
8180
-10224
3590
4120
8167
-6116
-5855
-12244
5631
-12252
7665
-3056
-2042
-22252
-2329
-6112
1786
-5112
1285
-9192
279
-11236
13318
-996
1257
32
1512
-6116
2076
-9176
6671
-7140
-5094
-11248
-757
-8148
-9762
-23276
-10270
-20248
-766
-10168
-1035
-11240
-5902
-9188
1295
-7124
775
-10224
1281
-7112
-10210
3132
1534
-3020
-6416
-3032
2840
-2020
7666
-4080
-9222
-5080
6625
-12036
-5127
-4072
3079
-12268
1793
-7120
-236
-17404
-4860
-4052
-4101
2084
4613
-11177
2294
-10196
-2798
-11256
3317
-4064
2565
-16136
-559
-9148
-2057
-11240
-2034
-4044
-4093
-7144
2
-14320
-4921
-12276
2049
-4088
1029
-11240
4081
-18380
-2045
-8140
-4094
-6132
2054
-9996
-2831
-5048
2345
-8972
-5355
5168
4087
-10188
10014
-19432
-1288
4
2063
1052
-12238
-1996
5916
-6068
-26
-9196
1318
-22232
4862
-980
-1035
-3044
3055
40
5674
-14120
4867
-4072
8216
3096
4588
2080
3805
-15316
-4801
-19440
-4362
56
-10774
-8176
-769
-17376
1765
-17352
1299
-11224
1287
2104
-6657
-2016
6133
-7124
1269
-8184
-6123
40
-9231
-7108
-5878
-2024
-1995
-13292
7914
-11228
-4608
-13072
-1500
44
9184
-1816
2049
-6100
-5618
-9204
238
-5092
-7414
-17352
3311
-5924
1812
-6140
-3825
-6112
2792
-12248
-2038
-9188
-1034
-11016
2850
48
11015
-9172
-7150
-5088
2056
-19392
-4593
-8136
-2793
-3056
5661
-15320
7465
-5092
-5354
-6096
701
-11240
8943
-3052
-726
20
-2020
-5108
-3335
-13268
474
-13288
511
-14292
8447
-16336
2296
-10216
1021
-14288
1269
-5112
-1783
-14280
-295
2076
7916
-988
6369
-4064
7723
-18384
-3588
-9176
4135
-13304
19213
-984
1279
-19416
-13
-3052
-1034
-6128
2311
-6088
2020
-5100
-527
-1024
4593
-5096
5137
-13260
-1291
-12280
6863
-11220
-4869
-7124
8185
-8184
-7454
-13268
8429
-12268
1526
-7132
2342
1068
3592
-13072
9218
-9188
791
-19416
-12556
3076
-1040
-15344
5087
-14316
-1018
4
-1006
-4092
-4121
-3060
-8438
-8184
-491
-6112
-7201
-12280
4869
-11264
1531
-7152
8681
-13252
-1829
-5064
-1572
-4040
5959
-3000
-3336
-12232
-1781
-1996
264
-8160
-7971
-11212
-1550
1052
2840
-8184
1007
-14088
264
-9180
3053
-6128
-5348
4164
-5627
-26344
480
-21488
1020
-8184
1010
-10176
-3065
-972
5633
-14316
-3633
-7160
-9765
-14300
-1787
-4080
-1819
-9148
-2800
-1804
-490
2088
7194
-4068
3568
-1012
-13342
-3064
4594
-7160
1800
-6076
-8463
-15324
2538
-4868
-4326
-6112
4368
-3008
8458
-7128
-6188
-6140
-2585
-13248
-4607
-8172
10751
-10196
1303
-10212
-14085
-4056
-2053
-5104
759
-17376
4109
-19456
8193
3096
-2804
-6084
4869
-21480
4577
-3052
12063
-6128
-16347
-4092
-8968
-7128
-5674
-6128
4098
4112
-9211
-14272
-221
-2004
1049
-4060
-20
-4888
7422
-13256
9205
-1008
6
-17168
1784
-3040
3846
-6092
7949
-6116
-1031
-3028
5087
-11204
2823
16
-510
-12280
6931
-9168
3591
-9184
-527
1048
-6130
-12252
-6680
-3048
6426
-11240
4631
-9192
7639
-4064
-3318
-9117
-1544
3320
-1810
-12248
13068
-10208
9955
-6080
-3829
-7128
1270
-24252
1016
-13296
1817
-9176
-16640
-6120
-9468
-6920
-1262
-10212
-8971
-772
2799
-9184
-1802
-14300
-767
-6104
-3064
-6088
-2077
-5900
-1233
-10192
5
24
-985
-8152
8183
-7112
271
-11236
-1247
-4056
2286
1048
1525
-13288
2
-3068
-6668
-11240
-6423
-8112
3897
-15124
-5362
-11216
8200
-7144
-1287
-1004
9944
-4052
-3061
-18372
-11040
-8128
3839
-8972
4357
-6124
-994
-9212
3568
-9180
-7923
-1020
8457
-8180
2536
-16340
1283
-8108
-1059
-4092
6940
-4084
7406
-6136
-3814
-13260
741
-20400
4104
-15336
-11261
-4064
-2259
-7156
2569
-14280
1534
-5076
19
-5096
5307
-2008
3539
-3848
2255
-9192
470
-13308
3589
-18196
-3851
-9204
-8178
-9188
2569
-7120
6649
-6088
1024
-17388
-8973
-10196
510
-8156
6434
-1816
-2812
-2832
10480
-9180
-1285
-11228
-4322
-7140
1259
-5092
3853
-4084
-11264
-9156
-2269
-18396
2328
-4068
1261
-5096
-9469
-7952
6122
-10184
6117
-2008
-4571
3084
3826
-1816
-2778
-7140
-1025
-7124
2081
20
10208
-984
5618
-14084
1314
-21500
1029
-8152
4346
1072
-2563
-4080
-3350
-11232
1225
-7140
5882
-1016
-3314
6196
772
-9176
6677
-7104
-5930
-7964
-3591
-10216
-3072
-13276
-7387
-9212
3069
16
-9187
-25336
-707
-2024
-267
-2004
4584
-7100
10980
-3036
-8666
-9200
-491
-6108
-10024
-12268
4066
-4068
-1803
-7124
-2012
-6128
-2567
-3072
-5894
-8964
-3826
-11244
501
-14308
8695
-11240
-1749
-7108
7714
-2824
-739
-16384
4126
-14284
3599
-3064
2810
-15320
2557
-8148
5407
-14320
11028
-14316
-4591
-4076
9685
-2032
-14593
24
-12
-17396
3299
-9208
6655
-18384
3079
-5088
2314
-4884
1508
-7148
-38
-15352
5599
-12240
-2276
-4068
8439
-10208
-9767
