-11208
-4120
44
-5364
-8140
-2822
12
-1249
-4076
8467
-18380
6655
-15352
2040
-772
1515
-12036
-2042
-984
3565
-4072
-4604
-2836
12534
-16364
1559
-10216
-1522
-14288
25941
-15324
-3303
2096
-2264
-7132
8681
-2048
-3319
-7116
4604
-11260
-10757
-12260
7159
-2024
6389
-10232
6685
-11252
-4590
7188
4869
-15328
-3826
-7132
4111
-4060
8694
-1824
1531
-13264
-528
-5088
-3834
-4072
-11262
6160
3829
-18396
8196
-13276
3293
-6124
-14323
1072
10487
-1992
6921
-6128
-9442
-7964
3586
-5096
6138
-10200
12305
-6132
2030
-9196
-1525
36
3597
-3028
4583
-17368
-2573
-6144
2789
-2016
7181
-9212
-6420
-11040
-10741
-5092
1770
-2032
-3586
-11224
-3057
-6080
-3047
-19392
-542
-13308
310
-12280
2044
-8172
785
-4068
-3619
-12228
-3854
-4092
-7203
-11252
-2291
-12244
-1548
2060
5896
-16364
-2320
-7140
-3068
-13268
3563
-8172
5116
-5064
-8686
1028
9967
2276
510
-3044
5901
-11256
2279
-3044
-9957
-9172
-7134
-6136
3836
-8192
1023
-996
-4873
-11204
3099
-11252
2276
-23064
250
-14316
-4857
-14292
2540
-15332
1539
-6100
-17137
2048
-1789
-4028
7174
2048
6137
-6124
2075
-7148
-1060
-13232
7700
-5112
-5639
-12236
-536
20
-3829
-9180
8715
-13280
5388
-10192
-6648
-12240
9991
-11232
-2557
1048
-1780
-11236
3839
-6916
6149
-1996
506
5144
-489
-2988
2825
-11232
-1523
-7104
3573
-11216
-3836
-12264
3846
-14308
-2565
-20444
4373
-12264
3861
-4036
-8220
1060
4092
-988
-4407
-2040
-1268
-3056
-735
-8112
275
-13300
-7452
-7132
815
-7144
-7170
-10240
1546
-1004
2815
-5072
2309
-8148
-739
-14280
4338
-23276
10230
-2048
-2534
-6124
-1296
4120
2805
-4032
-5854
-2028
-1547
-6100
562
-7132
-7709
-2020
-4094
-11260
7952
-9176
-3872
-9192
-2045
-968
500
-19408
-3554
-6940
-2307
-11212
5366
-6132
2304
1068
-786
-12036
-5098
-4064
-516
-9188
-11302
-10188
-3305
-972
-7157
-8140
12526
-4044
-1282
6144
5881
-5076
972
-1996
6951
-6924
6402
-7081
-4054
1040
2843
1076
489
-20436
-11274
36
-11533
-11228
-1554
1048
4129
-4096
273
-6128
-3578
-11212
-3109
-6104
-5376
-3052
-3343
-8140
4076
-15356
-3066
4124
-2301
-3036
-1279
-5068
3849
-9212
9753
-16312
-10007
60
-986
-2024
-4612
-2000
-4879
-19400
7442
-6092
3093
-7120
3049
-11252
-6924
-5912
-9727
-16376
-3055
-4068
-6389
-3044
-4089
-20480
3074
-5088
-9212
-9168
-3325
16
8204
-9180
-3810
-25272
6929
-9208
1774
-9184
-3075
-18212
8683
-13272
6952
-11232
-1034
-17376
-6447
-9152
-10794
-8156
-7612
-4052
6661
-5044
4625
-9192
-2541
-14316
7429
-4076
6876
-4068
1518
-3056
-3285
-13276
285
-7144
-7178
-5096
10458
-4032
-5616
-3068
5954
-9192
2012
-4068
-279
-3052
12579
-7136
-6659
-4020
7204
-4068
3082
-4076
4099
-8148
7969
-10228
-5893
3084
-4868
-7156
1061
-4092
-1798
-2028
2295
-11200
1765
-13288
-2557
-12252
3603
6192
-6148
-8176
-10473
-6116
3576
-1800
6396
-6100
-4071
-1008
2300
-1800
-3573
-16144
-4564
-7096
-3611
-11212
1778
-2020
-17680
-10200
3607
2116
8719
-21460
8968
-12244
-4891
-8132
1809
-4056
6094
-9129
-7936
-5108
-259
-13276
5123
-19400
-5637
-7956
-6162
-7164
1002
-7144
5144
1052
1824
-15312
268
-8188
4106
4132
-5348
-17384
237
-7144
-6149
32
2296
-11236
1791
1044
-6915
-11012
-3875
-13300
0
-8144
5636
-18384
-3844
-3056
-8223
-14308
10752
-8168
2563
48
-3080
-8168
-6651
-12232
8711
72
2838
-11216
3848
-2024
-8717
1080
-3832
-9212
1014
-2028
-5098
-9188
3817
-13080
-3319
-2036
-3331
-3040
1298
-2032
-3607
-3036
-8207
-4088
1278
-1996
254
-1008
-7703
-7132
9721
-4064
12227
-4048
-2827
-7136
273
-5104
-7434
-5100
257
248
2032
8212
4350
-3040
-1769
-8140
-491
-6100
-9449
-2012
7158
-7164
5399
-11252
6152
-17404
3095
-10196
-1030
1040
9189
-2824
2065
252
2285
-15356
-6124
-11248
1286
-8164
-5320
-14308
-3845
-11224
6381
-5104
-10769
-12248
1293
-4080
-3313
-3024
-506
-8172
-2519
-12264
1235
-5104
-6384
-2044
-11057
-14300
-744
-5092
3820
-10224
2301
-1016
-5089
-13248
-5339
-6920
7151
-8180
3594
-12236
11305
-8184
9449
-8164
-3886
-5072
518
7196
-3557
-7952
3056
-8105
6708
-8124
-2509
-10184
3085
-9176
-3608
-11204
3088
-9200
1026
-10240
3070
-3052
17
-13264
8989
-8172
-2031
-10184
-4096
-4028
-4315
-11032
-9457
-7148
2851
-11232
-1032
-1812
13318
-4060
-5395
-13272
7967
36
4616
-6100
2070
-10168
-551
-6132
4611
-10004
2278
1208
-986
-4040
-7937
-13312
-245
-4080
2864
-4060
8967
-10192
-8151
-14312
-6903
-7128
-10219
-4868
2025
-4084
-4887
-10216
2286
-14304
-549
-7144
-1532
-6128
282
-11204
10752
68
10744
-4064
4827
-7132
-260
-18408
9
-9192
-10708
-8968
9190
-4052
6660
-6092
1978
-4056
-803
-16348
-4072
-1000
-4092
-9188
-2778
-3048
9209
-6124
5642
-11220
1511
-10228
2071
-8188
-4079
-12276
3567
1048
-1025
-9172
-778
-4072
-5099
-5108
-2297
-17376
3302
-5088
-16364
-2044
1544
-16304
-4089
-15344
4091
-7132
-3352
-6120
3836
-4056
-4347
1032
-751
-5088
-2294
8216
5418
-3068
5113
-12232
-222
1076
-6106
-4060
-6421
-772
1533
-16340
5644
2080
6133
-9172
752
-22240
-5133
-10228
1723
-11236
5624
-13276
7944
-10196
10001
-14280
5093
-3004
-5606
-5112
-1549
-5100
4606
-8160
3333
-1012
-5129
-3036
6120
-6132
-2026
-12272
1048
-8116
-4114
3088
32
-4092
770
-5076
-7428
-5076
-4341
-3012
248
-16356
5388
1056
-12272
-5116
7942
-9188
-3607
-9180
-15614
-13260
8440
36
-11026
-7144
1016
-10216
6641
-18412
1788
-980
6953
-8132
10225
-11232
-8717
-12220
-5132
-5092
5663
-1996
9765
5368
2561
-5084
-10538
-11212
-4120
-5104
-991
-5100
6132
-2020
-2063
-7148
41
-4076
6133
-15324
5906
-9176
-9703
-5104
-11287
-11232
-8980
-5896
2298
-7120
-7150
-4084
-258
-5120
8942
-10188
2833
-15320
2272
-15320
-756
8224
3849
-6096
12287
-15332
-9513
-3024
-763
-11240
-8434
-3028
-767
-4092
2323
-9196
5162
-4036
-4356
-12040
1793
-6104
-2796
-13296
-1791
-16360
2045
-13304
5367
-12260
3268
-3008
1527
-3020
-2305
-1020
-1812
-8152
-3576
1052
-2536
-2008
4343
5364
-2547
-4868
10223
-4048
3831
-9196
-7689
-7140
10225
-18368
16906
-4868
-6346
-3020
-25
-5088
3616
6392
2558
-11260
4087
-14312
7672
-9208
1603
-9164
3860
-9180
-1
-4872
-8694
-17368
11236
-9196
3077
-8980
-8209
-9152
-2049
1032
4332
-13304
-3567
-6084
-4627
-7940
-8
-9188
8411
-3028
-5126
248
-6411
-5076
-2555
8216
-984
-7944
524
-11036
-4843
-4048
-500
-6096
-6848
-6120
8429
-7140
6393
4132
6415
-8168
7422
-11020
-8709
-3040
5874
-11220
3593
-10208
6902
-10172
7933
-10004
-8167
-976
-262
-7148
-4096
-6108
-565
-11232
-3587
-10220
7185
-8156
4079
-5100
2604
-11264
-12038
-21484
5860
-13252
-3351
-9168
1772
2280
2318
-1980
1065
-15348
6621
-10224
10526
-8192
270
-12272
2803
-14324
-1030
36
6716
-17396
6132
-7160
-4350
-8188
1524
-21492
1546
-5072
-7168
-5096
4123
24
5638
-13240
11752
-9176
1307
-7164
-1243
-3048
8452
2068
7676
-8152
1548
-8132
767
-7132
5388
-15308
-4352
-10220
-535
2080
-3079
-21460
1781
-8192
3827
-4068
3084
-10208
6910
-11236
3390
1028
6402
-15348
-1523
8
-743
-9200
6685
-6088
-2604
-3032
5373
-7144
-505
-8164
-2292
9252
7668
-13280
-11021
-4044
-1779
-2024
-1310
-8160
-5901
-5112
5117
-10196
-2021
-5080
1004
-8176
260
236
-771
-5076
3064
-776
-10222
8
-5926
-7144
8183
2141
8448
-8120
11285
-15296
-4857
2104
-767
-8140
-2570
-5080
7136
-6140
749
-11196
-3046
-3052
8731
-6116
5355
-5088
-3559
-2004
508
-10220
33
-9156
3028
-7156
530
2084
-9235
-17396
-10209
-3016
-1769
2280
-512
-4084
3828
-6120
-2622
-13308
-488
-6120
-494
-7120
-533
-4076
-7953
-6100
15369
-14320
-6692
-4060
-1007
-13264
-9487
-6136
9229
-6112
-2553
-1996
-7166
2052
7933
-15360
-8673
-12272
-7933
-4092
-6439
-6124
14847
3096
4340
1272
5125
-1008
3345
-6916
-5109
-7116
3309
-7136
-1545
-6140
21726
-8176
-6153
-4076
244
-8140
-5891
-7152
259
-9212
-5850
4104
-6156
-7940
-5621
-13276
-4328
-12256
-7703
-976
2315
-12232
-31
-8168
-5099
-17404
1030
-4036
-3125
-16352
1542
-2988
265
-12260
1804
-2028
3883
-19448
-2260
20
-2565
-14300
4357
-7116
8691
-9188
4124
-8192
1519
-7124
1822
-9216
-242
-14320
1791
-16324
5630
-7124
-6118
-9204
2832
-13308
5644
-1984
2830
24
516
2056
1549
-12256
-774
-19388
-234
8224
6157
-10196
12309
-10200
-7952
1052
-2315
-4032
-13822
-6116
529
-13232
7145
23828
2322
-3020
-743
-17396
-6939
-14332
-2585
-15328
-3047
-1000
-6637
-2016
-4884
-11224
8176
-8172
8431
-7104
-2295
-10212
2080
1264
5649
-21448
9741
-14316
-4626
-5100
-6175
-15328
277
-5100
-6880
-3064
10729
-7128
772
-15296
-2824
-3016
-6637
-10208
-2814
-13276
-2532
-9172
-269
-15300
789
-9204
-4604
-24280
2580
-3844
-4060
-3044
11
-18428
6114
-10192
-7943
-7132
-2080
1056
9518
-948
-2326
-22212
-1026
-6116
-3602
-4040
-779
-11232
3575
-3068
-6902
-7148
1817
-12272
-2549
-11216
1289
-13284
3551
-10188
-9727
-5080
-3819
-11032
2826
-6076
-531
-14312
1793
-9208
-8716
-16340
-760
-22240
6378
-2028
5377
-6140
-5112
-13272
-9199
-16364
-2585
-6104
-6389
52
3570
-8172
14074
-4036
-7392
-7144
4351
-4052
3616
-7128
1556
-9144
-1545
-6092
5641
5164
4098
-11252
-3585
-6112
-2822
-1008
13067
-17360
6434
-6076
-3324
-14324
785
-5068
-3311
-4064
735
-4056
4081
2080
-8990
-4036
7672
-14308
-4068
-8184
6904
-15120
-2046
-13300
-1022
-10204
-503
4132
5086
-11020
-990
-5088
267
-6100
4097
44
1040
-7120
-3852
-2000
3284
-3044
2026
-12276
4360
-5100
1030
-9168
1554
-15324
-5628
-4060
7420
-7156
-227
-4056
3274
-5096
6624
1044
1074
-8116
-524
-12268
-8482
-15332
729
-7152
-3837
-3860
4067
-7128
-523
-10224
-2543
-12236
6663
-13312
6670
-11232
2794
-18392
-1554
-1796
2045
-4044
-16634
-2028
-1018
-7156
-3815
-9176
-3074
-15324
-4078
-1008
5145
-5036
6652
-13280
-2534
-4064
6641
-4092
4311
-8116
-3832
-4028
-8460
-13272
-4107
-8148
-3320
-13272
-5361
-17380
2543
-2020
-7657
-13276
5108
-5056
2296
-6120
6393
-8184
1274
-6100
-5899
-14292
3836
-12044
5892
1272
-10982
-13276
3333
-13288
4356
16
775
-18388
6932
-10220
1064
-5116
-2059
-7148
9755
-1804
7676
-20432
-3095
-7116
5374
24
6123
-5084
-4388
-8156
-1058
-5088
2549
-12264
-808
-5108
-11281
-11212
-4593
-11228
-782
-964
27
1056
5598
-5064
1795
48
-774
-10232
13
-5096
277
-5100
799
-8172
-5395
-6112
3104
-8148
4067
-3048
-6908
-8188
5129
-5076
278
-11256
-3592
-6120
-2341
21504
5366
-17404
797
-4040
518
-6104
7141
1032
-7161
-8164
8219
-11016
3837
-10192
-5880
-6144
9214
-10224
2810
-8160
8205
-1004
257
20
-9005
-6112
-797
-18432
-2555
-8972
-7672
-20436
9499
-2028
4837
-8180
1264
-13068
794
-8140
5151
-7144
-2014
-800
5934
-6116
1547
2080
4110
-7148
4343
-6136
2044
-5100
-3841
-9216
2603
-7132
4106
-9200
986
2076
3289
-2028
-6679
-9176
7444
-8176
-6125
-9196
13
-9212
-5117
-26332
-992
-2040
-1532
-6104
-8453
2092
6378
-992
-3621
-10220
-2336
-7140
5379
16
-8704
-6136
-5125
-17404
-8942
-15324
-286
-9176
-3040
-7956
-1032
-8164
4347
-16372
5884
8196
-6906
-5100
-1547
-13272
1543
-18416
-3309
-2012
-2573
2072
5100
-6120
-1051
-8180
2059
-8188
28100
-3056
-528
-13304
-6117
-10184
1285
-6124
-2307
-8160
-1824
-4072
2083
-3040
1517
-5056
-1809
-10224
4083
-1012
-4070
-14332
-3834
-9216
-7138
-3020
-5902
-9180
-1315
-5096
-1778
-12244
783
-996
-250
-1016
4099
-8164
-2790
-4096
5393
60
-9017
3088
-4343
-6116
-3819
-12272
2039
-3048
-2315
-10180
1045
-2000
495
-4064
-3316
-11244
-4095
2084
-248
-11256
8411
-6120
-6666
52
12
-2024
-1072
-4892
269
-980
-11004
-4048
-3
-4868
-7404
1056
-1780
-10220
4105
44
-14355
-12272
6146
-6124
10257
-7160
4354
5188
2821
1048
9727
-4028
2304
-4076
-477
4160
-1044
-6112
5845
-5080
-2813
-13260
1247
-1004
7707
-7940
5909
-13060
-4339
-5120
-3314
-5112
-805
9216
-3834
-11220
-4873
-2032
807
-8188
8469
-11232
4318
-6120
2808
-984
1040
-4880
-1535
-6144
-755
-13260
-5345
-10220
-1580
-15292
1310
-14320
-8458
-1992
-278
-1000
992
-21424
2812
-12252
-3853
20
-268
-6132
-7693
-12064
-6160
4340
5902
-5104
-4619
-9192
-11567
-15336
227
1068
1508
-10216
-798
28
-9465
-13084
-4623
1040
503
-7944
6406
1048
-2061
-7164
-1044
-6104
2821
11308
4090
-11240
4582
2092
-12539
-7124
-3336
-4076
3800
-11228
526
-14300
2808
-3064
-1266
-12044
1288
-7168
5390
-14316
261
-16308
6172
-10184
-497
-1968
5903
-9204
15860
-15360
-2522
-5896
-497
-12276
1560
-12236
248
-5104
11255
4340
7956
-7120
4379
-14308
2302
-9192
781
-7964
8191
52
-4592
-16360
1533
-976
2873
8196
2012
-1988
5603
1036
-6671
1064
4122
-20468
-9186
-10188
5870
-15316
4344
-776
2061
-14320
3582
12
-1029
4112
-260
-4080
12550
-14288
-6914
-2028
8466
4116
760
6180
-4342
-16348
12542
-13288
3586
-20476
-11745
-2008
1017
-4072
-3354
-6104
2548
-7120
-467
-9180
-3823
6176
1549
-8168
6673
-6116
2337
-8172
-3578
-7124
-1778
1104
6644
-3008
9489
-8144
4625
5164
6960
2296
3835
-9208
5619
-11024
-9488
-8164
-7975
-6128
524
-10208
-2804
-5916
2056
-6120
766
48
6131
-9040
-3036
-5040
3832
-10200
1804
-4088
2811
-5092
-1817
20
4598
-992
10459
-12284
-2284
-5120
3576
-1000
6901
1056
273
-2820
3605
-11228
-5156
4164
-8971
-13264
252
-9192
4614
2300
11269
-7968
10770
-11220
-2035
-6120
7145
-18384
1794
-12252
-1272
-7156
7700
-8184
-6151
-10200
8209
-12252
-10235
-11232
-486
-8156
4054
-7132
-3036
-13308
-8420
236
7153
-3056
10999
-13296
1763
-14096
-9488
-3072
-2815
-8188
-265
1076
2567
-3856
3810
-9188
-3555
5156
-2606
1060
4878
-8980
-9002
-9204
2531
-13276
-2044
-984
-6
-7952
-776
-2012
1800
3108
-1262
-2020
-6958
-2036
-3284
-7164
803
-992
2529
16
-10523
-9192
-2083
-5060
2798
-7148
4365
-10180
-513
-1008
-1516
-776
-2579
-1996
-9468
-22232
3069
-980
13586
-976
-11802
-10212
-9488
-4028
-12820
-11232
4596
-2044
3850
1044
-6139
-11256
-288
-8124
-5915
-8144
-1525
-21460
-11776
-7144
5651
-3856
1553
-3040
8459
-4048
11016
-10240
-1034
-9184
7698
-16332
-1299
-13284
-2264
-12268
-3357
-15316
3
-14320
-10235
-11228
-7416
-14288
5143
1052
-35
-8164
-753
-8160
-9223
-17404
10494
-14292
-527
-11224
-1014
-13288
3085
-8172
3328
-9172
742
-6100
-16904
-2832
2099
1260
6674
-9172
-7652
-8156
-502
1056
-250
-14284
-4111
-6104
-771
-9188
6412
-13256
-269
-15336
7427
-6124
6929
-13272
-8432
-13308
3364
-17352
764
-12236
-4388
-6096
3865
-6100
-10482
-8016
-2527
-4088
785
-1016
5119
2092
6670
-13272
-2805
-16356
2820
9232
-1770
-4032
-3821
-14304
4852
4132
-1002
-9148
5856
-18424
-10740
-13280
4609
-2016
-4877
-3060
-41
-4056
-4361
-12248
-3575
-11236
6908
-5068
-2782
7416
6422
-996
6161
-3036
-2550
-7948
5378
-8172
-3077
-12268
-5896
-7148
-4645
-3032
-2812
-8156
-7174
-8152
-2067
-4068
-5372
-5088
-3859
3128
10493
-18420
-1759
-4872
2292
-14300
-9999
-10220
-1537
4108
6135
14336
-3799
-6128
-3592
-6116
488
-8168
-1036
-8972
-1565
-6144
7692
-14096
6922
-4088
772
-996
-46
-13276
753
-5080
-1285
28
2567
-4084
-1028
-9208
-3587
2060
-8470
28
21984
-17408
14843
5148
7176
-6100
506
-5080
4881
-6144
7690
-10200
-2074
-6124
-5615
-14292
6928
-10220
2288
7180
1004
-9156
-8451
6160
-510
-7164
8725
-4092
266
-6924
1506
-3060
5633
-6088
1317
-8176
4857
-3052
-4586
-4052
-2821
-8160
988
-1992
-3098
-11248
-13853
-2020
-4626
-12220
515
-11244
-7391
-12252
12536
-17392
-6403
-7136
-1012
-12264
2042
-15356
3582
-9192
-2292
-4072
-5660
-8184
2314
-2024
8203
-4076
3612
-4052
-4584
-9172
6456
-780
496
-4080
4611
-15340
1518
-15340
1045
-6124
-5901
-11204
3053
10292
-2822
-15352
1274
-5076
6174
-7128
509
4148
761
-10232
4836
2060
-6865
2076
-790
-7120
3611
-10212
-6936
-5112
21
1048
2575
-11020
1043
-13308
557
-11260
-7674
-1016
7435
-6112
-259
-10000
2808
-6140
509
-4028
2815
-3032
-23
2096
6636
-5060
-6146
-11244
2810
-2020
-779
44
-4347
-9180
15097
-6916
-6645
3092
-4097
-4072
-2328
-7148
-5139
-9208
1036
-13276
-1301
20
-13
-7156
-7934
-976
-12087
-12268
-4899
-21480
-2065
-8160
-2822
-10180
-24
-996
540
-20452
-3594
-3020
3835
-16364
1036
-7140
-3601
-6104
-10687
-16320
9464
-12236
1540
-9200
-2042
-1992
234
3132
-3110
-9216
-1231
-13276
8187
-11240
7404
5372
3337
-10236
10
-8180
-3877
-17380
-5919
-996
-2267
-12260
-8955
-1988
-1017
-2848
-3041
-10236
-242
-7081
6382
-6092
1774
-15360
12293
-4096
4629
-6100
2844
-10192
-2269
-7136
-9490
-776
1305
-10020
-1801
-3844
5102
-14292
5895
-3056
6425
-8108
-1009
-9184
1255
3088
-2072
-14336
1033
-9176
4063
-3856
2320
-5120
-9179
-3072
8961
-5892
6938
6396
754
-8160
2804
-10216
-996
-7144
-2001
3092
-4849
-4052
270
3300
3339
-13304
-5125
-9212
-6671
-10200
16
-8172
8466
-7132
-2323
-10184
-254
12
-5633
-11260
-7156
-15344
2022
-8156
-3353
-1804
-9752
-6108
1539
-9192
-1293
-9168
-11000
-8964
7649
-8172
1786
-7124
-4599
-16304
-7679
-3024
3338
-3024
-3315
-11236
-1046
-14284
-7431
-4056
-1280
-13272
3030
-10224
-7154
-9184
2008
-11248
4637
-5084
2784
-7112
3129
-11256
1041
-19396
-5130
-4052
-2042
-12044
-2345
-4076
7156
-4872
-6143
-3852
-4115
-13264
-3583
-3020
1016
-2953
223
-12260
7174
-5100
-3057
-5096
1032
-11212
253
-3060
746
-7116
-5384
-5100
2269
-12260
6172
-12272
2554
-7120
-10236
-6084
-1516
-4056
2848
32
5083
-16344
5367
-13308
-5640
-14292
-1279
-4084
-5647
-4080
3072
-9180
2093
-6112
-1531
-996
-4859
-10212
12517
-13296
-8977
-6116
-4872
-16340
2037
240
-518
-3040
-5646
-17372
5128
-10188
3088
1040
259
-7104
8403
-9176
-2275
-7976
2838
-976
7973
0
-11011
-5096
1279
-12248
6415
-13292
13
-4064
-2312
-9212
-7633
-12236
-5404
28
5384
2112
-7186
-8140
768
-8160
-1760
-7140
3833
-12244
5114
-6124
-1575
-6128
-7152
-11240
-3063
-7116
-3613
-8148
496
-16384
4611
-10216
-507
-2824
-5639
-15312
3095
-9192
-3329
-14300
3090
-16372
-2843
-5084
1777
-5092
-3826
1264
9446
-17364
3057
-5892
-7151
-13268
-7946
-11252
8927
-2024
2845
-3048
1529
-22252
2035
44
-8717
16
12029
-12268
1015
-3024
-11012
-8156
-6138
-10232
2313
-15288
2275
4144
5086
-10224
6839
1036
9513
-15320
-765
4
-8958
-1020
1336
-6116
11809
-4056
-7926
-13280
-6888
-6132
-1006
-14336
-8983
-16289
-6149
-7164
-3866
-2020
-7961
-3060
14351
-10232
4086
-14320
-4090
-4072
5922
-22224
4875
-20440
4328
-7128
10988
-13288
2348
-7128
1804
-2028
2086
-7116
-511
-12256
-524
-5068
2551
-9184
-3098
-8176
-5104
-6124
7172
-3024
9215
-4044
4873
-5084
4589
44
-15902
-10200
5906
-7164
-6936
-10212
-5620
-6132
10504
-5116
3356
-8148
-1268
-8172
-5900
-7160
4850
7180
6160
1028
476
-12244
-517
-3004
-4343
-1000
-8478
-15344
1331
2072
-1287
-7960
7165
-4076
498
-10188
-8427
20
509
-17380
2299
-11260
6394
-15300
6392
-6928
2804
-7152
3556
-1992
-2289
-2048
768
-9132
8482
3080
-5874
-6096
-6877
-8132
208
-8148
-4889
-8172
-1017
-11200
531
-7132
6174
-10172
4599
-7168
7
-8148
12028
-4880
6408
-7124
6942
36
287
-8180
1010
-6920
-29
40
-2528
-1800
1762
6188
-462
-11188
2316
2100
7959
-8184
-284
5128
-1785
-19452
8955
-10208
5645
28
-1047
-16136
-5884
-9204
4877
-2008
17195
-7112
3865
-7952
3071
-13280
4356
-16332
-3280
-6108
5871
-14328
-28378
2092
-3828
-10180
1555
-11232
-6661
-8180
-5126
-3056
7422
1076
-6146
-1996
1762
-11212
9448
-7140
-5137
-5080
-12313
-5072
781
3092
5881
-12256
18
-7164
2535
-10176
-45
-11240
-3059
-8148
-4344
-11216
6145
-2016
-6920
-15324
3295
-15324
-16648
-3844
-1277
-3020
8173
-11016
2568
-8168
-295
-15332
-6663
-10236
-13057
2096
-1032
-3052
-9451
-1804
-3357
-17376
3811
-9160
-1532
-5052
-1001
-5060
-8435
-2000
-1786
-12228
1281
-12240
-4141
5184
-730
7188
-5119
-16352
-10507
-9196
5913
2296
-1547
-5088
15608
-13312
-16901
-7140
1760
-7124
-2780
-7108
3277
-7112
2811
24
-9733
-6120
6139
-10200
-6405
-4016
4356
-9184
-6186
-12272
1519
-4080
-2051
-4048
1299
-7940
-6921
3072
1040
-10180
1277
-3032
-4600
-6108
2322
-8136
-6921
-8124
6415
-14260
-7965
-6120
-3116
-10232
10516
-3040
10538
-7132
2520
-8164
5116
-12260
-3842
-6136
2302
-4044
7222
-5108
1782
-2024
-8446
-3052
-750
-1996
-6918
12
-6635
-6140
2539
-11228
3295
-16344
-1006
-3056
-6396
-7160
-6678
-5096
6361
-8136
-8945
-5104
-9718
-11260
-6379
-6136
6387
16
1799
-2000
2051
-8140
-265
-16340
1046
-4056
-4338
-984
1277
-12240
5656
-4880
5652
-1988
-3879
-12272
-6
-16368
-485
-12040
4339
-996
-3868
-4068
1509
-6132
-5115
3100
1272
-2020
294
-7968
2536
2056
-11036
3088
284
-14288
12293
-9160
8191
-4036
2519
-3044
-3572
-5104
-5616
-16356
6906
-20440
509
-4060
-4607
-14324
-3084
3088
9484
-7136
-2296
48
9215
-23252
-3068
-2016
-507
-7160
-5643
-10232
-5632
-13292
791
-2028
2277
-4056
-1
-2028
5627
-10176
1554
-13308
6154
-2024
7414
-14284
5090
2280
1275
-18388
-2545
-7160
746
-6936
4653
-5112
1024
-4072
-2072
0
-1549
-7144
-4882
-14084
-2557
-5120
-3843
-12276
-6654
-12252
9218
-2824
2600
-13264
1777
-15284
10249
-11244
-5108
1068
8687
-11256
-1799
-13304
8411
-8176
4609
-11228
8395
-5112
3053
-6124
-13322
-9180
3598
-4088
18962
-8148
-5876
1276
5616
2068
2827
-14296
-248
-11260
-2528
-10232
-5105
-5088
4060
-6116
-6889
-9184
5378
-1008
6362
-2820
773
-7148
-2064
-12288
6387
-2016
1770
-2028
-987
-8964
-2783
-18356
7126
-984
-1016
-15316
-2316
-4048
6949
-6100
8198
-2028
3584
-10020
-1290
-5120
5634
-6120
-3834
-5080
3062
-7124
-1026
12
-767
-5108
-6154
-6112
-3058
-7160
4357
-9168
-4051
-4868
7708
-5084
2535
-16380
-270
-12252
749
-13288
3076
-4068
3556
-11256
5612
-11256
-274
-3044
785
-4072
-5609
-13060
6667
-4084
-1302
-10192
3557
-7944
7432
-984
-8435
-9208
2531
-8172
-3819
-13240
-4085
-7136
-3089
-14292
762
-1012
1543
-5060
5132
-14296
-8197
-7140
-1514
7176
783
-10196
4361
-7140
11517
-13276
3578
-6144
-2314
-6936
-1754
-7136
3356
-12264
9477
-9140
3368
-2024
1053
-9196
-4387
-17388
-4044
-10224
-3103
-2028
2819
-3048
4081
-2000
-2064
-16328
-1263
-4088
752
-5076
548
-12264
2053
-13300
-6917
-13296
1813
-12264
-2324
-9180
5382
-9156
11795
-2036
-3588
-1996
804
-8144
4065
-12252
13848
-10188
-6896
-11224
2
-17164
10771
-4084
12060
-19424
4089
-8176
-2807
-13272
-4583
-11212
9448
44
474
68
-2542
-9200
-200
-4048
11480
-4036
-7963
-4068
1804
-6136
7449
-13072
2071
1060
2285
-18432
11995
-6092
-8209
-9152
-1056
-6120
-6388
2096
3847
-7128
-4079
-2036
25321
-11244
-4836
-12264
-3068
3108
-8939
-5096
-3091
-15352
-2368
-2044
-1745
-13284
5890
10280
2345
-11248
-7702
-5108
3557
-9204
4878
-13272
-765
-11220
-2796
-8192
3563
-14264
3347
-11212
-8975
-15332
3342
-7944
2316
1028
-4081
-3028
-9468
64
-243
-8144
-2323
-4005
-4359
-5912
9489
-17376
-553
-12264
-6144
-11224
-5070
-10236
1794
-11224
5890
-9184
-4854
-5040
5133
-6124
7912
-5068
-1053
-8172
-221
-16328
6126
-5084
-3614
-984
-4858
-12268
2817
-9180
4342
-9200
-3840
5160
3310
-6128
-2
-9184
8683
-10220
-4621
-12228
13813
-13236
2046
-2832
5612
-8168
6909
-2008
4324
-3052
5640
3080
-4343
-2000
-250
-17372
1337
-5112
-772
-7144
-3583
-14276
509
-4028
-2547
-7156
11024
-9164
-3582
-16328
-786
-20444
5607
-7116
-3567
-20428
-5618
-7128
527
-2020
4832
-20424
-6136
-4072
-6955
-7073
-4854
-2004
-6672
-12240
2815
-14308
-2566
-14312
-1259
-10216
5884
-10216
2035
-5096
3047
-8172
5648
8
7924
-992
5373
-10204
6140
3100
4121
-12276
-5625
-22224
-3824
-15296
8207
-9140
6121
-16340
-5393
2080
-753
-8148
8229
-14272
3306
-9988
6942
-11244
7434
-6112
8436
-4056
5644
-8972
-12543
-8160
5413
-9160
-3319
-16368
-1272
-13296
3578
-1992
-259
-8168
2314
-14312
6189
-2000
-2289
-2048
-6636
-9148
-9451
4104
-1286
-12244
-1266
-7152
-2534
4136
17188
-964
-4096
-7124
8971
-4080
-3331
4348
-4349
-9168
2302
-5064
268
-9188
-9954
-11232
-3302
-4080
2808
-6100
2573
-9188
11561
-14292
-2826
-2028
-2534
-9204
-2795
-13272
-5100
-9204
-5604
2143
-5670
-4080
-5851
-2024
2280
-7140
-4575
-14328
5077
-15316
-9733
-16356
9179
-2032
1768
-3848
-2326
-14312
-274
-13264
-1763
-10228
232
-3008
-1290
-7152
-3583
-12244
-547
-7152
5649
-11184
-3833
-5096
1582
-4028
8713
-3052
1264
-7140
505
-4080
-509
1032
-799
-7120
1548
-17408
-7958
-7940
-5629
-11248
9968
-980
2564
-3060
263
-5120
-7165
-10236
3868
-4056
3340
-16332
-1792
-4084
5630
-5112
4861
-12212
2815
-9204
1537
-14328
1260
-7156
-5841
4140
6946
-2020
-10234
-7116
1
-13276
-3601
-1000
-1063
-10164
-529
-5076
1316
-8192
5909
-7140
3600
-12268
-3820
1276
802
-7132
1779
-6084
-2345
-10216
-3813
-9208
9977
-12264
5173
-3024
1260
-5112
9700
-6140
759
60
-11271
-3044
-5130
-3060
-44
-14308
1521
-968
6421
-980
-2049
-3068
-517
-18412
-10
-7152
2059
248
3593
-5116
4088
-16300
3818
-7132
5628
-3028
1045
-11208
-776
-12276
-7463
-12260
-2551
-7944
-1787
-13300
2566
-13284
-9971
-16328
-1545
-4044
-4118
