-7124
-4074
-19456
2564
-13304
-1026
1052
-1812
-10204
-986
-5100
-1534
-3024
4331
-16364
9986
-11240
-2802
-2040
4389
-16320
-10006
-7128
6157
-2008
-6690
-13268
8193
-5104
6879
-11232
-6620
-8160
1801
5152
-8168
-10204
6973
-8172
787
-3060
2574
-16368
11767
-10204
2291
-1996
1794
-8164
-4887
-8148
-2551
-3008
4085
-14316
10758
1024
-2786
4348
-2547
-5084
22
-9204
4123
-2044
6909
2068
11022
-8968
279
-13268
5347
-9164
-14341
-7140
2523
-8148
-3572
-3048
-4572
-776
4636
1044
-2295
3120
7392
-8188
10267
-4068
8709
-9160
9209
8
7150
-12256
-6905
-15340
3616
-8136
12853
-3048
-3822
-7136
-1036
-8164
2291
-11228
1822
-5072
9754
-988
-4055
-9164
-3030
-2012
-3327
-5108
5402
2076
-4061
-13068
-2576
-5092
2855
-2828
3846
-13284
-3350
-12248
2545
-6920
-5648
6188
-10468
-17364
-23
-16372
-2315
-17340
-3561
-3016
-6158
40
-2551
-15336
5380
-3040
-5906
-19424
283
-9184
-1246
-19412
-4620
-16356
-757
-3044
5670
-14328
-3885
-11256
-3583
-14316
2096
-11228
-5582
-10200
1286
-8156
-12044
-16364
4387
-4028
4361
-7132
273
-22240
7168
-8116
-3611
4128
2833
-16380
-781
-5072
514
8
-2830
-3040
9175
-10220
-5363
-4060
6911
-8156
-801
-16328
-8446
-4056
264
-15336
3318
1068
-7387
-5104
3056
-11012
-1546
-18372
-3871
-8172
2584
-6072
-7408
-12280
2053
-13296
7922
-5108
2580
-1024
-10244
2100
4601
-12260
9986
-2828
-31
-6932
-8169
-7164
6400
-4068
-6908
-17376
-4827
-17352
-11574
3116
-9196
-19384
3849
-12256
785
-3040
-2595
-9184
-2846
32
18
-4868
-6914
-5104
-7155
-7116
-3086
32
9756
-1004
2315
-5088
1023
-1996
-6121
-5104
4846
-6116
-8445
-4080
10993
-11212
2300
-7148
3869
-5088
3064
-4056
5676
-5056
2571
1028
-1314
-4872
280
-5033
5605
-7156
1783
-2032
6936
-3028
264
28
-4102
-12201
-2802
-4868
-12
-9196
9994
-12232
3331
-21492
-2048
-2000
-1526
-4096
-4609
-4044
-10754
-9152
8214
-4036
-5137
-4088
-4615
-4088
-3057
-12232
-209
2068
2306
36
-3357
3084
746
-7160
1755
-1004
-7673
-18412
3073
-9184
1796
-10004
1558
-2008
-9
-3016
790
-3016
-3561
1064
-5873
56
-7924
3072
-6938
-9172
-9213
-7168
9470
-11256
-3325
-10224
4868
-11232
2011
-12264
-9223
-9184
-1818
-2048
-4061
-16352
2813
-1800
-6126
32
-8985
-3060
4604
-6128
2049
-4068
-1805
-6128
-4328
-3040
9740
-12252
-293
-6084
-4380
-1000
-9730
-7136
-11511
3152
2325
-1796
8458
-8992
563
-18380
268
-8156
-4617
-22272
2815
1060
5145
-992
-7163
-12264
-2263
-6128
753
-3068
-7431
2288
10989
-9216
3565
-9164
772
-15324
5355
-8176
3579
-16348
11580
-9988
-12578
-9196
7960
28
3373
-7148
4368
-10224
8715
-10224
-3315
-16360
6127
-3044
-11818
-8144
-3295
-7160
9481
-13268
2316
-12268
-239
-8168
4399
-7144
6413
-7132
2269
4120
271
-2020
-2537
-10200
1794
-20432
2823
3120
1996
-12256
1286
-14300
-238
-3012
2586
3120
1789
-16332
5112
-11236
-2066
-2016
-1828
-11216
4609
-32472
-1264
-6100
-3073
-5096
-1020
-10220
-233
-17400
5108
-8184
-4589
-11248
4081
-8156
-7417
-9184
3831
-6084
-2551
-4048
7922
-8192
-11470
-4060
-524
-8180
1764
-5080
-9
-8184
-6169
-5096
-2813
-8972
3542
-5108
6632
-19416
-6437
-6108
-5358
-4052
1306
-8128
-6408
-2004
6202
-4068
3839
-7100
768
-3020
-300
-22028
-2819
-13276
-4875
-14280
-9502
-7156
-2838
-5896
3810
-12228
-2049
-11256
6399
-2040
3818
-5080
1533
-8168
-7164
3092
-6184
-6124
-4351
-7940
-1557
-6136
-1262
-10228
-3312
-6120
3070
-4056
-10746
-2024
3597
-4092
-7408
-10208
-2515
-19456
-3082
-10208
486
-15308
3844
-14272
-1258
248
-4877
-6128
1522
-15332
-4079
1068
8973
6156
-8472
-11244
1039
-8168
-1527
-19420
-4348
-9152
-1819
-2820
-5880
2112
-1252
-12268
-8456
-7132
8456
52
12527
-7140
-6418
-10004
-1547
-3060
1798
-7944
-3075
52
-4123
-11236
-6103
-8160
3847
-5096
-1018
-7152
-782
40
-2305
-13076
3826
-7144
-698
-9180
4107
-6140
271
-18424
5634
-13296
28373
-7124
-9726
-11244
4876
-6120
3838
-11216
1010
-4060
-9460
4
2298
1084
5887
-15352
-7228
52
3584
-8172
-8960
-7148
724
-8152
1573
-6108
2593
-5096
3049
-3024
-1012
-8168
16920
1044
5867
-14284
-8720
-9192
-10768
-6136
-5365
-8172
-1062
8268
3071
-7144
2570
-8188
-3345
6392
-10782
-5064
10514
-960
5656
-3876
6647
-3868
7673
-1804
-8957
-19436
-2047
28
-1780
1044
2301
-8176
-5361
-3036
1522
-7964
5385
-8144
-1309
-23064
-768
-11240
2059
-2000
3549
-3048
-2018
-9168
-13300
-12276
-6886
-11216
-4373
3092
-2540
-22260
7410
-7116
-8224
248
4855
-6144
-1041
-9176
7448
-3056
-3564
-7120
6173
-9192
4151
-6104
2546
2080
7935
-6104
-3341
-7152
-734
-10192
6906
-1796
-1775
-17388
-1278
-5900
-4061
24
4338
-7104
6125
-11212
11020
-11208
5632
-8172
13554
-4036
754
4096
4878
-18396
-3830
-10200
1261
-8136
-4355
-8176
5612
-3056
-238
2104
-3307
-8152
-1035
-11244
2813
-13272
2791
-12284
-3612
-776
6883
-5096
-5378
-1008
7426
-3856
-6155
-7152
5336
-4052
-4589
3084
-6925
-10224
-12534
-6136
-764
-4044
-8192
-12272
-270
-5112
-9981
-12220
-257
-1000
3090
-5892
1519
-5076
-3059
-10224
4601
3124
-5642
5188
-8457
-8188
1559
-12244
-5382
-14288
17912
-7152
2565
-7128
-3829
-16160
-2515
-11204
4862
-4080
11280
-5052
7408
-16348
-5380
20
235
-15292
-4627
-12256
-1556
-12212
-4334
-5096
-4612
-1988
1235
-12280
-1043
-7144
-4107
-10212
523
-16344
-5648
-980
-1784
-13280
7895
-2032
-6388
-4056
-2051
-7140
13265
-772
-231
-9208
-2846
-12244
4620
36
-4620
-8164
1539
-13272
-9472
-12224
-3852
-3048
1555
-10200
8951
-3056
15
3076
-2076
-6104
-2844
68
8181
-8152
1576
-6144
7439
-13252
-3079
-2020
-5879
1028
6381
-9176
6164
-2036
11007
-5068
-6387
-1812
6129
-5072
12542
-4048
-11998
-1984
-2587
5156
-3820
-10212
4327
2076
2813
-3052
-2840
-3048
-1240
-6124
4599
-11252
7948
-15352
-7686
-11224
5141
-9188
-2836
-7108
-2060
-992
4866
5160
8196
-3028
1287
3108
-10499
1276
2611
3116
3604
-9212
-3843
-6112
765
-4096
791
-7136
-10229
-9188
8672
-3852
-10210
-15332
-1294
-9192
9704
-6100
2292
-9200
-4880
-8156
4365
-11224
2517
-11220
722
-20416
-496
-4064
4664
-11028
-1743
-11216
-1318
-1016
1555
-10220
1005
4136
278
-10228
5898
-5064
-5134
1056
-5097
-1992
2845
-6092
15380
-9188
-1808
-10224
-2032
-10228
-1532
-8140
3346
-9180
-8714
2276
5398
-10008
-21
-5120
2051
-14336
-1547
-6084
4346
-9200
10
9248
-2063
2052
-9208
9300
-4832
32
8681
-3028
2545
-5104
1253
-13276
-10506
-5116
4092
-2008
4392
-3020
-1308
-2044
2044
-9180
-1755
-3024
-1036
32
4114
-10236
-482
-11224
-7140
1036
3814
-3848
-4116
-13292
-9506
-9160
-1573
1056
9779
-15352
-4346
-15312
7708
-996
8971
-7152
4627
-8176
-239
-8136
502
-8160
-2296
-3040
-517
-6080
5161
-20428
3093
-10180
-1025
-2040
7929
-3036
-9719
-2824
12056
-7116
-3096
-3040
-6670
-9212
1034
-13280
-5620
48
13333
9232
-1542
-1984
1044
2052
242
-17404
-7929
-13264
2562
-3024
272
-16340
520
-2024
759
-10224
6692
-13276
1270
-14276
4333
-11228
-8979
-10180
7164
32
-998
-7144
2819
-10216
4349
-2004
-10021
-4088
-4097
-15308
5373
-3016
-6134
-2044
1799
-13296
-7654
-9204
-6140
-7940
5134
-15308
523
-4060
1245
-2848
-8434
-11252
-10256
-8164
-11809
-9152
4625
-16352
1295
-13284
5101
-10188
-4392
-10200
7171
-10240
1586
-12256
1262
-7132
750
-8152
-2005
-14304
-1545
-992
3339
-3012
-4842
6176
510
-4880
2305
-18408
-3829
-10216
10739
-9216
4821
-796
-3578
-12280
3341
-1804
1527
-7164
4108
-18420
4081
-3036
1276
-4084
8183
-9208
-2098
-8164
-2044
-8968
-8222
4140
6140
-1012
3825
-7128
-3292
-18412
4870
-6108
5872
4112
746
-11232
3566
-780
-2026
-7164
1024
-6136
5126
-18428
-2836
-8164
4412
1048
8187
-7940
10752
-17364
3056
-6124
8491
4
-4841
-2024
8437
-2008
-2793
-6112
245
-1988
-3306
-13096
5653
-7132
-10970
-4064
-4401
76
-4628
-14308
501
1052
3562
-7128
-5901
-11220
-3314
2080
11000
-10216
1296
-4084
-1003
-5916
-4112
-12252
-3081
-10220
-6387
-9208
-6144
-9176
-1040
-1016
2028
-8148
-2514
-5068
13292
-18400
10488
-2824
-3575
-15332
2612
-9204
-550
-11208
1535
-4064
-6665
-3852
8459
-6116
2320
-3056
-14321
-9992
-754
2072
6638
-10004
3331
-4088
13333
-6124
2048
-9188
1832
-8164
468
-7140
4621
-14324
-8209
-4076
-9970
-3848
-2851
-11228
-5141
1052
1029
-11028
-8737
-17348
-2565
-13304
9966
-11264
2047
-8144
2039
-5104
-6418
-2024
-1564
-8124
9492
-3032
-7907
-6124
-499
60
-1304
1068
-7178
-5092
2040
-8192
5116
-1020
8995
-4076
-6174
-6084
1027
2048
-4356
-3028
-8182
-10204
-5374
-8968
-522
4
-4623
-4024
471
-7088
-2790
-2028
-6646
-9164
3799
-19208
-8983
-14328
-7
-3060
-8939
1032
4364
-2024
7416
-7136
-12063
-14312
-4657
-7116
-7926
-7164
3318
-9196
-6425
4308
6683
-19440
-7167
-13284
-5395
-14292
-5133
-14308
-16160
-12268
3312
-5084
1552
-9200
6433
-12260
10720
-9184
2783
-8192
2295
-14272
15115
-12244
-6921
-9216
10246
-5084
-4887
-988
3604
-4064
-8443
-9196
-3336
-3028
-510
4348
992
-7077
-8434
-6132
-7644
-14312
-5409
-9204
5909
-9196
-4592
-23212
1516
-14284
-1539
-7136
-2028
-14304
2788
-10180
-2531
-3844
-8974
-19424
-3881
-9208
5914
-13268
-3544
-10184
8987
-7164
1262
-8160
2046
-9140
5148
-11228
-2809
-3020
-12033
-8148
3815
5168
-14583
-14324
6627
-14324
-4081
-3000
-6141
-4056
278
-8156
-524
-5076
521
-10208
-8
-3064
2553
-6100
1809
-9168
6914
-23280
-6641
-17384
6924
-11256
-4601
-992
-1051
-11244
-4871
-4056
3088
-8128
-4902
1064
-1540
-4088
4573
-4064
4344
-4052
-2817
-5116
2314
-6084
-5677
-6120
-5671
-13300
3828
-5092
4354
-2016
-10762
-8105
-11018
-4076
-3830
-2036
2782
-7160
35
-2024
-4126
-9200
-2324
-2028
-243
-6112
-1552
-960
11769
-19412
6676
-8144
-739
-6124
1559
-10188
3326
-10192
-5861
-15296
5071
-7152
2312
-9172
-2550
-18428
-2029
-17408
-11259
-3064
6395
6156
-3379
-14092
1248
-4076
-4095
-17356
4102
-14332
11544
-9156
1297
-9176
3098
-13296
-4347
-18380
7192
-7120
3593
-9192
-14079
-1800
271
2076
1286
-3060
10264
-12260
7433
-8128
12024
-8180
4329
-13260
-1266
-7160
-1256
-13272
1258
-16360
-753
-9204
-27
-19416
18677
-8172
-6892
16
5924
-3068
1012
-16372
3559
-7136
-12777
-1980
6153
-7164
1811
-11236
-5128
-8156
-1855
-5100
-2061
-11256
4339
-7140
-4631
4132
-766
-10220
6126
-9184
6613
-11232
3356
1080
-6919
-6120
4853
-6088
-1523
32
-2270
-13304
-2794
-4868
-7958
-5076
-2820
-7136
-511
-5904
521
-5076
-2035
-8140
-249
-10208
-9735
-9168
1533
-12256
-6910
-5044
-4375
-13276
-1798
-12224
-287
-24288
-1785
-5064
-1277
-8152
1529
-11165
7420
-5108
-3343
-11236
8420
-7152
-11017
-6104
-783
-21464
-8684
-6092
8934
-11260
-4571
5148
3561
-3016
-7706
-8140
-1049
-12076
-3046
-7112
13074
-20460
236
1088
8708
-5076
3864
-12228
-6885
-9180
4112
-5896
540
-8152
-7892
1052
1015
-15312
-2843
-14272
-10270
-8156
-2339
-20424
-9462
-3028
-5386
-10220
-6418
-3056
1785
-968
-2310
-6920
-748
-10188
-5141
-9172
-3599
-16384
10006
-14292
2808
-4892
2578
-5112
5884
-9168
-2131
-9176
7169
-13308
-5337
-11256
-27
-4092
3581
-13276
3606
16
-3557
-8188
2052
-8168
-4884
-12212
-5142
-7132
-12311
-7108
-250
-12244
-10726
-984
6384
-11208
243
-4072
-5646
-13260
4116
-972
-3844
-3048
2790
-3032
7393
-2024
10003
-3056
264
-10240
-5672
4128
-1015
-7944
1010
-19412
-2600
-944
-3322
1104
-1511
-5088
1751
-9164
-267
-12260
11750
-15332
-2289
2100
17187
-3032
-2801
-9172
-2037
-11224
-2289
-6112
5591
-1816
-975
-7148
2792
-13264
-4341
-11236
-3576
20
-7880
40
4068
-4088
-5393
1048
510
3088
6419
-23272
2549
-16344
-2028
-14304
-1284
-4052
-4100
-8116
-6140
-17356
-5
-22224
-289
-15336
7145
-17376
-4336
-7120
-3356
-8160
-5861
-9188
-1784
-16348
3044
-5096
-5155
-1012
-1302
-2824
3567
-11224
-1265
-7100
-8730
-19432
525
-7156
-2331
-13300
4615
-11248
265
-11012
7928
-16168
-2832
-8188
3088
-3072
-2297
-12264
-3852
-13256
-1044
-10208
6908
-7956
5637
-6064
1783
5136
-12055
-6084
489
-12276
-2589
-15356
4106
-19444
-2074
-5096
1275
-4040
3544
-968
-12063
2080
4359
-6100
3876
-12236
1791
-12268
-6167
-14272
-764
-4088
7964
-5084
-10006
-3844
3567
1056
-3832
-6080
2565
-15308
-531
-3860
4627
-4064
-7174
1028
-3316
-6124
3044
-5068
-2818
-3044
-8427
-10204
3065
-8172
4340
3128
-3827
-3040
523
64
15100
-15324
-2572
2084
-8696
3120
2559
-19424
2252
-980
-774
-9988
4130
-11204
4861
-12036
510
-9184
-3315
-10236
-1018
-8180
4590
-12256
-10001
-8144
-1505
4128
-5884
-9180
3301
-6100
-7181
-8144
5637
-3040
2853
-4060
-257
-10172
2323
-2048
-3332
-17348
-2057
-12044
4344
-11244
8738
-6952
2831
-10212
-1267
8
-5922
-15116
5672
-3048
524
-17352
4881
-15336
3580
-12288
3312
-17400
-7187
-4880
5110
-7112
-4639
-776
4159
-12268
764
-3848
-3354
-6116
-997
-7156
1274
-4036
790
-9196
-799
7168
7425
-3020
-1300
-15280
2345
-13308
-495
-8164
-6153
-14280
-5391
-7136
1774
-2044
4337
-14296
2839
-10216
-3867
-9184
2533
-9208
2548
-5100
3344
-8188
-2333
-13248
2578
-9208
2496
-12272
-2796
-2016
-1037
-9200
-3066
-9176
-6398
-5068
780
-12256
-1040
-9192
-11250
-12240
-5122
-10200
1014
-11220
-10753
-3856
982
-2012
1026
-2008
-1498
-15316
-1526
-8172
-4333
-11212
5897
-9160
3036
1068
-14058
-13060
6176
-8132
-1251
-4044
5651
-1008
-789
-4076
-7482
-1992
-2288
-13288
3320
-11192
-6416
-3040
2056
-4064
-3077
1024
1294
-7132
-4085
-8172
-13560
-10184
5648
-4044
1009
-12232
-1525
-5096
2315
-8152
10974
-8140
-242
-5072
1265
-17404
2565
-2016
-5166
-8140
2347
-4096
518
-3024
-4903
-14328
3071
-1000
-3824
-13276
-5878
-3016
5368
-8184
1058
-6124
-3841
-20448
-7919
-2008
760
-8976
6929
4160
7449
-3040
-3859
-21436
-3312
-5084
3061
-6108
-5377
-2860
6681
-12268
4849
-9204
2829
-11208
765
2284
-2823
-9192
7142
3124
2027
-988
-4123
-4080
8927
-4068
9990
-15352
-8952
-3044
3810
-4092
6691
-11220
-5093
-6124
7404
32
-3835
-10208
-3329
-5096
-6410
-11260
-7674
-12212
-1272
-4048
-2061
-4064
5119
-11208
5139
-6140
2588
-7120
3576
1056
-5910
3140
-7672
-17192
2020
-15344
10750
8212
-1773
-3844
11260
-13292
-4381
-19388
5102
19964
-5137
-15360
-6893
1060
-5151
-8192
-2818
-8105
4105
-5088
-6642
-8192
-1555
-3044
4348
-5060
-7202
-5088
4866
-8144
-2067
-3008
-3855
-16372
-4864
-7156
-6886
3100
-3043
-12216
-1786
-7144
-5372
2064
5393
-8132
2039
9248
3356
-8132
15877
-4056
-3331
-7160
3605
-8152
2556
-3064
-1316
-8176
-4066
2068
-6396
-12240
-7677
-10196
-2057
-10188
4625
-7128
1033
-7128
-5114
-4056
-7193
56
4875
12308
-9975
-10192
-2547
-9212
-7466
-16348
-248
3088
5133
-7124
10725
-12236
228
-14324
-6646
-6088
3052
4116
-7428
-16340
3080
-3844
-2052
-12256
-4102
-9160
10741
-8176
-5137
4124
-3344
-3048
266
-12208
10501
1044
-5118
-11236
761
0
-4059
-4068
-8213
-9176
-3577
2072
4849
3092
-2791
-1008
10987
-15300
-1298
-17388
-1530
-11228
-5647
-8180
-6122
-3056
-1263
-18392
-6139
-3848
-2837
-6136
9440
-12288
-1760
6188
8179
-10012
495
-12260
998
-6132
-10984
-5052
732
-7116
3042
3104
5140
-12232
3095
-1016
4902
-10156
-2836
-12228
-218
-4868
-2330
-5092
3569
-3072
2802
-7140
-4346
-6128
-544
-2000
-733
12
-4119
-13300
497
-9160
5107
6160
-6907
-13232
3581
-10176
-6633
-4032
-2563
-6132
-4609
-12236
9470
4
-521
-13276
-6592
7232
-5904
-6112
-8731
-12272
-6413
-3848
767
-3056
-761
-5100
2292
2300
1269
-2008
1249
-3068
-9493
16
-4843
24
-15850
2068
1799
-5892
2582
-988
-7157
-11208
-9230
-13268
995
-4056
-4104
-9156
-1301
-6120
-1771
-4068
-2289
-5100
-5890
8
2029
-11228
-3326
-1804
5872
-4056
-11
-2000
-4610
-8176
7679
-4096
1006
-7148
14091
-13284
-764
-18368
-4843
-10216
-6140
-17352
-1313
-1004
2807
-10220
-8468
-11200
1794
-7148
2771
-14312
23
-8136
5383
-2024
-8968
-6104
5122
-7136
5379
-2028
6664
-9184
13806
-7160
3599
-1024
5398
-10200
6141
-4052
2537
-8176
2256
4
777
3084
-9757
-10204
7654
-7108
2071
-7100
-509
-12224
-271
-4060
-4095
-2036
757
-4060
-756
-5080
1544
-17384
-5102
1272
9228
-16356
-4848
-3056
5148
16
-4375
4096
-3515
-3072
2812
-14328
1248
-10240
-12593
-6112
-1523
-9152
9211
-1800
-6389
-15316
290
-1992
483
-12244
5369
-8188
-7160
3080
3317
-1984
-4907
-4048
-1258
-11180
-11275
-4024
-3317
-16384
10223
-2828
-3065
-7116
4642
-9216
-510
-6140
5388
-11244
3340
-12048
-2045
-10172
-1529
-8164
2840
-6132
7928
-20436
9189
-10204
7948
-2000
-4377
-9152
-4386
-1980
-1296
-10196
5330
-13304
-12255
-8184
6164
-4084
-2314
-5076
3074
-7112
8184
-9148
1063
-7152
-7433
-9196
-5362
-7144
-29
3116
5629
-9192
1255
3096
-4097
28
-6403
-10180
-1281
-15344
2600
-5116
749
-6088
12263
-5096
-5377
-6112
-18926
1044
-763
-7136
1792
-8164
7924
-9176
-4857
-12264
-2015
-4064
5112
-4064
-2573
-18408
1771
2100
-1557
-8156
-10995
-8160
5127
-4068
-1005
-11232
506
-6140
5116
-4084
-2609
-5084
-1534
-19424
9997
-13276
11239
-5892
-3569
-8172
4096
-8964
513
-4868
-517
-6108
-3831
-9172
-5118
3108
6348
-9164
-7164
-14308
7668
-5052
1247
-4092
2564
-7140
10245
2108
-3582
-2016
-1266
-10180
261
-15356
-9486
-10192
2828
-13068
-3058
-15332
3369
-8160
4877
-6112
-3082
1056
2313
-12036
1560
-8148
-11038
-8176
3808
-10208
-4881
-11240
2571
-10184
-1806
-6124
5328
-6112
-9973
-5048
-9982
-10216
-4115
-7156
-1528
-10208
2848
-14328
-806
-9180
8162
-24264
-9208
-15328
-2068
-4880
-521
-12280
-2541
12
5378
-3032
-6144
-6916
-12254
-7156
-2581
48
5338
-9156
-737
-3056
-6925
-10220
-8241
-10188
-6708
-17372
5141
-10160
5388
2080
816
-6096
-4604
-4888
-4604
-6088
37
-3060
-2812
-8168
6383
-12284
4914
-10220
-12
3080
-3336
-4088
6895
-5108
-1801
-16356
-754
-6100
5882
-3040
5633
-6136
1787
-18400
1269
1115
-13071
-21252
5881
32
793
-5080
-3586
-4080
-7407
2296
-756
-5116
-3366
-9188
-3102
-10200
1531
-17360
-1778
-6100
507
-9204
489
-11200
-4638
-2004
1809
5124
8679
-12288
754
-6144
-1270
-12264
-2541
-10228
262
-14276
-4345
1036
6134
-6112
-758
-8192
-7430
-10216
8746
-4068
222
-10216
-5412
32
8944
-1016
12040
-19436
-5879
-9208
248
6172
-8670
4
3304
-3064
-4863
-9188
2569
-6136
8722
-4080
-7964
-12044
-4351
-9192
-789
-12228
1035
52
-2316
-1988
1258
-14328
519
-16356
-496
-4052
-4341
-11236
-11025
-11224
6656
-3040
3064
-8152
-1825
-13304
-4614
-10240
3844
-8124
-4297
-7120
6915
-11200
2823
-18380
5917
-7104
-3058
-10200
8163
-16152
-1798
-6104
-3592
-8172
798
-12224
-2294
3076
761
-5088
-8426
6156
1802
-5092
-1818
-8972
-9257
-6132
7472
-11224
5832
-8144
3624
-12228
5142
-2008
7952
6180
6930
-4872
4127
-2824
756
-4060
-1310
-4084
-2041
-7136
3837
-9172
4561
-6104
-5638
-6116
-237
-5904
11253
-10196
-6670
-4048
-2036
-6092
1287
-19436
4857
-4080
3578
-12240
240
-9132
283
-19204
4621
-10208
1552
-15344
3044
-4044
6456
-4068
6889
-17380
-1789
-10232
-3076
-23256
5103
4128
-2800
-14300
-4081
-10156
-273
-15328
475
-5092
9495
1032
-1582
-6116
4102
1048
1269
-8160
5370
-4080
-23
-9200
-6721
-10240
7449
-12288
2837
-10220
-1000
-15356
10497
-12052
-2810
2052
7412
-6112
-3047
-14128
9203
-10216
2044
-5084
2008
-14272
265
-4868
3333
-4040
-6878
-5116
-1282
-8156
-8744
-7124
-1284
-9216
-6112
-9200
-4106
-19456
-3092
-15308
-8457
-8152
-14
-6092
7411
-10212
749
-13248
-10495
8228
-2298
-1008
-2040
-12272
10488
-3028
2805
-2032
11272
-8164
253
-17368
6888
-10204
-501
-9180
257
-9176
-7706
-6120
1279
-12236
1795
-3880
497
48
-10990
-6916
14074
-2008
3124
-7116
8734
-6080
-295
-20236
9206
2084
-1754
-8144
-6656
-9180
-5904
-6932
-1515
1088
15
1060
1288
-18384
-3594
-8964
-242
-2020
2759
-4060
-2550
-11248
1550
-8152
-2056
-4076
-262
-3060
-40
-4020
1803
-15312
-12292
-8164
2078
-2008
4875
-9164
281
-10188
1242
-15336
13032
-14276
4085
-5120
-7183
-1000
-1031
1096
259
-10172
-5408
-12212
-3567
6380
-4607
-1976
-756
-17400
1556
-6128
11746
-5056
995
-4044
6693
-9160
-2807
-13276
4345
-11216
-8439
-9176
12799
9272
-3575
-5116
-2546
-4084
2539
-8164
-14091
-8188
3873
2088
-3877
-13268
-257
-6936
-5380
-22192
-991
-6144
2541
-10204
-13344
-11224
2535
-7140
-992
-7140
-3560
-15340
7699
-4876
5127
-7160
1574
-11232
7161
-8148
4567
-5100
-2257
-8144
484
-2016
-1014
-6132
2297
-15360
1559
-11264
9693
2076
4863
-13268
-8410
-17372
2848
-6108
532
-2044
5605
-3072
-4583
-5048
-3349
-7140
-756
-3000
4867
-12264
8184
-12256
1793
-14320
3564
1080
3073
-2004
-11749
-4076
3823
-5080
9753
-7104
-16091
-3000
-769
-18400
542
1036
2548
-1996
1315
-10204
4330
-8148
-18993
-6128
4376
-5068
2819
-5892
-7431
-12248
16871
-7160
511
4
1072
-11016
-9727
-12224
-1543
-10224
8964
-11232
-240
-2024
-7702
-2036
2061
-7128
-4633
-8168
3325
-4076
-1288
-10188
2050
-7100
-22
-10208
4598
-7148
-11786
6180
-761
-10220
756
6168
8447
-12260
312
-7164
1784
-13272
3875
-788
8979
4136
-1548
-11212
-1576
2100
-1038
-13312
-487
236
-7933
-2024
-3294
-4036
-3553
-11248
749
-5080
-12840
9452
-12283
1064
4868
-9212
5376
-3048
-4620
-7944
5640
-11216
1793
-9148
5918
-5072
-2566
5128
1761
-3044
-2577
-4056
4372
-5076
-12060
-9196
-9750
-10184
495
-3068
4628
-2008
-1032
-18396
1532
-5068
-8666
-12264
4865
1080
4378
-4084
817
-10200
-6651
-9212
-9463
-2844
-10768
-11220
-12545
-2824
-4163
252
523
-8964
766
-12256
4596
-6112
1035
-8188
-6404
-11036
3341
-1984
-5640
-7148
-4586
-7132
-3576
1056
2243
-2040
-2779
4104
-1258
-12280
-25
-2032
-1297
-12260
760
5372
2557
2048
2570
-9212
-7656
-3048
-27
-3008
-1036
-6088
3331
-6092
-3034
-980
-4624
-11216
-11767
-8176
2269
-6144
-5640
-11216
3277
1044
751
-6108
6120
-8172
-8418
-10204
7664
-10220
-2054
-4056
8185
-6100
2040
-12276
-1013
-12256
-1824
-9192
-4077
-2004
3088
-5052
2597
-9216
-776
-5104
6642
2104
-1783
-3060
-2290
-1800
2575
-3064
6137
-7136
-2810
-10236
1291
-12256
6153
-6120
-7399
-8176
10255
-9196
4345
4148
-5871
-13284
10520
-14284
-4086
-4076
1549
-15312
5121
-5072
17
-2040
11289
2108
-1025
1064
-4367
-4044
-1784
-6104
-2572
-1016
7900
-2028
1494
-13240
-4898
-12252
3826
3104
6642
-10228
3113
-8968
-2311
-6104
-1574
1048
-10499
-8172
3326
-2000
-6393
1080
1044
-5092
1304
-2012
2827
-9988
2307
2064
10499
-6928
-3832
-6096
257
-9192
5406
-4080
-521
-6108
250
-8176
1300
5124
768
-6100
-8958
3116
-7973
-6116
-2287
-9176
-6666
-7132
-5127
-5084
-2031
-10208
-4361
-7092
-9216
-16332
-6659
-26344
4081
-10172
-480
-10228
8429
-2020
6920
-12280
4619
-5116
4071
4
-6406
1036
4346
-4072
-2051
-9180
5653
-4036
-1588
-10204
13058
3152
-5128
-7152
-10191
-6120
1769
2068
4094
-5100
2037
-6920
-1008
-1020
-9471
16
6898
-13288
12327
1052
-8219
-13064
7442
-788
5643
-18384
6149
-5076
-2794
16
-5904
-11224
-7706
-6132
-3860
-980
1530
-3848
-8947
3076
-1770
-8172
3334
-4092
-5127
-17336
1264
52
8190
-1996
9507
-14300
1284
-4036
504
-8136
4828
-9208
3851
-11236
5348
-13296
-2830
2056
1552
-21448
5899
-9208
2614
-5096
-12262
-1972
-5399
1068
-1817
-4060
-1037
-984
5131
-16360
511
-4048
15079
-12252
-5898
-13064
-14606
-976
18
-3852
-1512
-11244
1273
-13292
8467
-1008
-8463
-13060
-514
-3060
2323
1272
1490
-3008
-6393
-5072
-7938
-3064
1806
-10192
4332
-4088
-8169
-8172
-1355
-3008
-2775
32
2086
-5120
-3593
-11252
5343
-9216
-7934
-5120
-5086
-23276
-1246
-13288
-2065
-3072
7683
-8124
803
-14292
-3064
-1020
-3366
-8120
8968
-12244
7165
-5084
22
-8168
15
-4040
3361
-18408
4612
-12256
-3567
-4052
2559
-8152
-515
-11216
248
-4060
1761
1100
-7440
-1020
6892
7196
-4075
-7096
3325
-5040
-4865
244
4577
-11232
-2845
-4068
4355
-10176
8198
-1988
10267
-14300
-1809
-15332
1277
-4032
2582
-10212
-5120
-6124
1768
0
-255
-3012
1791
-5088
-2786
-3036
8181
-3872
-6383
3104
-3345
-11224
4620
-6096
-3329
-8964
15575
-5048
4345
-15292
4847
-17364
785
3108
6171
-7140
4278
-5092
4369
-16340
-5888
-15320
-6645
-7128
-5921
-3016
-1290
-3036
-3294
-21468
1250
-10212
1017
-17380
-13053
-9204
1787
-17364
14604
-4060
-7428
-14316
4121
-11024
4391
-11260
8729
-6096
3583
-9180
-2557
1276
7910
-15300
482
-10228
1283
-9180
-15
16
9976
-8164
-6876
-8980
5388
-992
2047
-4060
15
-4092
-6136
-16368
-5126
5168
-5130
1080
-9974
-4076
-1766
-13296
2796
-12268
2047
-5892
-10229
-11216
6136
-10216
0
-7152
1028
-10192
5630
-5060
769
-7148
-7187
-8176
-4100
-3040
3074
-4088
-6446
-952
4621
-9184
-1568
-10224
-5319
-19408
20
-7128
-1814
1052
-2821
-11248
-12279
-12268
2800
-6124
-11764
-12240
-1525
-13272
-2073
-10208
-4842
-5900
2539
-15340
4095
4108
5620
-12248
1526
7188
-4893
-15340
12027
12
790
9224
-5672
-10192
1534
-3036
4116
-8140
-2297
3072
-5130
-7132
4621
-10192
-3348
-8156
-5114
-13248
-2532
-6132
7177
-4084
4883
-1988
4576
1024
-9194
-5084
-1035
-7156
-12261
-6136
-6141
-15344
-3319
-16320
-2784
-10208
-5898
-3000
-11520
-13304
-11753
-10208
8933
3136
-2330
-12280
-2790
-10220
1781
2072
7400
