-6120
-770
-5080
2809
-16332
-3594
1264
11247
-5040
4616
1036
-507
-1024
4100
-1800
3095
-4084
-2770
-5080
-824
-17356
538
-9192
2317
-7152
1005
-7124
-9203
-22208
-5616
-12248
789
28
-1535
-13280
8468
-996
-7951
-1008
4604
-10168
-6393
-9204
-2080
-14304
-7198
-11200
-10282
-8164
10466
-20428
-7453
-6916
-9490
-1988
15115
-12240
7198
-7148
-10258
-9188
6449
-8168
7418
-7132
-9446
-8144
11
-13308
-3542
-7160
3335
-17392
-1790
28
-4358
-10192
-3059
-7144
-11001
-14300
-2817
-10180
5116
-4072
-11
-3848
4585
-8172
7689
-4040
1826
-4001
-8443
-9168
512
-9188
3102
-964
-4623
-7112
-5631
-22244
-7177
-4064
3596
-12189
2813
-5064
6629
-9152
6882
-14280
-10004
-5100
-6890
2112
4882
-4052
3866
-9200
6407
-7092
-8192
-19440
-3337
-6092
3601
-10228
-1039
-1024
-7953
-9188
-5367
-988
-2305
-8156
-3046
-5052
1546
-7968
1048
-14312
-3604
-5104
-6911
-13288
-6162
-3008
5595
-6132
288
-11228
4339
5176
-4870
-13300
-1565
-5892
3348
-22248
-8951
-8160
-8178
1080
-5876
-16316
754
-6057
9499
-7128
-17183
-4036
3594
-1988
-3606
-14288
-7690
28
-5401
-9180
4334
-7108
3589
-12284
3593
-8980
-8687
-16348
13335
-13276
1548
-15308
9207
-9188
4078
-14284
-4616
-7132
2049
-9152
-3315
-13304
-459
-17352
767
-9156
3098
-16336
-6415
-7140
6417
64
2055
-14300
-2558
-9212
3567
-16352
-20483
-13280
-259
-6088
14286
-3048
-3353
-3020
-7658
-2040
-1822
-23048
-1017
-5096
3286
-9156
-6395
-8180
-1284
56
-775
-4092
-3090
-13256
9218
-1000
-4345
-10133
3574
-12252
-750
-10232
3352
-8192
-1283
4128
-3069
-12264
-6907
-13076
4344
-15348
-5161
16
-1781
-1980
8977
-6100
-2562
-9184
3332
-4084
-1286
-10168
7395
-9184
-8133
8216
5162
-12244
7368
-4920
2577
-13256
-10508
3112
4345
-6108
-14067
-21252
-234
-12276
18679
8208
4892
-9216
3083
-7136
-4866
-10196
10225
-13284
-7910
-8160
-2555
-8176
6412
-14276
-6659
-13292
1263
-8192
14090
-4036
-7676
4132
-4346
-3052
-5862
-17392
-12545
-2048
13014
-11264
-2067
-3024
-4066
-7120
-6908
-4064
1838
-3048
-3599
-9208
5617
-3028
-5362
-10216
-2289
2068
-260
-5084
2544
-8124
6396
-7100
752
1052
-3815
-8152
-5386
20
2553
-9216
8708
-4044
-3034
-13268
-2021
-4060
8172
-12264
-7647
-8148
-5110
-7116
-6381
-13284
-1524
-3052
1510
-6144
-6397
-13232
1522
1056
-3285
-3040
-2298
-5100
-511
-4052
8439
-12272
-3337
-1004
-5353
5136
4851
-4072
-9737
-6080
-5124
-3060
244
-11212
494
-10240
-3861
-20228
4391
-12260
9
-8132
4623
8
3326
-15360
514
-8152
1022
-3032
-2546
3112
-7195
-9996
-3311
-2036
724
-2032
-6957
-6124
12300
20
-4090
-16136
8455
-12284
-3815
-8152
1870
-15292
3098
-3064
1814
-1008
1270
-3032
-8171
-9204
750
1268
1037
-15332
2051
-7140
-2786
-11264
5098
-14288
4350
-8128
-2264
-1992
-757
-6124
-1500
-16380
8165
-4028
1287
-8164
1807
-5072
-2591
-10220
6443
-14320
-1774
-17388
2575
-8176
-3052
-4064
7434
48
-4369
-8116
8667
-5100
4337
-10180
-769
-9176
-783
68
-3583
-5072
-2316
-5048
7677
-11224
-4639
-2012
8973
-4088
-3323
1052
-2025
-18360
8967
-2032
3315
4116
-767
-8172
-3812
-3024
-1037
-8160
-503
-14276
-3331
-7144
2039
-6084
-1553
-8152
3990
-3028
-31
-5072
6639
-4056
-3372
2072
1823
-8168
1010
-5076
6626
-8176
-3841
-4052
8445
-14312
-2290
-16316
2311
-7132
-3019
-8168
3348
-11248
3859
-18428
-3089
4108
3574
-3056
-1006
-6128
-3078
-5112
-2811
-5096
-6696
-12256
-5631
-9168
-488
-10224
3290
-10228
3327
-15320
-7195
-13296
6380
-9192
-1779
-11212
4342
-4040
10769
-8152
8981
-11204
-5687
-3020
755
-3860
5936
-13288
1240
-15324
9736
-2024
2845
-13272
-6902
-20464
2289
-11232
3575
1024
-5383
-11244
1522
-7148
4124
-9188
2087
-9188
5365
-8136
6913
-6116
-1517
-1004
3577
-7073
-6115
-7108
-3101
16
2789
-7132
-5876
-6120
8198
-3032
-1772
-10180
-5393
-7120
4379
-16336
-4129
-7144
548
-4892
-1519
-14260
7647
-5068
-7440
-11224
-1745
-12236
-11
-10216
-2060
-15352
2068
-8964
3069
-3040
3820
-22260
10262
32
-34
-8108
-2035
-13228
-2267
-10024
2305
-6128
7925
-1012
-1301
-10232
3871
-16352
-3585
-7144
-230
-15352
4624
-9988
-1006
-9156
-2545
-13272
-8170
-8964
4580
-17364
-2558
-15348
-4850
248
-8951
-16132
4869
-1016
-2551
-11252
-7706
-4076
2299
-3028
1014
-15108
-5642
-2044
-2546
-976
8451
-1992
-4333
-12288
7953
-11208
-4633
-13296
-2067
-10000
-9481
-8168
-2826
-1008
-6935
-10208
7932
-5064
5882
-15336
-31
-5104
3327
32
-743
2064
1807
-12244
-8960
-4068
-3574
-5056
1565
-5072
5180
-6920
3322
-10200
-34
-5896
-11263
-17160
-7152
-2008
1584
-12284
-7157
-988
2316
-7156
4087
-8140
4852
-7112
6901
-8972
-11520
-11224
3330
24
-6142
-3844
4345
-964
-2864
-5104
3570
-2820
-521
-8172
3326
-10184
5397
-6116
-11253
-10188
8445
-11216
-5625
-8152
4599
-15332
2586
-5076
1490
-15336
9735
-3052
-9263
-16372
-4565
-2820
-5873
-9212
-12
5132
-3816
-15340
487
-10200
3575
-14288
6377
-9172
1245
3128
-9235
-9156
-5116
-4076
-1829
-5096
-2277
-17336
-1018
3076
-2275
-12240
-494
-7136
4881
-16336
455
-3064
6144
-12264
-3328
-8968
-261
72
2077
-12280
-7681
-9152
-3581
-4092
-254
-4028
-520
-8164
4098
-11204
-6143
36
2828
-7104
-2849
-7132
-232
-12240
-2301
-20432
-3078
-10168
10994
-8152
-3598
-6100
-1037
-2004
1
-14084
5625
-10208
-2299
-9172
-8920
-6100
-3831
-8152
2559
-6112
4617
-4064
15
-6108
233
-11192
-2295
-3040
-272
-7148
11273
-3024
-11513
-11196
1048
-16368
-6397
248
5395
5140
1800
-14280
6404
-3056
28
-4088
17
-5084
7911
-9188
-1560
-2824
-9740
-5100
-3858
-10204
4890
-6116
-1298
-10172
-3348
-15296
3342
-18380
-3573
-9204
-3848
-9992
-3556
-18380
-4061
-11248
1005
-4060
-8443
-7940
1260
-17321
-8751
5168
-13106
-11212
-779
-17400
504
-3028
-3083
-8188
-3563
-972
248
-9196
-6386
-7104
-731
1104
496
-19436
-6624
60
7970
3324
-1034
-5120
16376
-16332
-4615
-2044
1530
-3072
526
-9992
6386
24
4611
-4048
-259
2132
20
-7140
-767
32
4886
-2032
6929
-13300
7462
-3048
-1577
16
7154
-18404
-7659
1048
-11002
-8140
3092
-4068
1533
-4068
-2058
-8144
6619
4124
-9482
-3032
-10715
-2836
286
-7168
2284
-8188
-5111
-15273
-4090
-5096
-251
-10232
3050
-4064
-3069
-9184
1540
-18384
-10750
-10216
3356
-8172
2835
-10212
-3306
-12272
9484
-14296
1310
-18400
2267
-2008
6943
2076
-3556
-13284
-4596
2080
2830
-8192
3068
-6124
-5659
-5092
821
-11240
-1023
-7144
4349
-8152
6910
-6112
461
56
-253
-9180
-6654
-2036
-2057
-10216
5879
1044
-8194
-2012
1051
-22024
-9459
1060
-7182
-10180
1018
-10184
4410
-4092
-2060
-5104
1014
-11228
1015
-7100
-2036
-4072
13053
-16352
-2318
-7140
-2329
-4068
-4855
-9132
12802
-11252
-499
-21476
-757
-4040
1301
-5096
-5903
-13308
2300
-13280
4081
1028
4854
-9180
-232
1040
-4388
1052
-5115
-988
767
-11228
-3331
-8172
4306
-13288
-7910
-4024
2789
-10204
2561
-6104
1041
-4060
-2798
-1796
-6385
-7948
13
-12212
-5090
-14308
-12313
-3032
4080
-13284
6404
-6136
-2813
-6092
-301
-9192
9970
-11224
4627
-5120
983
12292
11028
-17380
12034
-1016
-3822
-9988
5344
-15112
-523
-9172
-6630
-5076
1313
-19436
4574
-3000
4103
-7148
-1545
-9180
-4612
-10224
-5390
-4005
-9454
-3028
13072
-11220
1811
-9172
-7417
-7132
763
-14264
5845
-11244
4614
-13296
1814
-6084
-507
-11224
-757
4104
5636
12
1791
20
-2070
-21448
9753
-16364
-2549
-13276
-2813
-2000
-5390
-11220
14347
2064
8991
-3032
262
3084
-5651
-8172
1797
-10216
-522
8216
-1005
-9188
5619
-14332
734
-7124
-6660
-4064
-528
-19400
-3579
-2832
-7137
-7128
1024
-968
-4601
-16352
-5121
-11232
-1808
-5084
5654
-5096
-1547
-4064
1018
-4060
4318
-14260
-2780
-8140
7166
-8160
-4606
-4052
-3560
-10232
-3836
12308
8193
-24296
-3568
-4048
1520
-9184
253
-7944
6166
-4076
-755
2064
1573
4132
-3813
-12276
-280
-11220
2578
-17368
-7428
-7144
9724
-20448
-9238
-2000
2579
-7152
-2329
-9156
-6661
-16364
5625
-9148
-2049
-7132
10280
-4072
-15
32
-2813
-5088
7943
-7140
-4637
28
-3368
-9160
1528
-1020
-3858
-3060
-4863
-13300
-2319
-6108
1819
4152
3300
-8168
3567
-5112
-4828
-8176
-7698
-3848
2055
-13300
-3047
-6124
-5378
-6088
-5628
-16336
7424
-12256
7194
-7144
6397
-2048
2017
-15316
-212
-8152
12038
-3040
-1762
-12264
-1283
-13276
766
-3036
-760
-10228
-5120
-11216
3360
-11256
-6148
-2016
-4078
-5084
12813
-1020
2521
-5080
-5371
1032
2044
-10208
5915
-8184
-8447
4124
5353
-19412
4365
-12280
748
-7148
2320
-8156
-1065
-9160
-11004
-6136
-5371
-9148
6666
-4888
-3054
-16372
-1795
-8164
-2542
-7156
2539
-4876
-3313
-7120
-3072
-8140
-7693
-6088
-6395
-8176
6906
-10160
-15136
3128
-5860
-10180
-2072
-13248
-5629
-976
7697
-8168
8722
-4044
1823
-4088
220
-5088
-1289
1036
-5099
-10200
-1030
1076
-2834
-13276
-744
-3016
4138
-1004
-11265
-20416
-8455
-19420
1266
3088
1028
-8140
2536
-14336
-4862
-11232
5389
-13104
4113
-11228
-4119
-996
-3821
-4068
-2339
-12244
4858
-13064
7160
-5088
-1524
-6100
1293
-5104
249
252
1027
-8188
6412
-12256
4122
-3048
6641
-12272
-6892
-9184
-2291
-2028
268
-5080
-3324
-6132
3313
3312
-6665
-952
238
-28384
-5121
-4072
2011
-6116
-755
-5088
-4364
-21460
5895
-13244
-1282
-7156
6902
-6088
1302
-9160
751
-12216
-5917
-3024
1277
-21452
-10214
-4080
2575
-12272
-1533
-5904
-6154
-2016
244
-1980
1563
-12264
511
-7088
237
-13308
-6406
4124
11025
-9192
-545
-16376
1780
-8164
5117
-11248
-11265
-12252
2044
-8160
-501
-5084
4614
-9192
-8446
-3028
6662
-12228
-4624
-1996
-2593
1044
-9744
-9216
-5665
-6924
4386
-11260
-4384
8
3843
-10208
2552
-7132
6626
-16336
-4088
-3040
11273
-4080
-3060
-2036
-7659
-13064
3342
-10204
-7674
-15332
4092
-1800
-6181
-14096
-4084
-8184
-4886
-3040
-5637
-9196
-4402
-5080
10480
-4040
4375
-13256
-239
-9184
1042
1076
-1010
-7152
-4291
2080
-511
-8140
9229
-10240
3303
36
-5392
-12236
-6415
-10196
4057
-4072
-963
-9160
-4091
-8976
4842
-17384
-6150
-6124
-991
-6128
2051
-15308
-8698
-16344
-2338
-2840
-5118
-12240
-231
-9156
-4116
-7124
1797
-3056
11523
16
5612
-6132
3080
4096
-11513
5164
11812
-8152
-286
-16364
-11808
-12228
-7945
-6128
2040
-8140
-5888
-8148
-1500
16
3334
-13268
3568
-10228
8734
-11264
11539
-6100
257
-5112
6644
-8144
-5160
-8964
6412
-5108
-2028
-4076
-6633
-12248
-6155
-10224
-6669
-6104
-4068
-6076
-8720
-1004
3572
-7140
18216
-9176
-1031
-19440
-7140
-9172
-10986
-17372
11822
1064
1530
-11248
2341
-7120
-8696
-1008
4584
-14280
-3316
-8124
4603
-15348
-306
-24076
-4645
-10232
-7938
-1988
-15
-5100
509
-17352
6157
-10208
7186
-12252
2807
-10200
2327
6164
-1271
-17388
777
-3016
-9991
-7116
9223
-6092
-5110
-2000
531
-7116
544
-6932
-791
-9156
7441
-9212
-5877
-1988
-4067
-14324
-1516
7208
-527
-4024
1536
-9192
-3581
-10236
2805
-10216
3871
-5108
-507
-2012
4883
-5092
1267
-7148
2585
-6084
1525
-11012
3343
-11256
6397
1080
1314
-960
1298
-7160
-1830
-2836
5349
-7148
-9723
-10212
7159
-12276
-5135
-7160
6645
-16372
1275
-9192
-2291
-7144
6643
-6108
6905
-8160
10248
-11236
-2080
-14296
-6150
-3024
-8657
-13268
-2827
-6108
2
52
7403
-9180
-504
-2016
-2287
-13268
2542
-24268
4891
-9168
-4602
-7148
1288
-2032
3598
-6080
10740
-5048
-6129
-18424
8215
-17408
8714
-18392
2059
-10184
-5611
-3060
4842
-15308
-2082
-3036
-13582
-9996
1541
2088
-250
-5900
5368
-10141
-3813
1084
-1747
-13252
-5371
-1972
13013
-8148
-481
-10232
10227
3088
-6391
-6128
-2042
-28412
-10242
-16340
1511
-2000
-541
-13284
-7127
-13292
8673
-10224
1785
-9200
6161
-1000
7432
-15308
2563
-4084
-2297
-10196
-1788
-5104
9734
-11264
-4622
5152
2835
-5060
5096
-10216
4344
-9204
-2056
-4088
-2308
-2040
1016
-11244
-11254
-6128
3326
2080
-4331
-4868
2539
44
-3880
-12280
1770
-14284
1013
27968
3057
-5096
12838
-8176
8937
10480
-5647
-12248
7426
-18384
-4118
-5116
-2048
-23252
-3039
-8172
2328
-8120
-3598
-12244
-7919
-10192
-246
-13300
771
-12252
-1528
-8964
8228
-6096
2060
-11204
-6681
-4080
-1275
-9176
-8700
-9164
-2309
-7112
-3575
-1004
7684
-3024
-228
-9184
-759
-2008
1015
-6096
-6117
-9148
-5646
-8164
4891
-5048
-8161
1068
2288
-12264
-1800
-17364
11280
-15316
4364
1056
2825
-8132
-3585
-12280
-4128
-6120
-10218
-13312
-3822
-11016
5342
5152
-3095
3128
2808
1264
-2327
-13308
13582
-18360
-5637
-2028
-1285
-4040
2021
-10224
-4361
-14312
-4840
-9196
4340
6160
-2303
-5092
-2808
-22208
1800
-13240
-4616
-9180
-8962
-8164
4360
-2028
-1787
-4072
-5354
-3028
9449
-8160
10247
-13312
2561
-5900
11272
-980
-992
-9188
-2545
-13292
266
-9208
2827
-10196
-1262
8192
-3063
-10208
1277
-19440
10510
-2996
2044
-4088
-5135
-9176
5368
-4068
523
-6132
235
1040
-1502
-10224
-777
-19444
4302
-14304
-2543
-11220
-2564
-3048
797
-5080
-988
-11224
-9979
-16356
3350
-7124
5621
44
2555
64
-3828
-15348
-2337
-5100
5904
-1980
6966
-2016
-3085
-3044
-8989
-12240
10484
-15112
5141
-5096
-2816
-9188
-3065
-4056
-2069
-8192
-2801
-10224
7947
-8964
1532
-15316
-2300
-12256
-1816
-6120
8675
-4044
3817
-10200
11750
32
-8458
-13288
3554
-2048
4635
-17380
-769
2068
-4872
-11228
3328
-14280
3824
-6128
3566
-4020
6400
8
-1556
-12252
-504
-992
-1057
-12252
-286
-988
7934
248
-2288
-8148
-4369
-11204
-1523
-792
4618
-4096
2305
-13260
224
1068
7415
-3876
235
-9208
-1311
-16344
7917
-9168
1571
-10212
-6431
-6136
-3836
-5104
2005
-12256
-12765
-3040
-3625
4136
1791
2284
1793
-10200
1255
-24280
-8215
-10236
535
-3056
3311
-13300
1290
-6100
3070
-2992
5916
-6128
-3334
-12244
2251
-6128
-4612
-14300
-6922
-11236
-6668
-2016
512
44
2059
-9172
523
-8148
9238
20
-7955
-7124
-1291
-2024
-3577
-8156
12772
-16364
-1540
-11232
-5889
-21436
-3611
-11264
-7435
-976
7426
-9216
5351
-17376
-3590
1052
-289
1260
-6683
-6092
2829
-5080
2298
-16348
769
4112
-3853
-7156
-2825
-11228
11013
1072
-7919
-1796
5435
-12260
-4125
-4048
10
-10168
-494
-12276
12552
1064
-6135
-17356
5112
-7120
3832
8
6406
-9196
8453
248
-6405
-16372
-1526
-8152
2847
-13288
3319
-3060
5134
-2012
-2053
-10208
2282
5164
4610
-8964
5419
-3072
4126
-21448
-12555
40
-3099
-9988
-3094
-10224
-7913
-11236
-2788
-11264
5093
-14276
-484
-14088
3821
-8176
4581
-7164
-6671
-1000
-6141
-2012
1537
-2004
730
68
-4898
-8188
-3864
-10208
-3606
-6076
-9455
-6120
-1530
-12060
5142
-4072
15112
-4044
2566
-7168
-5372
-11236
2026
-988
-5627
-17332
-4312
-9192
-3089
-8168
-4816
-6080
-4639
-3856
-2561
-14280
6150
-2008
-489
1032
5652
-7088
8677
-12236
-2289
-8180
2291
4096
-5161
-11220
7160
-4080
-7418
-8176
776
-6128
-995
-14268
-749
-12260
-18
-6104
2058
-15348
2545
1076
-3849
4112
-9996
-5036
4068
4120
-1540
-3848
4361
2080
5386
-8180
-262
-11024
-4367
-11236
-3079
-3028
-2046
-10236
-11489
-5060
479
-17164
-4598
-10196
-6942
-8156
-7138
-1004
-1289
-8184
4359
-7132
-2553
-7116
1796
-17376
-1300
5164
-12578
1056
7167
-7128
-544
-13296
6407
-6112
-4674
-8148
11006
-5088
-509
-15344
1825
-7132
6647
-12252
-2239
248
7409
-11244
-4128
4128
7456
-14312
1550
-6116
-8974
2100
4858
-15344
1783
-18404
5864
-19428
-17449
-9200
1816
-7132
-8469
-976
-4096
-13280
7419
-7128
5606
-15324
-1841
-11264
2048
-10216
-6371
-10208
-2518
-2020
-4357
-9188
1031
-7120
7207
-16348
9757
-11220
-1
-7148
-1033
-4072
-6644
-7964
4879
-3060
4587
-2008
8679
-980
4407
-6120
759
-10188
10525
-16356
-2042
-4076
5113
-3016
-974
-6112
2064
-13284
1014
-2032
5389
-12228
-7935
-8164
-2590
-11256
5611
-16308
10007
-11252
12581
-12280
6653
-8964
-6416
-8192
4367
-10188
-5645
-13300
6120
-5076
6675
-7132
-4859
28
2597
-6108
5650
-7144
1283
-17372
3355
-10188
2542
-10200
9218
-7128
-1774
-7168
-517
-7100
4636
-5072
3056
-9188
-4063
-3008
244
-6128
5110
-9196
-2812
-19212
23
-5060
8219
-7148
7418
-9164
-6660
1056
244
-6132
-771
-15304
17385
-11248
-3562
-5048
2
-10228
7674
-5056
-7909
-10184
3841
-5084
765
-6932
9205
-12256
1284
-12252
3809
-7108
1270
2092
7183
-3072
-9436
-10004
3048
-4048
4836
3072
8491
-6144
1006
-18412
5390
-6132
6122
-8160
-6890
5152
9208
-6096
1764
-980
-9736
-3844
4324
-4036
1022
-8184
6668
-5052
1012
-8152
-5128
-8176
-5670
-7128
2303
-5084
5604
-2040
4368
-4056
5629
3076
10213
-7160
1317
-5104
-6171
-18360
-7918
20
-3368
-7084
2313
-5116
-3109
-18428
-6092
-5096
-12072
-15128
12546
-10228
1040
-10208
1026
-4092
4085
-968
-3320
-5092
-3123
-7124
11317
1092
-12
-9192
8685
-6140
2827
-9996
-5617
-6140
7178
-9180
9233
-11216
482
-4048
-258
-9212
4601
-8144
-10495
-8168
-1008
-12048
1794
-9172
-3568
1040
724
-11244
-5400
-8964
8701
-7128
3845
-6064
-3047
-14296
-5601
-6088
11755
-10228
-6402
-5056
8969
-10208
-11267
-4052
-1071
-11224
488
-3000
4321
-15324
-11263
-10196
2601
-5900
3038
-19404
505
-4868
-1805
-6076
7417
-4872
-9698
-4028
1535
-7144
3053
-11260
-11501
-9184
3308
-2032
-5624
0
2304
2076
-3363
-12276
7683
-10240
-3067
-7108
-10761
-12212
521
-8156
-5396
-8144
-1317
-18408
-8718
-7120
-1508
1056
9475
-7124
-1554
-3048
5384
-18416
7143
-5120
3822
-7160
10988
3092
2771
-9188
4106
-12272
-5122
-6096
-2052
-5104
2557
-11260
1260
-1976
5890
-12252
2049
-16340
3056
-18388
5892
-4040
6129
-8168
-2330
-10196
-4069
-3844
-2569
-15328
-513
-8184
499
-8136
2052
-4048
4596
-14288
5437
-3860
9973
-4872
765
-22236
5335
-15336
-10518
-7128
7185
-11236
-2049
-4084
6885
-9208
33
-3040
6380
-4044
-262
-7136
1772
-10208
-1738
-8172
-1033
2052
-2513
1096
-9728
-8144
-256
-8144
-5390
-15124
6411
-7136
12805
-6140
3589
-6104
-1296
-11252
1284
-16148
5410
-10192
-2311
-10240
-6640
-8992
4882
-3056
-538
20
2814
-4076
-2329
1044
544
-20452
-9000
-14324
3629
-1012
-3587
-7944
-1546
-4056
1273
-16136
4091
-15304
-7677
-8188
10751
-11244
9187
-4088
7178
-13284
-3096
-17340
1482
-2036
-2561
-4056
-4615
-4092
-3583
-12268
-14
-9184
2037
-10204
3077
1048
-3576
2120
-8705
-12248
-509
-5092
2029
-20412
-241
-3016
32
-14308
3329
-15116
-3362
-5096
-1038
-5068
4609
-3048
3862
-6092
4844
-8136
4657
-17156
1286
-3040
-2532
-8160
-4323
-4020
3579
-4056
-4609
-7156
4907
-11232
-13068
-13280
2290
-11244
1572
-12224
5369
-12236
-3351
-8176
3870
-9180
2087
-16376
-23
-11236
-28
-9160
-2821
-7136
4384
-1012
-2050
-5116
3048
-3052
-2809
-3024
-3580
-13272
2049
-15128
-3567
-6924
-2277
-10180
-6119
-19376
1560
12
3305
-6132
-2058
-9192
-1001
-13068
3309
-18428
995
-18420
-10007
48
-1793
-2020
3820
-11012
-2543
-15128
14063
-6120
4327
-6108
-9230
-8176
4091
-12236
-6392
-16344
7433
-3060
-1516
-9204
5127
1068
9467
-16356
-502
-12288
-509
-6112
-4622
28
-3313
-12232
-4397
-12264
-307
16
6672
-13288
2294
-8176
2316
-11020
4570
-988
-8957
-11232
4327
-15116
13791
-5084
-3035
-984
-2093
-4060
3861
5124
-2310
-18200
4900
-10196
-776
-5068
-1278
-8152
548
-14292
511
2076
-1508
-10172
-9709
-13272
-5149
-12044
-5625
-5060
4143
-6136
-6667
-9200
9200
-6120
-1012
-12248
3091
-5908
6665
-3040
9213
4
-3318
-4056
8704
-11216
3044
-9180
3352
-15340
533
-2008
-4089
-12248
-3621
3128
12817
-9200
-2829
-13276
3852
-2012
4382
-12252
-8438
-2828
-6413
-7112
-6137
-6120
1045
-4048
-3864
7176
-1268
-12248
-7431
-4052
-6134
-7940
-8181
3092
-1833
-11212
-5891
-17376
2339
24
-3844
5156
-3859
-4068
3301
-16332
-1279
5156
4309
-6108
-5639
-6104
42
-6120
-528
-20464
-4359
-8964
8972
-1020
755
-10220
5667
-6128
-4819
1052
-12817
-9180
2064
-6124
7181
-13288
-6364
-2036
-2054
-5920
9469
-7124
-999
-12256
4067
-10192
-4098
-11240
-12047
-2016
-2317
-1020
2536
-7136
-1731
-13280
6149
7184
-7935
-15112
4062
-8172
-2027
40
10246
-7120
2829
-9184
-14609
-11220
-6143
-13272
9748
-6072
-7424
1040
-1797
-13280
-1017
-12272
-3331
48
472
-4872
-6073
-9016
-2277
-9184
-797
-10196
4603
-10212
-20043
-16356
522
-6144
-3055
-13256
-34
-5120
1793
-10188
-7416
-3020
-10480
-5084
10716
-3068
-1029
-7940
2273
-7136
6882
-11020
-239
-13300
5889
-960
-8460
-3028
5632
-7124
11272
-7160
-771
-6120
-8187
-3040
3321
-8156
-3116
-10204
7180
-12248
11004
-4032
-10969
-2048
9968
-6120
1302
-14241
3338
-7148
6143
-10196
243
-14316
-9185
-11256
-8462
-5068
-6882
-11220
-3832
-15296
-220
-8156
8453
-14300
-2032
-3004
-2328
-14304
-8183
-12236
-2309
-3024
-3076
-4880
-13
-19432
8228
-6916
-3117
-2048
-1021
-7108
3312
-6120
-2569
-9196
-1798
-17372
4123
-7160
240
-12256
-3345
-8140
-2065
-13304
1796
-1996
3543
-12220
8466
-12276
-4401
-12232
-5159
-8144
-4397
-9160
5124
-10204
-1270
8232
-3594
-8136
-1274
-9204
2822
-1796
8218
-10232
5362
32
2036
-6092
2561
-5064
-5381
-16312
-4611
-8112
3346
-9176
-3856
-992
-4349
-3056
-12290
-10228
-3570
-16348
4373
-9188
5119
2088
-7929
6160
-7167
-8172
3083
-8184
-8690
-9156
-11539
-8152
-3305
-15316
5083
-9176
5085
4140
6908
-11232
7166
-10212
-2262
-8172
9754
-5108
239
-23244
-1823
-1008
-1776
12
-2558
-7077
-1056
2068
3337
-6920
-5105
-25296
8955
-6112
274
-9168
-6392
-9192
4323
-9172
-8466
-11256
6143
-7140
-288
-15344
5417
-3024
-2594
-4088
5660
-4044
3352
-3020
-1793
-8164
3315
-15348
1803
-4048
2848
-3040
-1036
-18404
-3591
-10216
4369
-26356
-2829
-9160
10233
-7120
-752
56
2048
-8964
295
-18404
1518
-4076
-4598
-11196
-4626
-8164
-6646
-7124
801
-20424
17651
3092
-4600
-7164
-2588
-17164
2573
-1992
-3551
-9156
-7421
-4872
4397
-9172
9983
-3044
-6660
-3016
-5142
-8156
-2086
-17376
780
-11224
-8437
32
2058
2060
1261
-968
1560
-6108
-5884
-16356
-2536
-10216
-1540
-9172
-3827
-18368
-3326
-10216
3607
-6136
-5618
-6136
2765
-7120
-504
-19220
-3298
-3028
1015
-9204
4138
-6116
760
-14336
-1336
-6100
6148
-9184
-991
-7164
3581
5136
-6415
-9192
-5153
-4028
-3365
-5120
10989
-7164
-8952
-15344
-257
-1008
2547
-2020
6654
12
1786
-2824
2829
-6104
-5079
-5116
3599
-12256
-6
-11256
1273
1060
2743
-13272
8196
-13288
-3050
-3848
-2320
-3032
749
-976
5662
2064
8966
-13288
6661
-10012
-15372
-8136
-6123
-7124
502
-15340
-2542
-14308
-2282
-3032
6654
-12264
28
-3860
-497
-5072
5881
-11248
-8173
-4052
-281
-4052
-748
-4044
8725
-16336
8488
-7944
-7425
-20416
2548
-17376
-7191
-7160
6146
-11212
-197
-10188
-2288
-988
9980
-7944
3391
-1020
-1527
-2036
-5115
-6088
2327
-7148
-2303
-14304
-1834
5124
-4830
-12264
-5150
-3028
-7680
5160
-6416
2092
-1257
-12264
12287
-7116
-7167
-1008
6894
-9184
2566
-9184
1522
-2836
-10541
1268
4874
-4060
-12268
48
-189
-7144
2855
-6136
761
-7164
-2570
16
-6121
-5068
8247
-3060
-1
-8152
12578
-2012
-2324
-1800
4616
-7164
6921
-4068
-1054
-7160
4596
-18360
3053
-6132
782
-4068
-2093
-9184
-7940
-19416
1245
-13284
-5888
-12260
12059
-6076
-9729
-5892
12807
-4072
7155
-2016
8989
-5096
-1514
-6100
253
-10196
-7182
-8188
4090
2080
5360
-16336
-2040
-3036
-793
-9184
-25
-9180
-8731
-4068
11539
-6132
2561
9224
-4394
-2016
-985
-12040
3368
-14320
4383
-17352
-3082
-6096
8709
-4068
6118
-3024
-3303
-8176
-2345
-13296
-7944
-6132
3301
-2020
-3346
-5080
6374
-15300
-4591
-4092
-6656
-9208
-4332
-10160
-10229
-18412
-14869
-4096
-4616
-11260
5618
5176
-3316
-5088
273
-4080
-9738
-7140
-8730
3112
-8452
-1968
-763
-12248
1741
-5060
-4595
-15308
3825
32
1521
-6080
-8939
-14300
2347
7208
5907
-17348
3588
36
1807
-996
-768
-2016
-498
-9152
2326
8208
-8721
-5104
-1501
-18400
7420
-9208
1567
-11244
5634
-12260
1255
-8188
2021
-2016
3842
-776
-4091
-9192
7422
28
10
-4088
11514
7212
-9700
-8140
1806
-8144
-4102
5156
8693
-8188
4636
-16352
-3329
-13296
-513
-13264
-5144
5164
-6379
-11236
-791
-7148
-1260
-16328
4107
-11224
-1291
-6112
-1305
-8180
-4597
12
-1513
5168
1550
-6068
3604
-12256
-7
-9204
1537
-8168
-999
-7156
2563
-7116
-1525
-14272
3085
-13312
2816
-996
9454
-4056
-8425
-9212
1789
-13240
-243
-10153
-2573
-13236
-3060
2064
-4583
-4092
-6639
2076
2357
-21472
-2080
-13308
5150
-3044
6921
-7140
-1779
-10200
15331
-18400
11250
-12040
-2040
-4060
3833
56
3841
-3040
-3332
-13256
2030
-8140
-8979
-5892
5848
-6104
-5108
-12256
-762
-17384
6119
-15356
-6899
-12280
8204
-10196
2049
-13272
-5406
-9192
496
-5108
6927
-11220
3846
-8164
484
-4068
531
-4080
-270
-8192
-12330
-5068
1272
-12264
-2303
-9212
-1272
-10164
7144
3076
-5392
60
-5877
-10216
-1239
-10192
-1299
-7144
2826
-1004
1808
-4040
780
1076
-1812
-6100
-513
-9204
-6154
-15324
-9467
-5068
-26
-11024
-253
-2012
5142
-3040
3310
24
3051
-12224
-2319
56
-1810
-4040
-5851
-13304
-11249
-9148
10233
-17176
-1554
-11224
-21264
-5056
4877
-7152
-10983
-16368
2
-3056
-2794
-7128
-16940
-8172
-281
-15332
6638
-13248
7166
1088
6156
-17368
-9684
-6116
1044
-4868
-779
-4036
-1289
-11220
-5372
-2048
-3049
-4076
5121
-10224
3324
-4088
11291
-13276
-1996
-12272
14555
-8176
-9975
-6092
11470
-16348
-2310
2068
-2296
-8168
1764
-13268
5161
-8156
6651
-14308
-224
-10212
6188
-13268
7402
-9192
538
-12260
8176
-14328
-494
-13308
-4379
-8124
-8197
-6120
1786
-9172
19
