-5040
1264
-13304
-1265
-8164
-5419
-8176
785
-4080
3323
-12272
761
-10188
4367
-6916
-3601
-956
-5346
-4888
6640
-26360
-8184
-21496
11259
-4060
-3070
-9192
1266
-6132
17654
-16368
-7161
-7092
1490
-13280
-1765
-7148
-8466
-3016
-2574
-14292
8713
-6116
-4636
-4060
214
-5064
-4383
-14320
-2041
-4072
753
-6116
245
-11216
5606
-11216
5930
-14284
1017
-7152
-5098
-2032
-243
-7116
2620
-996
-2345
6196
-7462
-13288
783
-972
9985
-20436
-2307
-15308
1512
-13280
5083
-14300
-8958
-5076
-9444
-6104
-2830
48
-6157
-12044
7176
-18384
-2540
24
-2048
-18392
2795
-9125
-2
-8980
-4861
-948
2080
-20432
-2790
-3016
-8416
-6124
-7684
-1008
3121
-8164
-2527
-14252
-2314
-3028
1819
1068
-507
-11192
-12795
2084
4358
-16328
997
-8176
-8697
-16332
-10809
-21480
-9782
-12280
8460
-14304
-8204
-14280
6414
-11216
473
-10204
2855
-10192
260
-11244
3851
-16320
-4
-13280
-4924
-15348
11296
3128
-3799
-16372
-1779
-3020
-787
-12260
722
-7124
-7
-8144
4051
-18412
-6384
-9200
-4330
-7124
1284
2080
2824
-14284
4628
4120
1760
-12248
-2815
48
-10273
-10208
3373
-7096
4851
-5116
5119
-5120
4126
-3028
-2840
-7156
4115
-15352
2075
-7132
519
2088
11267
-3024
-2825
-5116
496
-8164
-5375
-10184
7164
-6104
-4087
-7132
-4368
-1996
-8693
1052
2296
-5088
-10243
-12252
-4874
-12236
6416
3108
1073
-9168
18457
-8148
-4602
-1012
4337
-12280
4644
4160
1277
-12236
-5117
-2028
-12545
-20456
7649
-7144
-3345
-4084
4073
-6072
-2002
-7140
-1572
7188
10744
-20424
-260
-9216
-2840
-12248
-5930
-4052
3327
1264
5373
-5112
-7147
-8152
1272
-9184
-3619
-772
3353
-10180
-2823
-9188
2812
2096
-2029
1024
-4863
2080
5607
-12244
3833
-9180
814
-12248
-6894
-11248
8208
-7152
6935
-2824
-7168
1052
3
-14332
-4099
-12268
-251
-6924
3330
-5116
-3085
-10232
-503
56
2244
-4072
-3591
-9200
16625
-10216
8210
-10212
-6410
-1000
6864
-16320
-7420
-6920
7929
-9204
479
-12256
-10485
1036
8434
252
3059
-14292
-1237
-3044
-14870
-14284
6611
-6132
-11533
4156
-4870
-16352
4596
-4880
5100
-7128
-9235
-2032
6415
-15332
-751
-23248
-4128
-12260
6394
6285
5649
-9208
-14573
5144
2823
-13264
1541
-9192
-1264
-13284
-8186
-6100
-10998
-12252
-2804
-7140
14
-12036
2287
-2004
-1528
-7948
3058
6208
-4626
-8176
8721
-12268
-7147
9276
-1514
-12232
-2796
-3997
252
6196
490
6180
-753
-6128
-1268
-18420
6388
-14268
1291
-6932
533
-4028
-1009
-10200
2047
-11248
1560
-11240
-6873
-9208
-520
-3052
8171
-4072
10
-4884
-1046
20
-2036
-9152
3342
-13268
-2061
-11228
-4093
-12260
-5419
-4076
12541
28
-1509
-9196
-3607
-1992
-6401
-9216
11290
-2828
-3554
-18420
4861
-12236
5599
-6124
-2765
-12232
3061
-2012
3574
-19408
286
-12264
4616
-8152
10483
-5088
-2038
9260
1783
-980
5608
-4068
10527
76
1299
6160
-2779
-976
10767
-14336
-6159
-5108
550
-20420
-3563
-13288
-757
-996
14388
-6104
-3349
-14276
-252
-12232
-5898
-1980
12826
-8192
1786
-6144
-5610
-6116
8949
-12236
5876
-8168
-4342
-6128
750
-17348
4105
-7144
-8202
-4036
7905
-980
-987
-16348
11598
-7124
4107
32
-2268
-6116
6390
-16360
1814
-4032
4628
-11248
-529
-9176
-1305
32
4377
-5088
759
-9117
-8407
-14284
-2555
-25308
4092
-8168
7184
-3032
-8722
-11224
3611
-7132
-5888
-7136
1765
12
7450
-21476
-4358
-5104
12547
-21440
1502
-10188
5394
-8124
-3049
-14292
-258
1028
-4095
-10220
-542
-3048
-9217
-6080
-1802
-2016
1808
-16340
-7475
-12248
-2840
-3028
-982
1076
2822
-7164
14606
-13288
-9508
-984
-1286
-10216
-3583
-17384
3566
-7152
-5360
-7132
-1031
-16140
4345
-6092
3068
-11256
3337
20
-4587
-10188
-202
-9148
2325
-13264
-7719
-8968
-3305
-18380
8173
1260
6404
-12240
5094
-11260
-226
-5116
-813
-7136
-4615
-8160
-526
-4092
-6907
-4068
-1291
-16332
-3569
-7940
-10752
-4092
1324
-7164
-8693
-2020
2302
-7164
-4882
-6112
4632
3116
4363
-7092
-6618
-5060
-6147
-8188
2319
-21484
1002
-8136
-5654
-5076
-2268
-27896
247
-11244
-776
-8984
-2585
6180
-8188
-12264
-1496
-13312
2583
-7136
-12538
-13304
-2855
-19388
2553
-4072
4346
-5092
-3299
-4064
7433
-17360
-247
-4060
-765
-11228
2851
-5100
1794
-7120
4112
16
4078
-12280
-1324
-6112
2030
-2016
-7425
2048
-1534
-11228
13852
-10149
-10216
-15328
-7190
-12252
-8687
-19452
-530
-3064
-7709
-10200
3073
-9156
-2071
-14296
-5354
3104
772
-6136
-4613
-1020
5894
-1988
2575
-12064
-2349
-5060
5384
-2032
4843
-16344
-2025
-9200
-15373
-11024
-1524
-3068
-4059
6192
740
-15108
5178
-10160
4629
-10220
264
-10236
1033
-16360
-1018
-12260
-8977
-12240
-5378
6188
-271
-10196
1533
3116
-3046
-1020
271
-4040
-5344
-9216
14598
-8140
-2033
-3052
-4328
-8148
5880
-3056
-1784
-5104
7691
3124
-1757
-11240
3053
-8164
1803
-15332
3846
-6128
-1990
-3032
-1789
1276
-5143
-4060
268
-8160
-1277
-988
5361
-12272
1024
3076
3074
-13284
-268
7180
1542
-3008
-6891
-13288
-2026
-10188
4369
-10204
7416
-3064
1273
-13068
-1568
-1004
-15060
-12268
-2132
-17364
-6931
3144
1019
-1020
1557
-11232
-3560
-10220
5921
-17364
-1559
-14104
-5628
7196
-2063
-18180
778
-3044
2797
28
546
-4056
2060
-8168
2043
-8156
6153
-14264
-3879
-4052
-7943
-11208
3092
-5072
-3
-4056
9969
-9208
4323
-9196
-307
-17360
2042
-9168
-4603
-11192
11809
-15296
9725
-14324
11028
8236
1791
-12280
5646
-2048
-3312
5144
-11009
-11188
-7695
-2820
8187
-6112
7680
11332
-4617
-7136
6899
-8148
1270
-14312
-3333
-3052
-4590
-5108
-3599
-4056
4594
-9160
-2574
-12252
-35
-940
-20483
-7140
5597
-5104
4380
-13308
-300
-8148
-767
-8176
-802
-7152
-760
-6140
3597
-1004
-3860
-2040
-4090
-2848
10736
-3048
-10256
56
-520
-11252
1547
-7144
4061
-5092
4113
-12264
2043
-7136
-10023
-16364
5386
-4048
8
-16364
-766
-12240
1282
-1004
6110
-10184
1518
-12228
3056
-13268
-6156
-7144
-8198
-5896
-8956
-6116
-1012
-7152
8721
-2820
-4056
-5120
-755
-13268
-4093
-12272
-30
-17368
-2827
-968
-4329
2080
1779
-1984
2053
-8964
2088
-15336
2277
-4060
488
-5108
241
-9180
-998
-8156
-5635
-12048
2804
-19436
-1788
-9156
-2066
4160
2075
7208
-1541
-11020
-1019
2060
-7417
2128
749
-15108
12792
-10208
-5355
-11216
-7705
-6084
5120
-4044
5866
-6120
4882
-12280
2049
-10180
-1004
-11016
-784
-17384
7663
-6112
-12528
-12268
2005
-972
-1520
-5112
-4364
-3044
2804
-2820
4136
-7164
-490
-10236
7172
-10204
2308
-11264
-2028
-26352
-2559
-11244
4890
-4868
4561
-4028
-3860
-6112
1790
-7128
-9193
-5116
4348
-3024
-5912
-17156
-2079
-12048
-3064
-7136
-9734
-13300
-3810
-6120
-1778
-6072
-1255
-10216
-1290
-14296
773
-4880
1042
-4060
1289
-2016
-1825
-8152
-2308
48
1825
-6096
-9963
-3056
757
-3052
-3547
-13248
-2554
-5104
10740
-6924
-4901
-7944
-2811
-12232
4611
-7140
7459
-10188
3335
-15328
15
-9188
-8970
-9140
8428
-1992
-3601
-16344
-3873
-7152
-3593
-996
1043
-18396
1003
-12280
12524
24
-1550
-5100
-759
-10212
1528
-6084
-4359
-18420
-5116
-13288
4114
1024
1270
-9216
295
-5100
-1796
-6116
2299
-6144
-489
40
-14
4096
-748
-17388
-2309
3316
-1011
-4096
-6375
-4048
-4384
-13304
-5351
-9188
1017
-3044
1798
3092
-8458
-8164
12290
-14324
-10992
-6140
11230
-7156
1509
-3852
-249
12
7175
-968
-4072
-10192
-4579
-12260
2035
-4052
-5132
-10228
-5871
-12036
2550
-3068
-15
-12248
-3863
-16320
-3314
-9132
-4584
-13260
-9219
-9204
2809
-10232
-2854
-10200
1516
2064
-3860
-8992
-1302
36
-765
-6104
-1050
-13272
-9222
-14328
2031
-9188
5310
-7164
-6370
-18305
6904
0
-4589
-10236
-1261
-9200
-5133
-1004
-6392
-3000
-3595
-9208
1794
-20428
-5125
252
-4114
-5108
-1293
-4068
-6403
-5072
224
-7136
7937
-13292
4352
-3016
3835
232
-1801
-2012
-6396
-13308
16
28
-14083
-15332
5900
2068
-10744
-7136
2024
-2820
11750
-9168
-2577
-988
2569
-5100
3585
-11232
9735
-8168
2542
-780
8983
-11220
-1785
-7120
4109
-2036
12276
-16136
-3589
32
-6424
-5088
2546
-14292
1034
-13280
-5403
-3860
11784
48
-13080
-20448
282
-8156
-1046
-1992
3335
-17404
7935
-2012
11019
-5088
-4126
-2024
-1301
-3004
1553
-15300
8463
-3032
-2316
-10212
14101
248
9724
-13240
6417
-5060
4366
-7116
-8
-8148
785
-10008
8713
-11012
-471
-10208
1008
-6128
-4844
-7132
-6655
-1804
-9421
-12276
4108
-3040
-5388
2068
11293
-15344
-1781
-11224
4892
-4052
-5673
-7148
-6940
-11232
4561
-11232
-300
-11204
8167
-16376
8196
-16344
12
-15328
3063
-7112
-1568
-10228
1004
-13296
-1281
-19380
3082
-9168
-753
-5092
-5891
-24304
-3595
-7124
5129
-4068
4607
2096
8941
-14300
8457
-16376
-503
-7152
254
-1812
-6419
44
-3076
-3040
5151
-6120
7913
-9208
3082
-12264
-966
-15340
1563
-18364
2040
-4080
-18396
4336
1248
-16308
1503
-5084
9215
-9156
-7666
-5096
3091
1024
495
-11248
-11530
-11244
-6836
-6132
8209
-5092
257
-4044
506
-7112
261
4108
-266
-11200
242
-6088
10254
1084
20
-9176
-9722
-11240
-1299
-10192
1276
16
1523
-8184
-5377
1052
5342
-16360
7917
-13252
-6123
-16340
-1011
-11260
-2318
-14300
-757
-968
-5899
-6132
-7155
-2032
8160
-8152
-10760
-7136
9214
-2032
6423
-15316
-1800
-16372
-9200
-11236
-1800
-5068
-6358
-9180
2047
-972
-11271
-10220
2528
-18180
-3280
-12272
-4362
-14264
10518
-11240
4623
-18424
2543
1056
271
-11252
2566
-12228
-17930
-2008
6149
-9172
8972
-2024
-5112
-8156
9999
-13248
1797
-7120
-9708
-20436
4604
-4052
3836
-10184
-8951
4180
10772
-15304
11020
-7944
-9711
-11204
-4118
-9160
4581
-6124
11249
-10216
2072
-10196
-2574
-5080
-1813
-20228
1524
-9996
-3330
-16360
529
1036
19007
-12216
1809
2100
467
3084
4094
-14304
6387
-7144
1
-1800
-495
-10188
-3044
64
-3841
-2028
5889
-5096
4070
-12244
-7431
-6092
1542
-9996
-3845
-3068
15128
-12036
2564
-11212
5619
-3012
1044
-9148
3843
-8156
1553
-7112
2033
-17336
-1238
4128
-2557
-7124
14580
-14084
809
-964
-16154
-22020
8209
-11260
9976
-3032
-4095
-2040
6370
-12224
5895
-3052
1244
-14312
-4076
-4096
-4100
-4080
-4633
-5892
-3580
8244
4616
-7152
257
-4876
5915
-3848
10760
-11240
7696
-1992
-488
-3060
-1773
-3040
6148
-5108
-17635
-8164
11016
-3844
-2589
-8144
-1789
-14324
3065
-3048
-1542
-7084
-2069
-11252
993
-3056
3842
-7112
-1800
-4876
-3329
-9200
-513
-6108
13597
-8144
-517
-18408
-10743
-7148
-3828
-4088
-7398
-9204
520
-7140
7187
-8144
-8707
-14316
-14083
-9176
-4613
32
10225
-11236
7932
-2048
1810
-8152
-482
-7104
2819
-3048
2835
-11260
7159
-7940
-8727
-12240
-4357
-11248
-2810
-7128
11278
-5088
234
-8172
529
2268
-3334
-12052
-2276
-9188
-3317
-10220
8186
-9168
-5408
-996
-448
-6116
2805
-984
-986
-11200
-1286
-10164
-209
-8180
2830
-8156
-3349
-13280
-8706
-3036
-256
-5904
-3053
3100
4098
-5088
10493
-6116
11522
8240
6888
4
2044
-15340
6669
-1016
2550
-4064
-9222
-10204
2028
-7168
-5679
-12264
-9972
-7148
2818
-8160
1075
-19452
-794
-5112
-1055
-796
548
-7132
-2041
-12268
8720
36
7945
-6112
-1273
-3064
4869
-2044
-4849
-12276
7677
-12040
3553
-9188
-3095
-9192
-18443
-14264
3867
-11256
2542
-780
2280
-2020
769
-8172
-1248
-5112
2829
-8148
-4094
-12044
14825
-9168
-6362
-10232
-2550
-12232
7142
-7116
5647
-3044
-4095
-16348
3060
-11232
2573
-7132
4398
-13232
20
-17340
-1039
-8148
-8210
-3060
7675
-19408
1569
-12216
8441
10308
-2078
-1004
1529
-5092
2025
-11220
258
-12264
-1825
-2028
2027
-12260
6915
-15328
-8187
-7940
-2273
-8164
-2775
-8180
1025
-2836
3846
-10208
-6925
-11032
-17
1024
-5115
-7120
4093
1060
1027
2064
-2809
-2028
-3092
-10200
4115
16
1021
-12276
-2812
-9188
780
-4056
525
-6916
-2042
-3044
-2610
-6112
5379
-10208
1800
-3052
7398
-13264
3823
-10196
5157
-5100
-740
-10220
1247
-9132
7440
-21468
3792
-6128
2792
-5096
-5108
-12252
9433
-10220
-3055
-15344
516
-6928
-5369
-11024
-246
-8192
4625
-13280
-4382
-9208
-3582
-19428
225
-16316
1788
-20448
-739
-9208
2788
-7148
1514
-988
5347
-9200
3066
-6928
-9969
4128
1016
-22216
-3631
-5116
-539
-11228
781
-6128
7115
-6128
6148
-8152
-26
-10180
-1058
-11244
-3080
-7124
-3843
-5096
-5397
-18420
3573
28
-2852
-8156
-6919
-948
-2066
-10196
-2815
-14092
3055
5132
1025
-5072
236
-9184
-4374
3112
6398
-2016
-4894
-10204
5907
-11216
1027
-1996
-2771
-15332
5908
-7164
5879
-7164
4616
-9204
3582
-6924
-1549
-12248
-789
-8164
9979
-13296
6361
40
-12531
-9176
2321
-9200
-2035
2076
1016
-3064
-3603
-984
-11478
-7136
751
12
4328
-5108
1304
-14324
473
-14280
-3281
-3004
-12265
-6128
-740
-10212
6347
-4080
-4621
-11188
-787
1036
3354
7244
-3602
-3036
3082
-9196
-7433
-5084
16346
-10188
-2570
-7120
5865
-12036
6117
-14316
3620
-5072
-7381
-4072
-2024
-6116
-6880
-4872
-1301
-14280
2312
-5892
3841
2100
-10511
-13248
-3316
32
8685
-3048
502
-5100
-252
-15348
4095
-7140
2047
1056
-6129
-12236
7945
-21460
-5093
-5112
-1523
-4056
269
-16360
2330
-8128
9451
-15300
4122
-1800
3350
-9180
2839
-8140
4368
3088
2046
-6116
-2070
-5096
-528
-4080
-1765
-9192
-10214
-2012
-2332
32
507
-13260
4597
-7132
5337
-12248
-4345
-11204
274
-13292
-729
-8184
8421
-4052
4347
-8164
7410
-17176
-2803
-19412
-6151
-8192
-247
-4080
8207
-9196
2844
-4060
508
-23276
2062
-4076
-9454
4144
-7697
-996
-2012
-2036
3304
-12264
-5127
-5096
-3338
-6136
-1033
-8968
1786
-10212
999
-18396
-5646
-6112
4862
-11212
3090
-21444
-1317
1108
1033
9448
3554
-15284
-6165
240
-245
-10228
-3
-6096
2296
-6924
3314
-20464
-1263
-11016
-510
-8172
11262
-5088
15625
-6124
-10248
-3068
6386
-2016
-6105
-4032
-762
-4092
2568
-5052
-3799
2048
11276
-7132
11279
-2032
-9
-9172
1557
-4872
4327
-9156
-9253
-6140
2563
4124
7918
-3044
-1002
-12252
-4614
-14300
-14828
-3044
2301
-5088
-7427
-3036
-2587
-8176
-535
-10212
-7140
-4076
-7419
-12268
4047
48
2824
-14312
2066
-10200
3074
-14104
4861
232
2783
-7948
8
-784
-8481
-3032
2306
-15344
5401
-11224
-7458
-7136
-3086
-19408
-10495
-964
-7653
1276
-12532
-4080
-785
-5892
-3575
-7124
-4568
-3064
-34
-988
8703
-4872
-481
-11240
-256
-9200
3015
-9992
3559
2080
-16672
-9164
-4619
-14084
-8
-12060
3291
-7148
7706
-4068
3037
-4872
-3107
-3048
3049
-13260
-1554
-10196
-1802
-3036
-3098
-3044
-8947
-11252
3568
-1004
3577
3308
-2064
-5100
4
2300
-3834
64
-7688
-2008
-3825
-11216
270
2060
13
-20260
2334
8
-4614
-4076
-1273
-13248
-265
-3020
-7665
-6096
2810
-5100
-5426
-7140
754
-8192
789
-2036
23
-4076
5352
-9212
-14336
-992
9239
3100
4338
-14312
2036
-13260
-514
-15288
4337
-13288
-7157
-11256
2559
-6132
2831
-7128
3315
-16324
-4117
-9164
-4136
11320
-2555
-6088
-2842
-6920
-1527
-6916
1803
-2000
4555
-8136
-8970
-5088
-5608
-2028
5857
3116
-1283
-3000
3064
-7164
18386
-16352
751
7212
-9225
-16352
12811
-6116
-2317
-5096
3828
-6112
517
-11224
-1489
3100
7159
1276
9205
7216
-3054
-7940
781
-5092
-2055
-988
-1986
-3044
6114
-11208
-222
248
-8990
-2012
248
-7952
5391
-10224
-2298
-3016
-11539
-15320
-9953
-9192
-531
-4096
4051
-14096
-3602
-9188
768
60
-10240
-4068
9481
-4060
9247
-5092
-250
-14284
3107
-6128
2316
-6116
1542
-8120
5392
-2828
4340
-4048
-4128
-21468
254
-7164
-7151
-6100
223
-10200
-12049
252
-1050
-18188
7962
-13252
494
-12252
1798
-16144
-6377
1036
4833
-10220
-4616
-10192
2049
-19424
3309
-3052
4126
-14328
1281
-4036
-4859
-13288
9980
16
-1221
-12036
3856
-2008
-6642
-14320
3820
-4868
6168
-14324
2079
2072
2325
-8156
1819
4144
-5114
-2032
-2857
-5100
-499
-7112
5112
-8164
5925
-3060
3817
-5108
3345
-9164
-1532
24
7699
-10212
2082
-10176
7190
-7136
2040
-12268
-1517
-5060
-3831
-8128
-8179
-6084
4309
-5100
1264
-11216
-2553
-16352
-13822
-1796
-1775
-5108
-764
3096
-502
-8964
11476
3132
1001
-1796
-6405
-4092
-9463
1036
6934
-20468
-9496
-9152
-3543
8
-3818
-2040
-508
-9172
-526
-5080
1490
-20468
514
-4092
4331
-11232
7925
-6084
-281
-8176
3825
-6092
529
-9140
5865
-17352
-4087
-22224
8984
-6108
14333
-19436
-4351
-5064
4853
3320
6
-6116
1555
3120
2065
-10200
-2301
-3844
2067
-8984
-2542
-7132
247
-11244
6938
-3072
-10985
-11232
-10237
-6116
-1559
-1008
-4084
-996
1247
-12272
2023
-6064
-558
3108
1291
-7128
11511
-2028
-3624
-792
4601
-6124
799
-14284
-5631
-12260
5601
-13304
-2020
-10164
-6144
-12268
-6164
5180
801
-21436
5915
-980
3545
-1016
-3080
-3068
-5385
-9164
512
-2848
5374
-4068
-244
-13272
-1548
-8136
-4622
-5092
-2534
-17380
2327
-10204
-3074
-10228
-4356
-6104
-1009
-6088
1004
-9172
-2802
2112
7381
4132
5384
-9184
253
-5060
-741
52
-262
1048
2798
-10216
535
-10212
4351
-8176
-1288
-12252
-5896
-8152
-263
-4080
-6914
-11240
4873
-17388
3590
-7156
9730
4104
-2790
1064
-7655
-1000
-6454
-5104
17674
-10228
505
-18388
9751
-7164
-3090
-13260
-6900
-10180
1765
-17376
-7654
-10168
-6145
4128
-16364
-5092
-5409
-3060
6646
-17404
4635
5156
-488
3112
2067
-5084
-8183
-9208
-9198
-11208
790
-10240
-524
-7152
-9986
-13252
7
-8184
-2037
-10212
7941
-6120
-3103
-3032
-12062
-14284
6410
-4088
4884
-1000
-16
-12252
3824
-2048
-6389
-996
7677
-9196
766
-5892
-1522
-10232
8195
-5076
-1285
-6128
6681
-11224
-7697
1088
4328
-8164
5898
-6120
3314
-10220
1050
-4068
2798
-18380
-14295
-12260
-7387
-3028
-2311
-13288
3047
16
5068
-8164
-4095
-6084
-3068
-11264
6658
-3032
5364
-12236
-4073
-11244
4085
-8112
1
-10220
1561
-7116
-7433
-8136
4101
-2032
3885
-3036
-2062
-13268
7416
-11228
3088
-10220
-14326
-11252
2763
-5048
-5109
-7112
748
-4076
-2558
-10184
2300
-7152
-2549
-9172
281
-20412
7175
-11260
3325
-5068
4654
-7156
2552
-11228
-5345
-9192
8202
-10224
-9470
-2016
3060
1056
5110
-3048
-239
-4052
1249
-12260
-3869
-10200
4361
-4056
1823
-8160
10026
-8168
-13345
-12236
7951
-14320
-2054
-6916
8745
-9988
1276
-4092
-4614
-14324
-2081
-5100
-1000
-8152
-7174
-13276
-4348
6192
-3824
-10200
-1526
-5092
-3321
0
1513
-4876
-3325
-9188
2537
-13280
2033
-9988
3580
-12036
-5126
-5056
1544
-8964
-6676
32
4848
-8140
-1
-5108
2837
-6124
759
-8128
-5643
-14300
7133
-15304
514
-9172
2563
-11224
2270
-6916
6424
-6944
1753
-5068
-11279
-3048
4069
-6100
-3359
-13292
-3115
-16160
3065
-11260
6929
-16372
-8421
-6976
-3094
-10180
-3850
-14332
-3607
-8152
7911
-7140
-5630
-12236
2084
-10216
-779
-14296
-7944
-2032
-752
-14312
-3074
-12236
-1044
-4056
-6672
-8180
-2075
-6088
-5661
-7160
-2808
-3028
1059
-7144
5377
1060
5148
1084
-775
-3060
9746
1056
-3846
-7948
-4873
-4080
3817
-12240
1238
-10220
-496
-14328
-11251
-16376
6636
-5092
5641
-7128
-1535
-8148
5901
-2020
7691
-16336
3838
-18396
5630
-6096
-6389
-27156
5624
5136
-6629
-15356
12767
-16368
4869
2068
-7148
-12264
8962
-16348
4612
-14292
-506
3100
2579
5168
-8169
-10208
4085
-18392
13322
252
11260
1028
1
-8972
5873
-20424
-16628
-16360
490
-992
-3354
10248
13305
-10224
7978
-6072
4854
-7128
-5906
-7124
1552
-2016
-3089
-5080
6906
-3044
-2022
-13288
-771
-15332
-3081
-14328
-5644
-14304
12323
-968
-4847
-5896
-5388
-6116
4860
-2020
-3097
-16368
9731
-12236
763
-9192
4587
-17376
-2024
-4052
-245
-14320
2584
-8172
8179
-9212
-784
-17404
-5642
-4080
2005
-8188
-7418
-9200
2796
-16140
-7151
-5100
3579
-5112
260
-13244
3317
-8172
12007
-11260
8189
-9204
1038
-9188
1033
-8112
8915
-2032
4873
-984
-4346
-4080
-732
2296
-3840
2104
-5084
-2012
1792
4112
1012
-3032
11485
-6108
-3584
-4060
-9477
-2004
-1015
-3032
-5133
3108
-2315
-9168
4331
-12288
-267
1260
1286
-19432
-6894
-16360
5171
2068
9966
-10212
-4853
-6132
-2282
-3056
5351
-18404
11016
-7960
2853
-16340
4631
-3036
-6643
-2032
7699
-6120
9206
-5912
-2819
-11224
6904
-13060
15583
-5072
-5418
-3060
-8942
-7956
-10271
-6072
5387
-12260
3601
-4872
-7914
-11216
-2093
-4080
-8965
-2836
2069
-3040
2315
-10184
11753
-8984
2596
-6116
-230
-11244
6113
-8164
-4117
4132
245
-3016
-4863
-4056
2589
4124
-536
-13308
1006
-5084
253
-21448
-5903
-980
3330
-4068
-3587
-13272
-13798
-4872
7184
-14312
-11282
-5108
-2786
-11012
-1040
-7124
2534
-5116
-750
-22244
8192
-5104
-524
-7128
-1055
-15300
-7152
-12288
4629
-13252
-3099
-8148
8228
-14304
527
-5096
-3347
-7940
11493
-11244
-281
-6920
-490
-8168
1518
-7152
-508
40
1526
-11220
-1767
-6096
2317
2064
-7668
-9176
-3560
-8192
4069
-8152
-4848
-988
-4103
2104
-1281
-8976
-8707
-3068
6145
-13280
-4876
-12040
5631
9264
-2309
-14304
-2773
-11240
1280
-3012
776
-7148
-4345
-4064
-1523
-10240
765
-8148
-7415
-11228
3341
-3032
-265
-10204
-6929
-7124
5407
-15332
-3343
-3016
-7151
-10224
-10245
-10020
-3052
-3068
7917
1032
-983
16
546
-2820
235
-1800
-2838
-2008
3056
-8188
-5384
-4884
-2799
-3012
-1244
-16332
-5365
-6136
3326
-13296
-4355
72
521
-6924
4614
-1016
1041
-3016
-3558
-3032
4598
-4096
2828
-4056
4849
3092
3104
-11248
-3579
-3060
-4
-11028
-14536
1080
-2579
-9200
-493
-10204
-10980
-3024
-4604
-5100
3062
-12224
3597
-14256
1055
-984
4611
-9196
-242
-2824
9488
-17392
729
-4044
-4081
-14292
3037
-11020
-732
-7124
1781
-7104
10769
-8148
9485
-3048
-10251
32
3837
-3040
1539
-14304
2293
-6120
3081
-12236
-2326
-2024
6130
-2040
2572
-7152
-4824
-10216
-8210
-10200
-3583
-18392
-5107
-5064
2041
64
-1018
-1016
-8197
-2828
-5410
-16352
-513
-6140
2046
-10216
4571
-14320
3600
-12264
5388
-7152
-3867
-3032
3081
-776
3593
-7148
-1781
-6088
5660
-14320
1758
-11240
4350
44
-992
-960
1290
-8160
7141
-937
-6
-16340
1270
-12268
-11273
8
10210
-5084
-3820
-2024
2820
-4024
-766
-9188
10241
-8116
-13814
-10240
-4328
-12252
1241
-11220
518
-996
-6653
-6112
13054
-772
1810
-5052
766
-8156
-3042
-5088
8682
-17364
-5866
-9172
-7124
-6092
-2553
-9192
-5390
-10204
-3569
36
-2605
-8180
-8946
-8176
265
-13240
3120
-8152
2588
-9176
527
-8984
2298
-7073
7228
-7168
9711
-8160
3851
5156
-6906
-8160
3053
-9188
7144
-2008
-260
68
-2536
-21436
6431
-5084
-2846
-7132
770
-9188
9993
-14084
6666
-11224
-4853
-12248
1801
-10232
-9992
-11228
-5140
-1016
-5354
-10216
-7970
-19212
-1279
4348
2815
-9188
-9473
-8156
1797
-7108
-9463
-6088
-522
-4052
-284
-2012
10768
-6128
2299
-11012
-1064
-10000
7682
-10204
3308
-4068
-11015
-2008
9976
-7156
-3285
-9192
1219
5124
2810
-3064
-4587
-9140
-2838
1032
738
-13272
3787
-8964
37
-12276
-270
-8168
-733
-9176
-3586
-9992
760
-4084
3864
-3020
-3869
1048
-7152
-16368
2056
-1992
-9196
-5088
6390
-15320
1533
-9996
-1048
-1996
-4841
-9192
3848
-13084
1012
-5080
-3040
-13292
-2322
-3032
-1537
-1000
2572
-9188
4126
-9152
6124
-13252
-2298
-10220
-2323
-11212
5182
-14316
-16
-13260
3568
-11252
3583
2300
11271
-14316
-10248
-4036
3578
-11244
2045
-1000
-1008
-11020
-3818
-1980
2802
-16164
4620
-7148
-3630
-11244
1788
-5056
8681
-12048
4326
-11240
-7699
-6928
798
2060
4079
-2020
-7169
-4096
2529
-4096
-5118
-8164
-4370
-6060
-15603
-3064
3820
-8180
-10244
-960
-2322
-6144
-502
-1004
-240
-988
6396
-3052
-2298
-9172
-9479
-8160
-6155
-8152
-5898
-11012
-3835
-10212
9465
-5060
-258
-15324
4294
-5076
-2856
-9184
-3860
-13260
-2583
-8172
-5617
-4076
743
-1024
-546
-8144
5889
-4036
-3042
-14084
-8946
-3024
-2024
-3044
8702
-13060
264
-2004
-1023
-6128
-3374
-5096
1293
-8964
-1827
-11224
-13069
-9168
-3308
-8964
-2821
-11236
-2088
-6096
498
-7100
-284
-8160
-5118
-9184
-3318
-4060
-3839
32
-2042
-12052
1819
-6096
-2829
-3000
-4862
-1012
3330
-3856
-15410
-9988
-8934
-16360
2837
-15328
10268
-11228
-1572
-8176
-1790
-4064
-199
-4060
-275
-972
4843
-19448
-5369
4128
5631
-10204
3813
-17400
-5901
-6120
2811
-14292
-3871
-8180
-4891
-11232
-4611
-15320
-7165
-11236
2321
-8148
3820
-4068
-6392
3076
2319
-13300
2052
64
7939
-6136
-2047
1028
-7461
-3040
-1502
-4060
-1033
-12260
-243
-9992
-1778
-9196
4581
-10220
-776
-8140
5096
-3036
5891
-3016
4570
-12240
-6120
32
1007
-18424
1282
-5060
-8680
-5916
6398
-7144
-7433
-13272
-7133
-15320
-2589
1064
8683
-1020
1518
-15124
-2806
-9180
3565
-4064
-2544
-11248
4358
-1004
-1793
-9188
6150
-6064
-6101
-9188
-311
-6080
2850
-17156
-2564
-14316
8737
-13280
-2820
10260
-4869
-9188
4826
-784
5368
-5116
-4826
2072
6640
-10212
2562
-7144
3053
-8184
10489
-4080
-541
-5056
523
-6068
-250
-10168
-2822
-13068
3318
236
-6150
-7116
2045
-2044
-2559
-5072
6143
-5096
3593
-9200
6919
-12240
-4079
1272
-2044
-10224
-9183
-5092
-5068
-15336
-2343
-2844
-8445
-5904
4106
-14316
-4638
-18432
6625
-12268
-4586
-8168
-3812
-5072
1309
-9176
2832
-9176
-5665
-2028
8917
-6132
5161
16
-263
-12252
-5104
32
484
-10232
-1789
135
10257
-9168
2002
-13312
-2515
-8144
7142
-11212
10
-6144
-2293
-13284
-1765
-1016
2017
-3044
1271
-15332
9191
-3040
1271
-11012
-3056
-772
9728
-15352
-4590
-8168
7972
-4088
7925
-2012
8190
-11232
12529
-15356
-2080
3120
1306
-14304
1271
-20396
2566
-11248
482
-8136
-2042
-3864
8
-12236
-1767
-7148
3276
-2040
-12027
2296
-3603
-2028
1531
-7960
6665
-3856
5089
20
2324
-4064
-3337
-4060
3848
-4052
3584
-8172
-6665
-4052
6659
-5116
15872
-8160
-2010
