-3020
-2021
-13272
4856
-4872
-4603
-4068
-281
-12240
-5365
-9160
7666
-1000
1297
-7152
-8204
-7152
4635
-12244
-1826
-8120
8972
-8180
-9989
-2852
3070
-13284
12554
-7144
-7164
-11240
-5411
-1992
-5372
-7148
7182
-10196
11303
9452
-11823
-8188
-4657
-5084
1834
-8188
-10483
-12236
-2553
-14316
-3586
-4052
-10223
-3060
-3316
-21476
-10262
-18420
4107
-10200
-3791
4108
-755
-6084
-2319
1048
14844
-8172
4836
-5116
6653
-3020
1042
-4096
1017
-15112
492
-9188
3574
-6112
5
-2020
3846
-23280
1537
-6060
8206
-3056
5623
-19404
766
-18384
-1503
-12236
-9805
-17164
7681
-11224
-520
-14312
-3554
-15324
2546
-10232
259
0
-6931
-14304
2012
-13288
4132
-3032
2576
-10180
-10752
-7940
-2038
-7948
-3062
-10188
-4381
-13304
-495
-5112
6680
-4040
-225
-12284
-6141
-20432
-3091
1036
-6407
-4048
-8459
-9164
-7434
-5092
782
-9196
259
-8164
781
4152
6424
-14292
14626
1056
-1283
-14312
6369
-7144
-7695
-9208
265
-8160
5601
-5892
2332
-4084
7945
-16352
222
-12248
7695
-2020
-1012
-12280
4100
-5068
1279
-9188
-7187
-11216
-3885
-3016
2332
-14316
-3595
-13284
-5361
-12264
4337
-16340
2840
2072
-1796
-11012
5638
-14324
2582
2100
-3100
40
12005
-4040
-13842
36
-7159
-5100
-6384
-6072
10517
-10228
-5411
-13268
-10206
-17384
10723
-17348
-5073
-8192
5900
3308
-6905
-11024
-7694
-4060
-511
-13240
-8132
1024
5633
-13312
-767
-4076
5103
-11016
-5650
-7148
-1803
36
-3328
-6084
-2551
-10208
12276
-8152
-3592
1056
-7721
-7120
3275
-4040
-6412
-8172
-1290
-15308
6171
-5092
-3122
-4064
3583
-7156
495
-6092
1825
-6072
-491
-7148
-4106
-16348
-1068
-5112
-4
-16380
1
-14084
-291
-7144
-1315
-2032
-5855
-2032
2829
-18428
4861
-13312
512
-14312
1323
-3024
-1542
-9164
-1519
1084
779
-1000
1509
-13256
-11540
236
-7689
-5084
-4617
-10216
-227
-14304
-1515
-1996
3822
-16368
-2813
-11240
2789
-6940
-20
-15336
6936
20
-4648
-17372
263
-2040
-6110
-6112
-8221
4108
3304
-4052
5137
3080
-3327
-8140
-8188
-5072
3847
-5088
8201
-7132
-744
-13284
10482
-12260
-1570
252
4602
-8164
1548
-3028
253
-12240
1275
-15304
5397
-3008
2058
-1808
-12049
-18192
5875
-5084
8990
-13072
-1777
-4076
1065
-13308
6935
1060
3611
-1000
3310
-1024
2826
-21480
515
-2032
6913
-10196
1045
2052
-7721
-10224
-4839
-4892
-1821
-9168
-4343
-5052
7943
-20444
2269
-1796
-459
-9172
-2523
-12280
4579
-6140
-7635
-7156
7399
-7112
-243
-3056
-2826
-4092
7672
-2048
-4071
-7164
1793
-7160
14353
36
-3063
-5080
-515
-10176
-6126
-5116
-4335
2068
-6917
3104
3330
10284
-987
-8152
-3583
-10216
3554
-6136
-10472
-3052
-246
-19432
-5140
-4052
1285
-13288
-1528
3088
-1780
-7948
5072
44
-2277
2288
-2821
-1980
-3320
-7120
-6919
-9996
-7161
-20448
-9746
-10228
-1107
-18424
-2026
-996
8164
-1996
-4843
-4872
3557
-8164
-7412
-6120
10507
-10208
-2539
-13288
-3080
-7120
-1999
-24304
1811
-11220
8946
-12232
-6922
-10208
-1078
-3072
2575
-11016
-1010
-952
5360
-2040
762
-8148
2560
-4080
-5383
-11236
496
-8168
-12531
-2016
-3333
-6932
770
52
-7678
-6124
5895
-20444
7180
-4060
-1536
28
5089
-3044
291
-8160
12578
-9192
-6880
-14292
-3820
-11220
7680
-7940
1790
-1024
2316
-16368
-2837
-23276
494
8
-4874
-8160
3626
-4096
2069
-8176
9259
-13292
4608
-11224
5370
-6104
768
-13276
3076
-8980
1542
-20448
970
-8180
6928
-2988
7661
-788
-10748
-19420
3600
-14280
-755
-8156
2516
-7152
-8921
5188
6635
-22244
-2076
-12240
9977
-7116
-7673
-10240
5344
-11208
1789
-4064
-4632
5120
1287
2052
5117
-2016
17
-13264
-2249
-772
-8488
-5120
4607
3312
-5384
-3844
7688
-8180
-5384
-15344
2556
-16136
3573
-11208
4576
-14304
534
-15124
-4576
-17384
6184
-9172
-6383
-2820
-4626
-10196
7446
-10236
-6927
-9180
-7936
-776
-3320
-9988
10497
-4064
4864
-4076
5435
-12268
1790
-6120
-3552
-11232
13620
1052
1820
-2024
-1763
-15344
3068
-5076
3837
-4076
-5860
-6124
1789
-11240
-2060
-6140
-3073
-20228
-8915
-15308
3853
-10228
-4122
-7148
1008
-6100
7448
28
3568
-1984
-7674
-8148
3819
-10216
5627
-10212
-1307
-4868
-13772
-7940
-4
-2032
202
-17376
-7673
-9024
5881
-7124
800
-9188
-510
-12280
1507
-1992
-4591
28
518
-7152
-5621
-7112
0
-8128
-283
1024
4569
-8176
3794
-12268
-1029
-13308
-5662
-10216
-770
-7104
244
-5076
-1760
-8160
3548
-10236
2574
-11192
-2311
-3044
-4379
-8172
-264
-13276
5389
-21488
-2598
-6112
-1230
-16372
-8705
-10200
3620
-10228
3587
-11248
13079
-2024
-2294
-10192
-7698
-9196
298
-7096
1793
-12280
-3316
-14292
5349
-980
7681
-4048
-6903
-14132
-3322
-4068
5111
-4080
5380
10288
-5142
48
-257
-19380
-2576
-23268
-1279
-984
1299
-14288
4092
-12220
-14569
3304
-3056
-16348
-4644
-10232
-3834
-11252
8697
-17376
-1793
76
1545
-5088
-3584
-18404
-4628
-12256
-977
-6064
1796
-9188
5137
-5100
-2550
-11244
-2822
-18420
-732
-8176
2317
-10192
764
15392
-5890
-16300
-4113
-14320
-5614
2112
-2297
-5084
-4348
-8152
-23
-18364
-1526
-2048
1272
-10204
-1290
-18376
-3074
-7148
-2803
-6045
3847
-5080
6399
5148
-2320
-12244
-5393
-13308
1799
-14308
1035
-8160
-9224
-7108
-248
-5076
1057
-7168
-3087
-9156
-2796
-5056
-254
-9200
-7446
-3060
1030
-8168
499
-9200
5139
-19448
11024
-15344
10783
-7136
2319
-16384
1011
-16340
-755
-5900
4072
-25328
4351
-16356
-1782
-5064
993
-9168
-5149
4108
2294
-11228
5669
-3060
1789
-9188
-10743
-3068
4311
44
-5883
-8152
-7422
-9172
1828
-11236
-486
-9176
1786
-7948
-495
-5092
-3838
-4068
4090
-4048
1569
-10220
-5659
-5096
-4611
-16348
9179
-12280
3831
-4092
10019
-6952
-1257
-9188
-5908
-6124
9728
-15312
6407
-8188
-2078
-996
-2036
-772
1806
-4068
-4087
-8140
-6163
-9188
-3318
-17336
-4884
-13284
4347
-14332
2039
-19416
-508
-7128
-2555
-960
5385
-19420
-3323
-13296
3538
-4088
2043
-11236
4365
-12220
3828
4100
542
-11252
-2290
1040
-2543
-4092
-4848
-8188
7159
-12256
-7400
-14268
10002
40
-2060
-15304
-12552
-10224
3297
-10212
-4586
-6108
-3851
-10204
3557
-7144
-3569
-1968
-271
-19452
-3597
8224
741
-6108
-3038
-8180
-782
-8144
-2294
-1000
9737
-12264
-2020
-2020
-8181
-5088
7191
-3872
-3353
-9184
-8441
-1000
-1
-7112
4889
-9160
5138
-14320
-6181
-8168
-2550
-6920
6128
-4080
803
-9200
-519
-2020
-1265
-9176
1266
-15324
795
-8152
-2314
-16356
-1261
-16360
-2842
-3044
4834
-18408
-7393
-5068
-11007
-14324
284
-3044
5383
-12280
2062
-5108
-11801
-6112
-521
-1796
-1057
-6144
-4857
10244
-4341
-5104
-3869
-4032
-1538
-2008
-3329
1084
-1040
-2020
1549
-1004
-4117
1048
-5397
-4056
6630
-15348
-6884
-2012
-3820
-7132
-2821
-2985
-4581
-6132
-2282
-14312
-740
-10188
4366
-8156
-5144
-10000
6928
-16376
5665
-9148
4616
-6116
-769
40
1525
-18192
-3087
-6136
1509
-5100
8162
-18416
8721
248
2584
-5104
-1066
-5100
514
-1008
2565
-8108
265
-15332
260
-13060
3300
-2028
4101
-11240
-4591
-11016
-1259
-15344
3095
252
-1045
-3056
-6892
-5112
-11583
-22240
-6377
-11020
-1036
-6144
-248
-7156
-1279
-16376
-1030
-6084
-8208
-6920
1002
-4084
-4106
-7112
1326
-5068
4335
-11216
2826
-2016
-2035
-12036
2301
-4064
-1542
-4060
-4609
-8168
1547
-16336
8168
-12068
-6671
-19424
-2830
-8156
9974
-6100
-6103
-3012
4342
-7104
11533
-10208
4069
-6092
6131
-4076
-7671
-4068
-3607
-2008
-5116
-12240
7650
-8188
-489
1060
-1751
-5084
1018
-13292
-7423
-8176
6124
-4056
-13563
-16368
4113
-17376
2830
-8188
5886
-15168
28
84
-788
-16332
769
-6092
545
-1992
3834
-2020
-1249
6192
3856
-3004
4324
-18396
-4327
-10200
-766
-11248
8477
-11256
-3604
-14336
-4852
-8132
-542
-16332
-8175
-5084
-1581
-15352
-5604
-6100
-13544
-7148
-3106
-8172
13057
-6144
12868
-5072
6623
-3056
4101
-6136
-760
-16356
-7935
-10200
-5110
-3052
7687
-6108
1264
-19408
5625
-16336
-2052
-4076
1556
-1020
8165
-9156
10521
-12256
-255
-9184
-15128
-27384
3828
-4052
4864
-9152
-6405
2080
8702
-6124
-18875
-11220
-1806
-11252
-3062
-3036
558
-7140
-2048
-11224
-3105
-14308
-505
-9172
5618
-13264
-6389
2108
4592
-10228
-3035
-17336
7648
-1804
-769
-8105
-8949
-9125
-3090
24
6370
-5096
1809
-5072
-2058
-16336
3854
-6132
-2547
-10220
777
-3028
6892
-964
7442
-4076
11275
-6116
-1541
-10228
-1548
-9176
538
-17160
7415
-3985
-10479
-13236
3597
-988
4094
-4060
-767
-8168
4576
-5072
3806
-9192
8959
-15320
-10254
-14312
-10
-8140
5381
-14332
2815
-5068
-6901
-10204
-4104
-9164
-15878
-9204
-7199
-8176
-774
-6092
-7177
-11228
-6641
-11252
-762
-5080
-2817
2135
2305
-8972
1826
-7148
-1297
5136
5896
-12248
12841
-4088
1551
2084
-10749
-6936
-6910
-5056
-4858
-9192
-777
-6104
1564
-10180
6419
-6112
-4082
-22228
3040
-6144
256
-4056
5152
-8132
-11030
-4036
-2559
-4872
-28
-5084
-3581
-17164
1266
-11220
-4363
-12256
2033
-25300
7691
-10164
-1542
-8156
6702
-17168
-469
1268
2333
-10192
2507
-11020
-2303
-15320
3125
-9208
-5871
-8152
4107
-6108
-2827
-9196
-3559
-18376
1003
-18388
-4345
-8116
8482
2135
-3838
-6100
3838
-12244
8494
-7940
3592
-4884
793
-4068
782
-7160
3063
-5088
-7626
-10220
-1826
-1012
-2803
-9216
5370
-4096
7927
-9125
8953
-13300
4882
-8097
4374
-17372
-10492
-3032
-1796
-12264
-3335
-5092
-2295
2064
3826
-10208
5881
-14284
-3567
-2016
-4118
-12268
-1530
-5088
-773
-9184
-1281
-10204
8443
-8144
6130
-8192
-2017
-11220
2560
-7112
4607
-1020
9749
3096
-5388
-15332
-5113
-7160
-1535
-10188
4388
-10240
513
-8184
9991
-22252
-6399
-3056
997
-8184
-4562
-8128
-4873
3128
4853
-984
-8176
-4052
3510
-12272
-3283
12
5131
-7100
-2830
-14324
-9489
32
-744
-8968
3327
-6112
6913
-15312
-12758
-14280
-4668
-17188
8704
-2000
-248
-8132
1293
-5068
1530
-10212
-14
-22212
5104
-18400
1776
-11216
5122
-12280
4607
-4064
6676
-6124
-3838
-12244
5088
-5928
-1495
-2024
6141
-11240
-3587
-7132
2331
-16324
6134
-9200
2057
-3048
1796
-5072
-7901
-21496
-1784
-9996
-3826
40
5160
-9176
768
-14304
-1997
-12220
-6156
-8136
3831
-17368
1012
-15356
1779
-7128
1247
-11248
10463
-15324
-725
-8140
1780
-14300
-2034
-9180
-6145
-1020
1791
7184
5111
-8176
1010
-12268
777
3128
6182
-14324
5372
-6120
275
-14316
-6176
-9168
-7694
-14328
-1057
-5096
-739
-7120
14
-18400
-6640
-7148
-7950
-11188
7672
1068
-9250
3132
2033
-7148
755
-11220
-10977
-3052
4376
-6120
-7405
-9200
7932
-11216
-547
-14272
1546
-12264
4077
-3016
-5629
-11200
-6913
-5072
3089
-14304
4300
-8160
775
-4076
-5669
-1020
8707
-4036
-2549
-796
7677
3116
2310
-5104
12796
-13244
-3052
-12216
10040
-7168
-11524
-9176
1503
-6092
9742
-1000
1025
-4032
-6688
-5084
-6116
-12232
4364
-10216
-2577
-13060
799
-8172
-2028
-12288
8999
-17364
-797
-11256
-1291
-11232
-6635
-5100
-7707
-4052
8470
-5056
3846
-6104
7126
56
-6402
1092
6389
-4072
-735
-13292
6403
-5104
-2537
-8164
14338
-7136
7416
-1024
-38
3316
2298
-11192
2287
-7132
-3049
-7120
5119
-10208
5602
-9196
-12524
2072
2553
-3008
-775
-4076
-1556
4
2283
-10228
4844
-4088
6924
-8128
24
-8148
13579
-5084
5925
-7144
-6917
-1004
5890
20
4908
-12232
-251
1244
-2862
-8172
8456
-13060
227
-4072
3083
-6916
6129
-9192
1806
-3004
-11028
-16344
-1566
-8168
-1263
-9172
8720
240
-5873
-3844
-2609
44
2015
-4084
-8479
-1004
2268
52
1810
-2012
5624
-12048
4575
-16136
-1526
2080
5687
-3040
-8452
-12244
3847
-5092
-3064
-11252
2033
-3024
-4611
-5096
-5608
-7132
3332
-15328
8204
-3032
-6399
-10176
766
-5080
-2551
1060
-7
-4076
-10489
-13296
10495
-3044
5653
-13276
4895
1052
-2550
-11252
-3589
-12228
11
-14328
-2559
-6920
-9743
-7124
2809
-6128
-5591
-9216
-4104
-6120
-1509
-5072
-8979
-7136
1566
3084
-10501
-14312
2031
1084
-4080
-16344
-1271
-9200
-13264
-7148
-5645
-4044
1810
-5892
-4587
-7168
-1562
-3032
-4343
-5116
5900
-9208
-4090
-11248
-4617
-6132
9223
-19416
22
-4052
6436
-5900
4098
-2032
-6944
-6128
13832
-10220
4101
3096
478
-10208
-3844
6208
-7439
-13260
-1309
-12256
-5864
1068
12308
-6108
2763
-3044
3836
-11204
1014
-1996
3846
-11256
-1251
-9180
-285
-8172
-1046
-2000
-3548
-11236
2029
-13288
-7194
-13248
-3298
-9168
-7170
-15296
3840
-16340
-5637
3108
2302
-5112
-8965
-8160
-2544
4116
2820
-6128
4371
-1020
-3315
-13304
3858
-11224
-4850
-15340
-2576
-4868
-3841
-18372
-2314
-8140
-2310
56
-7438
-800
5117
-1996
9765
-10200
-486
-4076
5879
-12264
-3112
-14288
-496
-3040
10525
-1000
5883
-13292
5594
-13260
9753
-8124
-1496
-3044
-9546
-1988
-1267
-6084
1009
-10008
-2315
-11248
1533
-19404
-4361
-2040
-739
-10208
-5420
-6112
6421
-2016
1025
-3060
-3826
1044
-11505
-12232
4091
-3040
-4358
4128
-5618
-1976
-6674
-1008
4900
-13280
1816
-12224
-2328
-4052
5612
-6092
-2304
-7140
-6198
-14300
-7936
-12264
6635
-10168
3078
-3024
-1290
-9172
-6151
-3028
-1799
-6088
-3103
-9992
-6646
-19412
-5662
-11228
9195
-9200
9478
-5076
-6364
5352
3358
2096
-3891
-1996
8475
9232
-1279
-4880
-8691
-6136
4872
1268
3861
-8968
-5868
-10224
-2846
-8164
5654
-15292
15
-5036
-3829
244
-3559
-5096
-8680
-5100
4112
-5096
-5087
-6944
3330
48
-3815
-6076
2301
-13264
4146
-15328
9461
-4076
-8402
-15288
-4392
-7156
-11482
-7136
-6116
-14300
-12
-4084
4610
-6084
8471
2076
5910
-10188
15362
-7112
-3824
-13268
-2589
-4009
3594
-4028
-9192
3112
-755
-13268
5873
-12272
2091
-16348
1296
-8148
-794
-3036
5100
-4044
-776
3112
1041
-1804
-1020
-16376
-772
-13292
1523
-10212
-13295
-6144
-1265
-1804
-3064
-12276
269
-13300
7912
-4044
-5623
-7136
7917
2072
2303
-2016
-816
-5116
12554
-10200
3574
-15324
-2804
-7168
-1044
-8148
-2076
7216
1302
-13272
1015
-2024
-2573
-11248
2828
-9196
1555
-4088
-11274
-4072
-3585
-8176
6128
-2016
-268
-8188
-14881
-8148
1799
-9208
-3583
-14300
-2324
-9144
-2338
-12036
-4337
-4056
-1776
48
-2039
-4064
1990
-4036
6167
-1980
-5683
-4068
-3585
-9196
-10750
-10224
4363
-2020
-24
-8132
-809
-5088
-7142
-19396
6408
-12284
7180
-7140
-4332
1068
560
-9208
-4599
-14292
-6649
-776
12554
-10212
5673
-7132
3863
-8152
-6910
-13068
-8434
-7948
755
28
-735
-8172
7460
-3044
-4856
-8124
4074
-6116
-9233
1088
1289
-10208
13073
-13252
-13864
-996
4617
-15324
-4119
2096
-3066
-6072
-1023
-6100
248
-9196
274
-10188
-6
5124
3336
-3028
1558
-13288
9462
-9196
-7430
-2048
9716
-11236
-8685
8196
-1011
-9129
13834
40
3849
-15312
-8936
-8148
-1822
1072
510
-12260
521
48
-2839
-7120
3087
-12280
3843
36
-1557
-13292
-5891
-13236
-5843
1028
3594
-7160
-1779
-8176
-2569
-1012
5134
4124
-10789
-12276
-8182
-12052
-3315
-6112
-4338
-9140
-9003
-17356
-5163
5144
2815
-3016
2568
-3064
-3851
-4872
-6669
-12244
-3323
-17404
4866
-8172
7942
-6144
-3067
-9992
2567
-3032
551
-10168
6141
2064
2560
-4072
271
-948
1570
-14312
-4075
1036
-2049
-7940
-5636
-4060
-16
-10224
-3885
1056
1538
-9184
-3557
-6128
7663
-12264
251
-4052
-6164
-15108
-5343
-8172
-8193
-7164
3836
-10220
5402
-8156
-1049
-9192
270
-6136
-4605
-14256
3092
-7156
2591
-14300
2814
-17400
245
1048
-4377
-7160
5874
-984
3865
-6076
-1277
56
-1781
-15356
-5647
-17380
-1016
-976
-4354
64
-5360
-9196
7425
-8160
3863
-9212
4113
-13272
-3615
-10180
-5112
-6112
2066
-8136
6903
-1016
9488
-4056
-2006
-14084
-3044
-12216
-4636
-11012
-247
-10236
3590
16
9202
-10192
-4863
-3004
-7404
-12256
4912
-17356
-3060
-10224
4075
-6116
-481
-11236
7942
-5064
8196
-944
-10987
-8184
10494
-12232
9466
-13252
-3303
-11236
13574
-13280
4590
-10208
8751
-11212
6417
-4028
-1265
-16328
9220
-7132
-4313
-9192
-726
-984
4605
1052
-739
-10184
-3849
2300
4848
-8140
-5103
-1000
-6665
-7128
-4088
-7168
-4915
-10180
3055
-3016
4110
-4064
-4374
-14284
-3579
-12236
-1787
-9172
3085
-12244
8202
-8148
-1777
-11260
517
-10184
-2061
-6100
-262
-3068
4630
-8160
9226
-5056
-3293
-3068
5375
28
-1504
-3064
5414
-9208
-3808
1048
6696
-12236
1799
-7104
1278
-8188
-2522
-7148
6165
-968
10488
-8168
6103
28
4088
-8132
12595
-5056
5379
-1996
3854
-3072
-2044
-5104
8422
-18372
3820
-5120
2539
-988
-4859
-2040
-997
44
9715
28
-5649
-14092
2547
-9176
-480
-9188
2324
-8980
293
-10236
-1558
-18345
-1045
-12268
3576
-7164
772
-14300
-15852
-2828
8725
-12236
2298
-11216
236
-1804
-4615
-3016
-1011
-948
-2825
-11216
-16921
-12232
242
-7128
-4881
-9180
2319
2064
-1511
-1016
4057
-6924
-4319
-21476
-5331
-10196
5418
-16156
9254
-11244
4601
-4072
7389
-14096
3332
-8964
-3327
-10220
-10518
-4084
2318
2080
3065
-16352
-1273
-6112
-1256
-7120
9744
-8168
14869
-14256
-4085
-10192
-1018
-14300
-768
-7120
-1749
-5116
2583
-3052
5629
-13296
4852
-11173
-12521
-3048
-1041
-5040
2299
-3060
8903
2052
-3325
-6088
4581
-4080
-4557
-5116
5635
-7124
1312
-11244
-2021
-7128
-1556
-12252
3601
-10200
-5383
20
-3067
-12268
5161
-1984
-10997
-16368
-1256
-4048
6907
-13256
2587
-10184
1787
-4052
1037
-4028
5120
-3060
1015
-9184
-12521
-11256
1246
-6100
-7936
-996
4883
-11020
-8942
-12240
2048
-9208
3872
-12256
-6914
-11224
-1801
-6092
-2323
-11264
3108
-9216
1774
-3048
4063
-8108
529
-7128
-1034
-1004
973
-17156
1533
-6084
4356
-13300
-8709
-7132
-3037
-6132
-1812
-16384
-4339
-10212
-1521
-9196
-1515
-9192
-1268
-10000
1556
-3068
-3334
-10192
-10216
-12288
-260
-18408
4109
-15269
790
3088
-252
-976
522
-17368
-12007
6184
-11268
-10196
8448
-9196
-10533
-16364
5599
-6100
3055
-996
-1031
-7948
771
-13288
253
-14324
21733
-15332
-2844
-6096
-9459
-9172
-4632
-11264
-7
-16308
6665
-10236
-1314
-3032
2807
-10000
-1555
-13080
4099
-14296
1028
-4084
7960
-10188
4625
-3068
6654
-7116
-772
-13060
-5406
-8168
-4114
-4080
-5125
5164
2837
-11016
14872
-11252
-2294
16
5088
-5100
-12535
-14268
-256
-14312
-12517
-6076
-782
1064
7454
-5092
-2021
-8184
-5863
-15120
-3601
-15344
-7175
-4872
-4352
52
1792
-2016
14082
-13076
-1561
-18404
-12024
-6092
5378
-8160
-12276
-7132
-2559
-16336
-2073
-14308
778
-3016
6408
-10172
494
1088
5668
2088
12
-7164
8426
-4072
-9990
-12048
5861
-14288
5646
-984
-535
-6124
-3901
-24292
7681
-9144
-7894
-13268
-4114
-7136
6419
-4048
-762
-12260
6116
-4048
-6402
-5076
-3336
-8188
-1288
-5076
2015
-6068
4877
-5076
6391
-8148
-1287
-3056
507
-13268
9489
-10188
-2834
-7164
11014
-6057
-1768
-6100
-7919
5192
-3593
-10008
1036
-3056
11764
-9176
5615
-11240
-4072
-6100
2571
-5116
5377
-7120
6646
-3012
6162
-18196
3354
-11256
-1548
-11224
11015
-2012
-788
-10220
-997
-12276
-4607
-17352
-499
-15116
5062
-6100
4621
-9152
269
-5076
-2069
-9208
6119
-13276
272
60
-272
-5092
1265
-5112
2818
-9196
-3847
-1008
-2011
-8140
12020
-12272
1545
-14300
-1777
-4060
-6173
-8164
258
-1800
6148
4132
-3590
44
-794
2096
-240
-10220
5627
-2004
-7425
-12272
15876
-6140
6164
-10196
-5141
-5076
-3835
-7132
4110
-8180
3064
-6108
-3096
-8156
-11530
-2044
-5149
16
2072
-5080
7183
-6136
-9961
-5068
-6888
-15328
5655
-8160
-8147
-5017
-6899
-4096
2054
-7116
-4133
-3028
-2553
0
4609
-13276
-3325
2100
-21
-11248
-6937
-980
-10460
-11260
525
-11256
549
-12232
-4346
-2016
-3884
-6112
515
-12268
-516
-6120
-1522
1060
-4853
-14300
-9964
-20420
-8944
-6084
-2802
-17356
5377
-7160
-6686
-8124
-13327
-3068
1784
-4076
-2842
-3036
-9967
-4080
10736
-13288
12785
-11252
-4311
-10224
-8181
-9176
4602
-4060
8958
-4076
4348
-7128
-4606
4132
4600
-10216
-2063
-14292
-250
-7164
-8717
-4072
3299
-4096
-12045
-4056
-8462
-5100
-286
-13272
-6644
-19420
2792
-14260
-4342
-1992
12280
-996
-2026
-15320
247
-12284
1533
-2016
-6915
-28408
15843
-12280
-5117
-6100
4850
-1012
-793
-15296
-1794
2088
-766
-7124
-504
-4056
6627
-9184
1534
-16368
-2796
-12288
-5359
-22232
7423
-9184
-1306
-8184
-1282
-2016
7422
-14084
2805
-10220
2308
-3056
-13822
-10192
-2824
-2032
-1024
-14112
12829
-5068
4333
-1976
-6131
-4060
-5357
-2032
10024
-13276
-1555
-10220
-8180
2104
-6668
-11240
3076
-14284
-7973
-10208
2562
-5112
279
-8180
9988
-5084
2037
-8164
3847
-788
1552
-5072
-5601
-5072
9193
-13268
1527
2064
5388
1060
-7390
-2044
-2055
-6124
4832
-9184
231
-3024
-6126
-4056
14862
-17380
10208
1044
775
-15352
10017
-8156
-16637
-3036
3057
-9168
-247
-10220
-1020
-4892
-4627
-11240
2048
-4064
-10236
-9148
-9173
2076
14348
-9200
7648
-9196
2309
-6096
498
-16312
-5922
-7116
-3831
1056
-1011
-10192
-2043
44
-721
-1004
8689
-776
4099
-7156
1282
-992
-5663
-14088
13329
-9160
4571
-2016
1801
2296
7441
-18404
255
-7116
2034
-12232
5079
-16336
-4594
36
-3557
-9208
4846
-8968
2558
-1004
-4666
-10196
-35
-2028
2780
-11228
-9714
-5068
-2844
-9172
-8920
-11228
-748
-8164
-3353
-8148
3366
-996
3829
-13296
-10996
-10236
-11267
6204
-8218
-1008
-6660
-4080
-7456
-1996
503
-9172
-2816
1060
-6610
-3040
5094
-13268
-2309
-7148
758
-8188
3823
-11264
-2300
-5060
3836
-10220
-3100
9264
-4620
-14276
5653
4164
3605
-3036
3320
-8176
-2544
-18416
3827
248
-4352
-19428
-5383
3092
-5105
-6104
-1015
-5096
5876
-7120
-7195
-11264
7187
-8140
3319
-9188
1
-976
-6942
-3036
-3105
-11188
-773
-2044
5366
-10216
5651
-7100
4352
-9180
-2295
-4068
4087
-9172
1512
-3052
-4640
-20480
7413
-14304
1572
0
7208
-11216
-3346
-9148
-287
-11248
1051
1264
5101
-1000
1034
-9188
10538
-3040
4063
-6104
-1280
-3064
-5371
-15332
8692
-7073
-2824
-5076
-4080
-17313
-3800
-5096
-8467
-4088
262
-1008
8699
-3036
-5362
-9156
9981
-4080
-2789
-10232
3841
-8184
-6641
-11232
6618
-4072
5357
-15336
-8468
-3852
-4336
-5104
7
-3060
-245
-6080
4063
-1008
-5674
-10208
-3114
-7120
1020
-11260
-4339
-14084
-503
-8128
5387
-22252
-6375
-964
-3872
-8156
-11510
-14300
5843
-15328
-3316
-7136
-13548
1064
-10262
-1996
7921
-3004
2574
-9192
3059
-12244
-3556
-11248
7416
-9212
-4857
7188
5392
-2824
-744
-11224
4377
-12280
-3096
-14324
1818
-4060
2064
1048
250
3136
3062
-2040
297
-2004
2070
-6120
6383
-12228
-6157
-11228
284
-8168
4835
-7148
1776
-5892
-494
-14308
2338
-4072
-2269
-10188
-2292
-5068
-2836
-980
-1479
-2032
-252
-2028
3335
12296
12552
-13236
-14543
-8964
-14322
-15300
4364
-7128
6662
-12252
-1539
1060
-7201
-11232
774
-1000
-2021
4128
3074
-5116
1020
-1020
-6130
-6136
15587
-7136
3827
-11260
-523
-10196
-11034
-5076
2585
-11244
5379
-18376
752
-5084
4857
-6132
-7701
-9180
2321
-3036
-1255
-8156
-2781
-3844
9735
5124
4082
-5108
-6390
-9196
271
-7108
10224
2048
5113
-16352
514
-13272
-727
-10184
4597
-15348
5094
-8172
-9001
-11236
-2071
-11260
759
44
6192
-4072
2057
-9164
2101
-8184
-4101
-9180
2047
-11236
1802
-9200
2070
-4076
-1535
-10228
-4525
1040
-3334
-11244
-3085
-18412
270
-14092
-4838
-5116
4157
-5092
525
-6120
-4879
-964
3328
-6116
994
-15328
3596
2104
-11527
32
-1034
-2008
1289
-10224
6442
-9168
4616
-11228
2807
-5108
2330
-5100
-8439
-5064
1769
-3056
760
-9164
19
-2024
6146
-8176
-2041
-960
16
3116
3585
-7144
-1527
-4056
4598
-20472
2308
-12260
1029
-2824
-788
-18408
-1284
-7136
-2812
-11200
2811
-6100
522
4104
-1519
-6112
-5378
5136
5364
-7148
-760
-3056
5900
-10232
4328
-7120
-4373
-5096
-8469
-5904
3320
-2016
-4602
-10204
-8196
-7956
12269
-9192
-7919
40
3587
-9988
9461
-19216
3549
-3048
3106
4116
-9729
-8168
2064
2300
-24
-11232
-4308
2056
-5374
1068
-8422
-13252
8713
-11220
8198
-7940
-12042
-10228
1753
-12260
-2801
-14276
4560
-6108
-2267
-8172
7950
-8140
3600
-10216
-486
-8140
-6435
-3032
-4389
-7144
-6643
-17384
-3843
-12256
-17940
-3044
-1318
-9168
-2282
-11248
-2553
-8180
-2823
-7116
-2027
12
5114
-776
7951
-8176
-1756
-9188
-2554
-8152
497
-11244
3066
-9168
-6395
-2992
2837
-20452
-5074
-9172
1790
-5092
-2809
4148
496
-6924
3588
-15312
540
-14324
-1008
-3056
-1013
-11220
4580
-6100
-1538
-16360
-243
-12256
-4083
-12288
-11492
-7160
-3609
-10220
-2313
-6084
1529
2068
-1563
-6124
1318
4120
4109
-12252
2739
-10004
3827
-3036
1065
-7152
7180
-4092
-2584
-7112
10785
-7120
-8692
-4088
-2297
-3032
-5115
-10200
232
-7152
-7678
-11228
-3576
-8148
-4117
-3848
-11315
1252
-1809
-12252
-9744
-6132
244
-10192
27
-7136
2025
1056
-2551
-10000
10460
-11252
3005
-1988
-2320
-10232
1544
-11244
-7671
-4884
292
-14088
3547
-6136
-8449
-11196
-9727
-6916
-515
-7948
-2566
-10196
3844
-792
-4068
-3068
2799
20
4589
2088
1527
3112
4614
-12268
-2336
-6104
4866
-16336
-1536
-9176
1054
-6920
7461
-9208
-1048
-13060
2041
-14316
-8726
-10192
5109
-9117
-5355
-7944
-6371
-6096
-2080
-10216
271
-8148
12024
4112
-2574
-12276
-2832
-8140
-9445
-10196
6397
-2028
1301
-2016
-1800
-3020
-2057
-9184
5926
-8992
1802
1088
-7644
-3048
-801
-12244
-4351
-9164
-7699
-3056
2297
5128
2325
-5092
-11025
2068
2309
-8160
2052
-3048
8199
-18420
494
-8188
234
-4868
4602
-3040
-8418
-12288
-4362
-8136
6153
-10228
5102
-5916
-1782
-6124
1548
76
-11267
-6124
1011
-8176
5128
-12272
-3799
-6064
-4581
-6116
5901
-7128
1538
-9208
9003
-11260
2312
-13076
-475
-18404
497
-8152
2332
3080
6104
-10200
4387
-10228
6663
-9188
4068
-14084
-47
-14316
-773
-7152
2078
-6140
4327
-12248
-2817
-14308
4584
-11248
4627
-21496
-9223
2068
-3065
4140
790
