-5092
-7446
-6944
766
-2048
246
-7148
-7343
-7148
-7156
-12268
-288
-5108
-3599
-5080
1011
-10212
1559
3116
4360
-8148
5646
-11256
-4874
40
25
-15356
-2821
-17364
7148
-5088
9686
-1012
1282
-6132
-2286
-10192
3599
-7164
3813
-8164
6697
-9140
-1031
-11212
-4098
-4044
7390
-18416
1262
-16360
6911
-9148
4559
-8180
1257
-6128
-5654
-7944
-276
-9168
-733
-2016
268
-8156
1763
-13276
6416
-8172
-508
5356
-7195
-7088
-8173
-5908
2789
-2820
3074
-15304
1542
-8152
7169
-14280
751
-13264
-4591
-7124
-3594
-8184
-6407
-7104
-483
-11228
-2048
-18400
2280
-22020
8229
1068
-7156
-11216
-490
-4052
-1000
-5080
-6180
-14272
-251
-10232
-7199
-9188
-6929
-4036
-2826
-11224
1527
-11228
-8198
-13308
257
-7108
-2054
2104
-10253
-18196
4619
-7116
-5129
-5076
-5620
-992
3068
-2008
9448
-4040
1045
5184
-3328
-12248
5114
-11236
241
-10224
2810
-13276
-5109
-9192
1997
-12284
7682
-8184
-797
-4044
3049
-11232
3861
-1012
-3581
-6092
-274
-8120
-3123
-7948
-5908
-1800
8966
-6120
4344
3096
3335
-11236
763
-11236
-5396
-8128
4879
-1000
1301
-6104
-8429
1248
2323
-6096
-4367
1048
21
-5120
-6892
2048
8479
52
-3292
-17400
273
-9192
-2073
-14320
3823
2096
-7155
-4020
-756
-5096
-8203
-10176
-7640
-8140
-1533
-12236
4884
-3020
18190
-18380
-7158
1260
1283
-11228
-2298
-16380
5902
-12276
1027
-12272
4895
-4064
-3856
-12256
-3583
-976
2569
-11236
-2080
-4016
6140
-10216
3542
-7144
-1288
32
-3350
-1004
-6933
-12236
-270
-13300
5415
1052
2061
-8144
8
2080
6904
-7164
271
-28388
4165
-20456
1223
-7104
-9480
-10236
-3318
-13296
-3860
-15336
-3332
-10224
1542
44
272
-11184
271
-11260
-1534
1064
-3590
-4040
5643
-2028
-271
-12248
12027
-7964
-8
-6916
-8979
-4892
509
2056
508
-9180
3595
-8164
-4080
-3852
5614
2068
1537
4
4122
1052
7416
-6104
10520
-4092
1782
-8980
4339
-5088
6385
-2024
8681
-5892
-1035
-5108
-5141
-6124
5113
-7160
7159
-2036
6136
1028
-11276
-3024
279
-21472
-7437
-6136
2795
-11252
3318
-15320
3581
-2032
-757
-6108
4332
-8164
-9740
-7120
3085
-14304
217
-7132
5894
-14312
5390
-12220
-1282
-7136
-3290
-3056
4302
-12248
-3547
-6104
-1017
-9212
6141
24
-1035
-7136
-3826
-5104
-1780
-5064
5631
44
4369
-15340
-3117
-5076
-768
-6076
-4089
-12220
4626
-12252
-4613
-1016
483
-4040
-4114
-3036
-1564
-996
-4342
220
3302
-17388
5106
-11240
-5892
-996
-5946
-14296
6144
-18424
-16120
-7140
766
-3852
-256
-10192
-5153
-6088
-6650
-5092
8978
1068
3324
-14264
-2815
48
-10228
-12268
8723
-1012
-1793
-2024
4582
-8184
6170
-16356
-7872
-3024
4371
-4064
12266
-10208
8489
-14108
-2813
-15332
4121
-7160
-3066
-9164
-4116
-772
-4586
-11012
12058
-10228
-5627
5136
10222
-8192
-1014
-6116
-2780
-20436
4835
-14272
5090
-15108
-10233
-7124
6438
-1996
9202
-956
-6621
-14316
-4367
-5104
-4871
20
7435
-8172
7175
-12228
1286
-8164
-5651
-8184
8674
-18392
6637
-992
521
-16344
514
-9216
-7926
-18305
-3879
-16376
10533
-7944
11
-2004
-5406
-4080
-3629
-12280
-256
-15304
-780
-4056
-9477
-9204
-3548
-20408
-1281
-9160
-1795
32
-3089
-14328
-1293
-11200
-241
-15360
10523
-18400
2789
-19412
5918
1052
11
-2016
1006
-22224
762
-13264
7662
-2024
-7427
-14296
282
-3036
-269
5144
1295
-15312
-5881
-2020
-1279
28
5378
56
-4057
-4076
1237
-4868
8946
-8176
8946
16
-5110
-2977
6609
-9196
-8935
-6140
1
-14268
-3581
-1020
2821
-12276
-27
-7100
3341
-6108
4897
-5080
-7424
-14308
8166
-14316
-3297
-11236
-5408
-7128
2030
-12256
-2070
-12232
1517
-8180
3585
-4084
-1539
-4064
2573
4140
2560
-3056
-7176
-11228
-4072
-15120
5915
-12276
4351
-10216
2098
-4064
7952
-8176
-4103
7196
4855
2048
3887
-11252
3853
-4088
-12568
-21504
2037
-7128
242
-16308
-18
-4060
2065
-16144
-9469
-7120
6152
-16340
-13567
-11212
-231
-7100
6421
-11196
-6886
-9188
7136
-5072
-3322
2104
-3077
-7152
4335
-4040
-4824
-6128
3055
-12264
-5396
-15332
-1778
-9152
3848
-13280
2566
-2016
-245
-3040
-521
-13296
12297
1056
-10469
-13292
1510
-4092
8177
-10208
4646
-11244
8964
-15344
4120
-4096
247
-1992
-1765
-11240
-3069
-13300
762
-10208
4605
-15300
2294
-10228
3113
-6100
7119
2104
-2261
-4896
-3055
0
5143
-9192
-8968
-9121
-5103
-5064
1783
-10204
772
-4032
-785
-12252
15623
-7168
3831
-16372
7166
-10232
1547
56
-12569
-10220
8710
-5100
3037
-16348
-5099
-9192
-776
-8180
-5383
-17380
-4825
-3012
4621
2068
8684
-4068
-4083
-7124
-1532
-2040
9480
-3044
-5
-14084
7146
-13292
-752
0
-5339
-4080
-6658
-5060
317
-11224
1504
-9172
4316
-10212
10222
-13244
251
4116
-2312
-14320
-9488
-11224
1055
1076
1840
-5100
8938
-5100
-3844
-9136
-482
-11220
2066
-16364
3060
-5892
5128
-6116
-1524
-10212
2087
-9188
-3540
-15312
7956
-12268
-11204
-7940
-11
-6084
4121
-6076
2545
-6140
-2019
-9196
-749
-10168
12294
-9180
4113
-11224
-2093
-14324
7157
1052
3624
-8180
256
-19444
-3841
-21464
8937
-6116
-11006
1096
-267
-4872
-287
-2020
-4655
-8964
5624
-6108
3852
-2020
1283
40
6641
-1004
1012
-4088
6394
-18416
-2318
-12276
-2356
-1000
6622
-13300
9714
-12220
3058
-17396
-4110
-9164
-3864
-10204
-2020
-9148
-5155
-9160
-2550
-11220
-9981
-5120
3082
-5092
-4363
-3052
1056
-13240
-8700
-3872
-2301
-5068
9966
-19408
7711
-11248
-5640
-2032
-1066
-7168
3328
-2040
-6153
3072
7667
-17376
1812
-8132
11
-20228
-7696
248
-1555
-12228
4362
-7144
1054
-8176
1522
-11252
752
-976
6402
-7128
16622
-21460
5903
-12268
-6635
-8132
493
-4036
-1525
-2820
508
-3020
-2049
-8156
530
-21456
-3583
-5108
-1823
-12252
-490
-3000
-1250
-8160
13573
-2020
6423
-10192
-536
-7152
1268
-980
-5101
-12236
-3280
-15336
15374
-9208
774
-11236
496
-19452
8987
-10204
-461
-14324
-266
-8148
-8204
-18404
6677
-9172
513
-5112
-5631
-10224
4570
24
-20
-9204
-3561
-4868
-9451
-996
2042
-12260
-9
-10232
5881
10252
8425
-6108
3622
3128
-5393
-10208
1771
-6088
1817
-3056
-2311
-12228
-2325
-12252
4573
-6108
266
-13260
13
-9192
-18
-16356
8937
-12288
-8223
-8184
252
-14336
-8703
-8184
-1793
-4044
-6908
-10212
1287
-16320
10730
-11220
-3319
-13252
5332
-8188
-2590
-4044
1524
1044
-8220
-6076
-9455
-988
6921
-988
-1539
-5088
4095
-11216
1037
3084
-4885
-11256
-4074
8236
-244
-4056
-1547
-11228
-5357
-9184
4067
2084
-2083
4124
-2808
-11228
4845
-10212
-777
-2028
-982
-10204
6
-5060
2568
-18420
-8965
-7152
-8957
-15108
5130
-8180
4350
-17372
-9187
-7168
6909
-6100
-6402
-7144
5664
-6100
3830
-6132
-3828
-19436
1042
-11216
-3855
-11232
-4585
-17364
2790
-18392
-2288
-13272
-1534
-1992
-7947
-10192
-1511
-2024
5098
-9196
-3299
1048
2032
-12280
2801
4152
1039
-15320
-1516
-11212
-1805
-18196
1033
-4084
520
-10192
-4098
-11248
3599
-6100
2034
-8132
258
-6112
-4862
-14288
-268
1056
-3317
-14300
15084
-1984
-17151
-15316
-2825
-15304
1012
-10224
-4135
-2028
3340
-7948
-775
-6076
-270
-13288
6915
-8180
3828
-9176
-6403
-18400
8694
-8144
-17
-9208
8981
-15332
4078
-9192
2848
-12260
9986
-4080
-6658
-5080
3080
-10192
3323
-5068
-3814
-4060
7928
-14296
-3351
-14272
5604
-8148
-10224
-23260
8443
-12248
-209
-14336
-484
-13280
5358
-16368
2301
-5088
3350
-6924
-1785
-18416
-1023
48
-5877
-9164
1278
-8164
2307
-3056
4821
196
2807
-11236
-3086
252
-5896
-20468
783
-16348
1249
-6092
-6385
-5076
-3579
-6108
-3845
-976
2857
2096
6146
1044
-2569
-12248
-15895
7204
4083
-12248
-5864
1048
-11532
-5892
6906
-2008
1749
-13308
5622
-8184
-6914
-6092
3275
-1012
-1798
-15344
2546
-14308
2567
-6120
-6158
-6120
4120
4120
-23
-8184
-5879
-7124
3320
-13284
-4882
-12268
4890
-17388
-6146
-10192
2270
24
6140
-15312
-503
-4068
3819
-10236
-4355
1092
-1524
1272
14565
-10196
-2547
-8160
-5378
-18384
-1264
-3048
-6168
-11212
6135
-4092
-3016
-21504
5653
-4048
1840
-7144
516
-6116
3563
-7120
-4384
-4005
2812
-3072
6112
-13244
-1794
-4068
5600
-2040
-1
-6108
-4879
-21456
4604
-7168
16628
-6120
752
-7160
9195
-9212
4608
-13060
-1056
-17388
-9980
-14296
6387
-5056
-5417
-6116
-5591
-8152
8181
-12280
-5101
-5116
5630
-9176
3818
-10216
13605
-3856
8241
-7120
10258
-20460
2293
-4072
4078
-5060
1557
-9196
3811
-7144
6137
-12280
788
-6132
-10248
-12272
8713
-16320
-2825
-8156
-1773
-4032
-6912
-8184
-243
-6116
-11
-8148
-1272
-11212
5116
28
3843
-9156
3049
-4016
-773
-13264
-5383
-16348
-4857
-6084
4636
-11244
7898
-3048
-9442
-9144
-4089
-7152
-9475
-15284
6935
-9192
5627
-15324
3322
-6096
2590
-11260
2798
-13308
-5155
-21420
2571
-10220
1022
-3020
-4895
-4076
6410
-11216
-12027
-5080
-4356
-13296
-4326
-10220
-3332
-9208
1528
-7164
6171
-7140
8459
-944
5367
-5096
795
2048
4089
-3044
-1831
-4872
-3326
-12224
-10715
21756
3036
3136
-3820
-10208
10742
-15352
8711
-13292
-2085
1024
-3043
-7132
5608
-10016
-5609
-8176
-1574
-8160
-2298
-12040
8695
-5100
-11291
-1012
765
-10212
-8195
8272
-4619
-9184
6684
-3036
5121
-17372
-785
-7120
-794
1044
6387
-8156
6652
-9172
5633
-6108
1578
-9180
8432
-10208
4314
-9208
-4818
-984
2288
-8128
-3347
-13272
748
-20460
2805
-10220
-2822
-11216
1549
-6120
-3833
-6920
2290
-5080
3593
-10208
-4612
-5096
5632
-5060
4881
-9184
-7144
-5080
4623
-2028
1024
-13280
6860
-5116
2331
-6116
-2074
3104
-1536
-12244
-3320
-2016
6419
-5076
5119
-6132
4121
-14304
4890
6176
2794
-9204
-2291
-11236
-5875
-4056
1742
-10224
2782
9240
-1806
-8172
-771
-8144
1516
-5060
-3594
-5076
-509
-14292
3069
-10196
7953
-8972
3106
-5040
-8451
-11236
-7179
1276
7706
-3044
1764
-13240
-7161
-9208
794
-8136
-8442
-14260
-2299
-4056
-2060
-12248
-6919
-6132
-10752
-4068
5120
-13308
3322
-3040
-6905
-10216
775
-4064
11016
20
3582
-16360
-5617
-9172
-9215
-7128
-4849
-3036
5
-4080
4879
-7140
-4831
-2000
-480
2064
3865
-12272
-2553
-14304
5887
-14320
7457
-964
6881
-10208
3593
-16376
7966
-1796
-7173
-9144
-2358
-18396
-7418
-4080
8187
-19412
-3558
-5900
-4862
-6068
4324
-8132
4344
-19424
3854
-1820
7413
-9988
1310
-984
-4341
-11204
-2023
2084
-14881
-12036
-2581
-3036
3079
-10228
3593
-10168
4875
-12276
4103
-5088
323
-5896
9202
-18400
1288
5144
7678
-12256
-4364
-7140
-8705
-11264
5902
-10236
6919
2064
-777
2100
734
-2820
-4362
-13288
-2571
-7140
-6133
-3044
5873
-9188
2014
-2036
-13554
-2008
5632
-12212
-229
-5100
3073
-15316
3885
-8120
-8745
-6124
4827
-15328
4621
-11220
13073
-7128
-1008
-8124
3057
-5068
-507
-14332
-4074
-992
2806
1064
4562
-984
-11000
-7152
1834
-10228
-260
-9988
3618
-2828
10242
-8180
-4608
-12236
7174
-16344
4863
-9148
-549
-9168
7673
-7164
-1003
-10176
8446
-4072
-6117
-11240
-2111
-5084
2592
-16332
-22
-5096
4348
-9192
-6389
-17364
-2069
-6104
6139
-4084
4606
-11264
-2558
-7948
270
-4080
-4895
-10240
-4913
-11012
3
-9204
3064
5372
3359
-1804
-6643
-5896
10502
-3008
2571
12
-14313
-14288
5655
-11228
2056
-3052
-2835
-6140
796
-10192
-759
-4048
-5112
-3032
6644
-1992
6888
7192
-739
-11252
8460
-11216
5650
-3036
3042
-6096
1516
-9196
5654
-2004
-490
-4868
6893
-3060
-6174
-22224
-4852
-13296
1531
252
-5378
-6108
997
-5100
15158
-988
6618
-10236
4590
-4068
3839
-21488
3589
7216
-3853
248
1795
-11248
-2246
-9156
-2320
-13272
-4859
-13288
6957
-5100
11058
-6120
-1268
-12248
3600
-5924
787
-5080
-4336
-4060
763
12
2541
-2824
-2307
-2024
5092
-17160
-1264
-7132
-15860
-2036
-9711
-7944
7703
-4076
-3820
-1976
5877
-12280
-8107
-3052
7183
-8164
5145
-2012
9997
-21488
1548
-12244
-11249
-12264
7954
-11264
19
-5088
5112
-4080
582
-6116
8462
-13276
5102
-11236
8711
-7104
237
-19444
-3304
24
-753
-976
4598
-17360
-4863
-9180
-737
-12272
5667
-8164
-6371
-9192
-3839
-992
5874
-1988
5898
-7116
3084
-3028
-2049
-13092
7135
-10184
2028
1052
9700
-8144
-10454
-2028
-531
-18416
-12
1048
-4078
-8136
-9217
-1796
-5401
-11252
234
3124
-2059
-19432
-3820
-2000
1541
-9172
-1536
-10220
9989
-5064
-8981
-12268
-8438
-3068
4087
-980
-779
-4080
-5934
-8180
5902
-4060
2809
-8180
1808
-11240
-8204
-9172
8956
-6092
-7924
-4088
-7190
-10204
5889
-8152
-5904
-2028
-1774
1260
5340
-9184
232
-3060
-1525
-13288
3325
-9192
997
-9176
-2
-3028
-2821
1048
3060
-3040
-1797
-12036
-3346
7216
-4085
-7944
-6091
-11200
-8719
-17360
8172
-14312
6910
1092
6418
-3040
4853
2076
4595
-4056
4840
4
-4645
-9188
3608
-9200
-6403
-988
-7928
-11240
2052
-14336
4865
-7140
4817
-16324
1792
-1808
2303
-12280
-5180
-6104
4348
-16360
4058
-13288
4386
-20468
-5366
2060
5096
-11012
2061
-13308
3076
-12280
6165
-5104
1007
-10180
3330
-8180
-283
-3848
-1591
-2020
3308
-1008
-3593
-17376
-1314
-15292
-767
-9180
2518
-11248
-9463
-976
-3855
-7140
-10951
-11208
-1835
-14320
-1292
52
-1048
-4076
10275
4144
-6654
-2012
-4856
-5064
4103
-2004
-6641
-12284
2076
-4084
-4095
-5892
-6881
-8176
1016
-5100
12776
-11212
8702
44
4316
-7140
2076
-7140
5301
-17372
-14017
-21476
6924
8
-7945
-12268
5122
-3044
6625
-20468
-9456
1060
11771
-5108
-7921
-780
5916
-4052
-8436
-9164
275
-9192
1789
-1980
751
-12272
-6133
-5092
-1532
-2020
-2348
-988
1516
-10196
2544
-7104
-748
-6096
10471
-6120
8744
-7164
519
-7144
2570
3132
-2801
-3064
10003
1088
-5144
-5080
3067
-11252
3326
-5108
13806
2080
-1778
-14312
-3038
-7152
2021
-10240
4100
-14288
4095
-2024
6110
-10172
-3053
-12252
5890
-13068
6892
-1000
2282
-4060
-7964
-13300
-1268
-12268
-8690
-5076
-2
-12272
3329
-11260
6164
-4072
6660
-10212
5158
6164
-8209
-5084
-3081
-11044
6165
-5092
-11527
-12236
3270
-19420
-9750
-6932
-2040
-7164
5126
-780
270
-9200
2055
-16348
-7402
-10172
-4874
-8168
9978
-14308
7682
-780
-11494
-8184
-11297
4108
1281
-4032
-2830
-10236
4352
-20240
283
-8188
-8961
-16352
-3832
-13072
-6670
-16320
4552
-10220
-4869
5356
-503
-964
-6932
-17380
786
-14332
10241
-11012
9465
-15316
278
-14312
2069
-14316
13605
-3052
-2074
-12224
2523
-6144
-7922
-3048
3845
-7168
5344
-4040
3290
-964
8657
-5076
-7943
-8108
3587
-6104
1537
-20468
3877
-5112
-2285
-16340
-3542
-7160
3858
1036
-6911
-4868
2028
-5979
-8463
-9216
518
-17176
6391
5176
500
-5112
-1023
-12264
-255
-6140
11786
-11216
776
-12252
3569
44
3353
4132
-10497
-7144
-7670
-12224
15070
-3056
-9974
3080
-799
-17384
5893
-12268
-5874
-952
-11759
-9160
7902
-4060
-1008
-4044
-8474
-8160
-1807
-17392
5858
-11236
-7407
-1016
3111
-13296
533
-4060
2820
-2000
-5645
-7148
-4
-1012
-5888
-10216
-3576
16
4592
-1800
4
-8168
798
-7120
6657
-10200
-6419
-7168
1313
-4044
9192
-10236
1528
-3848
3859
-12052
-5626
-8124
516
-10208
1539
-17388
9468
-7108
12540
-9196
5069
-6144
-7921
-9204
1055
-10008
5351
-7108
14058
-13264
-1750
-6928
-767
-11192
-11803
-9184
-8448
-9204
-779
-11012
4834
-5104
-14869
-4064
3338
-14308
-6389
20
-3297
-17168
-233
-9160
7671
-19236
-756
-6120
-2827
12
6383
-8140
2336
-2012
3524
20
-2543
-3016
-1044
-7168
8667
-3020
-2506
-10200
1006
-9160
-5638
-2024
3090
-13272
-6428
72
11267
-20444
-1831
-12264
524
-9176
-4325
-8964
-3915
-16360
-6890
-976
-482
-11212
3849
-22216
-495
-6132
-2278
-16348
1268
-16372
2053
-11232
-3827
-10212
-8702
-9216
-5607
-6928
285
2300
8181
-8144
-3591
-14328
2821
-12264
4112
-10232
7723
-3032
10798
2072
-9958
-7132
-5894
-6104
-5649
-8168
5888
-11244
543
-3064
4873
-13304
-2820
-8172
6393
-9204
-1272
-11248
-229
-11220
31389
-23264
5100
-11216
3579
-2008
4612
-12252
1568
24
-2538
-17340
3079
-6916
-1820
-9148
2293
3104
-3854
-11240
-4628
-5072
11252
-16372
5139
-10188
-1531
-10240
994
-8184
5141
-13276
-233
-3052
2569
-1008
1291
-8168
2255
-9196
1044
-1004
-3301
-13060
8180
1024
4886
3116
-12279
5348
6906
-12236
13563
-7160
8736
-3048
5871
-4904
10533
-2036
-1024
-3048
8989
-788
8951
-10200
-5582
-1024
-1269
-9196
7416
-6136
13570
-11208
-3853
-16348
781
-4884
1015
-10016
2855
-16368
-3335
-988
3086
-980
-4334
-4068
-11542
-16384
763
-4052
2536
-11232
7941
-3008
-3581
-956
1531
-9208
-1791
-5056
-4350
-9208
-8960
-6108
-3
-13292
1250
-14284
758
44
2811
-5112
-1816
1032
2832
2056
-5902
40
6654
-6924
-6910
-5100
3343
-13260
1554
-4084
-3315
-16360
10248
-8156
6159
-15332
1549
-9184
2569
-11236
-4833
-3872
8721
80
-2283
-2032
7958
-5112
1331
-13284
-1774
-16332
4894
-16352
-8229
-3040
-1276
-8136
-2038
56
1331
-14276
-13597
-9208
7917
-984
-7704
-16356
1283
-3048
-1562
-1004
7433
3096
-4115
-4072
-1758
-9216
-4597
-9208
3053
-13232
3069
-9200
6388
-22044
3620
-3868
-1537
-2824
-1782
-6944
6431
-7124
6930
-11200
-7433
-2988
11498
-12240
-3322
-4048
-1029
-14304
11505
-10192
-13295
-5080
2591
-10200
5130
-5104
773
5128
2812
-11220
-218
1032
240
-12284
-7660
-9184
5870
-13284
-1805
-10224
5637
-18388
1281
-8124
-3588
-7136
-2584
-5076
2844
-1000
2850
5120
522
-9168
-5112
-10192
-2558
-10236
-1847
-14304
-802
-11244
-501
-12280
-1543
3320
4095
-5068
2609
-10232
8421
-8136
-4871
-11212
2060
-7944
0
-9176
7147
-3032
-1025
-11016
4083
-11248
-2790
-17388
2332
-12280
-2587
2056
-5104
-11248
-4883
-3004
1569
-8144
7397
-7108
1568
-11177
2591
8
-9750
-2016
-1274
-5104
4873
-6140
534
-9184
2323
-5116
-8993
-9160
-8967
-11024
275
-13288
7688
-16368
3338
-6112
-301
-12248
-5
-6128
6415
-4068
6386
-984
-245
-4076
3562
-968
-4358
-6116
2823
-5076
-525
-10164
4075
-13260
3128
-8164
4323
-7960
-1806
20
-6131
-13280
-11794
-19212
6372
-8168
-7941
-13268
3070
-7124
-3325
36
5087
-6936
12831
-2004
4635
3096
-743
-9200
-1790
-6100
-4587
-9196
-515
-13292
10769
-5100
-5138
-16376
2325
12
-5880
-7096
-2313
-3056
-11002
-7156
7691
-4068
283
-9172
-2022
8424
3639
-2028
-6141
-2024
8200
4096
1020
-3044
4118
-9208
2080
-9180
8451
-6108
4095
1052
-8450
3100
7681
-8164
3843
-13272
792
-8184
-2559
1088
10239
4344
-7685
-3052
-6424
-13284
1517
2068
4319
-11212
3354
-4044
-7923
-14320
4601
-1992
8955
-5108
4114
1064
2551
-5892
15853
-7160
6112
-16368
2567
-5076
3072
-3024
6141
-14300
2293
-8164
-6853
-7148
-2852
-7128
-1815
-10184
-7170
-5088
-37
-992
5888
-5120
-5617
-9172
3588
-2016
244
-10208
766
-3040
-8190
-12252
2802
-9200
4340
-5100
4
1044
-254
-9216
-269
-2000
-5651
-8172
2050
-7152
-511
-4060
1577
-2832
-2303
-7116
-4849
-15332
6881
-15356
1259
2064
-4846
-15336
305
-5100
3338
2084
4056
-7132
-697
-9208
3585
-10232
-13
-6116
-6371
1052
1540
2076
-2318
-15356
-4613
-10224
489
-12240
-8966
5132
3068
-9180
-10233
-4872
-8941
11288
3041
-2028
-4886
-5116
-1811
-7952
-7415
-17384
7459
-11216
9996
-21472
10772
-3040
786
-13280
-782
-9188
804
-11248
11764
-12272
2034
-5112
-7895
-14288
-9713
-20440
2034
-17352
4065
-15336
9749
-12276
1041
-7940
-524
-7140
-2310
-8172
801
-11216
12042
-4080
4862
-10200
3581
-12280
1556
-6092
5931
-5900
-61
-12264
-6126
-2000
-1777
-7140
5890
3104
997
-9008
6420
-7108
-3316
-10224
7193
-11220
9991
-10208
268
-11232
5645
-5056
2319
-4080
4117
-6132
6677
-3856
17155
-7081
-3585
-3032
-1302
-11244
10022
-16372
-2549
-16336
1761
-7136
-7432
-6120
9706
-15253
-3591
3116
281
-3044
4093
-5072
10508
-7152
-6149
-11252
10981
-7148
-1280
-7100
9469
-6096
-5639
-2048
1028
1048
4606
-1012
2059
2080
3606
32
2339
-2032
-4343
-2008
1310
-5084
-2312
-11252
4084
-7136
-3815
-7132
-4883
-16356
2261
36
2583
-3052
-3833
3080
2107
-3008
-3075
-3860
262
-8968
4597
-2048
-4324
-5060
9688
-4892
-11254
-5112
4132
-19444
-3352
-1796
-2073
-12284
-11034
-6940
-1788
-18400
-792
-4052
-13884
-1992
14075
-5060
8701
-7092
1264
-8176
-12280
-996
-7452
-11224
1767
-9180
-258
-6140
-12795
-2024
22
-772
2289
-10232
-4611
-5014
-2068
-10232
-2047
-10236
4877
-9204
-9463
-11260
-467
-5072
-4843
-3060
-2061
-13268
7678
-8160
-6651
-11208
-4113
2116
1041
-7132
8442
-14328
1518
-7164
2573
-16360
-10993
-3056
6407
-9125
-4391
-13272
6130
-16340
4842
-7148
-5372
-14300
4091
-10204
3322
-7124
-3615
-18420
-34
-5100
1577
-16328
3841
-1012
8723
-8160
3328
-16344
-4314
-8168
-3317
-3044
2033
-11204
-10757
-8172
9433
-6928
-797
-2028
1062
-5088
-15649
-13280
-3604
40
-7450
-3032
-7199
-6124
-6921
240
6882
-10208
-4608
-4036
2315
-5096
8223
-5896
2603
-6092
2807
32
-6920
-5112
-11025
3112
-3835
-7132
5902
-10196
275
-18188
-7410
-19444
-3863
-1984
7677
-9188
-3063
1264
11032
8216
5922
2096
6923
-3068
-3849
16
8394
-15324
-8751
-10212
-3104
-13272
-502
2096
-1340
-12240
1770
-14324
-2778
-10240
1552
-17372
13023
-3032
-2818
-12252
8480
-5116
2079
-17404
-242
-9196
1046
8244
-7926
2068
4088
-15344
-5123
-15308
-1326
20
-7400
-19420
-2328
-5892
-1839
-13288
-769
-8164
4358
-3072
7918
-21260
9701
-5064
748
-1004
-743
4136
1293
-784
7407
-11212
219
-7164
-1008
-12256
736
-7148
-5889
-8148
10731
-13072
3587
-5076
3089
-6104
-6380
-2032
1283
-5080
-10219
-6116
7420
-14332
-799
-10200
8955
-4080
-4863
-6100
3577
-7148
2064
-4060
3052
9244
-2043
-7116
-2300
-8148
-2566
-16324
6411
3088
10237
-1016
-1032
-10196
-3594
-1024
-4317
-6108
4380
-13240
-9471
-9200
-1032
-11224
1002
-14328
4385
-8176
-3326
-11228
1779
-12272
-7383
-5080
-1290
6184
4042
-5108
-9995
6384
-16403
-4068
2775
-8128
-7694
-3848
-2021
3324
-6405
4100
-1814
-7136
-6888
-2016
3835
-8140
5364
-6064
7204
228
-2291
-7940
6376
-7140
-10493
-5033
-3605
-3052
1752
-10232
-7166
-8176
8720
-3036
2067
-8988
3810
-10196
-757
8
5158
-7136
-7160
-10204
-4124
6204
-1001
-5096
6146
-3044
1320
-14300
-2363
-5080
2079
-3020
4
-11220
2075
-15336
5906
-4048
29
-10168
-5379
-2000
-2066
-15324
-4838
-6928
-2315
-6136
790
-2004
-553
-5080
2550
-7940
-2585
-7132
14046
3120
-4604
-3048
3574
-7168
-4899
-9144
-5366
-12260
-1518
-2036
-3095
6176
14
-8188
-2574
-13288
-1514
-8168
-977
1060
-9737
-9204
9984
-7132
-3528
-11252
3066
-4076
4913
-4068
-7920
-15312
5124
4
3303
-4036
-8439
-15344
7397
-17404
-9432
-8188
525
-13260
-2561
-4076
3342
-1796
3836
-10232
-8675
-5092
2551
-8176
262
-8168
6423
-3008
-4360
-3056
14578
6184
-3089
-2024
-4586
-13312
2310
-2988
-6153
-16380
784
2092
-6925
-15332
-1044
-7128
2558
3104
-10527
-11208
3567
6184
-5113
3108
-1560
-14276
4073
-3856
2271
-12232
799
-4060
2823
-4096
745
-8160
2062
-25292
-6169
-5116
1050
1076
-4389
-19424
3574
-988
5602
-11216
-5891
-7156
1269
-9192
8425
-19384
-7916
-7116
502
-7140
7133
-988
-4070
3080
1264
-4076
7680
-10204
7941
-6068
-6652
-11212
6150
-13260
-8428
-2836
747
-4060
6117
-992
-2298
-3844
-17158
-1008
-4861
-15288
-5128
-5080
9694
-9148
-1267
-7160
-4379
-3860
-2810
-4044
-6163
-4064
1537
-10196
8972
-7148
-1298
-3848
3352
-13268
2279
-2040
-6887
-6132
1019
-3028
1532
-12220
7954
-5072
6172
-4036
-6925
16
-2817
4156
-482
-8964
-6140
-1004
4591
-5892
2059
-9188
4060
-7108
785
-6140
-11786
-2012
-2816
-14264
1009
-6136
-2291
252
4330
-7140
9713
-5092
1291
-12197
-8691
6164
-3818
-2820
15579
-6104
4357
-12272
-1852
-6092
-737
-12036
-1555
-14324
-7975
-2016
-2820
-4068
-7409
-4060
-4634
-9160
-2315
-16332
7667
-18400
-3341
-2988
-8464
-12260
11
2240
2532
-15320
18943
-996
-1519
-7156
-1551
-6108
6361
-6124
2042
-3020
-1048
-3056
-1520
-3052
-7433
10264
4863
-8176
-1296
52
-5380
-12288
1790
-14308
-4096
3080
2319
-17348
4103
-968
10211
36
-7741
-2828
-3067
2092
2256
-988
-995
-4064
7152
-6100
3617
-4072
514
-992
-4626
-13272
-5888
3120
-3598
1032
4885
-10216
-13556
-6108
-3356
252
1320
-4888
2558
5364
-8445
-2032
1542
1076
1814
-7948
-1526
-7132
13835
24
6673
-17384
5893
-10149
-790
-5104
-5862
-4044
7436
-16368
-7163
-7116
11785
-6124
-4364
-3040
-4331
5132
2555
-7116
4317
-7132
1000
-12272
-4805
-13244
-6672
-11232
-5328
1276
-3550
-6108
2832
32
-5607
-11040
-10
-7144
-229
-3068
3320
-2828
3612
-15316
4853
-11260
497
-5912
-764
-6112
-9223
-4076
2085
-6096
3815
-6124
2829
-10204
-8442
-3060
-995
-5896
2044
-10212
-1580
-6112
-4342
-7104
4080
-9192
-525
-9204
-252
-9156
-2829
-9180
-6343
-11224
1517
2076
788
-3040
-3055
-5108
4599
-19436
1544
1064
-237
6152
3834
-4064
-3842
-13068
2297
-6096
-244
-12240
5090
-15108
1285
-2016
-501
-15316
4854
-13272
3576
-15340
4594
-7128
7932
-17380
-3834
-12252
1035
-12248
-1485
44
1851
-5084
2286
-14316
-2322
5160
-1309
4
3086
-6100
-6671
-5084
14
-2016
-6901
-4044
6661
-11024
8498
-15356
6453
-964
-788
-10220
-3813
-10180
-9991
-4028
3848
-8172
239
1060
-2086
-8160
-4579
-11248
10501
-10220
-4592
-15344
1772
-8176
2550
2068
261
2112
-11280
-8168
4360
-6080
-4911
6160
-3576
-3868
-7184
-8144
767
-1000
-7397
-8148
5119
-6924
6174
-6916
5882
-7120
-5618
-15320
9466
-4092
536
-18408
3599
-8136
7415
-13276
-2814
-4076
5088
-7960
-1495
1032
5401
-2820
8172
-13252
-2308
-9180
-2047
-5088
-5365
-7088
-5155
28
2309
-7132
-3582
-14084
5396
1084
19
56
-285
