-12224
-3626
4120
-2315
-9204
-7677
-8160
-7942
-9148
-8432
-4056
-4594
-8172
3601
-5096
-8466
-1012
4107
-16372
2051
-7132
533
-11032
-7712
-996
-6
-8140
-6405
-8172
3588
-16336
-12767
-4032
-1057
-8188
-3822
3092
734
-14308
-6148
-17396
3813
-2036
-3332
-13264
3565
-6112
792
7204
3325
2108
3818
-24276
10
-10192
-1258
-7148
2333
-9188
-6385
-6112
5885
-18356
-3384
-6120
3839
-9152
5373
-10228
4087
-9200
7422
-3036
-2544
-2981
-2535
-5104
6158
-18428
4879
1044
3592
-6132
-3065
-13288
-6649
-10196
-5393
1276
-555
-4080
5366
-6092
-4615
-2024
497
-10188
-7109
-11192
-2548
-11180
-1284
-8148
9216
-11236
-6891
-17376
-5646
-8188
-559
-12036
8192
-13268
523
-8176
-5370
52
-13078
-18416
3082
-12276
6113
-7112
742
1096
4625
-12044
22
-4072
4351
-13288
513
-14300
-5369
-11236
-1788
-7132
-2312
-7112
-3567
-22244
520
-7112
-2537
-4088
-7967
-11204
-1818
-18396
3615
-17368
2516
-6084
3624
2072
-8211
-992
-509
-3036
-7697
-15352
2295
-13280
-1806
-10184
-2273
4108
1274
9292
5370
-11204
5365
-9172
-2085
-9196
2581
-6120
2309
-16360
2523
-5084
5384
-5080
1800
-3036
11028
-22256
-6172
-12220
5358
-10212
-2521
-3024
3395
-15324
1011
-9089
13561
-6112
7164
-9200
9230
4
3852
1068
-4336
-6936
8710
-1020
-4590
-14308
-247
-15312
-2057
-3052
-260
-11232
-1795
-12236
-1767
-7144
4355
-3008
-7407
-10188
-1016
-11236
-6689
36
2823
-11236
4666
-16360
7929
-10216
763
-9192
-6154
-11208
-1053
-17180
764
-1828
3613
36
243
-9184
1808
-8172
1552
-8152
-4594
-5088
7963
-1796
1259
28
5652
1084
-6904
-5096
6400
-3056
-3075
-11216
-1773
-13068
-1271
-13240
6860
-14292
-7165
8232
1308
32
6406
-7120
-1005
-6124
-10004
-3064
-743
-3044
9451
244
8978
-7124
1523
2088
1005
-2004
-1026
-8168
-1819
-7132
3085
-7116
-2337
-10200
40
-15284
5881
-10212
-3846
-6100
7659
-12244
1249
-7116
-7443
-12056
5353
-6104
-3812
-7100
-7400
-8124
-10
-10168
14563
-13308
-3036
-968
-504
-10204
-1539
-18352
6129
-13284
-3362
3116
-3380
-2036
14081
-6112
-6140
-12280
8475
-4884
24814
-14300
8187
-19396
3077
-10204
-11797
-5056
11519
-6128
-1004
-6116
3600
-7132
3312
-12236
-2287
-7968
3892
-23256
4323
-11188
-9708
1080
5107
-12232
15622
-2004
-6420
-7148
3062
-11228
5865
-15296
1814
-9188
2051
-13284
-999
-14288
2836
5152
-1316
-3072
4865
-18416
4347
-1984
4340
-7144
-2314
-11240
4619
-6076
-7158
-11228
-8733
-10192
1514
-4072
3327
-6120
3857
-14284
3336
-11212
-7948
-7112
281
-19212
-18467
-2048
9740
-7164
-4131
-22272
-1276
-4060
1761
-10208
-1522
-6092
-492
2060
-8704
-9200
5402
-2016
-2866
-7964
-5411
-11252
-6654
-8184
7159
-17352
8444
-5120
3854
-3012
11005
-17396
-4362
-14304
-7709
1036
3802
-6112
-3106
-11232
7668
-9168
773
-9192
3555
-11244
5658
-20456
8182
-6112
529
-10228
6642
-10236
-8694
-988
1751
-17368
1258
-18376
-5083
-12268
-2498
-13264
11785
-16380
9762
-16328
8724
-9164
8711
-5088
9748
-13264
-4115
-2820
761
-1008
-5091
-19412
7707
-5072
-7443
-11020
280
-6136
3818
-10216
-3554
-3040
244
-7124
-6626
-15324
-4872
-13228
1799
-18368
4607
-8160
4127
-5048
-6117
-5116
5360
-8148
283
-16328
-4580
-6080
5878
-7116
6653
-5116
3080
-12280
-7684
-18412
2031
-8176
-8449
-7112
-1490
-6124
3357
-6096
11800
-16320
6139
-16364
-2604
-12256
-5123
-7144
5371
-7112
-5406
-4096
497
-5104
3350
-10208
-5382
-12236
2012
-17376
2825
4128
2064
1080
-8197
-4092
6408
-7112
-4359
-7120
-10199
36
7405
-8972
3364
-11240
-13631
-9204
2310
-3852
5131
-5100
-13292
-12236
-797
-10212
-3
-7132
-5137
3316
7166
-9216
-2567
-6104
-7413
-5088
3315
-13300
-7945
-11216
2539
-6116
1811
-10240
5368
-12256
6154
-5048
8717
-8140
3305
-3040
4096
-9184
-761
2120
-5124
-6092
3600
1064
-520
-11012
-1048
-6116
1288
-11244
6145
-12276
2001
32
-232
-5092
2580
-16340
-1059
-11252
1809
4160
-5375
-6096
3852
6392
-2281
-4084
-4097
-2032
-2277
-3044
-1019
-4056
6136
-4872
6675
-8168
-9980
-5068
-2311
26892
-1307
-18360
3880
-13288
1030
-7148
-12520
-4084
4338
-11248
2331
36
-8946
-9176
-2319
-7128
2565
-14288
-4879
44
9196
-3040
4368
-4088
-12026
-6100
3832
-5896
-1817
-10204
1553
-9180
525
-7092
-6440
-11220
-7157
-3016
3551
-10188
6433
-10228
-2581
-10184
-2028
-8184
266
-3044
3613
1064
-4096
-7081
-11274
-14276
-755
-6108
3329
-3052
-1277
-4056
13833
-16360
1535
-4060
-12339
-11165
-15128
-9192
-541
-11232
-6142
-11256
-4087
20
537
2052
2290
-5116
4073
-13272
-224
-972
-288
-1988
-2819
-5084
7926
-2996
-11540
-8156
-1278
-9180
-28
-14280
12031
-12260
-779
-7148
3096
-12272
4865
2072
-1767
-6112
-3587
-3044
789
-1004
-3302
-10236
-2302
-13240
-5378
-13276
7411
-10188
264
-7160
4600
2084
-10512
-12040
8986
-13284
7678
-7140
-4067
-6116
-9431
-2048
11802
-9992
5376
36
-6902
-10204
743
-6124
-8212
-16384
249
12
4666
-6100
-7664
-5104
7940
-1008
-774
-5076
3584
-16340
3589
-15308
-775
-9152
2307
-11232
-2562
-7144
-8927
-16344
-2314
-1816
-4344
28
5622
6396
4857
-6092
-10260
-12244
2843
-6104
1536
-1808
-4860
-14304
-1293
-7944
-494
64
9446
-10160
-4313
-6128
-4854
-5084
-4356
-9196
4381
-18400
-254
-3056
3589
-9168
2047
1080
6176
-3852
1260
-6108
-2004
28
4118
-9200
-6158
-8168
-2819
-4096
-3041
-11212
6650
-18348
-2035
-5100
9964
-1992
3842
-16332
1810
-4052
-2301
-6144
1790
-18376
-3310
-10224
5620
-8136
-1
28
5137
-14272
-11259
-10168
3066
-9176
13852
-3052
-3852
1024
1048
-15304
2081
-6092
1273
-9172
16134
-5076
-2556
-10224
-5386
-9196
1782
-9200
5126
-2044
-12862
-11260
-11
-8164
7429
-5924
-4603
-11220
8186
-4052
-3053
-14304
-9706
-7120
2557
-6088
-9207
-9172
-2301
-12280
6432
-6088
-6
-14276
-5374
-5892
3061
-13228
5158
4144
544
-7128
7430
-12260
8962
-9168
1542
-11240
6376
3072
7686
36
-11542
-8152
-4086
-20452
10744
-10208
-4091
-7140
11262
-7164
-241
-5892
21
-11216
-259
-9184
5124
1060
13324
-6928
2058
-10196
2826
-2820
-6637
-7148
4098
44
6649
-7164
2291
1048
4349
-7152
-223
-7948
-9754
-13272
-469
-13304
-2556
-7124
3369
-15336
6382
-12244
-5606
-11240
4641
8
4877
-13288
-3096
-14288
6923
-10196
-5370
-10204
-8468
-9140
-768
-7100
-8176
-7132
6421
-5084
-6634
52
-3059
-12268
7688
1024
-3308
-11248
-3839
-4060
-5835
-11256
-6900
-8140
3833
-2000
-5892
-6116
1803
-6132
4327
-11228
5861
-2040
-9715
-8105
7675
-10172
785
-8152
-7916
-10200
7190
-7140
6400
-9200
11245
-9188
-6922
-12288
-1557
-5084
-5652
-14288
3827
-9172
10504
-15300
1798
-10216
-2103
-6128
-731
-9148
-2564
-8192
3846
-7132
996
-8180
-772
2076
-6682
-6096
-2294
-5088
10526
-12280
5368
-7112
-13283
-10232
743
-10228
-1819
-19444
4608
-7168
6401
-8156
3086
-16352
-7398
-8176
-3295
-10220
-2298
-1000
1502
-7144
-3844
4120
1041
-3844
12300
-6920
-6141
4108
5909
-8097
2320
-5056
3826
16
773
-7132
-4870
-13264
-305
-1000
-15345
-4076
1802
-1012
2305
-3044
-6092
-6084
1790
-17356
-7935
-11240
8946
-10192
7135
-12036
-1284
-13256
3054
-5092
-4102
-11212
-518
-5112
-6407
-8156
3336
-6136
6613
-12252
-5372
-4080
255
-6124
-6643
-992
-6385
-16344
2291
2080
-7137
-4036
-1027
-8164
6417
-11204
12031
-18412
-4130
-6128
-2280
-9172
4832
-11196
508
-4076
-6886
-4048
-4628
-3848
-6914
-5088
-6143
-13288
-3057
-988
-2296
-996
-1534
-9176
-8184
1256
5603
-6096
-3613
-4084
12814
-10220
-8935
-10164
-2809
-4048
2576
-5096
3833
-6096
-3569
-10208
15
-11244
6149
-3848
12045
-2820
-1816
-10228
-9240
-13236
8703
-16372
-507
-5116
7734
-11264
-9999
-6092
-2836
-9172
2005
-11240
2802
-5088
15670
-11228
-7956
-13272
2295
-7152
7946
-7144
-6666
-5068
4596
-4896
-1557
-14092
2557
-10188
-4830
-5120
2067
1032
1299
-8160
2558
-7140
1823
1052
-1856
-9180
507
-7100
8176
-7148
8907
-18388
-3068
-5080
1290
-7948
5895
-5104
-4880
-14092
9738
-10184
-10748
-5064
5613
-13260
-3336
-10192
-5864
-2004
-5124
-13272
-6110
-8120
3080
-12252
27
-11244
5860
8
738
-11264
2301
-6112
12294
-6112
7903
-10220
-5614
-11200
-7907
-5108
-531
1064
2316
-13256
-4061
-5104
-6631
-10236
-1021
-8148
3298
5128
1509
-12244
7137
-6088
4866
-2028
-2050
-956
-1294
-16312
3623
-6924
-3095
-14280
7906
-3032
-773
-1988
-1249
-9212
5114
-19436
1534
-2048
-3552
-5064
7167
-10220
-2325
-15316
4342
-9188
-4601
1060
1814
44
4360
44
-3027
-13084
8934
-14280
1552
-8148
2836
-6080
3586
-5076
-1602
32
-477
-12288
-4364
-5116
10743
-15360
-1506
-10176
-9260
2300
-4830
-6128
4334
-17360
-499
-6136
3864
-6140
783
-12264
-3848
-8968
4546
-17364
267
-6112
-2001
-2036
-1796
-3060
7939
-13304
-5391
-9200
-4828
-10208
8707
-8105
-18453
-6068
2317
-11244
-2059
-5900
2041
-7168
11532
-3044
-505
-16372
7930
2096
-2835
-14120
11793
-11024
-5068
-9200
-5395
-12256
-4089
-11036
1792
-5084
6680
-2040
4296
-17376
1257
-8156
-1550
-11220
-4848
-10192
3079
-13308
1286
-10200
3825
-6112
-2075
-6916
-14840
-1016
-1258
-6092
-8009
-9184
511
-2024
1299
-15288
-13571
-10192
5111
-9196
-6381
-10164
4626
-14316
-3823
-12236
-1828
-11228
-15084
-11240
-1053
-13304
2816
-4056
-6887
-976
4625
1084
-6130
-12248
-8969
-3032
6682
-7148
-2030
-9216
-3857
-4088
4327
-13264
752
-6104
18
-7120
7942
-6104
-4854
-6120
-2518
-9188
-6
-11232
8223
-13292
6926
-11240
-6661
-22232
-1281
-6936
9963
-11232
5311
-8192
-1783
-11248
3632
-10196
3343
-1004
4587
-11228
-7428
68
4339
-7128
791
-17368
-760
-10192
747
-2820
-760
-8164
2280
-6108
-763
-13276
-1053
-6068
-2797
-19369
748
-14316
-6388
-14308
1027
-3052
-500
-10232
21
-13268
-4355
-6916
-10255
-11020
-2796
-12040
8
-6136
-7170
5156
-7633
-11236
2590
1072
6391
-12240
-4115
-6068
-7442
-8964
6380
-5116
-12061
-9180
5922
-6092
2063
-15312
8186
-12240
-13061
-11220
8166
-9180
-7163
-13272
-1269
-14288
7931
-9156
3070
-12272
6932
2068
1549
-8144
1247
-8968
1313
-7144
4140
-9184
-12061
-13276
-7952
40
-1057
-6100
-4096
-7136
504
-6120
-1058
-7132
-8457
-11260
-3818
-26316
1570
2092
3612
-11240
2305
-17396
-4345
-10212
3324
-5092
-4088
-4012
-1034
8
12833
-9156
-5119
-11208
-4607
-7112
-3562
-11204
9190
-9204
-6403
-10208
-5622
1272
7429
-12248
-5860
-9996
7675
-15340
2028
-15348
-3834
-12288
1511
-968
1264
2280
-762
-10212
-11273
-10204
6929
-6116
7176
-11220
1278
-15324
5621
-11204
-1506
-10212
2071
-12272
-6124
-780
-6145
-12252
-1799
1060
964
-10208
1032
-10240
8704
-15340
3104
2056
-239
-1988
1243
-3044
-1518
-9180
-7183
-11208
493
-11232
-11016
-13296
-8648
-10224
-5625
-9184
-9494
-6088
6138
-8168
2034
-8184
-1302
-14284
5371
-8964
2078
3088
-10509
-9196
6668
-15356
2829
-3060
4387
-992
9739
-3876
545
-7132
3562
-16360
5636
4112
-5874
-1804
-16654
-14292
7648
-3052
-4626
32
-525
-3028
-7394
-6092
3620
-6920
-3568
-11212
-4893
-3856
-9753
1032
-3331
-10204
5325
-10236
-5884
-7132
-1503
-2020
-3835
-7132
-1538
-3852
-3301
-9184
-1551
-4064
-516
-13312
2051
-13284
-1044
-10216
-9261
4348
-1268
-8140
-3831
-14272
2555
-8160
-1005
20
-4325
-10188
-8238
-15344
2333
-3020
-3330
6204
244
-11216
8462
3096
807
-4096
9698
-4052
2600
-12220
7921
-14300
8158
-17388
-1326
2100
-2791
-10216
4309
-17376
1792
-5088
-5906
32
-1817
-6100
-8213
-3004
7924
-7160
1540
76
-3565
-12252
-1737
-17396
-1814
-3020
-5141
-6136
-2551
-17396
2318
-11224
-5118
-6136
8444
-13221
250
-5064
-4616
-13076
-1545
-5096
-9714
-8176
4340
-9208
-808
-8140
-7199
7216
-2294
-9156
-6403
-12284
3321
-9180
8464
-8188
5
-7152
-1022
-9152
756
-7084
1558
-10204
3068
-11216
1780
-16340
-2814
-11260
14864
-3068
2808
-12236
28
-11264
7911
-9184
-4116
-4024
2305
-2008
-3598
-13276
6926
-11032
-2016
-10184
-245
-4056
3326
-3028
22
68
3340
-13280
-22305
-3048
760
-1004
11296
-13296
1300
-4044
507
-12252
-5354
-14312
5851
-10236
-2552
-8180
-9182
-12252
-283
-17360
-5118
228
780
-7148
-2332
-9208
-10760
-10200
-3595
-10240
14305
1060
-8430
-5064
4851
-5088
6128
-10200
4128
-3028
-12785
-16368
-1783
-16297
-1520
4344
9743
-7940
1271
-4080
2804
-5080
3337
-1992
-7418
-3032
1521
-10200
-1532
-8132
5633
-2028
8228
-11252
8711
-18404
-1021
-5036
2035
-9192
-1279
-4052
3052
-11220
-1259
-11252
2281
-15265
4840
7184
6618
-8180
1506
-14336
-5884
-5112
-510
-9988
-3047
-11244
3565
-8176
12009
10276
2537
-12236
-6651
6368
4356
-4088
22750
-10208
-1543
-15320
6918
1032
997
-9216
-4616
36
2309
-1012
4849
-15332
-1036
-12056
3070
-16148
11288
1060
-3591
-8176
-3075
1040
-2558
-988
3330
-980
-7434
-8144
3838
-5068
4344
-9208
1534
2096
5374
-8172
4355
-2036
8980
-7944
-1050
-14100
-6677
1052
3615
2060
-1303
-2040
805
-6136
-2530
-7156
4830
-4876
3540
-4876
-3061
-7160
8461
-6112
3821
-2024
3318
-8164
-2330
-5072
6652
-12252
8691
1260
3608
-2820
-10236
-2004
9974
-7144
-6120
-2004
7918
-6136
-494
-10196
7414
4116
10490
-4072
-5870
-11020
-3799
-7168
3103
-3068
-9212
-6100
-554
-4876
-5617
-8164
3347
-15320
6912
-7124
-8694
2052
4590
-1972
1786
-11264
6676
-14288
-1803
-2008
3075
-19452
-4619
-7081
7672
16
-1019
-6136
-3048
-2836
-9462
-1004
-5602
-12248
9216
-9204
-3559
-13288
-8448
-7140
-796
40
9712
-4084
-13287
-4092
-4666
5160
9699
-9184
3567
-13296
4620
1260
-3347
-15288
2081
-8152
-6130
36
-289
-7148
-2115
-5104
-6199
-12232
1537
-20468
-6137
-5080
5610
-11220
-4595
-2000
7181
-5912
-2836
-8180
12278
-12248
2309
-6116
-7707
-5064
3367
-15308
-3866
-12252
-8956
1052
4063
-6088
-5380
-10204
2283
-10196
-12514
-9196
9487
-11232
10242
-10208
-1238
-16336
7134
-13252
533
-9196
-2289
-9200
-10757
7224
7679
-6128
2581
-13256
-2030
-8128
-495
248
-988
-7140
-5661
-4036
7931
-5900
2563
3080
7674
44
-5156
-17388
-1797
-4076
-475
-3024
-6650
-9188
7171
-4088
1295
-4064
4594
-12276
2310
-5088
2816
-16352
548
-22224
-2322
-15328
-5914
-6124
-7949
-15332
-1800
-9188
6154
-15328
7912
-9200
-3064
-8972
-1790
1040
2278
-7144
2319
-6136
2029
-8172
2544
-8184
8486
-17388
-1535
-9176
-8403
-7124
-6931
-14296
10774
3072
9992
-10208
-8985
-7944
-6419
-6084
3564
-5088
-771
-7132
6898
-4064
-2547
-4092
-1790
-5104
-6603
-5116
4871
1048
3581
6172
8470
-7152
5378
-6128
-3824
-7132
275
-2048
-2284
-2008
-243
-10204
5881
-5092
-8702
-8160
-1028
-9200
2283
-12228
-10215
-10184
-5858
-5108
-1035
-9172
-3844
-15332
-1525
4108
2261
-4048
3838
-976
-4393
-6140
2303
-14324
7921
20
-6681
-4084
3842
-10216
-4358
-13264
-12040
-5104
-11741
-16368
1064
-16316
11258
-1992
3355
-12248
-16154
-15316
1284
-5088
-7929
-11216
2296
-9184
2564
56
-7667
-10220
-3584
-4068
1757
-10208
2577
-12268
8420
-988
-6657
-4872
6396
4120
-5902
-968
6673
-5896
2802
-2044
-6396
-2028
-11250
-13276
799
-6064
-5107
-6140
5904
-14316
-17
-10220
-2310
-18376
-8698
-9184
-2309
-21444
3045
8
-9498
-13304
-284
1036
-1029
3124
-2827
-10224
530
-14332
9748
2080
-3834
-7136
-1549
-5088
736
-11244
-8179
1268
-2008
40
1789
-8172
-7383
2300
-762
-7160
5656
-6112
2025
-6128
4318
-11244
4085
-1992
-4860
3136
-4594
-8124
5093
-8168
515
-11252
2576
-10192
-4332
-3044
-2585
-14324
-4100
-8156
-2775
-9184
744
-952
-212
4152
4879
-2040
2584
-9152
7672
-11224
3360
-11244
-8178
-11244
993
-14328
-7411
-10160
2859
-3032
-3614
2068
1802
3120
-6353
11504
1023
-10236
-4877
-6124
-4607
-5072
-7938
-5088
-785
-20416
-1783
-13076
-2555
-2988
-7173
-10004
2059
-11240
-4630
-8176
1565
-10236
258
-7144
785
-6928
-9975
-12284
2539
-11236
8737
-9988
-1761
-4084
-2810
6160
12038
-996
-5646
-8160
3552
-10224
-3
5156
-4344
-12224
1793
212
1006
-6088
-3826
-6116
-5914
4128
-3056
-2016
-1250
-2036
-5414
-14288
11250
-6920
2080
-9184
4362
-4012
-5875
-3020
-1032
52
7164
-7144
-4343
-13292
-1013
-7144
505
-4072
5367
52
-282
3084
-489
-11248
6696
-6100
5847
-15336
5613
-7140
1504
-5092
4621
-10196
-14332
-9200
-1001
-11240
4596
-12240
-4072
-12260
2286
-8164
-4090
-1016
9490
-5076
-1806
4
2054
-13201
-1080
-19444
-1521
-13272
-2029
-8136
-11346
-3020
-6381
-10172
14818
-3004
-2304
-6124
6116
-7156
2560
-7156
8732
-14276
-1816
-17192
3322
-8180
-4106
-8160
-1547
-1000
9478
-14312
-2044
-7152
-727
48
6878
-5116
2047
4128
-9226
-6108
8677
6188
-5101
-7104
-2574
1076
-6669
-22236
6374
-8164
-251
-10192
6150
-9988
-3808
-21496
1057
-16136
3850
-8988
1807
-6116
-2305
-6116
3569
-4072
-8689
-16376
2047
-7096
8697
-3060
-3603
-10208
784
4
2788
-5084
5093
-3068
-2335
2064
-4100
-7132
6940
28
2826
-8148
-2072
-16380
-6930
-10208
2777
-2004
790
-19440
3614
-3060
-502
12
5863
-11200
-1268
-5120
7431
-10184
-9019
-1800
-7648
-7092
-1553
-784
999
-10196
993
1068
737
-4044
9210
-3056
6158
-8152
6910
3112
6405
2076
-8971
-7136
-5648
-4032
-5122
-6132
2033
40
-1557
-10208
-1806
-7152
4378
-12040
-8983
-11256
8731
-976
-2046
-6136
753
-2820
-1782
2100
-4120
-12060
-6646
2300
18680
-1020
-13060
-4036
3061
-9196
6932
-11212
-800
-16132
20
-11228
4367
-3056
-5099
-8964
1797
1272
6383
-7124
12562
-6053
1306
-8184
5185
-19432
2321
-3052
-4101
-9188
11768
-8164
-11781
-12244
-2332
-9192
-4107
-4028
6404
-23244
-4874
-13076
256
-2832
-8433
1276
533
-7140
10989
-1008
1775
-12240
-12534
-5108
-7414
36
-6416
-14292
2322
-11196
-6638
44
4829
-18416
1796
-3868
6127
-1004
-5342
-10224
4068
-1996
-543
-11236
2059
-5900
1538
2300
-17906
-8172
19940
-17396
-498
-4092
1285
-2032
-2779
-1024
6920
-2004
-3055
-3052
-7171
5176
-1036
-5088
-3888
-3036
-3805
-9180
1549
-10188
-1262
6184
-6913
-7144
264
-12260
-3072
-2012
-7428
-4060
9987
4
1028
-5108
-753
-2024
-5128
-14312
6870
-12236
-1803
-16348
2827
1056
5368
36
1289
-13300
-4884
32
-1789
-3008
-4097
-13272
3597
-13280
263
-18360
-2581
-16372
-762
-6104
14580
-10216
-9232
-12216
-9769
-13288
-496
-5912
-2838
-3052
-506
4124
-6149
-6916
7931
-11224
-7700
-14304
6384
5211
-17656
-3064
-1813
-6136
5859
-21440
-2009
44
2567
-4048
2862
-14292
2036
-17384
10535
-5100
733
-22236
4082
-2024
-4095
-14320
9967
-15336
1816
-15108
443
-14084
-1007
-15128
4302
-15348
7170
-7132
-6916
-16376
5636
-2012
-2072
-1016
-6433
-6144
1017
-11180
1257
-14332
-7888
-14304
1772
-8152
6924
-7128
7925
-15332
-4116
-18384
-6138
-4040
1057
-992
-2301
-5072
4856
-3024
2316
-9192
-9213
-14312
769
-16348
4871
2068
-1305
-9992
6940
-9164
-2548
-13296
6129
-10220
498
-9196
-4342
-3044
-1252
-14312
-3609
-7164
-7667
-12264
3603
-14324
1046
-7144
1032
-16308
-4057
-12044
12535
-22224
5636
-14280
7953
-3028
-3335
-12228
2035
-9204
10546
-18384
-6406
-17356
-530
-15288
-7663
-7160
-4356
-12244
11025
-10228
-3300
-6108
53
1064
1800
-17376
8683
-10212
999
-4064
-4606
-12248
-4333
-9200
5383
3320
-4588
-7168
-4849
-15324
3808
-7128
-6117
-3852
5867
-5104
-5885
-10204
-2021
-21500
3306
-14276
2579
-4056
3789
-5048
-25042
-7152
-7930
-20460
-13
-16320
2839
-8144
-5616
-10192
14850
-5116
4395
-15308
-10467
-12272
1211
-16376
3072
-15340
9475
-19436
5135
-10184
1809
-8120
4100
-7144
-7919
-9188
6399
-7112
-5908
-972
3832
-6108
-4621
-10208
5620
-10200
2535
-7144
-2818
-12256
-6653
-14284
-7931
-5096
-9257
-13284
3087
-20464
1999
-10180
-7125
3132
1259
-4056
-7182
-11244
3832
-19404
-9746
-9204
4586
-14324
-8157
-11216
1821
-13292
3321
3084
4626
6160
-7
-11216
-3071
-17396
-2066
-9204
-7707
-10192
1289
-7156
285
-16356
3840
-788
-2318
-9200
-4118
-9216
2793
4116
-2784
-9188
-1522
-3036
-5647
-6100
-1561
4148
-3096
-10204
-1545
-2008
-7166
-7140
-10246
-3016
-11740
-2040
2030
-7156
-1070
-13064
7962
-2024
-4349
-8144
-1011
-9208
11505
-7152
-2554
-6128
-5635
-12224
5621
-980
2558
-11236
1539
-9180
1272
-12244
225
-4028
-3595
-11252
-3619
-13272
2761
-6104
-15639
-20452
4367
-4052
14037
-15312
7664
2092
-7962
-11204
5596
-6104
-7687
-12264
280
-1988
-3858
-6068
4106
-11240
-2302
4108
-5118
-8144
263
-9996
2861
-9192
-2774
-11228
-5647
-3060
-7186
-5096
-9209
-8156
-5900
-2852
-1822
-13084
3611
-3048
-4890
-13292
8431
-8136
-4561
5132
-6901
-988
6165
-13060
215
-6092
-1264
-11240
-7515
-12036
2829
-6116
5936
8212
243
-7132
-513
-8188
-5600
-12268
6882
-6128
-2559
6148
-9448
-3052
8971
-2985
-5132
-13300
4088
-2024
2016
-11204
6379
-9216
4355
-4080
4
-9196
-2777
-9188
3603
-4028
-9517
-2036
1815
-4872
267
-13284
-1004
-7156
-7675
-11252
-3077
-6116
742
-3848
-1521
-2036
6382
-13312
-4602
-6112
-7445
-12201
5099
-9144
1290
-10216
-8731
-3072
3812
-14284
-5376
-18392
11531
-5896
-4612
-2028
6395
-11236
4345
6144
1281
-10196
-6103
-13304
1811
5132
1790
-4072
4085
-10200
-7453
-9168
-4123
1088
-6153
-11252
-3040
-12060
-7210
-5084
-7671
-7069
-8677
-10220
999
-8108
-4080
-2044
-274
-10176
2586
-9184
-8482
-6116
1814
-12276
9199
-13268
4622
-11212
2302
-4888
3340
4120
-7685
-15320
3552
-9180
-1780
-15312
7134
-13288
6862
-18412
-782
-1016
1040
-12260
-5101
-8180
2577
-9996
4318
-3032
-213
-9148
-9189
-980
1542
-2028
720
-8160
24
-10200
7387
-15340
-520
-3060
-2801
-16324
-3608
-13264
-6138
-2020
-5155
-4088
7651
1048
-2819
4108
7924
-9192
-1017
-11224
3611
3104
1803
-8160
8436
-2024
-6152
-7968
-5133
-5076
10997
1052
8730
-9200
-5135
-12260
2338
-11228
-30
-12248
8426
-5072
10250
3120
-4612
-5100
2814
2112
-4079
-8156
-767
-13060
-531
16
-5612
-10216
1769
3080
-7424
-4076
1805
-8188
-9967
13344
1512
28
5105
-9200
-3840
-6124
-770
-3032
5646
4116
6372
72
-4135
-4092
-8728
-2044
-267
-21460
-2275
-27376
1350
-5080
-3350
-4064
5109
-11016
-8438
-8160
6406
-4056
-4368
-19448
-986
1056
-535
2084
1517
-6136
-1002
-10172
19485
16
511
-6084
8945
-10164
6424
-21492
-3350
-9208
1276
-10200
3869
-988
-3897
-4072
-8176
-12240
495
-10212
-1534
-7084
-4608
-10232
9194
-10224
3605
-16384
-6681
-5084
1799
-7100
2564
-7112
4078
-13232
-7923
-5108
2075
-4048
546
-13280
-6392
-7140
-4109
-2008
2082
-7940
5160
-996
3818
-996
-3
-3040
12541
-9125
6660
-9180
1819
-4068
4598
-13292
-514
-14112
-2009
-8164
2022
-7120
6392
-10224
1540
-1000
-5126
-19392
-301
-4032
1280
-1020
4859
-988
-6913
-9176
-13012
-5056
6640
-8964
-5349
-12288
2575
1044
11263
-3060
-2041
-12268
1042
-5064
-10511
28
4847
-8180
6148
-11244
6670
-10200
518
-6112
527
-13256
3578
-7156
-7672
-7148
9732
-14296
223
-4068
-9204
-14320
-7940
-7160
-2018
-9216
8171
-6116
8432
-15360
6677
-1988
11759
-10216
2021
-9176
-537
-17364
783
-7952
-6144
2096
-7418
-16348
-5130
-3060
-7664
-2040
8180
-3072
3322
-5096
17125
-14260
-13305
-6080
2294
-10200
-2049
-19428
-8433
-6136
9258
-21488
-1266
24
18529
-8132
5105
-8180
2078
-13248
-7722
-7136
-5887
-15288
-5861
-17380
4574
-3856
-8938
-12201
4861
-4080
8992
-5068
2807
-6136
4608
2076
-10770
-11236
-2540
-2840
-263
12
-6388
1044
5375
-3024
-1828
-5072
2551
-9188
765
-22240
9700
-15332
-2540
-11244
-10459
-14284
5608
5148
297
-16360
9200
-12224
11012
-4036
7324
-3004
-3827
-5112
496
-4076
-4588
-11188
2303
-12256
5838
-6128
3862
-17156
-12529
-14320
-755
-14296
-6145
-10204
2843
-6084
-6923
-13284
10261
-4060
-2317
-3032
4121
-5116
-796
-1024
9973
-5068
-1042
-13064
491
-10160
-237
-14088
2862
-15316
1273
-15336
-7388
-6112
10467
-10172
-791
-9168
-5647
-12288
-1785
-5096
-8185
-20460
4861
-15292
4346
-6132
-5126
-3000
6114
-13248
-3080
2080
3081
-18384
-5386
-9160
4358
-19420
12575
-16356
-4906
-4056
1026
-1000
-434
-5092
5380
-12236
2838
-16376
5133
-9204
3090
-5080
-2518
-6124
3085
-14256
-3591
-7148
-4095
-13264
-3036
-5108
3074
-10184
7402
-2032
-4575
-956
-2285
-956
484
-3048
7426
-4009
12
-7156
-512
-13124
4624
-13308
-2826
-10196
-2327
-10192
2052
-14324
-3335
-9180
-1043
-6092
-4091
-7164
1794
-11248
2063
-20440
-2534
-10208
8423
-6108
5393
-7116
4324
-9184
-7118
1080
4074
-12256
5118
-7088
1803
-13300
-4371
1076
-5902
-6080
4375
-9196
2351
-6088
7450
-5100
-3074
32
9509
-4092
4091
-16348
2304
-12228
-2042
-10000
-3572
-8140
-2577
-19376
-1771
-7156
1013
-5080
-26
1256
8439
-19400
4362
-984
-3805
36
22
-964
-991
-12252
5844
-8152
-17
-13288
6681
-6112
-267
-11208
3600
-5072
247
-5088
3308
-22252
3850
-16336
-500
-3052
-14072
-6120
11769
-7132
-4350
-2016
-3568
-4084
-2035
-2032
5631
-9192
2049
-3064
-5873
-5088
6121
-14276
-2825
-8152
6119
-8160
-3811
-5120
-1809
-4056
-3322
-6092
3313
-6108
7167
-6076
-794
-3040
-6424
-5076
7967
-10232
5869
-6128
2553
-4040
9492
-9200
2033
-14300
-5129
-11024
6934
-11252
8700
-9172
1582
7200
-7440
-10192
3097
-10200
-8193
-23284
7686
-6136
-9721
-4056
7946
-14292
-5402
-2028
-6650
1036
-4855
-11208
-2319
-6128
-8934
-12244
-6652
-4084
2308
-16348
-7696
3076
-4887
-13300
1022
-6120
6395
-1804
1015
-12244
-5642
-10224
-3066
-8172
12041
-2008
3863
-13276
-1032
8252
10269
-5104
2034
-4060
1268
-11240
-1758
-9200
4309
-11228
-2549
-8148
10996
-1020
1787
-7160
3335
-19412
7172
-14296
-787
-2012
2829
3104
-16898
-7148
-1791
-4056
-5112
