-4076
-8989
5160
4383
-5104
5922
4132
-11013
-6108
-9760
-8188
1275
-10208
-10795
-9176
-10499
-9172
4345
-8188
-3052
1096
5654
-5892
3829
-6096
-14587
-10164
-3568
-9996
5611
-5056
-1058
-9164
-1278
-8164
8966
-7140
8461
-4096
3874
-12280
7885
-2012
5888
-17352
-2801
-11244
4856
-10200
-2296
5180
1820
-11212
3088
-18400
9496
-3060
-25
-14296
-9206
-16348
-5656
-19416
-7710
-16376
-8679
-12240
2832
1276
-5392
-3064
-5652
-16376
1016
-8172
2821
-10176
-12826
-14288
16349
-7156
1786
-4080
-765
-4009
-2025
-3012
7663
-10172
807
-6116
2824
-5084
4385
-8140
6384
-8148
3298
-12260
-5109
-17340
22393
-20472
7146
-18348
-763
-7100
-3883
-4096
-3579
2076
512
-17364
4103
-3044
9223
-18388
-268
-8164
5107
-2016
-4132
-15324
3357
-7144
2564
-13060
-1028
-12284
-6151
-5084
-225
-8168
-3347
-12244
-5394
-14296
8980
4
8173
-8148
-1776
-12260
2578
-15316
-3610
-3028
-5141
-6092
-12
-5064
-5126
-996
1533
-13284
2828
1268
6137
-10208
-11274
4132
-7938
-8140
1048
-17180
791
-6112
9493
-4880
298
-8192
13065
-30456
11016
-4052
6431
-7120
1507
-5896
3575
-9188
-1519
-7096
5592
-13252
-5936
2096
-2576
-5100
1267
-937
-2551
-18380
523
-18408
1007
-3044
7192
1044
2075
-10000
5633
-14280
1795
-9164
7375
-14304
759
-6116
2295
5132
-8197
-12264
-2057
-6944
-2295
-6092
-4133
-13292
-1028
-9168
1833
-6104
2790
-8168
-7432
-10200
6159
-5112
1037
-1996
4858
-5100
1275
-10216
268
-11248
-4092
-11264
2586
-3036
-6644
-1820
3065
-6124
6390
-17317
4112
-4072
4121
-988
-5900
-992
-2549
-11252
-761
-5092
12819
-5072
-7672
2092
2857
-5108
4841
-2012
4630
-18428
3082
-12268
6645
-15300
11803
-14316
-4861
-11252
4602
-7148
-7934
-14292
7915
-8156
531
-15292
-2833
-7144
2808
-18416
-7177
-5096
-10502
-7164
-1042
-5060
-6140
-8968
2309
-14280
-31
-11236
-10
1096
3109
-3044
-2559
-7128
-10530
-8148
-2302
1048
-2540
-9184
-2306
20
-4873
-8180
6117
13332
-13848
-5048
-800
52
5344
-6140
4606
-6116
7405
-20460
9991
-5088
-3336
-8120
-4867
3159
3822
-7160
-2535
-18384
1772
-8184
4108
-968
-9987
-18364
-8678
-15352
4381
-4048
2034
-14272
3837
-5044
6691
-2040
2846
-17388
-509
-8156
1962
-12284
-6143
-10192
-3845
3084
-5121
-5108
1285
-4068
4085
-6132
-2834
-3052
-5084
-3052
1793
-11260
-2574
-980
10026
-11196
-4356
-2000
-2290
-18188
9212
-11208
5614
-7168
-1816
-11208
-3813
-15332
541
-8152
4346
-11212
-6428
-5080
-3090
-2820
6957
-10220
4125
-16384
-7192
-4880
11779
-9180
-8495
-13260
983
-6128
-9986
-3028
-9203
-7140
-1557
7192
4896
1028
-2276
-988
-3110
-8172
-9502
-11240
4376
-11228
3843
-9188
-5661
-16348
7161
-20424
2072
-2008
1045
-10228
9471
-13308
2321
-8180
-1785
-17364
-534
-17404
783
3088
-4061
-5084
2036
-4052
6910
-1008
-11319
-5088
4074
-10184
-2535
-12252
4351
-1004
-3620
-2840
4354
-2820
-4117
-16132
-501
-5100
-3864
-8192
2292
-10212
-6654
-10228
3609
-2020
10748
-4084
1542
-10236
4104
-7156
-1787
-7148
548
-14288
-2569
-15296
-2046
-2004
-1828
-13260
9214
-9168
15359
-8140
-3836
-16356
-5880
-21472
14583
-4072
-7959
-776
-4354
-7124
-1806
-3068
-7156
-5108
-11545
-9184
744
-984
-4894
-7120
-536
-15128
1284
-11248
-1037
-6128
-260
-7140
-7639
-14288
10194
-7168
-1762
-10192
7145
-7160
-7941
-7128
-4640
-16336
-3898
-12044
-13819
-10220
-6920
-5092
7662
-15352
-1538
1064
7972
-1004
4826
-4084
-3832
-2828
18963
-13280
2811
-9996
13551
28
14095
-8180
-2306
-4084
10255
32
2028
-13268
3859
1080
6924
-7088
6397
-6128
1791
-10200
1787
-8144
-5941
28
11267
-11248
-1028
-7148
-5624
-5096
6914
-12244
6682
-13060
-8958
-7148
-7136
-9204
3580
-6116
-5883
3108
6426
-2004
1262
-9208
-495
-7108
-481
-12264
6647
-10180
-2323
2080
-2315
1276
10211
-15336
-13052
1052
1316
-20452
-1316
2080
-7159
-12232
1775
-4060
-507
-9200
-2563
-19444
7659
-8152
-3831
-11224
7925
-7140
-2573
-5892
1314
-9196
-24
-9144
-3826
-4876
-3581
-15312
2324
-988
-4387
-6140
-3341
-6112
-264
-13280
-997
-8156
-8968
1044
4365
-9168
1575
-1016
-3330
16
-242
-4876
14081
-8192
-1531
-14308
-1777
-3028
504
-8128
6194
-12036
759
5152
9689
-6112
-4599
-4056
-3326
-2000
-6432
-6920
5139
-8148
7908
-9144
5099
-6920
283
-9992
3575
-11244
6141
4
-12532
-7128
-1264
-9176
-771
-7112
-1085
-7112
-13823
28
-10457
-7144
525
24
-4629
-17180
-267
-18424
-535
-7168
10506
-10236
-3054
-14304
-1262
-9184
-13807
-9196
-277
-8128
-7146
-6128
10
-7144
7916
-6092
-5885
-7156
-1521
-9164
7650
-4076
-8982
-3844
11262
-9216
-10733
-980
771
-6116
6359
-9200
4116
-12276
-3322
-11232
-5426
-10208
6423
2084
1806
-5100
-1790
-14324
-3855
-13068
-4560
-14092
-3570
-7136
3314
-11232
-2578
-6144
-1798
-6128
-1291
-5088
-6664
-1020
3097
-11244
-3325
-9200
-2280
-11016
-8420
-2016
3620
-18424
-6185
-3044
-1790
-4080
-5115
-7140
-7195
-7144
7687
-13292
6657
-8148
-285
-13280
-1293
-10208
-1034
-1000
6617
5136
9211
4128
2855
-9176
-266
-9216
6385
-4084
-5359
-6116
-264
-5088
-1277
-16368
-1091
-6132
-11806
-1008
3346
-2828
-4107
-6108
781
-8120
8458
-1004
4360
-14316
4899
-14308
-777
-11228
-1510
-5104
3835
-21436
2813
-17356
1004
-3044
-4375
-12252
-1037
-7104
-4855
-18404
-7421
-9192
5645
-12044
-563
-7140
-4612
1040
-7723
-4072
9236
-19444
-513
-13284
1291
-1796
-7450
2068
13033
-3024
-3297
-8160
6429
4136
1796
-3048
9732
1048
-2863
-4076
-10754
5176
-521
28
275
-8156
-3359
-12260
757
-7132
3599
-10172
3055
-1804
-5612
-7140
4354
-4088
4862
-3048
5637
-4064
14
-5900
-2291
1064
-782
-13288
5377
-14324
4339
-3844
6906
-4052
2811
-10212
8695
3100
-11737
-4876
-5156
-9176
3075
-5056
-6396
-15336
-3315
-3056
-5881
-4884
-4606
-6132
-3848
-13272
-1261
-2004
1788
-6124
2840
-9196
-5359
-5096
-6386
-1008
9979
-11240
-3322
-5108
-8246
-2016
-28
-6104
2579
2276
-4873
-11264
-789
-5108
-750
-1012
4893
-8136
2552
-7140
543
-6112
-5892
-9168
22
-6120
1030
-4096
-8172
-2016
-4082
-7136
-274
-6104
1547
-6104
-3341
-9172
4579
-4868
-4395
-4040
-3094
-9184
1790
-9184
3798
-6128
-5625
-6100
-9499
8220
-1255
-4989
1772
-11012
2033
-9204
2569
-6104
525
-5064
-11007
-3016
-4340
-8144
6376
-12264
-3076
-8132
-1028
-19448
-10753
1076
4094
-7144
-3073
-4009
4118
-8976
7438
-12284
-4359
-4040
-7669
24
5082
-10208
512
2072
3312
-9180
-3569
-4084
3325
-16336
-4620
-13276
247
-13288
-6133
-4001
-1546
-4032
4844
-1988
5425
5164
-3587
72
1776
-4088
3363
-11232
772
-1968
-6134
-5912
-4326
8200
-1023
6144
-5082
-3864
-10775
-9160
-9493
-9204
-787
-6128
17
-10228
1798
-7140
6123
-11228
-8420
1096
6388
1052
-2085
-18424
6437
-11228
3352
-13300
-1528
-13296
-1535
-4064
-3616
-4092
-1294
-9188
-3579
6156
-4629
-10184
6659
-11220
1538
-13304
-5095
-3072
-9203
-7160
4339
-16344
1301
-6124
-1295
-9180
-3585
-6104
8437
-7120
-2297
-9184
2275
-1961
0
-4048
-3368
-9172
8974
-7940
1015
-19416
-11239
-12248
7932
-2000
-24
-5080
-3059
-13288
8948
-1992
6898
-15336
-5367
-13276
1582
-7132
-2833
-2036
-6922
-9192
7445
-11236
3808
-1008
4860
-1000
-502
-11024
-6662
-5112
2328
-4064
12822
-9216
-10247
2076
-6635
-13284
2284
-12276
-3804
-7148
7956
2064
4356
-8172
-3287
-16380
7176
-18356
12519
-7124
1261
32
1785
6152
-6415
-13260
4885
-2008
9999
-11260
-5870
-13060
-786
-12248
-2847
-3016
3845
-18388
6610
-4064
-5582
-8168
1315
-11232
12067
16
510
-6924
-1807
-2020
1796
-8168
-1237
-6076
5390
-4072
-1585
-8128
-1018
-4072
4116
6152
519
-21476
-7672
-10208
-3576
-9196
-277
-7136
-1547
-9164
-7134
-17164
5354
-11252
-8957
-10184
6135
-9200
-4605
-12052
-530
-1992
-8982
-1816
5101
-8156
11024
-18400
3841
2080
-7196
-7120
-1283
-16352
-4632
-5064
-8712
-6120
-9459
-7132
-7386
-5108
5083
-18384
8695
-20448
-498
-10208
-4877
-8168
-5355
-2828
-289
-18396
6153
-16348
3343
-3060
-16892
-5092
-5667
-12248
-1772
-3052
4324
-4024
-774
-1012
1003
-10204
-1545
-9196
-1519
4124
243
-7164
4111
-8124
263
-2004
-1275
-2981
-3827
-10240
762
-15320
-1263
4132
-3572
-9188
3085
-4068
3841
-1812
-520
-4872
-5128
-13296
1762
-11196
-768
-3856
-6415
56
-5908
-16384
-3344
-5096
6897
-19452
8
-10224
-2031
-17392
3853
-6124
-576
-7132
4347
-11196
-2316
-12268
16135
-980
-2806
-5096
1512
-15348
-4085
-5064
4369
-9148
6641
-8132
508
40
39
-13308
990
-12264
-3835
-10000
258
3100
-8966
-21504
-981
-3028
10250
-6120
-2827
-16376
3596
-2020
2550
-6136
-5379
-4076
9493
-10184
8454
-6108
-7167
-972
7422
-9136
-472
-13256
-8728
-13252
-8460
-9216
3589
-4044
1792
-6120
36
-9168
-994
-5112
-1741
3104
-5647
-9216
1040
-3044
-5629
-8168
-4074
-13264
4365
-3016
4089
-2048
-7179
-7124
12048
-14336
1276
-8164
-281
-2036
-7917
-10200
-4064
-6136
7138
-13284
-7143
-13288
-2042
-12260
3328
-7140
3325
-5100
-2852
-7112
-3575
-15324
-13810
-4072
7923
-964
8425
-21468
-10240
-5044
3043
-7120
3328
-3012
-7908
-11244
51
-11204
-3359
-8964
-5140
-15288
9989
-14296
-2804
-7148
9994
-11248
9223
-10196
4626
-4044
-12298
8
-5855
-3060
-263
-8156
-1800
4116
2077
2076
-11032
-9188
-5386
-12212
2561
-4084
1027
-13304
-498
8428
-6403
-6132
7954
-4880
3339
-5112
6655
-1796
250
2300
1003
-1016
3080
-8184
-1757
1056
-2282
7168
-5066
3092
8203
-9204
-2005
-1996
-4864
4124
-787
-19220
527
-2004
-8452
-5068
-5623
-12264
4093
-3048
-9232
-9184
4876
-2024
-3599
-5096
-1554
-10188
-6420
-6072
3840
-13064
9266
-5112
3859
-11260
-7176
-4060
-2595
-2032
748
-10236
2807
-4080
6887
-2004
-2280
-7132
1540
-6916
-2832
6184
-1805
-5068
-5095
24
-2855
-6116
8441
-12264
-8933
-5076
493
3140
-6911
-7084
5878
-13284
1775
-16352
10537
-16352
-1519
-6136
-6877
2108
-2039
-784
-2321
-8140
-5600
-8160
-2033
-5088
-2000
-11236
-16371
-15320
3843
-14312
5100
-4096
-9460
-10212
-1561
-3052
-7407
-10208
4882
-10204
-3076
-6100
-4351
-12276
9687
-17372
6637
-6080
3328
-7124
-4909
-12256
-1800
-12280
-1789
-13072
-2038
-11228
1278
-4880
2801
-8964
-3370
-7128
5622
-3040
2061
40
1550
-10228
4118
-7144
13080
-3040
-2575
-3016
-1824
-8180
-491
-10216
573
2056
2026
-13072
-1037
-2028
-3593
1072
-1738
-12240
-3625
1268
-3301
-6920
4135
-8172
-254
-3048
-1274
-7160
-4359
-5120
-1258
-8156
2272
-3044
-1047
-10180
-3571
-14288
-8440
-14292
-3343
-8112
9975
-1020
4606
-15324
-3072
-12244
12268
-13288
-3870
-10180
-4343
-2008
6377
-1004
-6143
-19444
-1495
-21444
-2802
-11252
-3114
-9140
-5877
-8172
-5910
-8968
3562
-8156
-6670
-8152
2302
-9172
-7675
-12216
2782
-7132
-2314
-13248
1518
-9168
-5121
-7112
2841
-12036
4892
-5096
-1500
-5096
3851
-6128
6373
-5029
-5871
-7136
-12822
-21484
-9689
-8168
-4623
-5116
-262
-10172
3625
-7944
-3597
-16356
-5654
-10224
-1252
-7136
5134
-5080
-521
-16376
-5646
-12208
-515
-1988
9472
-2004
6152
-8188
1259
-6132
6138
-7156
-2575
-8168
6141
-3000
4073
-7128
1756
-12264
8177
-7116
-6889
-10188
-3820
-8148
-4873
-15116
-1796
-3848
2056
-6088
-4839
2072
765
-7124
-1529
-7164
-4597
-10204
6148
-5060
-971
-7128
7393
-1008
-5101
-8148
3303
-5084
-2022
-5116
-8992
-2012
6157
-2040
-1335
-8176
-14090
-9192
4596
-9172
7651
-14264
-1573
-6916
10710
-14304
1029
0
-2324
3072
-270
252
6119
1088
-553
-10196
-2054
-6108
229
-13300
8706
-7156
-3069
-22200
2331
-16328
3330
-5100
2571
-5080
-3055
-17372
-3834
-3064
-2561
-10228
-2581
-9184
-11258
-996
3332
7204
-7416
-12252
1752
-6116
4600
-10204
-8465
-1012
-1810
-10212
-8710
76
3055
-2032
4876
-1972
-253
-3048
2795
-9184
-10756
-15128
-7462
-8176
551
-7116
7678
-2836
-3280
-4068
-8166
-4044
6114
-5092
2559
-2824
-4101
-13296
-3060
-2044
-2831
-11212
-4601
-15296
9751
-2012
-5913
-16376
-776
12
-5387
-7128
8173
-15288
2016
2064
-1264
-1816
3067
-5056
-1034
-10168
-6346
-10192
-7973
-11208
-1032
-8168
-1027
-8976
-8437
-2004
2299
-4036
3350
-8188
-253
-3036
6891
-9156
-3800
-17160
-1539
-6080
4356
-9184
264
-13268
-1766
-10220
4399
-7152
-495
-3032
5641
-10204
6949
3104
-3817
-11220
2055
-1980
-1260
-10232
2801
-1008
3065
-12244
5109
-960
5629
-4084
2078
-8152
-2033
-7120
5605
-2020
-3556
-7132
3836
-4072
746
-7128
3037
-10220
6656
-1796
2565
-10204
7692
-8168
-2037
-5900
-4359
-984
11768
-15332
-522
-9988
4083
-7136
-4353
-7136
-537
-4064
1802
20
4584
1048
2566
-4884
-7423
-13296
-759
-4072
5105
-10232
9974
-12276
-9473
36
-225
-772
3831
-7136
-3054
-9208
-2050
4124
5115
-6144
1540
-4056
6948
-996
-255
-13064
-2255
-1812
-1282
-6104
-3858
-6068
5924
-1024
9703
-20236
1832
-8160
-750
-8120
-791
-4044
-230
-6916
-5586
20
-2087
-7140
2811
-4872
14069
-4052
-2564
-5092
-2812
2080
1295
1048
-510
-6136
-3347
-9156
264
-4872
6386
-7156
3821
-1000
1060
-6088
534
-15360
-782
-11228
1032
-14308
-11032
-3064
-14039
-14280
7929
20
1268
-10216
-5375
-11224
-2279
48
-1766
-3048
500
-5904
3619
-8180
801
-4092
4606
-7156
-3576
-8160
1291
-19440
-11492
-11256
237
-4092
-1823
-10204
-12801
6156
-1034
-2036
-6106
-14296
10253
-4872
1271
-9200
2550
-988
-736
-8156
5390
-11236
9474
4140
-2292
-6076
-4362
-10228
-2072
-11256
1513
-19412
-7952
-6064
-4865
-24284
2797
-12268
-5867
-9200
1000
2300
-3055
-1024
-3058
-2981
1768
-10204
-5612
-16356
7154
2096
-1794
-3052
6120
-6108
-5580
-6096
3589
5120
-16158
-5072
3097
-4092
-6138
-14296
-2814
-5904
541
3116
3586
-18408
3864
0
-1271
-10204
-6158
-10216
7142
-7160
-786
-11161
-498
-13260
5639
2052
18
-5096
1008
-3056
6453
-11260
7173
-16140
3586
-8156
5378
-10216
5350
-10188
-2099
-6060
-1282
-3028
-4848
-8168
9197
-3072
-4116
2076
500
-9212
1514
-19424
-9962
-992
1310
-3040
2050
-14268
-1826
-3068
-2805
-5896
2310
-6136
19
-4060
6433
-19440
1
-2028
2581
7168
-760
-8120
9990
2048
2340
-6104
-5880
-7104
4852
-10204
3595
-5100
2833
-12036
507
24
-4600
-15324
-2051
-7084
-12020
-5092
4867
-14320
-5100
-5060
-754
-5116
506
28
4067
-15348
-5137
-1992
-10239
1040
-2084
-6072
2339
-5072
739
-5080
3056
-19420
-8194
-15348
-2025
-4880
8968
-15348
520
-13060
-1007
-10180
-6115
1060
-5388
-984
3304
-964
-5374
-6088
-5107
-10236
-2834
20
-10728
3076
-4844
-11052
-24
-1000
-5383
-9152
-6664
-5104
4096
-12260
-1558
-17396
5150
-992
4867
-4064
2571
-6116
-4617
-4044
-544
-16132
-1256
2084
-5419
1064
3819
-9136
6163
-3008
-8969
-10184
-8723
-2048
-1001
-1024
2077
-4088
-6938
-2040
-2085
-5112
-4098
-7112
-1231
-9188
4309
-15344
3078
-9180
2792
-5892
6386
-12272
-5882
-7120
7184
-9996
-5913
-5108
-2508
-5084
5379
-4072
14638
-11228
-2829
-13296
-4879
-4868
-6387
10240
-1245
-2008
2800
-19380
6412
-6132
1796
-976
-773
-7116
-6103
1060
3853
-4092
1530
-13280
-4325
-1020
3333
3096
-5885
-16384
-2342
-6924
4347
-1008
5661
20
-7416
-8136
-3334
-6100
-3048
-11244
2837
-6136
-5131
-7112
8404
-1008
-9227
12
-4388
-12052
-11515
1040
769
40
-1033
-12276
479
-10216
-7427
4140
17
24
-3021
-2012
9729
-9184
5
-10180
9964
-14312
294
3092
-4367
-10188
-241
-3028
-13030
-6924
3873
-5108
6971
-8176
-4096
-6096
-3042
-6080
8673
-8172
-6663
-9188
2533
-10200
-5145
-8968
7175
-3052
-5624
-8172
9208
-7152
6677
-7136
-2026
1064
1546
-6076
4878
-7152
-8197
5364
-1801
-7132
8168
-15304
-2315
-9212
5358
-6916
-6881
-10220
2025
-12040
3347
-6108
3344
-4056
12042
-11228
-3352
-10204
-10500
-2024
-4073
-16360
-5123
-14280
-3077
-2040
-3594
-12224
-1042
-5088
3039
-8164
-12779
-3044
1770
-7164
-6926
-5104
7675
-13308
-1003
-6136
-4917
-11224
10998
-12228
2341
-2032
6660
48
-2518
-992
-3574
-6120
-9258
-6120
3588
-5100
-5595
-12220
1538
-5892
-6851
-3040
4394
1052
-1530
-15304
8970
1080
-3103
-9200
1032
-13068
1316
-1000
5150
-15360
3832
-2036
-1810
-3040
2071
40
-1040
-2012
491
-4880
-1290
-14304
0
-12040
10999
-8168
3049
2056
2555
-12056
-3566
-13064
-5350
-10180
-3864
-6108
-8196
-8172
7928
-3064
9686
4116
3596
-4068
747
-6112
5396
-12256
-5418
-2024
-1546
-2016
1000
-7156
-2825
-10232
1818
-6932
4381
-8140
6881
-7144
1802
-4076
2062
-7148
-5147
-5112
4627
-5096
-2768
-19416
-263
1276
-2298
-16348
-13305
-7140
-1008
3112
-3834
-5100
2636
-15108
4612
-19440
3062
-10204
-7946
-24072
-5399
-2016
1231
2084
-13821
-2032
1529
-6108
-523
-13260
1536
-6072
6671
-8172
-3847
3104
-4
-5072
4635
32
-1548
-7136
1031
-3064
5118
-13300
-1050
-10196
-4064
-5100
-14055
-7140
7415
-984
5905
-7124
2054
3088
-1789
-8152
-11508
2080
-24
-9208
1029
-11204
6161
-13284
7695
7180
-10247
-9204
-5917
-15108
-7930
-4072
-5631
-12240
14317
2060
3831
-10204
-3042
-11252
252
-16336
6
-4912
-13561
-5104
1517
-7944
3323
-3032
-2586
-17364
6676
-11248
5375
-15304
-7677
-9988
-275
-9172
-7450
-5104
2023
-5092
-5655
2100
-781
-15308
-5903
-20236
-9487
-7164
3306
-9184
9179
-11016
-1798
2056
-6430
-13232
-3562
1276
511
-1008
6653
-6928
521
-14304
-4845
-4060
738
-7108
1536
-1000
3838
1276
277
-8176
-2829
-12284
-6418
-8188
-3077
-4060
3846
-9204
-3095
-9212
-2074
-14292
-288
-9125
-4609
-9168
-279
-13292
-3118
-11248
6683
-2012
1546
-6108
1008
12
758
2280
8209
-9156
4058
-5892
5388
-12240
-5635
-4040
-3838
-19412
8441
-6928
215
-7948
-7164
-16372
-243
-1964
-12030
-3844
4348
-7148
4080
-6096
-8725
-13064
-11061
-11252
-6883
-5104
6912
-3044
3856
-8176
-5364
-976
-262
-7156
6159
-1012
8997
-15320
1512
-8964
1567
-13288
8224
-8168
-5637
-11236
2846
-11236
1005
-3040
-3828
-6108
-7170
-15132
-2842
-2024
-3359
-12256
4082
-7144
1258
-5112
4357
-14300
-1786
-16348
2025
1040
4323
12
-10254
-9172
1553
-13288
-9932
28
-1290
-7120
5368
-11256
8202
-980
1005
-996
-2040
-4076
4352
-10216
264
-2032
3272
-1016
-16342
-15324
-3572
-8140
2013
-10208
5139
-9188
8476
-6116
22
-16352
9956
-12228
-2511
-5080
-6921
-12236
4089
-1996
-4867
-5104
-1018
-6144
-6684
-3032
-6918
-8188
6669
2048
778
-11216
5386
1276
5632
-1000
3609
-12256
-2057
-4088
-1066
-992
-4371
-3044
-5887
-4064
-6448
-15108
-7149
-7156
5600
5368
1832
-5088
8948
-2012
-2828
1028
501
-6920
9211
-6120
-4067
-2036
-10762
-10228
-10243
-6132
2055
-13080
1026
28
3094
-7156
-990
-8156
-4595
-14296
-4350
-9168
2036
-1996
2579
-3028
3570
-7944
-3322
-10212
1769
-10240
-27
6164
7701
-9188
-5879
-6916
4586
-3064
3543
-10228
-11
-2040
2567
-8176
1565
-9176
9743
-9156
6905
-13072
-3315
-10228
12307
-7132
3343
-8148
1265
-4092
-2825
-8120
2290
-11224
13049
8220
-1493
-7104
2817
-12036
11009
-7124
2568
-6096
3324
-3036
-1549
2064
543
-14084
237
-10228
4645
-7144
5390
-7152
-3840
-10188
4859
-6120
-736
-14296
-1539
-2012
10266
-4060
-536
-12197
-1789
-9200
7704
3128
1283
-12048
-6
2076
-759
-6120
-9219
-4092
-1285
-7136
5400
-11248
-1271
-9156
12308
-12252
2003
2284
-1800
-996
-534
-7120
5911
-1000
4863
-12276
-10481
-5072
-8175
-5096
4086
-12252
9199
-8160
-761
12
-8
-6108
-12808
-3036
-4340
-6104
2335
-7976
6147
-6128
-13559
-3056
-1278
-6116
-13086
-10212
5633
-13248
2831
3116
6144
-5100
748
-8172
2295
4
-6131
-5076
-3368
-5088
-7712
-9196
8444
-16336
-3855
252
-12274
8208
6632
-9184
2801
2060
1046
-6120
2798
4
5644
-6116
-3112
-7140
9950
-4076
5121
-6096
-758
-8116
-2055
-10228
-534
-3872
-5867
-8968
7396
-9188
4120
-13260
6929
-996
4061
-13284
-1027
-13284
477
-6128
-761
8236
-3349
-8188
261
48
1021
-9188
4092
-6092
-13326
-2032
-264
-3032
6663
-8172
-2324
-6084
268
-1004
1762
-992
-7663
-13312
-3113
-7940
10216
-10028
-4642
28
-3080
-4092
-4863
-2024
-12264
-8132
-1529
-19412
1281
-9164
524
-7940
5635
1052
4853
-8128
-3848
-5084
780
-14300
-1298
-4076
-1830
2056
2540
-6108
1831
-9008
-1285
-9164
-2277
2076
-6390
-6144
-5903
-7116
-259
-6092
-3840
4096
1015
-14088
1246
-8184
-4865
-9196
1278
1044
-7171
-10212
5631
-14320
1300
-17400
-1831
-3056
1567
-3848
13546
-13268
754
-3044
-2045
-7152
-6950
-3072
2303
1080
4127
-12048
-4599
-3048
-543
-4056
1043
-8180
10477
-2040
992
-12268
6133
-14088
2539
-6104
-3567
6388
-3584
-13272
3074
-6104
-18
-8168
-5950
-11208
6442
-11224
6398
-10184
-1301
-6136
-14
-4092
-4066
-10200
-271
-6104
754
-9200
1534
-1992
3122
3092
8969
-3036
3836
-8164
4338
-8164
-3811
-7132
761
-4084
2061
-16372
-4879
-5100
-1535
-7132
1301
-14308
6145
-9200
1792
-15340
-6941
-23248
-8470
-6088
-9229
20
5384
-13292
2267
-8176
10489
-14284
481
-12040
-4098
1040
-8458
7224
9459
-6096
-12286
-8152
18916
-7084
-4871
-1020
-11780
-10196
24
-4044
513
-11012
-1255
-6124
2296
-10236
-5157
-6112
4590
-3016
7942
-4880
-3580
-4040
-3836
-4084
7953
-17392
-3338
-8172
-1027
-3028
-3044
-7152
-1287
-1004
-3065
-9188
6144
-8144
-4618
2084
-8161
-9152
1746
-2024
6623
3132
-5087
-8172
-1256
-4080
-1253
-7956
-9756
-15144
8443
6196
-288
-5076
3353
-13276
3858
-20232
7193
-8116
-2834
-6136
-13037
-3060
5352
-19448
9738
-8164
4090
-5072
-4839
-6092
-6640
-7116
6173
-6096
12520
56
-3119
-9176
-1571
-3036
1766
-5076
-3079
-10212
2589
-10204
-11260
-6140
7967
-16320
3567
-1980
2319
-18400
2796
-6128
-2557
-2012
-4582
-6096
7461
-15332
9770
-15308
509
-9188
-1544
3128
-1285
2080
-31
-8160
-6402
-1992
-1543
-5116
3095
-5104
-3859
-4076
4099
-972
1832
-12260
8703
-8980
-7455
20
-9702
-5068
5375
-4064
-13087
-10208
-719
-4044
6163
-17344
2525
-12040
-4113
-12268
512
-992
-11769
-9196
-3549
-16348
-7674
-13292
7671
-5048
-3334
-14308
-6374
-10008
4124
-1992
6153
-1996
-1043
-14308
-1503
2096
3069
-12288
725
-3040
6391
-11232
-2821
-7073
11008
-12248
6149
-4056
-9446
-8968
-531
-10204
-9995
-13252
8200
-12280
5891
4160
763
-2832
-2575
-4088
7952
-6104
757
-8964
-3838
-4044
-1041
-7108
9461
-15328
-1787
-11220
0
-4092
3597
-5104
812
-8184
-3063
-16372
2081
-13064
5
-11224
3851
-7128
-4086
-8128
-1512
-17376
1745
-11256
3071
-15116
-3359
-6128
1498
-2036
5077
-7144
-239
-15336
8447
-10196
6670
-9188
-4321
-9156
5340
-15332
-4135
4096
-1266
-2000
7691
-11220
-4893
-14288
2056
7188
1280
-10212
-3612
-11256
5660
-16380
-1019
-5068
-6650
-13232
-3854
-12280
-5144
-5100
-1810
-984
-6934
-11244
7916
-12056
13326
-5084
2561
-4868
-241
-1800
4840
-13308
-3058
-11212
3296
-6924
9185
-22240
-5358
48
6935
-13260
5890
56
-3141
4144
-991
-11236
6173
6160
6918
-3036
-9988
-7100
-3829
-7960
5899
-9200
4881
-18432
-7182
-2824
2781
-5040
1266
-20452
-4565
-13268
734
-13256
7228
-12260
-6653
3104
4584
-15356
5625
20
8437
2060
-4873
-1804
1040
-7940
-5377
-5092
1762
-6116
2791
-18380
-12514
-8120
4866
-3860
-1539
-11256
-1743
-5100
-6177
-5116
4105
-14288
-8943
-10172
12294
-3068
5918
-4052
4621
-17352
4119
-11216
-5354
-13280
-32
-7108
7150
-17372
5434
-19384
5841
-11240
-8198
-5076
-5653
-6084
10272
-8168
30
-6112
3575
-3060
527
8
-3836
-13304
1520
-10212
2834
-7132
2807
-10220
7653
-980
-514
-5064
-2604
-10220
-237
-7960
9196
-18404
31935
-18428
5377
-5120
522
-4892
4047
-4072
-22
-4056
4581
-5060
7951
-10196
15344
-10220
8474
-13288
4893
-4068
-5094
-1016
6687
-8168
-6895
-14304
4864
-5084
-1807
-19400
-4605
87
-10735
16
-1007
-20440
-1261
-7148
-1033
-1820
-3079
3116
-9477
2084
-5104
-2044
4872
-2028
9494
-4056
-281
-4088
754
-8097
2539
-4868
-5872
-9988
-2041
-11240
5883
-11236
-2310
-2020
2546
-9176
503
3072
-223
-5088
2792
-10208
2048
40
-1271
-1976
-525
-3044
-5620
-7132
-6870
-7120
2558
12
-12032
-8168
-9711
-17380
2287
-12084
4652
-3048
4852
-11252
-11248
6160
5653
-4064
5871
-12240
8431
-5060
2567
-7140
-3576
-9204
-2846
-4884
-7192
-6132
-3616
-2024
-10220
-6128
6956
-1004
-3584
12312
-1811
-5096
1799
-5084
-3327
3324
2572
-4060
-2333
-2044
3330
-2012
3858
1264
4102
-12232
2073
-8180
2023
-5104
-1797
-12260
-37
-7132
-3333
-12260
13490
-816
-2812
-16336
4080
-15108
-225
-6108
-4609
-9212
6944
-7148
-9219
-3008
5381
-15308
-547
2084
-4852
-4076
5078
-6112
4605
-7160
3045
-8172
-737
-17184
4082
-16324
-6952
-11252
-1290
-1796
-9198
3116
-5342
-4088
-793
32
496
-11220
-1530
-12236
8675
4
1288
-9160
7919
-12240
-8999
3120
508
-11020
-2321
4136
7637
-7128
3593
-4056
-6389
-13268
-2587
-11244
-3313
-10228
-1013
-8144
501
-8164
-3554
-21488
-11
-1020
-6932
-8144
272
-9180
3086
2072
-3304
-5104
-7432
-8184
-2277
-9192
500
-11252
1048
-11256
-1250
-3048
-2078
-5068
-6900
-996
2847
1084
-491
-9184
-9176
-11232
-4859
-7136
-6623
1036
526
-11056
-1277
-976
-6164
-14332
7422
-15308
-466
8200
-2034
-4032
2553
-3032
-2542
-9200
1768
-13300
-1789
1036
8143
-9988
-7946
-13296
-8676
-5076
-3860
-14272
-249
-4076
-4075
-2000
-1552
-9168
-4899
-17364
-2782
-7160
2553
-12056
3343
28
3829
-4068
739
-4084
-1011
-2016
-5899
-2020
4064
-15332
4593
-12280
-34
-1000
-3589
-3036
-2046
-15328
2798
-4052
-2559
3092
3100
-1004
-3070
-16352
2014
-10216
-8439
4136
-6916
-11240
1585
2076
3840
2084
12558
-16360
268
-8156
-1269
