-16348
-4
-9216
13045
-18380
6418
3080
-6404
-18424
-2841
-2012
-7188
-18396
2040
-7124
1012
-17388
505
-2008
282
-14276
6682
-988
4851
1040
-12046
1032
-4088
-9160
3842
-8168
-7945
-8164
260
-9188
3838
-4056
-7154
-17364
-3589
-13288
-9172
-5084
3850
-9172
-13556
-11204
2564
-3068
3086
3096
-736
-4052
-3093
-4048
1286
-18180
1773
-15344
1034
-5112
3574
-7128
232
-8164
-267
-3040
-9214
-7112
4101
-7116
-5618
2072
-11521
-18392
9202
-3024
-1541
-4060
-6911
-3040
-11519
-6144
-5155
-6136
-3079
-14320
-1537
-11236
-549
5176
1301
-8160
475
-13284
-6409
-6112
2304
-8172
-244
-13292
1026
-8136
-304
-12256
1039
-7112
2557
-6124
6381
-14260
-7932
1076
-2342
-6080
1018
-9188
-473
-6096
3580
-2981
-3042
-4072
-4828
-6112
2312
-12260
2310
-4080
-769
-2016
-1538
-13276
-11777
12540
-780
-10188
-8983
-12260
2805
-8160
775
-988
-278
-7168
1794
-11180
236
-11228
229
-6112
-6394
-10212
11012
-16368
5383
-4076
8700
-980
-7174
-976
4615
-8176
25
-8188
-7441
-9172
-3083
11296
2287
-992
-2090
3124
-11790
-4880
-738
-13300
2816
24
-802
3112
-3846
-17392
3068
-11236
-996
-2032
-4567
-7136
2052
-15324
5393
-2036
-1046
-7092
-998
-8136
-3051
-5040
3337
-1804
-3315
-13248
14847
-4060
6644
-6132
-4088
-13276
2799
-4961
-2272
7212
5612
-8136
-1826
-13288
-2825
-905
4858
-5108
-2580
-13280
-6627
-2036
-3069
20
-13056
-6920
-7159
-1012
-2300
-15300
6946
-10216
1246
-9172
-6929
-4096
-3059
-10228
6143
-4084
1006
-17388
-3048
12332
-2773
-5064
8204
-1004
1814
-1800
-1824
-13264
2515
-6096
-3848
-7152
-2577
-3032
-7
-5084
-10751
1072
3065
-15108
1548
-9204
-6911
-9152
6146
-13304
-2045
-980
-9474
-7120
6384
-13244
-1556
-13284
-4586
-8124
1836
-12212
2071
-6100
-1529
-10208
-7174
1072
1288
-996
-2807
-6136
1524
-7140
5611
-16332
4558
-5904
-3340
-7116
-2842
-15316
-1795
-15336
1000
-6076
-3852
-9136
8160
-16372
-1525
-11216
1769
-5088
11533
-13288
-1025
-8172
-2799
-4048
4883
-13256
-10011
-12252
516
-984
2833
-7132
-1801
-12224
568
-3060
6100
-3040
532
-12036
-6667
2072
-301
-8168
5885
-12252
-4601
-18368
3081
-17400
7666
-11212
-4345
28
-4620
-5104
6638
-11220
-508
-8164
-1817
-14316
15365
2284
-3852
-3044
-5642
3324
19467
-15320
-2553
-18392
794
-8112
7934
-11208
-2532
-7120
-9719
-7140
4585
-8164
512
-6116
3864
-8148
-7204
-9176
-7200
-5084
9957
-5092
-4361
-4048
489
-7148
7179
-10000
1022
-11244
-5371
-5112
-7128
-12252
-1492
-2012
-7672
-5096
-6941
-2048
-1278
-15257
-7646
-7152
-8944
-8968
7147
-6100
5119
3316
5080
-5116
-223
1072
8690
-3048
551
-17156
3562
-4997
3828
-13300
9209
-11232
-4380
-6124
2307
-11236
7905
-10204
-253
4128
-769
-3072
3346
-15312
6
-5088
6391
-2985
9740
-7144
-2835
-11212
-3281
-9180
-9505
-16384
-781
-16368
-6377
-16352
5138
-4084
3300
-11184
2039
-988
2330
-1804
4370
-11244
3598
-9216
-2820
-2824
-9733
-3072
2585
-12240
267
-20424
3323
-964
4103
-12268
-6681
-8184
8702
28
9727
2296
-8190
-4032
3288
-7132
5117
-5060
-807
-3044
-4355
-12280
5078
-1012
-3087
-10188
7707
-14320
-3060
-3020
-1278
-16368
13041
-8132
265
-6076
4898
-10188
4348
-1016
-2793
-2004
-1282
-3056
4832
-7140
-7160
-6136
3052
-4052
3314
-5096
9218
-5052
-4866
-11212
-5140
-18404
-3065
-2000
2548
-11196
2811
-14108
1544
-10192
-15129
-12272
533
-12216
-2033
-17352
-796
-6112
-525
-5072
-1512
-988
1528
-9188
-5905
16
-9994
-17404
6149
-16136
-2325
-3020
-1272
4
14342
-12272
-7467
-5116
6410
-7944
-755
-9216
-6404
-11180
-3563
-9200
-2815
4108
9487
-7140
-4362
-2016
-3330
-7084
-4314
4100
8658
-10184
-3083
-7968
-3580
-8968
2054
-11036
15131
5120
-17697
-7084
1790
28
5380
-8184
775
-7160
-2843
-11260
-3298
-3020
-2555
-14296
-5844
-18388
2556
-9168
1816
-9208
1802
-4048
2294
-10168
-4331
-6120
1035
11316
1545
-5120
3046
-12216
455
-2820
767
-8172
-2831
-8128
2045
-2032
-2042
-11228
5619
-3044
4073
-8192
-8167
-6092
11020
-5080
11538
-940
-3103
-2828
-1765
-3032
-4601
-11220
-1001
-7156
-2024
-8164
9178
-7160
4871
-11224
1552
-13060
4328
-10236
-2551
-9180
4805
-3052
-7935
2080
-8135
-19424
5133
-5056
3113
5152
5407
-7128
2292
-5084
801
-11264
26
-3016
2543
-3044
7417
-12284
-5136
-16368
-11024
-4076
-1772
-2840
1283
-4056
-23071
1272
10999
-8188
-1553
-12252
5414
-11240
13566
-3036
5681
3324
1262
-13244
5348
-7944
-289
-7152
-7972
-1004
-5132
-5096
-11252
-15316
1284
-7168
-7148
-11260
-2025
-9184
1771
-4096
-9742
-3024
3598
-5104
-1803
-4048
1042
-2016
4639
-6108
1000
-980
-2797
-13300
2029
-12244
-1533
-9196
-5911
-18424
-510
-8152
5622
-5116
1269
-10196
-4841
-12284
7718
-2032
-4618
-12256
-3323
-3004
3805
-9988
-12265
-16324
-3332
-11240
-2553
-4020
3558
-4056
3846
-5072
9954
-7136
4323
-5068
17
5144
-3589
-6116
4085
-16340
4086
-4068
-10748
-16324
-1543
-996
-8170
2104
-504
-12220
-2296
-8164
1536
-5100
6416
-10141
5651
-14312
1784
-10232
764
-8176
-3353
-11264
-6658
-7116
750
-7120
-770
-6072
12550
-11208
3284
-8176
-6185
8232
4377
-5084
7924
-11260
2596
-8140
7182
48
2295
-9204
5143
-12276
-4877
-1008
2096
-4096
-7194
-2012
4344
-5064
7170
-14296
-2027
-9180
5655
1060
3063
-5076
9495
-13312
-2838
-12260
-5104
4124
7458
-9172
-8181
-11220
-541
-14292
521
1272
482
-13244
2049
-7128
3865
-2032
-6397
-5092
17155
-12256
6125
-7136
-6386
-8164
-2275
-9160
9739
-14300
-1304
-11220
3615
-11248
-4118
1044
-250
-5048
-3060
-4060
2289
1028
8476
-18376
-513
-11260
2057
-2860
5594
-11180
-1062
-12232
-11795
-7124
-2856
-7148
1003
-5096
7427
-6144
6421
-1004
-7205
5160
3574
-5076
2259
-9208
-3358
16
4098
-13300
-15098
-8136
1265
-9192
6909
-5116
-1004
-992
13059
5372
-3849
-5100
-5360
-7144
1015
-20444
1779
-12260
1288
-7140
-8669
-956
1305
-11028
2790
-2024
460
-18424
-3335
-3056
2559
12
3305
-10228
6930
-1020
-736
3092
-4313
-13272
12255
3116
808
3316
8953
-4048
1273
-8184
-5440
-7144
-5628
-5080
3610
-2000
-11045
1032
-3801
-10216
-4098
-11236
-4384
-10232
1528
3080
-3314
1056
-3821
-4088
746
-2832
7645
-3024
-2302
-11016
1007
-12036
-3078
2108
3598
-11244
3607
-9176
16390
-13292
-6906
4152
5922
1060
1315
-3044
3839
-20476
3118
-11248
7154
-7120
2848
-6136
1247
-15344
-3318
3080
5106
-8136
-6923
-14316
-509
-13312
6689
-14336
2288
-6112
-12013
-8172
11277
-11256
-6918
-3064
-8923
-7944
-753
-9196
2051
252
1812
-6916
10243
-2032
6407
-996
-3865
-7120
-1800
-1004
-1282
-10204
-5676
-5096
500
-10204
802
-13264
-4626
-3028
-5625
20
8152
-9180
-11303
-9192
3331
-8120
-1006
-9172
-2598
-4080
12048
-4068
4120
-7104
-3824
-13072
-2813
-8164
6155
-8152
-1537
-3068
-5926
-9212
1306
-10216
1764
-3052
8952
10244
-252
-12272
-2054
-17364
1498
-9192
1295
-7952
230
-5056
-4371
-1000
4832
-5040
-3092
-20420
6161
-12256
3843
-16352
9241
-3004
-5118
3112
-527
1060
-10462
-6124
4836
-13252
-793
-3044
-2582
-10184
-6365
-12264
-498
-5068
3069
-13252
8432
-11256
8147
-1008
-6375
-6120
6427
-4048
-541
-8168
-1779
-10232
6162
-7140
-6896
-3024
5392
-8176
-2306
-14312
-4822
-2040
-2278
-12268
6930
-9188
1506
-6120
-4076
-5056
-5617
-8152
8687
-18380
-6670
-16352
-6381
-6124
-5397
-14324
5567
-4060
3858
-6076
9996
-11224
-4901
-15316
9752
-1800
6402
-11220
-7933
-8172
3266
-4092
-6928
-8144
-6427
-6124
1022
2092
-7457
-8160
6671
-6132
-2788
-6128
-5358
32
2060
-8172
2333
-8148
-8426
64
7701
-10008
6922
-9168
769
-2048
477
4104
-6922
44
-1277
-17408
4396
3104
-3863
-18384
8461
-6144
-9486
-11204
-8188
-10192
13084
-6916
4091
-15356
4865
3136
-3365
-11208
-5371
-3028
510
-17384
2574
-8148
-2028
-7104
6669
-4044
-6417
-17388
-1526
-11236
2800
-8160
6418
-12212
-3349
-13225
-4857
-4868
1349
-23268
255
-5060
4613
3324
4342
-12044
6656
-7144
-1317
-11260
-12554
-12244
3824
-8176
-1530
-6128
3081
-3028
2507
-7136
2302
-6096
-8178
-8156
1802
1068
3334
-9200
2259
-12220
-6645
-9160
-1030
-13300
6423
-10208
-2089
-772
2282
-11232
-4093
1060
-12275
-4032
-8752
-9156
8
-12288
6909
-5112
-1509
-9200
-7927
-11228
-1763
-7152
460
-14296
6458
-9192
-3345
-11232
-5
-7160
-3847
-8180
-2047
-4068
4849
-3056
-4620
4116
6649
-10196
4090
-17380
5641
-6128
8923
-22208
-1532
-2820
4595
-6120
-756
-5120
-2316
-17368
-1030
-8164
3323
-7152
-2561
-18408
-269
-5112
-1790
-18416
-3082
-5100
-3111
-18380
-1535
-16332
-758
-6112
-249
-6132
-5133
-9188
-4368
-2012
-519
1080
-2548
3084
8205
-21488
-2311
-9212
2529
-5892
1526
-8124
-1035
-10192
251
-7160
-2560
-16384
7926
-9168
-3332
1092
-5676
1032
10249
-25332
-15115
-8188
7672
-2992
5346
-6120
7934
-9172
-2813
-12248
3837
-11256
-1537
-2048
-1001
-4056
-747
-16360
-3524
-3064
1522
-968
3322
3112
-15643
-11200
10226
-5084
-9959
-6100
-1527
-11212
-1839
-4092
255
-3060
-3080
-14308
-252
-7132
-15597
-11252
7674
-6092
-3330
-5908
237
5156
8205
-11232
2059
1036
-8683
-5084
259
-5076
-2578
-6112
5893
-10204
12291
-11264
-10957
-3864
-2029
-3028
1530
4140
-269
-12276
-7690
-8148
6662
-5084
-7924
-5092
4793
-6100
6648
3084
-4604
-10188
-3069
-7100
-773
-8180
-3323
-9176
-5427
-16312
-5350
-3024
2288
-5076
-3835
-2004
1065
-11264
15615
-2024
-1015
-8156
-2299
-15265
268
-10204
-244
-5052
-1510
-9184
2291
-1016
5358
-17388
11232
-5096
6406
-13300
1777
-1016
12803
-1016
10012
-19404
2332
-4068
-3061
-9156
9232
-11228
-1765
-2832
-3355
-3844
7935
-7120
208
-1800
7671
-14308
-4330
-5084
-9990
-4056
-2273
-12272
-2338
-12248
4363
-9152
-4311
240
2295
-8168
-1283
2092
-12054
-12264
-4865
-6104
-3871
-3040
10226
-12276
-4123
-16152
9482
-976
7159
-7156
20193
-3040
-2355
-6116
-7936
-4064
-3064
-12260
4360
-4056
-552
-20464
2278
-10200
-5410
-7156
-3588
-5104
-9253
-1020
765
-2024
1022
-5033
510
-980
-2307
-14308
-1523
-9204
-1019
-17400
-2816
-10204
-8179
-11204
8448
-7148
-2326
-9152
-5625
-11236
6419
-14300
7176
1084
-6160
-12240
-7633
-17376
3310
-2836
-8444
-8144
-1282
-8172
-513
-996
-258
7216
5384
-8180
2348
-4076
256
-17328
2847
240
1769
-15352
7397
-14276
-3336
-7148
4621
-10240
-531
-17160
-1541
-8172
4886
-1996
-2035
-15304
-7183
-18384
2315
-10212
3117
-6132
5910
-3040
-10507
-13272
2281
-10236
1016
-10208
3586
-8176
3859
-19432
-6153
-10224
-4376
3108
10989
-15340
-4858
-12248
-4603
-6104
-736
-3000
512
-7112
-2295
-9200
-8477
-18196
4880
3104
755
-7132
7939
4096
-11222
-13304
13550
-3056
-258
0
-1081
-2004
36
-4036
-16379
-9180
-3326
-12240
518
-6096
2824
-9156
2308
-6092
798
-11012
9004
-6124
1544
-15344
33
-2020
-2330
-6136
1272
-6080
6893
-6924
-2539
-6104
-1255
-7940
1835
-4052
-516
-8136
-6642
-980
-4847
1072
4369
2100
-1277
1072
-2844
2096
-2566
-11240
1271
-8164
-4336
-8180
-2023
-4016
-9736
-11260
2854
-7140
1776
-4060
-2821
-4036
1024
20
5905
-7124
789
-9184
4117
-8176
3070
-3024
-255
-22200
-5332
-10188
1564
-10200
-2818
-7160
10006
-5080
3832
4116
-6898
-10220
3834
2064
2041
3100
263
2076
-1039
-23288
15376
-3020
5145
-15344
6142
-5120
-2055
-7128
2301
-3012
7184
-8081
3832
-12264
4369
-5088
-4874
-16364
-12025
-980
-38
-11192
-2567
-10188
-2833
-5096
-5625
-10204
-2306
-7132
5368
5152
1764
-8980
-1291
-10212
7416
-4064
1773
-14336
-2055
-3048
-13051
-7136
6947
-5076
-1541
-968
8702
-1988
-2308
-6124
2029
-14276
-2556
-12272
-5883
-6088
-2317
-6140
6393
3084
1799
-968
-2
-6080
-7397
-12280
1294
-6100
-2050
-11208
3094
-13272
-1479
-15348
-2032
-13272
-1575
-19432
3584
-13276
-8172
-16352
1537
-13232
-3588
-6916
7903
-9148
742
-4080
9461
-15348
287
-6100
499
-10220
1806
-12228
-5659
-8112
-3350
-14280
-7703
-10236
2324
-1808
-6900
-13288
-2328
-13060
3045
4148
525
-16380
-1524
-16356
-3638
-4888
-4870
-964
-4597
-13288
-5405
-8184
4583
-7120
762
-9172
-2528
-14304
-3335
1060
-2807
-11252
496
-2016
4334
-9192
-2053
-7140
-8974
-3036
4612
-10220
-527
-956
-1236
-11236
1580
-16332
3597
-7148
-1043
-2032
5416
-7112
-2043
-16136
-5146
-4064
6614
2068
-1292
-4876
-2050
-16344
13034
-6076
-8945
-2004
-7441
-6108
3606
-6124
-3301
-7144
-6690
-992
5373
2076
2053
-6112
-1285
-12232
-8219
-10216
-4080
-1988
6910
-5092
-5111
-8152
2530
-5060
510
-21428
8425
9256
7704
-10216
9486
-11260
-231
-1972
-4372
-9996
-3063
-23232
-8748
-18408
748
-9168
793
-12244
-4850
-9176
-4067
-976
1059
-11016
12291
-10180
-2308
2056
1006
-16140
5124
-12220
1010
-3044
-11508
-5084
-538
2284
2056
-17400
-244
-14320
2302
-15316
12025
-7128
-5411
-14304
-535
-7140
-8191
0
1519
-6096
-4085
-10196
26
-9192
-1287
-2024
518
-9180
8457
2068
-6371
-10236
4086
-5116
-7
-7136
-245
-8164
-6904
-11196
2825
-15168
4351
5160
-8468
-10172
-7129
2080
-770
-5092
-3832
-8180
2334
-20476
-235
-6108
2838
-11220
12511
-6076
8449
-4072
-3053
-10184
-4117
-992
6903
-11228
-6654
-17356
11269
-8152
2280
-4056
-9710
-7100
3863
-9188
-9458
-7144
-1850
-4060
4577
-6116
-3051
-6136
3571
-2008
8434
-16372
-3594
8256
4066
-1800
6197
-10240
-2575
-7132
2040
-10212
7704
-788
5418
-7108
11777
-5068
2849
-8160
4644
1044
11530
-4076
-2811
-7152
-1787
-1808
-515
-16360
9236
-4092
-4339
-9168
5612
2068
279
-7144
-29
-8144
3076
-9200
11252
2300
-7204
1076
3086
-7148
-1534
-10016
-4097
-9188
21
-16132
-3577
-6124
3571
-13268
-5857
-8140
12762
-7116
-4566
-9196
5874
1048
-3305
-13244
528
-7136
6410
14360
4068
-7136
-2811
6144
3836
-14272
-4855
-1012
-5129
-6108
-4354
-14320
-766
-9212
3064
-12248
1756
-13292
-3839
-11256
3864
-6112
229
-3844
12316
-10236
7933
-16368
4855
-11236
-4588
-7164
1562
-11212
-4118
-9208
4869
52
260
-12272
6610
-11220
-1785
-4052
3313
-8144
-268
-15316
7947
-2008
2540
-6124
528
-17344
4863
1032
-2327
-11264
-4853
-11212
7457
-9196
5368
3072
6923
-11244
3862
36
-529
-7104
5438
-8124
-3115
-11240
-6410
-13308
-6409
-4080
-7913
-9180
-3877
-16368
525
-14296
2790
-12256
2271
-9192
-6642
-4056
3569
-9156
-2070
-8152
3826
3088
5382
-5068
6641
-11248
-15860
-2028
-1792
-2000
9729
-7164
471
-12264
-2584
-5076
4613
2072
9213
-4080
6382
-2028
-16111
-9180
5101
-6120
2284
-5092
1323
-4872
4128
-11177
3066
-13272
-7700
-9192
8949
-10220
4386
-8188
-775
-3024
5913
-6144
-5670
-4032
3297
-21472
7459
-8136
2833
-5076
-4633
-13260
-515
-4068
-6414
-7160
-2553
-3060
-2521
-14308
-2572
6196
756
-9216
-5613
-14332
3307
-8144
-6161
-2012
-9493
-5096
266
-17360
-3075
-11228
-6160
-2020
1533
-6076
-2299
-2028
-7943
-13288
-3857
-10000
-5901
-5092
9197
-9200
-2789
5176
2273
-5096
-223
-9200
2319
4120
-6914
-9188
-4609
-8176
-1038
3116
1824
2060
7444
-12284
-5130
-16368
-25
-2048
3559
1080
1807
-4048
-2030
-4064
-5645
-3064
2282
-6068
-4357
2052
2312
-3056
-4818
-4020
-464
-10236
8680
0
3057
3088
4859
4140
478
-12244
6659
-3016
-1000
-15344
-3566
-10212
3048
244
-498
-15312
6404
-5900
-2333
1028
3588
-9208
-3593
-9212
2838
-1804
5619
-4088
-5118
-10204
10255
1076
4588
-4068
4132
-14328
-7168
-3052
-759
2096
6173
-6116
-5418
-7108
-2
1052
1531
-10192
-5113
-13308
758
-9172
-2044
-9204
4871
-12284
-4359
-11248
5422
-5112
6913
5364
-9474
1040
-4161
-2000
-1526
24
780
-6112
-2792
-4044
-4627
-12248
4052
-9156
-259
-7140
-4609
-6124
-9448
-14268
15126
-7104
1061
-7160
-279
-7128
-2322
-4080
-2305
-6112
-5876
-964
2068
-1004
281
-11252
-5364
-8172
6127
-11260
3572
28
4389
-5096
4098
-5104
795
-10180
-1506
-10204
-3571
-10188
-1774
16
3332
-933
-6359
-11212
2864
-15312
-3608
-7148
-12060
-13276
4618
-11115
278
-11244
-1277
-10232
-7709
-9216
3328
-18432
1037
-10220
7647
-11180
-4328
-8968
-4369
-10216
1798
-10224
-7454
-12264
-2282
-3060
10247
-10164
15874
-19432
-8947
-23244
9217
-16368
-1582
-7148
-542
-3848
2522
-7140
8745
-7104
-5883
-17396
-8461
-7164
5907
-8136
233
-12256
-257
-18380
-5636
-13272
-3859
-10192
-8978
1080
-757
-13292
6184
-7132
3064
-5100
2832
-6108
1833
-12268
-7944
-5104
7411
-10200
-2282
3088
-10776
-12256
5086
-5112
-2792
-7152
11503
-6144
-7944
-6060
-2094
-17368
-4328
2056
-2283
-2020
7945
-12264
-10222
-4904
-1755
-3048
-4589
-14260
-7462
-12224
9461
-12264
-9451
5136
6123
-7168
-1299
-8164
7925
-1984
5594
-12240
-4627
-7116
2305
-4072
2036
-6084
-6896
-6916
-1303
-1008
-42
-11252
-506
-3020
1006
-7100
-2555
-7124
-4361
-5108
6894
-12240
3093
-15312
9996
-13300
-5905
-2028
794
-4044
7184
-6100
8454
2080
12281
-8968
4371
-6120
-1531
-3848
-4847
-13280
4613
-5064
-498
-3032
1514
-10232
-18
-14280
10237
-14284
-5398
-14296
-1310
-25280
1302
-3068
7906
1096
1543
-7128
2064
-4076
3061
-14096
769
-3020
1539
-8116
-2563
5148
-6423
-10220
1260
-12244
3563
52
6162
-2000
-1820
-4092
-3595
-18348
-7140
-14320
-7356
-992
-2559
-12288
1777
-11192
-3332
-17344
10253
-11248
497
-7132
4368
-2008
4840
-13268
-4372
-15348
-7181
9236
-14
-12244
-1050
-13228
-3347
-1016
-1565
-5892
-4627
-6140
2822
-6920
802
-11252
2780
-13296
-524
-10204
4580
-21472
3066
-6076
-2296
-6928
-2573
-7120
-3060
-12288
6880
-3072
8950
-8164
3309
-11204
-3299
-5076
-998
-8180
236
-6128
1746
-7152
6898
-1016
1788
-3056
-5398
-13072
4597
-13264
3591
-6112
-16882
-7124
-2780
-5116
721
-4052
-4622
-16356
12053
-12276
264
-1804
1524
-6088
18454
-10208
-508
-8124
751
-8152
-5351
-11256
5652
-16348
4097
-2024
260
28
7
-15336
-6395
1072
747
-8156
4596
-16336
490
-6072
8703
-8160
-5361
-15304
-17472
-16368
4863
-8188
-11534
2068
-735
-1008
-239
-7100
-766
-10188
-9709
-15308
-1316
-3856
-5660
-8128
6377
-1000
-4887
-2020
-5874
-3036
43
-7944
1315
-11240
3335
-6124
-4095
-8192
3085
-6076
-14563
-9184
-8190
-9184
4343
-5084
-492
-2012
-1824
-7116
4109
-21460
2777
-1000
-3347
-1004
269
1044
-5641
3116
4618
36
-1305
-3056
4067
-9172
-7422
-13284
-32
-6112
-7898
-9216
5874
3120
-3322
-18408
-3096
-11208
1293
32
1834
-11256
-523
-7124
5660
-13280
2262
56
-15622
-5080
-1060
-18404
-2559
-16360
5893
-14308
6676
-7952
-5622
2068
9171
-15316
5424
-11220
-2046
-8184
-4347
-9180
-789
-14308
-284
-6104
-2064
-10192
-7676
-14084
534
-8180
-1829
-13292
9266
-6136
-8975
-13292
5628
-8164
11
-12256
4863
-12252
-9186
-5104
-768
-4040
8187
-15324
-16873
-4064
-12294
-2824
9444
-15312
2070
-16384
-14071
-13252
4117
-16368
-1527
-6092
7909
-11232
-46
-7128
1774
-976
-759
-13060
-5360
-6076
4847
-3036
-5872
-12280
-767
-9184
-2843
-10172
-8973
-15336
-1531
2060
-3565
-13288
5630
-5108
6908
-13256
-3308
-11188
5113
-5092
-6933
28
-10492
-12276
-251
-14328
-10453
-7160
-3077
-7132
-3821
-2032
765
-4044
1506
-10164
-8152
-17364
3341
-11200
4112
-11228
5404
-12224
2077
-11208
-9757
-11236
3545
-1992
-1268
-8128
-1528
-13288
3578
-14288
9976
-13256
236
-4080
4072
-12272
15103
-5068
-3796
-10216
-1507
-10208
12038
-3064
771
-15316
-1786
-19416
1060
-10192
3562
-8192
3579
-5056
-525
-3048
-5889
-7144
768
-12244
1011
-9192
4844
-12248
14311
-14304
-2803
-17364
515
-5084
4868
-10212
-2825
-16320
14084
-6132
-4854
-11228
1546
-25304
-1531
-4044
-4076
-7120
2056
-8176
-1540
-3044
-1807
-21436
8684
-13288
-4056
-4080
4387
-1992
-2049
-19404
-8193
-7128
2524
-10176
7157
-5120
5876
-14276
-1550
-1996
-1761
-10176
-2819
-11232
2300
-5076
5665
-13264
4649
-14292
3791
-9196
1250
2108
3572
11292
-11013
-6940
6132
-6104
13825
-20444
3811
-10004
-6133
-3016
-5109
32
8959
-12252
251
-12248
-2827
-5100
-6132
-12040
-5106
24
-3874
-12240
-500
-4068
-4394
-14324
1797
-23268
-2302
-7156
1801
-4040
4860
-7120
-6405
-2824
1023
10304
8179
5368
-788
-996
1775
-10192
-13
-4096
742
-11012
-3315
-4040
-2819
-2824
6385
5156
5140
-7124
-2
-5108
1839
-15340
-6414
1048
10746
-2032
-6154
-12232
-7936
-12220
-3063
-11228
-1284
-5080
5899
-11236
-241
-17180
-2283
-4884
-8220
-14096
-5376
3080
11503
248
-7147
-5096
9967
-8152
3565
-20428
246
-8168
3061
-6096
-5601
-3844
-3052
-9996
-14594
-9164
-4331
-3048
1289
-10224
4610
-3052
-1517
-6100
2283
-2028
777
-13064
4378
-11252
5379
-2044
7162
-11228
-1956
8
-1268
-11192
-4595
-3044
3840
-6096
-537
-11216
6673
-9172
2321
-17356
5179
-11232
4366
-10184
-253
-14316
10475
-10224
538
-13308
-1537
-24292
-15
-4060
3579
-15340
-1056
-7164
-999
-10208
-4865
-5112
-7150
-15328
251
-13304
-1805
32
2565
-18424
-1550
-5088
-14077
-4060
2534
-16352
-4105
-15352
-5129
-3032
-1542
-7116
-4885
-16352
4827
-11224
3839
-14280
2824
-5120
-231
4108
4620
-10188
-2550
-4096
-6158
-18400
2293
-13248
-7161
8196
-1536
-15332
-8452
3112
2318
-11212
-486
-6132
-8459
-14096
2872
-8160
1296
28
-12558
-11264
-1027
-15296
1033
-10204
6867
-3044
276
-14284
3304
-9192
-3300
-3024
3574
-8160
1237
-2020
-5626
-9988
4331
10272
-2078
-7096
-3067
48
-9990
-7136
749
-8140
5616
-11256
3076
-17305
1056
-11224
-3332
-13280
5095
-4072
1800
-4072
-2066
-7140
7173
-13268
-2023
-13308
-1792
-13280
-772
-3064
12048
-13308
-11541
-18396
-2551
-13244
2322
-11236
4345
-8184
4643
-12276
2305
-14320
-1020
40
-278
1084
12311
-3028
-9211
-8128
3092
-10220
5631
-18388
-2053
-14308
7945
-11216
-9499
-11232
-3065
-7124
-1524
-17404
2293
-3040
1793
-16340
-2044
-9172
1538
-8136
-5910
-8188
2825
-9156
-751
-16312
-8699
-4068
-2080
1040
6412
-14276
2020
-12284
-2835
-6132
2843
-11204
-2026
-12256
2552
-13244
-4886
-11228
-3828
-2040
12819
-7136
-8961
-14336
2812
-6072
-5405
-15356
-1850
-8148
-511
-10236
3324
-14288
1041
-7144
1548
-6928
3534
-11180
-1797
-7952
1305
-5084
-4362
-9156
997
-13060
-6158
-9148
-4580
-11264
17148
-11240
14
36
2092
6200
-2335
-19424
7723
-12248
2541
-8128
2530
-8180
9503
-10192
-8244
-5052
-5370
-20456
-799
-10200
-1025
-13240
2339
-8168
7875
-15340
2299
-7128
-7411
-4072
-7692
-7116
1032
-948
-2817
-2032
-6917
-6100
9991
-3024
553
-9192
15583
-6088
7412
-6124
-4571
-10200
251
-11228
-794
4116
1799
-8172
-988
-992
248
-7148
9693
-1996
2567
1060
-5622
-14276
-4837
-7140
1797
-18364
-5387
-10200
286
-9164
2820
-992
-1835
-2012
-2828
5140
-4895
-16364
2509
2076
-8182
-6124
7409
-14300
7152
-10000
4611
-7148
-1542
-11240
-9453
-17360
16394
-6076
-8195
-16324
9714
-9156
504
-23212
-5384
-7136
1267
-5036
284
-14256
6393
-7948
5914
-18368
-5136
-4068
7412
-10176
3880
-9196
-3043
-17348
6889
-7940
2543
-13276
5379
-8140
6164
-13284
-6370
-6132
736
-12236
6938
-9184
-3586
-14300
1494
-13280
7395
-6120
-10226
-9144
-7976
-3052
-785
-19452
-8164
-14280
520
-19420
5133
-8124
-7702
-6068
-801
-12264
520
-15324
6915
-11236
5364
-6104
4127
-9212
1018
-6104
8945
-12268
2268
-11216
6680
-8148
7971
1076
-2025
-22232
4104
-9196
-4089
-7104
-2290
-13284
5884
-5080
-7667
-19420
1775
-3060
-3326
-6932
-8
-6096
6417
-6096
-7222
-7148
-806
-11236
-4365
-10208
-2305
-9180
13041
-9196
-7437
-4072
519
-15288
5138
-4001
-4359
24
4854
-21452
-519
-2008
6387
-1796
-2557
-8188
9212
-23284
4394
-6124
-4374
-5084
6382
-10220
-6668
-12272
1552
-19408
-8697
-11252
12785
-12280
-236
-9196
5362
-5080
781
-21456
1998
-13268
-11029
-7128
-3592
-5104
-520
-4072
2333
-10180
5697
-11244
521
-8180
7679
-6128
-2549
-8156
7909
-11264
3064
-14288
-8732
-13272
3875
-10228
7408
-14292
515
-9176
-12275
-15324
-1026
-24300
-3831
-9184
8710
-3040
3566
-3060
246
-13284
6100
-7160
-6142
-6128
-6678
-7136
2566
-10184
-6409
-16144
2054
-4088
-1029
4144
1284
-11244
3846
-9168
10489
-1984
4127
1044
-4084
-7104
2045
-8148
-6135
40
-994
-19412
-2552
-12272
1567
-4080
3321
4
2536
-7116
4872
-6140
22779
-19444
9475
-12284
1758
-14328
2840
-5088
-3365
-5068
2796
-4072
3844
-10208
2341
-6132
7184
-12036
1777
-8188
2052
-12240
-774
-9184
6640
-13288
11530
-17348
-4621
-3008
1289
-6100
3077
-13288
-3045
7216
3569
-4080
-8467
-8160
6682
36
4092
-8136
5622
-5096
4855
-9180
-1002
-16312
-2286
-15352
760
-8156
5113
-4088
3840
-9152
-3845
52
-1038
-9136
4079
-7132
1297
-6916
2570
-10196
7671
-8164
-4118
-5076
-11276
-3008
-6662
-4060
9977
-3036
-294
-11244
6185
-7116
5606
-7132
-5391
-20452
-4086
-13248
-2344
-3044
-2020
-11256
1830
-7140
-256
-10212
-509
-8136
6437
-2008
-262
-15108
4115
-8140
-17649
-5108
4296
-8132
7180
-13288
-6109
-8128
3570
-7112
-4389
-8160
-2050
-17368
-3337
-9180
5614
-15320
-2827
-5092
9747
-4072
3838
-21472
-5625
-21484
-1019
-13268
-9236
-12252
3029
-16348
5616
2096
-9496
-17384
-8455
-9144
508
-17364
7680
-6132
-3797
-10188
-981
-10228
5854
-9200
4623
-11016
-2066
-11240
-8721
-11196
226
-3056
5896
-16360
-4617
-10216
2606
-5084
3830
-4076
3831
-1024
-7169
36
2809
-1004
7896
-13276
-1572
-7092
-6400
-20448
-2772
-9208
7456
-19436
-4304
-7132
-510
-20460
-3034
-12252
-10007
-7152
-2047
-15328
-513
-13292
-8678
3104
-1532
40
-3052
3092
6140
-13276
7174
-14300
-13331
-16352
1315
3132
6964
-4052
250
-12252
1033
-6116
4353
-5056
6639
-7112
-6924
-8176
-235
-12268
8686
-11256
-469
-9176
1793
-8152
5107
-2020
-3085
-2008
-8213
