-8152
502
-5064
2803
-6144
-3826
-10196
-5642
-10200
4651
-8160
3820
-8132
-15619
-5072
3588
-7132
-6909
-13268
-4386
28
-5651
-2824
-1295
-5033
3551
-10168
-2282
-8144
9018
-16152
-1044
-5080
3070
-9172
-7956
-5100
-6913
-7140
770
-19380
4593
-8188
5616
-9216
-9706
-3044
-2309
-6084
2543
-12220
-7902
8
-4113
-4096
3606
-4048
4850
-1004
3859
-4064
-2558
-4076
5126
-6928
-474
-9196
-1239
-1004
-2830
-3844
3599
-3052
-530
24
-10244
-11244
-5646
-7156
3600
-10232
-508
-12264
4637
-4048
-4858
-10196
1818
2100
2823
-10220
1781
1028
-6138
-9188
3366
-7128
1019
8228
-544
-17372
-14877
-13284
-10011
-19416
4370
-6136
1260
4124
7181
-956
8199
-1796
-11267
-6128
-5145
-15336
-6901
-10224
2076
-3032
8202
-3072
-3290
-3032
4084
-9200
503
-13272
4392
-3020
7183
-2012
3326
-7156
4869
-7124
-5399
8256
-5390
-10188
987
3076
-8448
-15296
9194
-6128
-7921
-15340
-8430
-3052
3333
-3032
-5080
-8160
16643
-24076
4323
-4044
-6123
-8168
2328
-19452
-761
-9172
784
-6096
-1264
-23288
-4616
-15280
8209
-7144
-3835
-6104
-6673
-13276
6925
3324
-13055
-14328
-1762
-8968
9490
-10184
-2765
-12036
-9
-10224
6394
-7152
-3849
-7104
-758
-11224
-5141
-5100
-513
-16344
6147
-9204
-6938
-3048
-3511
-13272
7160
-2032
-5647
-10220
1021
-13312
-5871
-13264
-5384
-4084
-2298
-8976
-2834
-9208
1809
-18404
-538
-14308
3111
-8140
-5920
-3016
-1768
-9204
-1320
-12228
-2063
-5104
4085
-7124
-3085
-14324
4394
-13260
1813
-11252
-1257
-20448
-16620
-9196
6423
-12240
487
-5052
-5355
-10184
-5666
-3068
-8752
3104
7619
-14288
-3331
-11240
6157
-1988
1495
-11240
-1031
-2012
-763
-10192
-1526
-19408
-1584
-10240
275
-6120
3594
-2000
-8441
-9204
6434
-15308
-10248
-12052
9470
-13272
-4086
-19396
1078
-4036
-993
-3848
779
3072
-5881
-3028
1554
-7116
-5652
-4068
3325
-984
-7666
-21500
2092
-8152
-1792
-6112
-1544
-4080
-3613
-14308
3574
-14296
-6400
-6100
-4333
-15328
4113
8192
5131
-21472
3588
-2020
-4075
-11236
10458
-7140
1552
20
1593
-13260
2825
-5096
-4638
-7112
-285
-12232
8496
-11236
-6914
-10184
-2576
-2004
-8972
24328
2529
-11240
-4393
-4072
7416
-11236
-4589
-4088
-3608
1072
2293
-8976
-3829
-8188
2831
-4084
7420
-5112
10297
-13288
8409
-8172
4608
-4084
-2799
-3044
2330
-3008
-6902
-5076
-257
4
7655
-11012
-274
-6136
1558
-19400
8181
-1992
3348
-17380
5137
-6124
-2555
-9192
-3064
5176
2020
-10204
-7196
2300
10252
-17396
-4834
-980
8191
-4048
-1784
-11216
-3307
-13304
9224
-9148
8443
-8164
7133
-8176
6414
-4092
-11020
-16328
-4344
-4044
-976
-4016
6684
-4084
-7660
-3016
1803
-5084
8202
-15312
4341
-5084
-3586
1072
-1540
-15324
-2833
-4060
-516
-11208
-4856
-11216
2022
-2004
233
-10204
-271
-6920
4595
6176
-12017
-10228
-3084
-9188
-246
-9164
-2599
-7140
-5381
-8156
-6404
-6116
-2795
-7144
5371
-5092
-2021
-14304
5863
36
-7200
-8172
5138
-8160
11483
-12284
3828
-11212
-1769
-16360
-1533
-7120
-6892
-1984
1816
-7112
-9216
2056
4331
6168
-1267
-11240
3060
-7140
-514
-8192
-11006
-12252
5638
-1804
1825
-9992
-229
-4009
246
-7152
-2022
-3032
-3351
-15324
-1835
-10208
2794
24
10026
-7108
-2802
2092
-4581
-6120
4109
-9192
-3068
-9196
262
-1796
-4852
-6916
-2822
-3056
-1520
-15336
3099
-2040
4354
-14304
507
-5064
3303
-5116
-4099
-19420
-3050
-16384
7180
-9208
-4346
-5076
-28
-8184
-3835
-3016
-8720
-6100
3844
5148
-254
-3064
7961
-10188
-9495
-14328
-2026
-8148
5402
-11208
-9486
4336
-4127
-14308
-2301
-6124
773
-12036
4878
-11020
-4613
3324
-10509
-4084
1526
9252
-7904
3104
4852
-12248
5
-3072
4101
-1008
6662
-5096
4619
1056
-3600
-4064
-1012
-7160
7675
-6116
-5359
-8152
-3073
-2040
8202
-15340
3829
-2020
1780
-5068
1755
1044
3872
-9172
-3036
-10212
4593
-6104
-2510
-15340
-2586
-9216
-1009
-9992
-2301
-8992
3840
3084
7927
-15292
-1007
-8176
-3300
-5084
1041
-9172
-1533
-4044
-12530
4132
-5652
-14296
-7428
-5904
271
-968
-2292
-1012
-7404
-4060
-5638
-5052
-5617
-1004
-1800
4100
-2042
-13296
1521
-5076
2579
-7144
4596
1068
-12545
-3044
13329
-4048
-8991
-8184
-988
-12276
8970
-4076
-9217
-12244
3375
-9988
-3599
-4876
-1553
-6120
818
-12220
-5914
-1804
510
-8124
1585
-7152
-11993
-2004
-2807
-8152
2772
4128
8
-8172
-4327
-13280
-1048
-5076
-4322
-8152
1777
5148
-1036
-14328
1514
-15308
532
-8172
8439
-6124
-736
-9180
1533
-3052
-1826
-2016
2332
-13292
1040
40
-265
-4048
495
-9180
-252
-6916
-6180
-14292
-2571
-5096
-4599
-12260
-5596
-10224
7694
36
500
-7940
3808
3100
-3798
-9204
4350
-13284
3828
-15348
-5893
-992
-5140
-7132
1777
-8144
1267
-8168
2802
-12284
2336
-9192
5365
-12276
-2063
5132
3619
-13276
6119
-8148
-12021
-5108
8201
-964
-5
-9184
-8669
-2020
4611
-6120
3080
252
-5876
-6120
-1798
-7136
10474
-15344
-7148
-2044
2530
-14252
3044
-7124
-520
-12280
-11015
-2016
-3323
252
5845
-992
5867
-2824
1009
-3016
-3571
-10168
-1050
-5108
-795
0
-764
-1812
752
-12284
-6152
44
-12531
-6096
-11278
-5092
9455
-6132
512
-12256
1039
-1008
2063
-980
-16682
-6128
13555
252
222
-13308
-3564
-10236
-6653
4160
-2838
-6924
4648
-2012
-7399
-9176
6407
-4096
5122
-2012
-8168
-2012
13037
-11244
2314
2100
-1510
-2044
7934
-1988
-3337
-12268
-2072
-3048
-510
-7156
9967
-8180
2304
-2028
-2814
-9184
-526
2060
3301
-11252
1584
-9212
17372
-4064
6140
-1812
506
32
-4358
-9188
-7168
1064
-1278
-4872
-2069
-3864
540
-14276
-2073
-2820
-4343
-12228
-2032
-9196
4620
-13284
-5643
-14324
-3610
-2840
-2866
244
-260
-9192
2073
-4096
-4083
-10228
-3298
-9160
5129
-988
-4128
-2008
-1254
-22236
2002
-7128
-1510
32
10023
3116
261
2072
-7200
-11244
-250
-6104
-1291
1052
4605
-13276
2285
-12240
-6922
-7948
-279
-22240
258
-9216
3
2056
5892
1032
1288
-14320
5114
4
-788
-7156
-994
1052
-17
-4024
5132
-3072
-4070
-2048
6365
-12252
-10997
23320
1780
-3020
-974
3124
4372
-16340
1784
-15312
-1026
-2836
3608
-12224
243
-8180
-3574
-6080
6437
-11208
-5136
-2000
2549
-16148
-4084
-8176
2827
11304
-2032
-2000
3367
-4044
-4095
-13292
-3549
-8128
9463
-13312
5887
-12280
-6908
-4052
3359
-7140
-3317
-8192
7423
-13284
-2031
-13308
-7942
-4080
5149
-9200
-6379
36
-1011
-9180
1311
-3044
-2284
-11200
-5401
-2032
-3595
-13304
-10
2072
1242
-9168
-1281
-14328
2539
-5112
4044
-7156
-5125
2080
-6905
-16372
6162
-15320
14849
-9196
-1491
-1016
9234
-9184
3346
-8152
5118
5148
-5886
-5076
-6389
1052
-9999
-10192
-2074
-7152
3581
-7164
-7143
-2020
-2852
-9188
-18443
2076
-13061
-11240
-250
-12284
-14
-9172
-3558
-10232
5364
-7148
-1253
1064
4870
-2016
19930
-12248
1034
-13312
-8969
-14324
8158
1032
-7161
-17368
-254
-16372
7920
-14272
2808
-15336
12761
-10204
-14810
-14288
11234
-5892
3098
-6120
3289
48
9209
-5060
5595
40
5624
-788
1541
-8140
6633
-12264
2594
-7952
4097
-21504
7437
3100
1252
-14292
2302
-13060
-8735
-10232
3594
-3040
2861
-5112
-4346
-2992
3057
-4872
-4070
-3844
4860
-9176
6687
-9200
-6125
-13292
-9475
-3072
521
-3000
-4622
-3000
-5375
-18376
6408
-13288
-2504
-10220
4064
-5116
13342
-8168
3844
-11200
9960
-4068
6395
-11244
-10522
-4048
-11784
-12256
-2540
-15340
-4576
-14276
12830
-5920
4879
-11252
-770
-14292
6134
-5112
-5358
5140
30421
-8128
996
-10224
773
-2828
-5407
-11232
-3591
-8164
-7437
1052
-4619
-14316
4868
-14296
9697
-9204
-2044
-4068
-4841
1064
797
-8136
3579
-8160
3117
-6112
267
-8148
1251
-4096
6666
-5088
-8680
-2044
-1537
-9200
-6133
-20440
4339
-16348
-2012
-15336
-4079
-7152
5121
-16340
-253
-2032
5919
-3036
-4349
-10204
-6194
-3036
-1256
24
2048
-16372
251
-8156
3099
-17364
-3567
-14312
14850
-984
250
-5916
-480
-996
2532
-12232
-4103
-6140
6921
-1024
4627
-11184
1253
-6064
-2081
-10192
-3091
-5120
284
-6924
-1007
-11220
-1042
-9172
3817
24
4117
-13284
8441
-8156
7154
-12185
6905
-984
5915
-7148
-1763
-13292
-4342
5156
6985
-11244
7388
-2024
-5600
-7944
-7712
-12288
3337
-14304
6364
-12276
-2800
2080
-4603
-9996
4600
-8144
-497
-6120
8696
-8144
2558
-8176
-2289
-4060
-2293
-12256
294
-5076
222
-2040
-765
-11232
-7197
-2028
2299
-3020
1543
-9152
-3055
-13276
9175
-17388
1550
-8152
7440
-7152
4885
-8160
-5368
1028
1812
-6108
5626
-6128
1016
-17368
-6617
-9988
6420
-6096
-8732
-1796
-4065
-12280
1464
-19412
-8451
-2036
-503
-8972
5186
-4076
4097
-3844
5349
-9988
-6654
-17372
-1263
-13284
-1018
-8168
-11221
-772
9223
-18196
506
-7112
4088
-9208
271
-780
-1750
4140
5111
24
-1774
-13060
-3604
-7140
-809
-5088
256
2076
1011
-15324
-1569
-1976
-3604
-6124
-7917
-12280
-9675
-6112
12257
-21476
5681
-12260
3051
-4068
-1789
-9121
-4354
-4032
-7142
-13060
2276
-2008
-28903
-4080
3037
-9200
257
-8160
-6910
-12264
2293
-6100
-2247
-12201
-3048
-8172
-8957
-4044
3049
-10204
-5598
-6932
995
-11244
-1045
-4036
-4853
-8136
-4109
-8176
24
-8188
8722
-9992
-1274
-13288
-3344
-9184
-6651
-3052
4367
-4084
4622
-14324
-1788
-14336
-3383
-12220
-281
-4076
-5909
-10220
-1224
248
2805
-12264
-5124
-9152
-759
3124
-8459
-9152
-995
-9164
-5122
-4088
2049
-2828
1545
-17392
1038
-13296
-4860
-5068
-5414
-9184
-4863
-11208
2841
-15336
5388
-6116
2526
-2032
-5137
-5100
-1019
2068
528
20
-2831
3108
-533
-8156
5907
-7160
-5064
4132
532
-5072
5095
6156
-1536
-13288
6427
-12256
3030
-2036
-5369
-1024
-2314
-6140
3329
16
15615
-9176
-4868
-13268
9964
-14304
4606
-4084
-15634
-1016
760
-15300
1544
5152
-532
-8180
-1016
1068
4598
-20236
1029
-7116
1573
-792
7407
-11236
5615
-11232
-5859
-5088
-3578
2072
3570
-1800
2830
-8184
-8434
-1800
2555
-7124
-9506
-9184
-7418
-13300
285
-9176
7429
2100
-4582
-4060
6128
-10208
-8987
-3048
4097
-14308
2291
-1996
5886
-17364
-3093
-4072
1272
-12036
14898
-12272
-531
-8156
-10522
-1016
1308
-7132
-3610
-14292
-3352
-13248
3827
-9160
7714
-13248
10504
-18392
4
3088
-7407
-5108
9239
-14284
-3550
-2004
-8923
-10200
-1570
-14308
-9176
-12268
3071
3324
14570
-5100
-8434
-996
2290
2068
-4600
-12244
-4886
-7940
-521
-2008
-4880
-11228
4369
1084
-2838
-2008
-5335
-5072
-251
-9184
-4109
-11232
-6084
-3016
-10495
-11224
-3848
1080
2030
-11216
-4845
-5092
-4120
-4060
-7403
1028
16437
-4056
-2606
-17408
8730
5120
-9489
-3064
5386
-8192
6648
-5900
-1779
-6104
-3330
-15360
8981
-19436
495
-7156
-3597
-2048
-3842
-11260
-5879
-7148
-2543
-7940
-4360
2092
4898
-16368
-5109
-10208
2595
-12252
2042
-3872
-6915
-13308
3574
-8164
-3069
4124
-2272
-9992
1762
-6924
-1479
-3064
-7935
-6120
11023
-14296
2576
-16328
-4068
-17380
4598
-3040
-513
-792
-766
-4872
2270
-16360
-4603
-8164
1832
-9148
-1524
-10220
1273
-7136
9201
-12056
4362
-10176
5083
-992
2105
-5072
3118
-11240
-6150
-20476
-9193
-9180
4637
-7940
741
-8160
-3587
-9144
4358
-5064
5378
-15340
10477
-9164
806
-12260
-3069
-5064
296
-3068
3341
-2024
-8469
-972
5894
-13236
3591
-3016
1539
-3044
6666
-6124
3852
-9196
-3063
-5076
4581
-20424
1803
-16380
1281
6152
-1748
-5092
10235
-3048
2860
-14328
6886
5176
2019
-3064
3373
5168
9211
-13256
-1294
52
-2808
-10008
-9985
-8968
12252
-1816
2315
-7168
-5901
-12244
2295
-5040
7952
-6140
-7420
-14288
4107
-19416
2290
-1004
-3876
-5896
-1544
1092
-1274
1044
-7440
-5088
-8215
-7132
-4653
-7168
521
-21484
-1523
48
-6664
-9168
4898
1036
8949
-10212
5671
-10204
1534
-5908
3028
-9192
275
-5104
1514
-11224
1038
-12252
-2577
-7156
-2582
-12236
1532
-4012
203
-3048
-1793
-3048
-14311
-12256
-5641
-2016
4613
-8144
6173
-7132
-8937
-5036
-2542
-9996
12034
-9192
-2328
24
3310
20
3032
-6132
-1043
-14316
-2563
-8160
2832
5136
-248
-8101
-764
-2044
-1270
-7168
-1508
-3056
4586
-13280
1768
-15288
-524
-12048
-1301
-13292
8978
-8112
-19
-11260
9214
-4036
4102
-10224
1242
-14300
-8221
-7152
28
-11216
2562
-13272
-5136
-10184
-1537
-1008
9718
-9192
-6698
-15352
13587
-17384
-11267
-4084
-1276
-11252
-4345
-4068
1033
-4048
-14074
20
-270
-8144
-4849
-8152
-2613
-10160
13302
5148
-8720
-8132
2550
-3040
8959
-8184
5099
-992
-4349
-8148
3853
-8188
5381
-6104
-1832
4124
4329
-1020
12536
-4056
-3366
-6068
-5886
-1024
-6393
-8156
8682
-1800
7686
-4076
-6417
-17388
6955
-3012
3850
-3056
4890
-7112
-2070
-13260
7397
-12276
-3568
-13072
776
-7148
1815
-1004
-1573
-19420
5874
-16144
8452
-10184
-772
-11252
5391
-7148
-3306
-2040
7414
2084
2833
-4064
1795
-4060
-3048
-2012
-233
-3048
302
-9180
5865
-7952
2040
-10228
-463
-13280
4618
-17396
-4348
-13256
-1032
-6084
1309
-8156
9704
-18412
-4068
-12240
-1045
-1992
1536
-20452
-2569
-2008
2822
-6128
-5921
-20404
-11529
-6132
263
-5080
239
-776
-5614
-8160
4338
-10220
-4069
-6140
-1773
-10208
9492
5152
1526
1032
5355
-11264
-5356
-2040
7417
-10192
-7694
-11200
9669
-6124
3606
-7140
-2823
-3072
4364
-10196
-2056
-18412
253
-10228
-2568
-12036
-5884
-2044
5911
-8168
3301
-3040
494
-14280
-9473
-12244
4859
40
-2051
-6100
-3338
-5096
-7403
-5096
-8410
-16348
5900
-10240
6675
-8156
-6670
-24312
-5621
-11232
7422
-17368
-8191
-14296
-2298
-6140
3355
-5892
-2553
-3044
6899
-1992
-3830
-8172
8212
-9192
-761
-16372
-3874
3108
12560
-3036
9241
-6128
-1542
-9164
-4059
2064
-1011
-5052
3024
-9204
1024
-14280
3332
-984
-6150
-8176
-4843
-7152
-7914
-7148
2790
-5096
3306
-15324
2049
-20432
758
-5052
-4835
-10208
5884
-8140
-3043
-9196
9235
-9204
-1528
-7084
8139
-4868
-1312
-13288
237
-5900
-2543
-10200
12028
-5056
10476
-7152
11530
-6112
212
-6116
-2822
-7136
-1012
-6096
3064
-984
5380
-7948
-4351
-10200
12542
-7148
-1255
-5080
-5410
-4072
-3566
2088
2801
2292
492
-1012
-6946
-1020
798
-9192
8714
-3028
-6160
4324
749
-3056
-17901
-6976
3826
-5116
-784
-6128
-1251
-7116
12002
-7136
-4329
-2820
-1518
1052
4635
-13288
8982
-3056
-5652
-11232
8709
-1004
-3077
28
1291
-5068
232
-7164
7183
-7160
13613
-13280
4085
-7140
-2326
-8192
-2284
-10200
-1046
-5088
-519
2120
-475
4128
8943
-3060
6910
-5084
-2295
-10008
-512
-7156
-3577
-5088
-501
-4088
3336
-15308
2324
-13280
10747
-13296
9214
-8176
1577
-7152
8171
-5076
2839
32
-3344
-992
3313
-6053
-3085
-12272
-1279
-4048
3873
-3032
6394
-14316
-9482
-14276
7388
-7124
3820
-5112
-6940
-9200
10214
-8192
-5368
-6076
-4604
-6136
2819
3080
-13290
-9156
4820
-12252
3550
-776
-7680
-9200
-6397
-5112
-1272
252
3074
-9121
-560
-21468
6174
60
-3602
1060
-9475
-7148
759
6152
2030
-1804
-3871
-10196
512
3124
-234
-5072
2571
6196
-4607
-8105
1215
-18180
-1277
-2036
1797
-12036
508
-3032
4869
-8160
-6656
-4076
-492
-2020
-3865
-1804
-240
-6100
-521
32
4621
-16316
-780
-10204
2823
5156
-1818
-11260
-1553
-2000
-22510
-2036
3348
-988
995
4108
-4871
-16336
2799
-4880
542
-5080
1016
-984
-2296
2072
8429
-7144
-2530
-6088
6375
-780
3331
-6112
3849
-10012
-789
-19452
6903
1268
-4597
-12236
757
-12248
8702
-7112
-12740
-9184
1536
-11232
9987
-13284
-16433
-3056
3791
-14316
-4343
-13276
-3381
-4064
-5395
-11020
4851
-12228
2573
-14288
-4609
-10204
5131
-22236
-250
-18404
3588
2052
9968
-5112
-5421
-13300
-5869
-20456
3067
-2008
-527
-7073
-1229
-11256
9491
-18412
4866
-2012
1536
-992
-3336
-5056
-4844
-10220
-4367
4136
-985
-7132
-5142
-13276
3586
-11264
2276
-11264
13822
-2040
-3063
-4868
-6881
-2832
1500
-4880
4849
-12260
1780
-4020
-268
-7124
-10270
-10220
-14
-12040
-17
-4080
2302
-2004
9722
-10196
5630
232
3090
-12044
-3859
-8972
-3578
-9180
-3593
2052
-1021
-1016
-1313
-7120
-4347
-4060
11541
-19400
7186
-12236
12527
-13288
273
-10188
1014
-10200
-3093
2064
7415
-6132
-6954
-16348
1790
-14276
-3327
1028
-248
-7156
1802
-17372
5383
-7136
-7708
-22216
-6929
-8184
261
4108
9756
-4028
-517
-4072
3294
1076
1040
-12244
808
-8140
10
-19456
-5655
-10176
-7405
4144
-4409
-15360
-555
-19212
2024
-4052
1529
-18372
1276
-3044
-3312
-940
1297
-6136
4604
-2824
8731
-13280
-6907
-5060
2813
-988
19714
-9184
4355
-9212
-4104
-16360
-7140
-12248
-3329
-5088
-5394
-15320
5909
-8132
-8976
-12244
495
-8144
-4104
-3032
-5878
7208
3809
-10200
-5157
-9156
-1789
6192
-4348
1092
3855
-4876
-5613
-5072
-3609
-8160
509
-4080
-2584
-5120
-2005
-8120
8960
-7148
14127
-3072
-8204
-15316
-38
-7136
-4593
-4056
1280
-15304
9248
-7140
8437
-3048
785
-4048
-2308
-4076
-759
-988
-6684
-7088
-1272
-9184
2773
-976
-6630
-12288
-3137
-13280
-5107
-8192
-4586
-8972
8687
-5068
3331
-4084
-9502
-1800
-754
-9216
-5657
-6084
-3579
-3052
2543
-7156
-1810
-12256
2067
-7952
-10987
-13260
12799
-5080
-6145
-3032
-4116
-9200
-4359
-10172
-10493
-2048
2557
-6132
1030
-8192
8441
4
12263
-3028
5892
5172
5155
-10208
-3833
8
9256
-11228
-7667
-8152
3560
-4084
15356
-11244
-5645
-6916
1296
-3020
2051
-6112
6156
-20452
1050
-15316
3795
-5104
-2080
-7136
-3845
-6124
-4894
-11244
-3593
4096
-490
-3008
5586
1032
-7723
10272
1533
3088
-13840
-7140
-5141
-17156
-2313
-11236
4341
-9200
18395
-3028
-246
-18384
260
-9192
-4848
-4005
-4596
-6108
1312
-16348
1539
-9144
-21773
-3048
3044
-4056
2564
-18432
790
4340
4371
-9188
1540
-3848
779
-3860
5079
-9188
-3083
-4076
2304
-6112
-10703
-7156
39
-5096
13855
-13260
5926
-1000
-4865
-20476
-2322
-6132
2305
-15300
6659
-7120
5139
-8968
516
-17384
-6606
4136
2556
-9168
1039
-3016
-1779
-9184
-239
-4068
6401
-9164
8
-10196
-3297
1056
-502
1076
-5351
-8176
15883
3072
5362
-6112
7926
32
-246
-10204
3314
-5092
-15376
1036
9996
-12248
-11032
-5104
3371
-13276
3328
-9160
-1834
-2016
8728
-3060
4891
5148
-2075
1268
-4067
-5088
-2800
48
-3085
-4880
3833
-968
8211
-8144
-4352
-7140
10977
5160
-9226
-10184
4361
-6128
-10524
-8140
238
-7124
-13890
3096
218
-7144
-5126
-15356
-24
-9156
4362
-9184
1048
-12260
6645
-4044
-5149
4116
5123
-964
-1276
2080
2285
-13288
37
-6100
2075
-972
-262
-8172
10743
-6100
-1004
-4076
-2564
-11044
5360
-2824
7420
-6092
4626
-3032
-7700
6164
-231
-15336
-10779
-14264
5630
-10200
5644
-3032
-3022
28
1269
-3048
-5894
-7156
-8678
-16356
3075
-9172
2591
-16352
-6930
-11216
3332
-4068
4581
-3040
2073
8
5662
-7144
10228
-6944
11022
-7100
-3
-15320
-2050
-14324
-12019
-9216
-4108
-7148
6933
36
511
56
5853
-4872
-5371
-14300
4093
-5052
4880
-13284
-8470
-9988
-492
-2020
250
-9180
-10494
-10208
1813
-6132
-2308
1060
-3811
-14280
4599
-5064
5345
-17352
-3597
-8172
-5108
-17408
2820
2052
13056
-11204
-1820
-9188
-1586
-3024
-11218
-4080
5129
-10188
2815
5368
15842
-11244
791
-7144
-2525
-9160
5665
-8168
781
-2840
3857
-6136
4611
-10228
-514
-7972
-2571
-7108
-2798
-13308
-5354
-11248
1769
-3028
-1817
-10220
8432
-1012
-5372
-5100
1291
-10200
-7913
-8152
3852
-996
-507
-6124
5627
-9196
1273
-16344
-769
2068
-252
-10236
-1261
-18428
4878
-1804
1529
2052
-1068
-8148
-464
-3056
-5386
-14084
-10260
1028
2801
-2016
-2037
-5092
-2573
-2036
3841
-7132
5897
-16364
5117
-13264
-3874
-6132
1835
-2844
-3089
-3040
-7942
-11224
-1322
-17360
9987
-3036
1254
-1988
6647
-6928
8978
-10228
-3617
52
-8465
2084
-5383
-6128
7205
-15328
3597
-8148
-4865
-14276
1008
-16356
-6400
-4092
-4880
-10180
-2337
-956
-5113
-1016
-3602
-2036
-3561
-8148
-3285
-5080
3549
-11248
-525
-3016
5637
1060
2586
-6128
4311
-13268
-4620
-11228
3308
-6108
736
-7148
-4830
-11228
-2561
-2020
5894
-9172
4873
2064
-2796
-5092
12803
-8132
3359
-13280
8440
-10196
2570
-10224
-10792
-5064
-2333
1052
-277
2300
-2282
-8176
3596
-17404
493
1072
1276
-10216
-799
-996
13285
-13268
-5388
-4084
7930
-3068
-3848
32
-1798
-6120
1519
-13288
-4611
-7140
16
2072
6151
-12248
2044
-13264
-1800
-9184
8718
5164
4076
-4036
9729
-11228
-4114
-2040
3544
-7940
-788
-6088
-5925
-5088
1010
-8192
6400
-996
-4361
-12260
-270
-12040
-7421
-10188
2822
-7144
-4
-4072
-3304
-5096
12007
-7112
2105
-996
-2336
6152
1282
-4036
2296
-15340
-8168
19500
3603
-13252
6656
-9140
256
-7128
578
-13300
-796
-13236
3091
-16380
-4111
-11212
-1269
-17392
3333
-4072
-8966
2108
10778
-9192
-1290
-5108
-8691
-2044
2556
-18388
10253
1032
-7954
1080
-1018
-4060
-7190
-875
2059
-996
4835
-9200
-2060
-16384
-11501
-13300
-5
-5112
-279
-16368
520
-12216
4068
-13280
-1301
-2044
-1765
-8192
5922
-21488
1310
12
-2308
-11232
6387
-8140
7956
-4032
-8183
-12252
7423
-10208
4636
-10212
13560
-8148
-5647
-15296
-4075
-4084
7689
-7156
-1481
-13264
1271
1169
-3865
-5068
-1045
-6072
1525
-10188
7912
-772
-6669
-6128
-2016
-6096
-7158
2092
-4333
8444
5870
-23240
-9756
-6080
4039
-13284
-7695
-16356
6391
-5072
-2301
-2028
-8681
-11240
6411
-11260
5386
-9152
-8188
2296
5897
-7120
-500
-1804
-3047
-13276
-504
-11208
-6902
-5108
5617
20
-7408
-11260
-1519
-8144
9480
-8964
5877
-7148
-766
-11016
4349
2052
6904
-3060
1549
-5108
-7691
-14312
-7909
-3028
-1294
-8132
3834
-2020
7663
-5072
-9213
-14300
10200
-9172
-7969
5124
12003
-12268
2535
-5112
-762
-15360
-5125
-956
4308
-16340
-1769
-1000
-5894
-3040
2299
-13292
-3549
-4084
3344
-1000
-5106
-6124
-3569
-10192
-11475
-5084
727
-3044
3040
-8180
-5112
8208
-788
-1992
8447
-13300
-8970
-9176
-5896
-9192
10252
-984
3829
8
498
-11240
-5375
-10232
9735
-10228
-13300
-9200
12766
-11256
2071
2292
1531
-3016
6396
-6944
-8461
-9180
4100
-7164
-16382
-7956
-2067
-1024
-4867
-10184
10229
4104
8386
-9168
-4360
-7136
4085
-13292
2786
1044
-1035
0
2311
-10224
7435
28
-9223
-13312
1777
-15112
9233
-8176
-508
-2044
-1524
-11184
-5348
-18396
8929
-10204
-6947
-1992
-6140
2104
3837
-16360
7418
-5088
3835
-4072
10752
-8172
3371
-7136
-1036
-11208
-5386
-17344
9953
-7128
6652
-6084
13814
-5068
-3615
-15308
-8182
-13260
-10742
-20480
7937
-13288
1821
-11236
-9939
-15300
1277
-17400
3291
-8964
-1279
-12240
-1298
5168
1805
-3020
-3831
-6116
998
-13296
6386
-7144
-985
-4068
2041
-4880
6
-14280
817
-9208
3058
-6116
-3837
-9172
-3788
-4876
-4614
-15120
-3076
-6100
2049
-11232
-253
-16336
-980
-6088
2554
-15344
1528
3112
5348
7172
-4619
-2036
-5093
1048
3092
-3040
2832
-10204
-6392
-13304
7418
-7148
-1776
-6116
3867
6184
9733
-9192
-995
-11208
-10238
-17392
10243
-4076
-3032
-11196
4105
-11252
5885
-9148
-1776
-4024
-1761
3096
2089
-22256
-4877
-14300
1005
3116
-4357
-9188
5887
-9208
5639
-4872
5345
-7960
16
-3856
3867
4324
-2529
-13244
-2062
-13240
1276
-10200
-292
-14304
-13837
-4092
-4382
-10204
-2574
-2028
11247
-12288
-3843
4116
-4856
-7100
-3578
-11240
12016
-13300
-2301
-21484
1782
-12248
5124
-3872
3604
1044
831
-8140
-6686
0
486
-4040
-1561
-7144
-3805
-8172
-1297
-6136
7697
-11020
-11223
-4056
15572
-7124
-4391
36
2800
-2020
-773
-6132
-239
-8168
1030
-8148
-1013
-11216
-1548
-3020
1829
-12272
1529
1056
-265
-4084
-13867
-9172
8385
-9132
-3852
-8172
-216
-1996
-2317
-10212
-1570
-3004
-3833
-8168
-8951
-9200
10502
-7160
-1519
-6144
-4889
-12232
4600
4132
-4889
-13304
-760
16
-2800
-11228
6612
-12284
6659
-6132
-6409
-780
-4347
-5092
12579
-3056
5067
-15348
-1770
-13280
5128
-6112
-3033
-12260
1767
-9156
-497
-16364
-1289
-3012
-2558
6148
233
-3844
-1287
-12268
-25
-12236
2554
4128
-9966
-7124
10026
-960
-2055
-7124
-1005
-4088
214
-3056
1079
-13260
-3855
-6100
2362
-10212
3
-1996
787
-13292
-12289
-992
-815
-14320
6625
-19444
757
-17348
1238
-4036
-1240
-6136
-7153
7220
2032
-16344
-757
-13284
-2461
-12252
-4353
-10212
-17189
-13304
-1803
-10192
-9725
-11228
-9477
-13300
10744
-6124
5656
-9192
5364
-2044
-2529
-8148
-4352
-8192
-3338
-2028
-1001
-12280
253
-5060
7376
-6100
1554
-4048
1784
-7144
41
-11224
-3055
-15340
-3567
-10164
269
-11252
9480
-10204
-3568
-17156
4872
-4064
-767
-21492
-7924
-8136
3846
2068
11276
-26328
-2552
-984
8960
-5092
-490
-6124
-7179
2108
-2830
-6108
6431
-9192
-3338
1080
-4608
-2044
3876
-4064
802
-7136
2303
-8168
-8462
-8148
12743
-12244
-2061
-11224
4067
-14256
-16122
-11252
5605
-11224
-6632
-11232
-5881
-9164
-4323
-9176
4860
-4020
3316
5144
4347
-14324
-3813
-3020
3530
-11244
-5348
-11248
13852
-10208
-5121
-15332
1520
-20468
-3109
-8180
-9970
2068
-3287
-8984
6674
-4056
-270
-15328
-7953
-3848
3592
1048
8444
-11220
717
-8164
762
-3024
4122
-4088
3321
-11212
10206
-8192
-5107
-7120
-4380
-3048
1522
-4056
-11039
-10240
3061
2080
-5854
-9164
8731
-2036
-472
-8132
5114
-5072
2534
-8144
2558
-10196
3568
-9172
-6145
-8168
2036
-5904
1289
8224
-4096
-6100
-8213
-5072
-12059
-17376
-3318
-7152
-478
-13292
-4871
28
767
-4084
1489
-19432
9222
-15336
5607
-4028
4079
-4076
-1266
-9196
-6652
-5088
-3836
-12228
9981
-7124
-2309
-8148
1801
-16360
-11
-16360
3036
-12272
-1024
9224
-2033
-2012
721
-10220
2554
-6068
501
-4032
6374
-1004
2338
-13288
-777
-22228
9221
6160
1289
-11216
6916
-11232
-527
1032
-6396
1272
13046
-996
-2283
-3056
1302
-9160
851
-12260
-4361
-1996
-2567
-11232
3095
-17404
3378
-12280
6694
-12240
-10
-8160
-1270
-4036
-2532
