-2820
2075
-9204
510
-12272
2801
-6108
4623
-14292
-13853
-12036
766
-1796
1025
-21456
7183
-15336
-10994
-10232
-10256
-8184
4616
-7140
-1290
-7136
1290
1064
2556
-2048
-5123
-5112
-1283
-8168
-2801
-19396
1260
-7144
-1008
-2020
1300
-2832
1535
-13272
-2035
-7160
8994
244
-241
-5076
-1016
-6136
1515
-9184
2321
-15340
-4160
-10236
5626
-9180
-1484
-21468
1568
-2985
-7655
-1012
505
-5088
-10732
-4080
2276
-8172
9200
-9200
-5342
-12056
-2820
-6120
2847
6336
3092
-7128
757
6180
8186
-4068
2552
-6100
-749
3316
-2582
-10232
-5136
-6928
-4592
5368
-1237
-5908
7688
6192
4102
-6116
-3053
32
236
-8180
10252
-5120
2881
-2028
-2329
6152
7150
-3040
8174
-12276
-2059
20
7710
-6112
-3327
-1996
-795
-6092
1787
-18408
-1536
-2028
-3853
-15332
-4899
-2000
1540
-8976
7158
-2820
-540
-2820
2593
-10176
-39
-3028
-2328
-12036
2566
-3052
2785
-1008
3596
-5096
7407
-6144
-10257
-15356
1763
-5112
-1559
-984
43
-15348
-5378
3116
-2060
-6136
3083
-18416
-7950
-5104
-7692
-3032
6382
-8148
5639
-6136
6689
0
9456
-16348
1037
-8128
5858
-9184
-5901
-6084
-523
40
-5408
-1008
8681
-3036
1526
-972
9990
-7140
-3547
-3072
5096
-21460
-5128
-7144
7469
-8176
5333
-4076
7940
6176
-9712
-9216
-5108
-5056
5085
-13268
2545
-2016
4336
2100
-1791
-9200
-5417
-8160
-2260
-8152
-2538
-3060
-11038
-2032
-489
-11224
-1521
3088
5093
-12036
2823
4116
-2819
-5896
5135
-7116
9493
-7140
-1013
-8172
-4125
-13288
3811
1260
4385
-8144
-4622
-7128
5106
-5048
2021
-5108
-16623
-9212
-1579
-8180
-3309
-5068
10246
-2028
-7427
-6120
777
-11256
-4085
-9208
-9191
-4048
7182
-9208
-8447
28
-1543
-6124
-4101
-8152
3096
7192
-4091
-13284
248
-14288
1545
-1000
-10764
-13268
-1788
-11264
-1535
-6116
-248
-7140
-6655
-15328
4098
-3016
6909
-4056
-6683
-14308
3301
36
1003
1268
-6916
1044
3348
-9212
5612
-5096
-2851
-10228
5378
-13276
2558
-9184
-8210
-9204
7948
-6092
-8696
-1012
4569
-976
-4864
-4020
6908
8
3565
-7968
-2022
-8160
305
-11228
-3588
-980
517
-16332
5623
-3052
-5900
-2820
-8444
-9176
4885
-10212
9714
-6124
-4106
-9192
21
-10200
1021
-13256
-1520
-3044
3352
-14312
1782
-8140
-6686
-5116
-2017
-3072
13355
-19428
-3583
2068
-464
-10232
2787
-13296
-745
-16344
3345
-13304
4354
-4060
1788
-9188
1797
-9160
1020
-11252
3082
-7108
1543
-5088
-2570
84
-3589
-18424
-2320
36
2588
-8184
7924
1076
-7143
6392
762
-11208
1546
-8140
2037
-9176
-260
-9196
3054
-1020
5352
44
-761
60
-1298
-14320
1793
-3040
1807
-12272
-1548
-10208
2828
-6096
3058
-10141
-2810
-4020
-7398
-1004
-1263
-8164
-7
-13264
1012
-7164
-7181
48
-8973
-12244
-3589
-19208
4607
1036
-5396
-2008
-4865
6172
-3826
-11220
-8687
-10224
-5628
-13284
-6161
32
-3837
-9176
-1039
-3052
-502
-10208
-5903
-11208
-4114
-3040
-11798
-8160
-2827
-8168
6393
-1016
14085
-3012
-3310
-11244
4614
-9176
-20320
-6124
4860
2256
-2834
60
-781
-1996
-11002
-13256
8953
-6108
-272
-14316
1264
-9192
-8165
-10188
-2569
-11216
2796
-8144
11505
-9180
-1538
-6120
4827
-6088
5648
-2836
1542
-7140
-2837
-19212
-2029
-13296
-8217
-11224
7910
-8188
-2524
-10216
-9449
-10208
-5348
-14292
-10743
-10232
-505
-11228
-773
-10004
6922
-8136
-1277
-2004
5858
-2020
3338
-8176
-1277
-11228
-1507
-9208
-7940
-12244
1778
-1816
3104
-3856
2798
-7136
-1510
-5112
13804
-5104
6661
-5120
-3030
3124
3067
-12260
25
-16300
-7424
-9176
7158
-4076
795
-6932
-795
-13276
-780
3112
3109
-6920
5343
-3052
516
-7136
-12800
-3044
-8973
-7952
2016
-9212
-2839
-5072
-4864
-7136
2758
-10224
16
-9168
252
-1808
1046
-6100
283
-7108
-2827
-3036
-1032
-1004
6687
-976
7390
-11260
-1519
-9148
-5886
-9140
-6913
-9152
4624
-6096
4331
3116
-2282
1272
273
-11244
4374
-5068
1307
-2820
5371
-6112
1021
-15304
-2552
-6084
13315
-19456
1823
-12056
-2822
-12244
-2505
-3032
12022
-8152
-2833
-10184
-1548
-16344
-245
-984
2305
-9184
5127
-7128
-2307
-7100
2572
-19452
-7168
-4032
-2578
-18384
-13555
-4888
3805
-988
-3108
3108
-4565
-6124
2813
-8136
1032
-12228
506
-8148
-5618
-3064
-11238
-9184
7943
-21460
5403
80
-5098
-8192
-3101
24
-11751
-21456
1832
40
3841
3128
-2815
-13076
-2542
-9996
-3066
-6096
-6668
-12272
-7953
-7136
3849
-17368
1019
-6928
-1560
-8156
13588
-7128
-2848
-2032
-4631
-8144
1523
-7140
-14093
-7100
4097
-2000
1787
-3048
2034
-13292
-4855
-9208
-2821
3128
-8967
-18348
-9185
-2008
4843
-12264
-5144
-14288
1993
2104
2293
-15360
6948
-4876
-3581
-13296
2571
-11024
-2532
-10208
5111
-16340
6922
-4076
10723
-5068
-12054
-1012
3101
-9196
1524
-6076
4367
-6136
3300
-18412
-1277
-10216
1798
-1008
7179
-15324
-501
-6088
-242
-20420
1781
-8184
-3054
-14280
-6423
-7164
3045
-19436
7157
-4072
-4358
-956
2331
-14284
-8695
-8184
4355
4140
9735
-772
-1258
1024
13047
-3044
6668
-5092
-8991
-12268
-513
-7100
-6103
-2008
3067
-8164
-9991
-11236
10005
-1992
274
-3044
7698
-24288
-9
-7944
-1784
-3008
-1813
-8108
7928
-10236
5861
-3052
-3077
-9196
3067
-2016
8433
-11248
2321
-10232
6917
-7128
1811
-5036
3357
-13280
-4301
-17360
-20
-9180
-8464
-11240
-1550
-6104
15888
-2000
7
2128
-256
-7144
-9725
-11028
3564
-16324
4123
-18388
-1574
-1000
-2540
-7168
-2577
-11232
-39
-5892
3599
-9176
-3802
-3040
2031
4344
-1797
-11212
8178
3112
3825
-10008
-5919
-7124
1590
1040
3809
-8156
-2555
-11252
-222
-12040
-6150
-5108
-1303
64
1795
-4064
-2796
-7164
-2559
-11236
10022
12
1784
-12252
-6895
4116
9749
-4080
4884
-12236
10219
-2012
1566
-10212
1762
-4076
-2576
-6140
-12270
-13280
7173
-9176
-6673
-5096
-2028
-6132
-5158
-18412
2032
-9988
-2271
-8176
-1558
-6116
-11309
3120
-1014
1276
478
-13292
33
-1992
-2561
-11240
7120
-14304
7
-13292
1000
-7148
-523
-16132
-6691
-15320
-5123
-6096
-3828
-18400
744
-16372
-3313
-6132
-1524
-9168
6427
-5088
-2035
-22252
11762
-7116
-5387
24
3831
-10212
6904
-11252
-10023
-11236
-1997
-9176
-5120
-16332
-2807
-12272
-5891
-8148
-3821
-6916
-6922
28
215
-1020
-245
-12036
-8
-992
4367
-12260
-3815
-14332
975
-15348
4889
-2008
5351
-14304
12025
-7128
-2559
-7960
-1024
-6068
-6396
-10220
13303
-17372
-4648
-11236
1226
-5092
3318
-4064
10231
-15288
-5609
-1024
-1796
-9204
11251
-8180
7207
36
1258
2072
-7921
-7140
2335
-10188
1322
-10204
-1519
-10220
7682
-952
-4122
-10224
-5380
-1972
12273
-2024
-2535
-11236
-2308
-2004
9216
5364
11552
-4868
8989
-11212
-4847
-11252
-2817
-8176
4869
-3852
7176
-19424
5140
-5076
-3063
-7116
9186
1024
-12520
-10200
1518
-8148
-4352
3096
2803
-3024
-4325
1060
229
-14304
4345
-8132
1041
-5064
-2793
-6108
4830
-14296
-8178
-14292
-4886
4148
-4883
-9168
4110
-21417
-5931
-6144
528
-11192
7927
-7144
8677
-9192
-5625
-14304
4599
-2024
272
-17388
-4602
32
3830
-3032
6425
5160
-3586
-8964
3290
40
-1278
-6076
-2554
-5076
-6168
-9196
265
-4084
-5350
-1016
15140
-6112
-8431
1052
2563
-7124
37
5144
3404
-11224
798
-14304
-3331
-7148
281
2288
477
-14280
744
3316
-7680
1080
6141
-5092
8171
-7156
-2295
2096
-6417
-6144
-2835
-5072
-7933
-2844
524
1024
1265
-6936
-2574
-4084
-3082
-13060
-4349
36
9994
2076
-2293
-2008
2780
-6112
-1793
-5080
7673
-12216
-2329
-11248
-2824
-19424
-2574
-15120
1772
-11228
-5889
-9164
-2808
-6112
-12
-14304
9706
-23272
775
-8148
-1257
-8192
2019
-7156
6684
-5120
1041
-15320
-2281
-3020
-1845
3112
-8473
-3048
1783
-10208
282
-9176
779
-976
-4347
-5060
9479
-8968
2784
-3864
17
3088
4073
-9152
-4871
-5108
-9516
-4020
-1052
-6136
-763
-6136
4351
-18376
-228
-4068
747
-16376
-3082
244
15094
-6144
277
-8152
22
-2844
-4347
1080
2291
-9204
1003
-10220
777
-9184
-4389
-17352
4889
-5076
4849
4112
-8155
-4060
-10992
-1016
-1294
-11252
5362
-960
1253
-8184
-3115
-6092
6929
1028
-1556
-4044
4599
-9172
3324
-10208
10190
-7156
-250
-5104
-1022
-988
-252
-9200
9738
-996
-4078
-7956
-1543
-12052
-3270
-4076
1036
-5968
1765
-13268
-3807
3248
-3555
-13284
-3844
-18412
-2084
7216
-4135
-11256
-5372
-9188
2573
-13288
-1004
-7152
-5123
-8156
-3577
-16356
-4833
-8160
-14
2284
5150
-4092
7167
3120
-726
1096
-1997
-8176
7192
-15320
6644
4348
-6927
-13304
-11830
-6128
-9727
-6084
-1551
-5052
-6913
-12240
-9734
-6932
-9746
-7144
7147
16
2825
-6100
16897
6152
-7958
-6096
-10454
7208
-5668
-4060
734
-2824
5615
9452
-4066
-14328
987
-6120
-1498
-3064
-1804
-13288
4113
-1796
5864
-3028
-6139
-6092
-7170
-7100
6910
-8180
-484
-9996
-6681
-984
-806
-11212
1775
-3060
9182
-16136
756
4112
3318
-2040
-6894
-8156
-1546
-992
746
-8164
-10759
-8176
-2046
-7160
-6922
-1000
-4334
-19357
3854
-9188
-4079
-11020
995
-9172
-2092
-10212
5144
-5116
1551
-18404
12803
-1012
-3063
-3040
-2789
-16372
6875
-7944
3065
-13272
-993
-11256
-7663
-6108
-2071
-21460
-6636
-14292
10288
-7128
2562
-15284
2318
4124
3850
-17400
1249
-5896
-5620
-5116
-515
-8148
-5369
-13276
-5148
-10113
-469
-11208
-5629
-8160
6117
-7100
-8452
-6124
5868
-984
4890
-13288
4336
-10204
-2263
-7940
-5651
-10208
756
-9188
-2291
2072
-4079
3324
5081
-10236
2817
-12040
10502
-13060
11547
-14300
-4617
-992
-1023
-3872
4905
-8968
1815
-3040
-1237
-8160
-491
-3036
-6392
-11256
-14
40
1757
-18408
-6647
-5096
6629
2096
-4596
-9992
-1520
-1024
1009
-8144
3063
-11240
-2286
-9988
7410
-3032
3078
-9148
767
-3044
5923
-8152
-3318
2088
775
-13292
5397
-12276
-772
-5108
7917
2108
-7392
24
13527
-4068
-4665
-11220
-3055
-18408
-238
-13268
495
-8160
-5585
-18424
-270
-12048
-497
-7144
6649
4
-10184
-11248
5378
-1008
-4625
-4888
3596
-5100
-6944
-8188
2568
-3060
2577
-6088
5901
-13308
-7193
-984
1259
-10212
488
-5088
5131
-5084
515
-5116
747
-15324
-538
-4016
6411
5164
7186
-8192
1048
-11204
3328
-11224
3582
-14328
-1828
-11252
6181
-2028
7694
-3856
24
-9176
2033
-7132
-6410
-2036
-2100
-7144
-7921
-8188
-525
4132
3302
-13268
2301
-3844
4609
-996
-248
-4084
-9980
-6128
1526
-6144
3839
-8156
-3078
-8172
6919
-4068
3295
-3040
-10509
-11256
-778
-6136
-7719
-5116
-4334
-10216
-3090
-7156
4347
-6124
-2561
-13308
-1298
-12272
-5382
-3860
8452
-5896
5874
-1992
2042
-5080
8728
-17372
4089
-11264
4370
-6136
-1781
-7144
2568
-4060
4816
-15328
4897
-12276
-210
-10200
4865
-7124
-14846
-4052
2001
-8964
478
-8168
-8199
2076
-2575
-10212
4598
-6120
-4579
-2032
6412
-16336
-6660
-3060
6464
2124
-2043
-6932
-3827
-6088
2845
-4024
3075
-10188
-3597
-10216
5669
-13300
6893
-952
-249
-15348
2553
-11236
-797
-9164
-489
-18396
-6639
-7120
-1301
44
-3055
-3852
5621
-4084
10733
7216
2805
8212
-8703
-10216
-4889
-8180
-2279
-8152
-761
-15276
-1046
-10204
3309
-7940
3091
8
3869
-10240
-761
2076
1238
3080
-1282
-3028
3814
-17396
8193
7208
-9975
-5896
252
-12272
9960
-7168
-8988
-8164
-739
-6128
-4064
-13300
6145
-4048
1596
-1008
1014
-10208
-756
-3012
1500
-4892
3072
-5116
-257
76
-8458
2088
-3842
-10220
5914
-8156
1552
-6916
-2055
-2024
1547
-11232
-4406
4152
799
3128
7683
-5092
2036
-6108
-7647
-3028
2009
-17384
-1033
-6140
6630
-9172
6672
-7124
3063
4104
-3818
-8156
-1543
-7944
251
-7116
10753
-4868
-1046
1044
3574
12
9714
-4084
-5636
-12228
4349
-992
-3813
-18396
-5346
-20424
4342
-1796
777
-960
-2781
-5088
-3088
-3056
4100
-11244
-2827
4128
-8473
-11224
3616
-5084
4102
-5120
479
-776
-5648
-7148
-1035
-9156
-244
-13060
-2818
1052
-1532
-10216
5364
3304
-763
68
-519
-18404
795
5160
3082
-13252
-13050
-3040
1524
-5100
12296
-11208
-1540
-16344
-540
-4064
-4605
-4052
3852
-2008
3372
-9200
-2070
-12060
8480
-18412
8699
2100
-6179
-5108
2065
-7168
-6143
-18412
-8701
-12264
-3593
-7096
-3088
6184
1031
-8140
-6918
40
1284
-3068
-6665
-2016
-802
-9144
-5888
-972
7439
-1012
-3360
-7152
3308
-12252
6167
-2048
-5358
-6132
-2580
-15308
-5098
-15316
-4867
-10224
-1281
-3028
-7145
-5076
-2295
-4040
2013
-9196
-8962
-6092
2329
-12260
-1031
-6096
-5898
-12260
-2821
0
3364
-17388
2051
10284
-1313
14388
1295
-12280
6941
24
-6389
-5120
-3064
-6120
-10014
-3032
-6413
-3032
479
-10164
-6431
-7136
7151
-18404
2848
-14284
272
-6124
1028
-960
-10285
-3032
3838
-14304
1568
-13276
2778
-4888
-4874
4128
-11799
16
-5609
-18392
-10748
3096
-4135
-5084
-6905
-6096
-4881
-9208
-16
-2036
1529
-15336
6896
-8188
3867
-12288
-6660
2060
-3339
-6112
8427
-8172
-1029
-17372
9481
-15360
-798
7232
5403
-16384
3833
4096
-1015
-7144
1051
-2856
-1772
-4056
-6133
-984
8452
-12276
-2829
-4092
4114
-13280
-772
-6136
-5158
-4072
-2289
28976
-9494
-16376
3102
-4088
8733
-3020
3071
-4052
-3596
-2008
-519
-7144
-1007
-2016
7926
-3048
7677
-7940
-3579
2080
-524
-10232
6143
-6108
9970
-13256
7162
-8148
3838
-16356
2812
-8172
-239
10272
-10728
-4868
775
-19412
3345
-8184
-1807
1040
1283
-15328
6117
-3048
-1510
12
-6654
-6140
3070
-11252
780
-9164
-11258
-4076
-5644
-13292
-3367
-4056
-2044
-5108
-4113
-2024
-5106
-3068
-2319
-8176
276
-7120
6933
-8168
1034
-5060
4857
-10212
-6666
5136
-823
-7128
-4333
-9992
4348
-3032
-2767
9264
511
-6920
4347
-3048
15094
-8160
2064
1276
5404
-9192
-3846
1080
-6407
-9988
15899
2080
9460
-2820
4603
-13272
-1042
-21436
-1038
-14300
5867
-12040
-10536
-1004
19208
12
5658
-10208
-8185
1024
-6140
-1000
-4100
-11244
4116
-3052
2054
-14104
-5655
-10196
-4081
-5108
4326
-3060
7143
-11012
-3125
-6104
-1029
-4060
-6438
-6128
-9016
-9208
-3529
-9188
-2057
-14292
2020
-8156
-2840
4124
252
-8192
-9980
-6108
-1530
-6100
3621
-11244
-3085
16
-4858
-10236
-2037
-6124
5385
-6132
-1779
-6100
5106
-11260
1017
-11220
2319
-6116
-1800
-4076
-7210
-972
-8950
-5112
-277
-6916
-6136
-10196
7954
-2820
2048
4096
272
-9172
-8735
-12268
5151
-9200
-1005
-4056
-4334
4344
-2572
-5088
-1023
-6924
6675
-6128
2549
-8152
-1803
-9996
-3073
-10004
4600
2080
8961
-9196
2555
28
-5104
-3068
-269
-2012
6922
-2876
-271
-5076
-1800
64
-3052
-7148
1017
-11012
6626
1068
3324
-8160
-1262
-8188
-7676
-6116
-8199
-8144
-2803
-3032
4613
28
8916
2092
553
-16344
4605
-5076
501
248
7692
-2032
8449
-4080
-5360
-8160
-5116
-8172
-3609
-7956
247
-2036
1013
-6116
1279
-13280
-526
-10236
2060
-12268
24
-13060
3575
-17372
2593
7420
-6138
-9156
-2289
-7132
-36
-4084
1283
-4064
-3331
-6140
2327
-13288
-4560
-8168
2765
-8192
1283
-11016
492
-780
-3079
-4084
-506
8444
774
-3844
4363
-14304
-4372
-4868
-7158
84
-5375
-10212
-8756
3092
516
-10224
-2588
-6116
5114
-3864
3097
-988
8226
2096
16143
248
3350
-11260
-1038
2092
6892
-7136
-1264
-14308
-4857
-16368
3322
-7120
2274
-3016
-7685
-4064
-4375
4164
1259
-4068
-4105
-14288
-8692
-3844
2761
-21484
1028
-14084
-2340
-2836
-7979
-4056
4358
-6136
3603
-8164
5364
18472
-4
28
4400
1048
8982
-9172
7955
-4044
-14321
3156
-5133
-3008
-2845
-996
-6395
-2848
5106
3076
-4356
-12252
-539
-8160
2809
-9184
-5918
-7940
-2565
2052
-5654
-14292
-8727
-12284
1561
-1012
10197
-3024
-12055
-13304
5398
1056
-2055
-3052
3099
-7160
4589
-4088
-5396
-17376
-1048
-1016
274
-17372
-2273
-17368
1247
-15360
-1811
-5096
-3826
-8164
2544
-11236
507
-992
-9491
-9196
2562
-12244
5606
-13272
-5128
-14308
-2087
-20476
-2826
-10200
6639
-14328
-2059
-2040
3378
-12260
1019
-11232
-5639
40
-3837
-6104
15114
-1008
9236
-7096
-4903
-2036
4621
-4064
-1543
-972
1268
-12280
1763
-4064
1302
2104
3322
-4868
-1020
-3060
-3846
-9988
-1535
-984
-5633
-6124
-6916
-8168
4870
-6100
-2327
-9200
5868
-5904
-4058
-5080
4885
2056
2846
1048
-2852
-4076
5362
-10192
-9735
3076
-6187
-6944
-3055
-6140
2594
-5088
-6665
1036
5
-7136
-514
-5068
-3602
-9180
-737
4112
6144
16
-2779
-3020
-256
-6108
5351
1060
11533
-16352
-5673
-10184
-1777
-3024
6936
-3064
2018
-3032
-11274
-15324
4584
-1024
-278
-10212
5879
-18180
-1054
-9172
4328
-12244
-2837
-11240
-2056
-5104
3536
-5084
3350
44
-6119
2096
2591
-9164
-2284
-13300
-3048
3116
5861
-2004
-3064
-2000
-3833
-12264
-13313
-15344
-1776
-10236
3612
-13304
-3323
-2824
239
64
-4602
-11232
4365
-3912
-5138
-14260
4614
-9184
-4864
4128
-9228
-4060
-5323
-9152
2032
-8980
-1548
-948
8
-9196
-1272
2296
1554
-4040
-1298
-3068
-11765
-12280
3861
-10232
-3329
-13292
7180
-16384
8189
-10232
-5630
-8148
-1826
5156
-2045
-4064
-264
-2028
-9965
-10204
1804
-7120
-11488
-6116
-270
-1976
5925
-9168
-2027
-9180
1773
-4080
-4856
-14280
-2829
3076
3052
40
-2543
-2048
5120
36
2578
7400
-1304
-13240
13334
-6140
18929
-4088
-2584
7168
17415
52
-10763
-4880
477
-11016
-738
-17392
-4857
-19408
-546
-17408
506
-5076
6159
-13248
246
-9136
11530
-14300
11272
-13272
256
-11260
7690
-11228
1541
-5896
-261
-1004
-2804
-5068
6411
-992
-7450
-15108
1791
2280
2829
-2024
-5894
-7144
-759
-9216
-238
-2024
-5355
-6132
2787
-6120
-248
-17376
3576
-4064
3600
-6144
2052
2112
-8455
-3032
4346
-9192
7401
4100
-5086
-6920
-8965
-3028
6905
-7148
6660
2092
-9983
-2028
-6416
-12252
2025
-19204
3079
10276
-9744
-6144
2302
-5092
-1019
5132
-2052
-7120
525
-992
250
-1804
4352
2092
-2546
4112
2554
-4088
8445
-6120
-4103
-11220
1738
-16304
-7372
-10216
8697
-2020
-6399
-5100
7918
-8184
-9213
-15112
-3039
-2044
-801
-6140
-25
-2024
-4112
-2012
-5879
-10204
-13666
-4072
3100
-4060
-5886
-5080
2017
-3040
-3860
-992
-1484
-10196
-5125
-14316
6412
2108
-2870
-11228
1297
-6144
-3598
-3024
-1045
-8140
-1539
1068
-4848
-3056
19282
-6088
3343
-5900
9498
-8164
2814
2056
7194
-9180
6616
-5076
-4596
-5096
1800
-1984
2079
52
-11002
-12248
-2782
-12232
4102
-4072
2326
-7128
-5390
-984
2294
-16332
-538
-7164
285
1048
4614
-1012
5615
32
4334
-12064
7681
-10196
2050
-14320
-8197
-10188
-4081
3112
6944
-11232
-4593
-7124
-7458
1032
2313
-4096
3584
-10212
2061
-6100
-5353
-4868
11528
-11196
-3339
-7124
274
1276
-6130
-968
2815
-5056
-3558
-2016
-734
-19456
-523
-7140
5362
-10232
-2283
-6096
-3836
-6132
-4846
36
1036
-3040
1758
-9188
-1802
-14300
6654
-6140
7440
-8156
-238
-20476
8721
-19456
-4884
-3040
521
-2024
4855
-8180
-7676
-6140
-4078
0
-1780
-6124
-5895
-9988
9755
6192
-3350
-10188
-4100
-3020
4831
-14324
3103
-988
-1764
-14100
-765
-12244
15102
252
8176
-6120
-1538
-13280
2018
-11236
14601
-2008
-3862
-4084
-11291
-11244
5100
-12240
2317
-964
-3871
-5084
-9732
-20420
4358
-6092
5357
-9172
3074
-14328
-1819
-13292
-1806
-18416
5386
-8132
3055
-11232
-6918
1044
3317
-13284
-1571
-15316
6910
-4096
-1784
-5052
-7897
-8168
2307
-6072
7409
-7952
-767
-3020
3305
8240
-8443
-5120
11226
-8172
-516
-1016
-4328
-4872
3848
-6104
4574
-11216
4357
-2036
5867
-11244
-756
-7148
-3057
-992
-1006
-14312
3088
-6120
2833
-6076
-2825
-12288
2281
-11244
-6920
-7128
9994
-5076
-5349
-13276
4099
-4872
8696
-24256
6941
-1000
-1526
-2820
-7983
-8128
6109
-7136
7434
-5096
-4572
-10232
-780
5152
-3058
3320
-3109
-7148
5127
2068
4607
5144
251
-11216
-510
-2012
292
-13280
1012
-3876
-5101
-980
-7984
-5064
-6408
-10200
194
-3844
3088
-7140
-2568
3312
493
-11244
-2816
-8188
-478
-12240
-5895
-17404
-4154
-10204
-4592
-4064
241
-20440
-7145
-2032
-3059
-9208
6141
3144
7201
-3040
-6670
2052
-3837
3104
2838
-13240
8469
-8156
777
-13304
1535
-5072
733
-5112
-2028
-4088
3279
-12288
-1541
-7136
-1538
-14316
-1263
-4088
-9964
-11260
5395
-1800
4104
-7156
6650
-2024
3358
-5092
-4055
-6084
6662
3140
744
-6072
-22
-10200
3301
-6928
7929
-11228
-1533
-7104
-5854
-5108
1260
-11204
-1826
-7120
3291
-14324
4620
-10224
-1807
-7124
-11022
-8140
5883
-7148
-6613
-1004
-3348
-12280
4635
-11256
-769
-12240
11517
-6920
-7714
-8168
-2317
1032
747
-9216
-503
-5104
11263
-976
-2546
-3044
1542
-3064
786
-7156
3825
-5092
3852
1052
-2077
-12276
13076
-11236
2309
-11236
5415
-12240
1789
-5076
-2562
-6924
7461
-5088
-3063
-3060
7951
-13300
5867
-14264
-1802
-13272
-3103
-13264
-4632
-6116
5895
-4080
8446
-9204
-468
224
2554
-18404
-2788
-11028
-264
-7148
2304
-6112
8170
-8164
1483
-6144
248
1040
-4386
-3856
1305
3080
-3325
-7160
-1535
-12268
5156
-4060
-7201
-7132
-1550
-3032
3043
-4088
8961
-16368
312
-9200
-2310
-3060
-7130
-17384
-507
-4048
5396
-9208
-4585
-3044
-2557
-11220
1801
18472
3853
-12204
1257
-9196
502
-12256
-8702
-15352
-2537
-7944
2551
-9204
8192
-18412
6921
-14316
10243
-5068
4581
-7144
-4114
1048
-14
-5092
-1528
-3852
-2052
-2012
7650
252
1304
-5072
3326
-9196
-4860
-15344
11754
-2028
1798
-10220
-4075
-12212
-6427
-11260
-10759
-16340
-782
-9168
3061
4124
-3577
-4088
6906
-4060
-4595
16392
-5912
-7148
2813
-10240
-5364
-7148
8717
-21448
2066
-4868
-4863
-7156
7159
-7148
2574
1072
-1289
44
4900
-4076
3350
-1800
1032
-2036
989
-11224
1562
-6100
1782
-988
6425
-12052
2059
-980
-14369
-2032
5660
-13312
4361
-3016
6651
-1008
3597
-13296
-4092
-4072
-1024
8216
-2556
-6120
-8696
-1020
-2801
-9988
1536
-6124
-8704
-5072
521
-11232
-1285
-6092
7438
-10224
-1760
-4872
4876
-10204
-2827
-13264
-8200
-10200
8188
-8124
13
-10212
10984
-5072
-13806
-3064
-2061
-3844
-6136
2052
2053
-2028
6105
-2820
4866
-4060
2832
-6140
-1544
-8984
3552
-14312
-11750
-7124
3836
-3868
-2080
-7140
-3333
8196
6428
-2032
2290
-5088
1988
-1992
-6425
-4056
-1758
-5096
5884
-2824
257
-3060
-5886
-7116
1518
-3056
-4846
-3032
18827
3088
9454
-6108
7414
-9180
-6395
-5100
-821
-7156
3038
-15348
-12536
1072
-8724
-7124
267
1032
3065
-988
5639
-1004
7932
-7152
5399
-5092
4846
-16344
-3052
-6104
-3828
-18408
-1780
-8156
3310
2056
5851
-4088
4093
4108
-1782
-3048
-3077
-11220
-1782
-4880
-5618
2048
18
-13268
-2064
-6144
6655
-14324
-3286
4124
2037
-13288
6151
-6108
2327
-11232
10743
-14316
4142
-7148
-8426
-15324
-1017
-8108
5131
1048
-4363
-3064
6344
-14300
239
-2024
1776
240
8722
-6936
-2039
5372
-12596
-996
-5616
-11024
5381
-6124
-2773
-7164
5382
-2012
7428
-2028
1779
-9176
-4373
2100
11508
-4096
-729
-8148
4836
-12252
4383
-13284
14082
-8148
756
-4064
3602
-2016
-9215
-13060
10488
-11232
-3297
-14300
-3060
-9188
-520
-8148
-2257
-14276
231
-23268
3556
-3052
-9182
-10192
-3336
-4048
-4345
-9196
-8403
28
-3091
-1800
10744
-7148
-8472
8
7456
-11220
2550
-10208
1313
252
10498
-8180
-1569
-8152
-2065
-10204
3863
-7136
-2804
-7128
-1780
-14296
2819
-4880
-1539
1248
-288
-11216
-5585
-7140
1276
-12280
6897
-15344
-9474
-12044
1808
-7940
-8429
-5908
6145
-4052
742
-4868
5137
-10164
1287
-8192
6139
-4088
549
-996
3573
-7112
5638
-16364
-4091
-12240
-4857
-9160
3059
-14304
-3571
-17380
1763
-5108
-7939
-16348
-30
1040
-2315
-11248
5597
-8128
-2799
-7120
3329
-11216
2533
-15280
-519
-2824
-6886
-20472
2858
-10240
2083
-9168
-4854
-7148
768
-10008
7662
4
-8935
-7144
-3580
-3060
2289
-13076
-4080
-5060
-2839
-10204
-277
-8184
5101
-4076
4636
-8160
-6178
-8188
2066
48
-5891
-8980
-10774
6164
-3856
-6932
2562
2104
3559
-15112
-7931
-3028
-3558
-7956
1036
-11220
788
-6104
4831
4328
-13017
-7144
7682
-7144
7447
-8156
-8968
1052
-2529
4120
226
-6092
-8164
-11216
1521
-11224
-9197
-4868
5374
-3844
-7164
-4048
-5349
-3020
6163
1040
8213
-6124
2554
4
-5143
-6088
-4639
-4068
1765
-8172
-2521
-8976
7407
-13264
3031
-4052
-15593
5120
1025
-3024
6142
-10212
-9206
-1004
-8937
-2036
-1314
-8172
1504
-9192
-9496
-788
-2300
64
-2049
-16136
4869
-780
7974
-9176
5135
-21448
-266
-3044
-1536
-10188
-11231
-10236
6659
-14316
-6635
-988
10976
-4088
1516
-16372
4901
-1004
-17936
-14312
3586
-2016
-3866
-6140
-4589
-13288
-8
-780
4093
-4896
11511
-6100
-748
-6124
5643
-12044
1532
-4056
-2285
-11028
6659
-15316
-5884
-10192
-6638
1076
-1287
2076
6650
-2020
-3856
-15332
-269
-4092
-8707
-8156
1803
8
-2559
-4080
-5
-5120
1249
-5044
4580
-4868
-1026
-14316
-5361
-17400
12861
3320
840
-11244
-2318
2296
9445
6164
2597
-9196
-3834
-6108
760
-12072
-1798
-12280
-3627
-4009
12510
-9200
-13059
-14300
3051
1056
3114
-16140
10978
-6920
3062
-2044
-8740
-8148
-3071
44
521
-9172
2848
-8144
-7161
-948
-4061
-4056
-6158
-7132
5130
-11248
1581
-6120
-2833
-8188
5146
-3016
-7136
-9172
3304
-6096
-7400
2116
-5878
-9192
-1513
-9160
-4609
-4092
-3566
-13292
4619
-17156
-5882
-13284
-6405
-800
296
-3068
-17393
-4080
1246
-12256
-1520
-10208
4604
-5080
-7407
-8968
-7913
-3020
6412
-6920
14
-5116
-3062
1100
1000
-4096
6117
-15352
1025
-8176
-510
-16364
-2317
-20460
-1014
-18180
1501
-8152
-18677
-8188
1265
-3020
-3340
-10236
-5386
-8148
2772
2060
-1282
-3072
3565
-15120
-6151
1036
-6911
-10236
5362
1064
4336
-5892
-2032
2072
9173
-8172
13329
-1000
-2557
12
-3103
-7148
-4588
4136
-9463
-6104
-25
-5120
4085
-7140
-7417
-14084
-4610
-10200
-5375
-2824
2328
-9996
4906
1044
5905
-14104
14339
-5112
-9502
5132
1293
-6916
12809
