-8136
3358
-10216
2533
-7156
-2283
-4064
3088
-1000
-1011
12
5624
-12280
-1039
-12260
4585
-10240
-2301
-9192
-744
-10216
7947
-3008
-3127
-15336
-8427
-6120
5375
-15124
15883
-1004
3084
-3032
-2552
-5076
4312
-14252
-5361
-15352
-1257
1092
-1813
48
4066
-15308
4089
-6136
-2058
-11248
-2824
-7132
-8972
-2048
-1281
-9152
-2322
-2044
-6931
-13060
-4876
-4084
7938
-19420
-11276
-13280
3298
-9208
-1531
-11216
757
-7108
6152
-15356
-525
-2024
6919
-9200
-2550
-8132
-523
-4876
-2055
-3048
8457
7204
-7442
-4068
476
-14084
756
-11228
-5133
-11260
-1047
-14324
-3591
-14096
517
-16336
4883
-9212
-8966
-4056
-6709
-4040
-8710
6176
1026
-964
6929
16
2564
-16384
12075
-8180
1781
-13276
5394
-9204
-3068
-20452
1795
-10172
-7451
-5904
9699
-13296
5129
-14272
9430
-9148
-4108
-9148
3094
-1008
260
-5068
2015
-1984
6118
-16360
2795
-11208
4577
-937
3050
16
-2046
-1976
-1027
-14324
11312
-6104
5362
-5108
-3605
-15112
3114
-10196
1795
-7144
-1538
-11208
-5384
-4052
4606
-14300
-5378
-4052
-14829
-14324
4861
2104
-3843
-9200
8919
-14284
-776
-4056
-9430
-9164
6163
-6144
1801
-8156
-1023
-8140
-6362
-6100
-1021
-4052
-3323
-12276
-3818
-13256
-3329
-9196
-7446
-4076
-7427
-5092
7654
-11252
-2061
-12276
2800
-8188
-25
-11216
-7419
-9180
11517
-8176
7386
-3060
1559
-12288
7428
-996
-4094
-2820
-3839
-4028
-253
-9988
-3828
-11248
1271
-7104
-35
-7152
-2571
-2016
2061
-12252
-3598
-6120
3830
4120
5587
-8176
-5113
-16364
-1565
-7124
8463
-7164
3057
4104
-3054
-13264
-7676
-13304
-518
-13260
-5409
-4080
-270
-25308
4587
-4872
4874
-8188
-8929
-3040
3325
-5108
-1799
-9180
13302
-4072
-4397
-2008
1263
-15312
258
-5116
-7444
-13292
12048
-7144
11526
-3044
-8954
-2004
6414
-4092
5143
-4060
6659
-7112
-487
-18380
-3616
-21464
-1526
-6140
-5145
-12236
-5358
7200
-3317
-6920
-5639
-8188
501
-11228
1556
-16316
-1025
-5108
3578
28
-1530
-17364
531
-20440
2516
-14320
3070
-7128
3348
2080
3819
-22264
33
-2000
6167
-6084
-6913
-3012
4622
-6092
4125
-16352
7702
-11216
-8229
-2016
-3600
-18416
-3589
-7156
4877
-7092
2026
-10192
-1027
-5068
267
-9148
-7155
1088
9236
-5088
-3324
2048
1264
-5112
15
-10228
5613
-3028
266
-11212
-6417
-10196
-22
-5112
7
-2028
2034
-6144
1558
-2032
1246
-4080
-5115
-5096
8457
-1008
6663
3096
4395
76
4896
2104
7674
-1984
-6118
-4024
-4118
-13240
-11737
-5116
8452
-9192
6436
-10000
3848
-13268
-14288
-7116
-3870
-11216
5890
-16328
-2632
-6108
2329
-10236
2047
-8144
4366
-6108
4052
-9188
3890
-8176
3839
-13280
-22
-7956
-5647
-17400
6145
-11232
7689
-8192
13825
-13260
-986
-8152
-5356
-4868
8223
-1012
-3060
-3028
7921
-6076
-3302
-11228
2795
-8964
990
-14320
-6401
3148
264
-4060
2815
-6100
-4636
-10176
1248
-8148
9729
3148
6659
-6140
-4877
-7100
-3815
1032
5915
-9176
-12339
-13312
7956
-5084
-6153
-7132
249
-9188
-2302
-10240
-5581
-4068
774
-15332
-2578
-11204
534
-15348
-3881
-16336
-10494
-15356
4088
-4084
-5628
-14324
-11014
-13304
-1010
-18188
9492
-5892
-10003
-16136
-3569
-2032
-5172
-16364
-6662
-2000
14327
-4060
3339
-11236
-9458
-6084
1042
-17380
-1003
-8968
759
-5072
-6390
-9200
-3870
-2008
3571
-12244
6
-3016
9975
-10224
3077
-10216
3070
-7124
532
-2048
-1799
-16380
2820
-1016
-2049
-12236
-2059
1064
-2284
-8160
3066
-13260
-2540
-8168
248
-7944
-3599
-12240
-3065
-6112
-6387
-2044
-1303
-4880
-1036
-12240
752
-10168
6167
-7148
-8460
-19400
6901
-9192
-5885
-9192
-5099
-7160
1796
-10232
-18674
-3044
-1759
-6096
-967
-7140
-7961
-2824
-1014
-16368
1498
-7128
-5111
-7128
2083
1052
-7913
-4032
768
56
-6432
-5892
-8424
-976
11495
-4088
-2033
-7156
3599
-7124
-6911
-10204
-4336
-7156
-1030
-960
1543
-12228
-9458
-12236
8705
-14300
-2302
-10149
5378
-10200
-2564
5128
-2052
-15320
-1056
-11236
4070
-12244
-1305
-5072
-1518
-8176
-11509
-7120
5892
-6932
10749
-15336
5146
-5076
-799
-6916
4359
-8148
-4613
-8156
776
-5096
4831
-5108
-5910
-2820
10735
-15328
5885
-14332
7424
2096
-3321
-6088
11012
-22220
7913
-4068
13786
-9192
7690
-14336
-528
-11232
6929
-5100
-2819
-11224
5362
-2004
-5117
-988
-783
-19432
10241
-7148
-2074
-13300
-261
-2016
6409
-1000
-3309
-8160
1029
-8160
7180
-4080
9741
-4032
2829
-10188
1795
-7140
10749
-4048
-4321
-14324
19911
-3056
-3055
3080
4598
-6932
514
-16380
-3018
-5112
-2826
-14296
-2782
-6104
9953
-15344
7938
-6088
5156
-8132
-2316
-5068
3553
-11016
6696
-26340
5920
-12212
-3369
-16340
3297
-4080
-5102
-12232
-8206
-8148
8194
-8172
-4379
-12204
-5880
-13264
-1309
4120
4889
-7140
-3088
-16148
-7688
3136
-512
-8164
-5891
-11224
-40
-13292
5610
-14316
2529
-9172
9232
-11012
2819
-12232
-3086
-9184
-766
-2032
4634
-16324
3569
-9188
-260
-14272
-2819
-16316
-6114
-7948
-2836
-3028
-249
-12288
-11534
-11212
-6642
-11240
1524
-14276
7907
-11244
-5656
2072
3065
-3052
-3581
-20464
3600
-11248
-7441
-13260
-1524
-7136
-224
-1988
-6934
-9172
2587
-4076
-3042
20
4614
-10236
-13052
-6116
5641
-10216
5379
-1024
-9971
-10153
-2300
-2028
-4371
-19412
3596
-11220
6147
-20452
1055
-5068
788
-17368
9731
-4024
-3343
-12240
1549
-9212
2795
5168
12050
-3028
-748
-4060
3592
-7948
-7170
-11228
1542
-15324
-1529
-13300
-3822
-10216
-2530
-7108
4099
-14324
1247
-17392
21
36
-8180
-9172
5864
-12256
-3602
-8164
-5663
-11200
5883
-8136
-7425
-17380
-9461
-3044
9208
-8144
-4859
-14324
-1006
-968
14077
-11240
4053
-18376
4033
-14312
-5845
-10216
2550
-7144
-538
-12228
-3616
-14264
7140
-10204
530
-9192
-6126
3128
-3586
-16384
5912
-10196
5116
-11024
-1547
-4868
11020
-7084
-9197
-14316
1998
-8152
185
-8136
-5082
-20468
5854
-4064
-12045
-8152
4602
-15284
2044
-13072
-11012
-8168
-4353
-20456
15617
-14272
6674
40
-3304
-11228
2538
-7168
-8669
4124
-5396
-10212
8683
-15320
-16862
-11240
-4356
-6112
4371
-17368
4584
-18388
-8957
-10200
-4088
-22244
-1020
-7160
-2525
-20440
3809
-7112
-3325
-7156
-3034
-7940
255
-4088
7934
-14264
-4082
-6084
-3579
-13264
12029
-8160
-4868
4160
6160
-10192
-5384
-8180
1280
-12212
1516
-7136
-6132
-13300
498
-7160
-3342
-10224
525
-5056
-4610
-5033
277
-3016
1018
3072
4881
-9992
-239
-2004
3574
-11236
-8972
-12276
-6877
-17340
296
-8156
-1536
-13288
-6093
-12197
258
4120
-5861
-15336
3819
-8156
-1746
-13280
3358
-2020
-1822
-19424
-2056
-984
-1562
-6144
-9222
4120
-239
-10192
6164
-15344
-10282
2084
1047
-7104
9974
-8152
-2798
-14308
10239
-5068
-6653
-9196
1034
-7124
-1037
-3064
9458
-2024
8971
4112
7695
-12264
1289
-6100
-1749
2096
3848
44
-2549
2096
-8226
-1000
6657
-16360
-8941
-11216
3585
-12040
-3859
-1796
-998
-7148
-9967
-3020
3304
-6120
6123
-9200
1309
-5096
6418
-17372
1804
-9132
-3350
-5092
-2802
-6108
6396
-1988
6930
-6104
-5120
-4092
1541
-4036
-4835
-4072
7161
-3056
3815
28
-5620
3312
4877
52
-5868
1060
-2049
4120
1517
-13264
-7156
-4068
4329
-3004
2550
-6116
5375
-3880
13268
-5064
-8691
-4872
-5896
-7128
9476
1048
8396
-9192
-3086
-1016
-9239
8196
-2577
-996
2538
-7128
4086
-6120
-814
20
4838
-6124
-2562
228
-1250
28
244
-7116
-13848
-11236
2308
-5116
-3043
-7124
-5131
-6128
-11758
-8140
13802
-15304
-9226
-11220
4611
-1796
1826
-10196
-10231
-10196
3595
-6104
-2867
-17372
5378
-16336
-3805
-10204
-2808
-917
-2548
-960
-4349
-15360
8930
-796
-10753
-5120
5375
-10188
-5913
-4884
760
-10240
-490
-4060
11524
0
-3583
-4048
-10988
2096
-1033
-12264
-5141
-5100
-6625
-8164
4280
-5084
12295
-25296
-1315
-12260
-776
-7968
10244
-3020
4880
-9172
-5624
2072
760
-1796
1026
-1968
-6939
-11204
2305
-13284
9475
-772
-4346
-4044
2035
-8968
755
2056
-11030
20
9992
2288
9192
1088
-9724
-7128
-716
24
-2066
-6132
-7699
-8132
1793
-8968
2050
-12224
-770
-8964
-6405
1068
7680
-13288
4355
-968
-2548
-12268
8168
-20444
-2307
-16360
4355
-14296
7649
-3060
3874
-11232
-3558
-11244
10218
-11248
-5381
-4084
1002
-15340
-11001
-11244
-2538
-9988
2319
-9196
1025
-13312
4880
-9160
-4379
-6116
-3879
-17360
-4847
-17380
2821
2100
14837
-15249
6407
-3056
2590
-4888
-3055
-12276
8932
-5072
3339
-3064
-808
-3036
3807
-11216
4865
-5912
-12798
-7168
-6655
-8964
12286
-7148
8456
-10220
-2830
-4076
1034
-6120
-1246
-4052
-8425
-4048
2811
-13288
-3567
-4072
5362
-6136
-4348
-9212
-260
-12280
-11283
4128
1252
-6096
-1535
-6088
1278
-7124
2529
-7136
9937
-9180
-7921
-8164
-1564
1048
7153
-3056
-3333
-7152
-6925
2052
13337
-16332
2349
-8160
2291
-10204
1541
-2832
4094
-12256
-7432
-7132
1266
-6932
3866
-9176
-3335
-6088
-2820
-14316
-8178
-12240
-4595
-976
1276
-6088
-1781
1060
2288
-10204
-10502
-2044
-10483
-11204
-9767
-976
1805
2052
-1547
-20412
-1058
-9180
1809
-8184
3298
4112
7650
-15332
-3066
-4064
6396
-8164
-3857
-4088
1764
-10232
-3341
-1816
-281
4120
-5162
-13300
-8976
-10208
-10733
-9192
-523
-4064
3564
-14300
1257
-5892
6133
-7104
6142
1044
5354
-13268
1034
5160
3053
-11036
-1283
-8168
-3880
-8160
-1825
-6116
-32
-17356
988
-8172
-4620
-12236
5114
-1012
-758
-9184
4132
-10208
-4613
3092
6906
-11012
996
-16384
-8698
-10200
534
-9208
-2278
2272
-7336
-776
-4358
-17388
1540
-5892
1552
-6100
-5142
4124
3371
-7124
278
-14276
1288
-4048
3083
-4080
-6420
-2020
1536
-8160
10251
-13272
4605
-3064
-8200
1052
4106
3080
-4598
-6084
-5603
-13272
11559
1064
-2372
-8152
1271
-5112
10513
-2020
2818
-4912
-3089
-796
17164
-5928
-3876
-3048
1538
-5072
-5343
-3004
-1799
-11216
790
1080
-281
-7116
-4098
-5892
-2089
-6124
-8695
-14316
-1061
-14304
-4859
3124
4404
-20400
-1271
-984
1265
-2040
12
-20456
5890
-4084
1831
-15340
-2839
-8176
3292
-13308
6168
-12268
10749
-18416
-5611
1036
-7672
-10000
4614
-10232
-7675
-7116
2327
-1016
-5623
3076
-3602
-2008
4858
-12244
-10261
-7124
5894
-820
1790
-964
-1770
-7944
-1832
-772
-3289
-19369
4846
-988
-499
-9176
-15086
-2040
-5625
-7112
6675
-2032
-3628
36
1051
-18380
-3053
-4872
7409
-9204
769
-8144
5896
-3044
-5612
-5096
-1534
-992
1771
-9172
7196
-6100
-3027
-6057
-10555
-10204
2302
-6080
4346
-1992
2585
-12048
3812
-17400
-1541
-1976
-994
-10240
7180
-14284
-7156
-11252
16380
-8148
-2057
-10184
3356
-8156
502
7192
5105
-8172
2051
-16364
6380
-9176
-8995
-13284
-7668
-996
-8144
-14304
-4331
-8168
2814
-8976
5102
-5104
1262
-4076
-1009
-10212
-2556
-11240
-7200
-13280
1519
-10008
9248
-5112
7939
-12036
3579
6200
5867
-8136
-2311
-5952
-1306
-1012
79
-12252
-7158
-1996
11010
-7132
7921
-3044
2782
8
-11775
-980
3344
-14300
-4068
-12072
-6665
3128
-9951
-12272
5106
-4060
-9467
4096
-1276
-9208
6914
-12216
-6121
-8180
2075
-14300
8964
-7164
-14572
-6096
-495
-5096
-2588
64
-989
-15336
-3571
-6116
-3602
2064
-10492
-2016
3582
-8148
10477
-3052
-3583
-4096
-6399
-2032
-2781
-9188
-5351
-3048
4064
-8132
2059
-5100
1554
-16352
-5626
2092
-2520
-9184
-5385
-9160
-801
-996
7934
1028
6920
-8140
784
-10196
4095
-7128
14554
-13280
-2803
-15328
6107
-2016
6155
5168
-7694
-960
-2548
-13312
3089
-10192
-2
-10208
4094
-7120
-2075
-8152
-3330
-14268
3018
-1020
1773
-11228
10017
-2848
2293
1056
3312
-6124
-7386
-12264
-496
32
2293
-14296
766
-7128
2523
-7160
-461
-11224
-4367
-2020
21
-6132
-5634
-9200
-4322
-1020
1794
-5092
-481
-996
2831
2088
-4077
2072
-768
-10196
-5863
-2008
5652
-4064
219
2084
495
-6104
285
-5060
9471
-8180
5635
-7140
-3620
-11252
7424
-16380
2591
-8172
7674
-4092
-1537
5196
-243
-12280
-8469
-8112
4350
-11220
262
-11256
-2039
1048
-7156
-4028
-3584
-6112
-9725
-12272
9248
-12276
-2323
-13272
-6628
-8144
9226
-6124
3073
8416
-5345
-4032
1040
-9164
2319
-7140
-2802
-1008
-3850
-3048
-1829
-10208
1255
-7128
-2071
0
3571
-8180
-8696
-7140
4335
-10216
3563
-996
262
-14304
4348
-7124
5118
-9208
525
-9204
5592
-9204
1260
-2000
-2043
-9172
1311
-11244
7979
-6140
272
-10216
7903
-2048
7981
-992
8470
-8180
-6152
-11232
-6146
-15356
3574
-3044
3337
-976
5117
-16348
-5356
-11169
-507
-6124
-1023
3088
1017
-4048
3355
-7160
1248
20
3108
-4896
5644
-18180
9717
-7120
-5914
-9152
-1030
-11220
2815
-14320
6891
-9184
239
-7132
-6453
-7128
1808
-7160
2312
8444
-14
3076
-4366
1068
-774
-14288
1537
-7156
2566
-3036
-7877
-6132
9725
-14316
5093
-15316
6387
-10216
-5398
-15316
513
-980
8212
-6128
-5406
-11236
4111
-9992
7184
-9200
-3349
-3068
1009
-7144
3086
-9204
6893
-5072
1544
-7944
-3540
-8148
-4340
1052
6442
-8128
10242
-4048
-2028
-3056
-11237
-8112
-6152
-16344
-7202
-8180
9979
-15108
517
-11240
-6121
-8144
766
-11220
7162
-6084
5618
-12248
-9640
-13272
-1008
-16140
-7205
-6100
1538
-15332
6128
-15352
-513
-1012
-14597
-6100
5118
-15304
-11251
-15328
11017
-13312
1028
-4084
1779
-11216
-2562
-11216
1001
-4080
12
-10016
6182
-10208
5833
-6112
-4102
-12256
-754
-6092
1229
-1012
2312
-14336
-5867
-7108
1
-10232
6172
-20456
-1293
-16324
9190
-10184
-4347
-17404
-491
-13272
1747
-13064
-4569
-2048
5905
-11224
-7428
-12248
10223
-3060
-1791
-11248
-4364
-7152
1299
-4088
3838
-4072
4846
-11208
-2544
-12236
-4610
-11264
1500
-5100
-1783
-968
-5645
-6120
8725
-13268
-5098
-9172
-2868
-8172
2299
-15288
-9724
-23228
1502
-16176
-8675
-3060
5870
4104
7431
-7136
979
4124
-8716
-6924
-9716
-6128
-3549
-12248
7157
-16368
-1783
-13264
1314
-956
-790
-10216
-3852
-8148
497
5368
2772
-8188
13108
-16364
8445
-7116
4582
-4068
759
-4868
-9711
-7168
7920
-6108
985
-968
14
-13300
2294
-2036
4116
-2036
3578
-7100
-747
-16328
-1036
-11220
13035
-6140
-3341
2064
-5868
-7132
1509
-8136
1815
252
-4873
-17360
3079
6184
-10759
-16316
11038
-12272
-2579
-16368
3321
-16360
276
-10216
-3585
-19204
-7956
2076
8940
-4088
9484
-16348
2065
2056
-9447
-6116
5354
-14320
-1570
-12268
1555
-20440
3041
-5080
-3370
-16340
5387
-3844
-4599
-7156
6
-14308
-9494
-7128
-5657
-9168
5879
-7136
-4845
-13292
747
-5120
-4617
-11232
-13731
-3040
14057
-11012
1293
-5064
-9964
-6060
-8226
-18180
1520
-6112
-9977
-11260
-2557
-3012
-1031
-8164
258
-13284
3865
32
-2564
-12036
7467
-7140
3332
-18416
-3343
-11264
-2802
5156
6159
-6140
-2836
2100
5158
-5096
756
-15360
-4073
-7128
4636
-13228
-493
60
-1009
-7160
-1281
-18408
-10004
52
5366
-10208
-488
-8156
2291
-5068
1290
-13280
-5891
-9176
1782
-9180
-2284
-3056
-8447
3100
-2031
-13292
3036
-7144
-5128
-3056
-6928
-6092
9228
5136
-4340
-15340
-5891
-7140
-1271
1044
-3615
-996
5642
-3040
-9217
28
-4360
-6132
514
-12280
496
4108
7144
-3864
16134
-17364
767
-8188
5913
-19444
2820
-3048
4629
-11188
-2550
-11236
-4872
-7156
-533
-1000
-6954
-7148
5883
-5021
7169
-6116
-491
-13217
2367
-12040
6367
-6084
3864
-7944
-3578
-2836
2839
-15332
5588
-3040
216
-14088
-2511
-10184
4850
1056
-4835
13344
-505
-13272
2027
-6916
3091
-11236
1794
-8152
1536
-11204
6167
-11232
-3587
-7120
-762
-8976
770
-13064
4884
-9200
-5
-12232
10994
-1992
-6158
-8132
-7413
-13284
2826
-4056
7673
-11224
-1501
-10200
-1577
-14288
-770
-7952
2523
-3024
1512
-8972
2276
-12228
-497
-7096
-6138
-13244
1505
-2004
-6661
-1984
-5903
-4064
5092
-8980
-5134
-4884
-5889
-14312
1329
-5092
2038
-10188
-2810
-3024
765
-3056
7917
-9204
-10261
-7144
-1547
-13276
3835
4120
-2061
-3060
55
1076
5369
-8156
11017
-9216
-8714
-13060
-546
-6104
-3084
-10192
-8453
-4040
1801
-6128
6458
2096
-6423
-1808
-2588
2096
-5634
-17176
9229
-6120
2817
-4072
-1009
-9988
4362
6152
1011
-6916
1291
-6112
1803
-4080
-2010
-4044
5887
-5044
-12543
-10200
8429
-10216
-9479
-9204
-256
-1992
-4638
-7156
-3341
-11248
7425
-4080
2104
2104
-3310
-3048
9715
-5044
-1573
-4092
2823
-14320
1806
-3064
-3323
2096
522
-6136
-5408
-6120
8461
-6120
-6937
-11260
513
-15284
-492
-988
-1000
-4080
282
-8136
536
-9188
6132
-16344
-2823
2056
-4632
-5108
-9203
-17404
-1028
-9164
2069
-5084
6653
-11216
6369
-8148
2319
-5080
-2282
-7160
-5133
-8152
-1772
-6100
5103
-10208
-2515
-6084
-4106
-20460
-6691
-12280
-1033
-10236
-15381
-3068
-8207
-8156
-5123
-18380
4594
-10208
-6952
-19396
2314
-11256
6640
5132
13552
-9168
-5861
-4052
-2052
-9216
1050
-14300
1813
-6128
-7392
-12236
-1775
-14280
8467
-11208
772
-10208
12065
-4068
756
-11232
9728
-4068
7687
-13272
2287
-22244
8680
-12240
-8167
-1000
-3080
7192
-2007
-4036
-780
-2020
1007
-9212
4601
-4064
6627
-19420
-6066
3088
-6657
-12212
-2858
-8168
-2302
-5048
7953
-12264
2821
-7144
-3603
-12236
-1031
-10192
4340
-5092
-3566
-784
-12067
-22220
-9230
-6920
-7160
-4076
-12744
-5076
5354
1024
-4615
-7132
-1246
-19400
-3592
-1984
9196
6152
4104
-8964
-12066
-10208
-266
-18372
1535
-3856
6397
-9168
-3600
-6956
-1033
-15320
5920
-6088
4892
-9192
8958
-6100
-1294
-11212
-2291
-6096
4326
-12264
10
-5104
-4335
-788
-8988
-20472
-991
-20436
-6650
-7120
10231
4120
-772
-3064
-1533
4120
5132
-5096
-1011
-9172
-219
-7132
-3567
-11224
777
-11224
-1818
-7140
240
5136
-758
-2028
3315
-5104
2562
-6112
-4886
-11248
-1019
-14300
-3586
-968
-536
-988
5397
-3036
11531
-10216
241
-1004
9713
-17156
-5905
-5056
1265
-5064
-3066
-14320
6919
-7164
-2829
-984
-7939
1276
18427
-5112
-5123
-5112
11018
-4052
1034
-10188
-4356
-20476
6619
-8176
11281
-4052
9235
-7964
-1079
-5064
1047
24
-740
-6120
-1532
-5096
-6136
1028
6174
20
-4125
-9196
-3054
-7140
13071
-5072
222
-12052
3095
4120
1071
-6128
-8945
-4024
10531
-13288
3124
-8160
3828
-11240
4362
-14312
545
-4072
5348
-5076
-16644
-10236
15070
-15352
11775
-10240
1
1084
502
-10004
4349
-7096
-1025
-9196
-12532
-10188
5383
-11232
-12277
1092
4838
-7132
6657
-8980
-3606
-14312
-1016
-18388
2023
-11236
3567
8204
-7172
-11016
4297
-13268
8476
-988
-277
-3024
517
5352
802
-12224
-7193
-6112
-4611
-11240
-1026
3096
1524
-11244
-3843
5132
11767
-2040
8737
-12268
-1531
-18384
531
-8152
2562
-7164
-3084
-6112
-13076
-7124
5834
-4024
-11465
-15320
5370
-8144
8699
-12208
272
-1984
13356
-9180
6669
-984
-8438
-30428
-4108
-5056
11540
4104
-5367
-1020
-7659
-5096
1257
-976
513
-2004
8953
-7152
286
-14088
1794
-14276
6668
-7940
3071
-6124
5649
-10204
4123
-13248
1040
-7144
-7439
-8172
-8935
-3020
1296
-13300
224
-3016
2084
-7120
6648
-10232
7929
-5896
2811
-15332
1525
-4056
-5656
-8168
-9971
-10240
-1797
-996
-2082
-10220
-6396
-4052
-2016
-11264
-8955
1032
2590
-13308
-2790
-5088
8195
-12280
-1800
-17364
-4850
-9160
-5409
-9208
1806
-5116
-1824
-7160
1313
-10224
2063
-11228
7908
-3028
-8172
-6088
-514
-1020
-11261
-15336
565
-9204
736
-20452
265
-16368
-4
-2012
1810
-7160
7424
-6124
3569
-4068
-519
-12208
1532
-9200
6671
-1000
-2311
-15316
8727
-8160
-5595
-2032
3290
-1004
6385
-6128
4614
-2008
2777
-9176
3274
1044
-1773
6188
7442
-972
-1791
-5108
5384
8228
-9983
-8160
-792
-2032
3831
-8172
-4862
-6128
-4345
-14296
2867
-6088
1775
-9988
249
-5068
2285
-7132
-10238
-2012
5917
-14308
-1545
-11240
-6139
1088
1031
-14292
-3336
36
5883
-996
-1043
-6088
543
-11216
-11247
-6136
-3807
-9212
-3333
-17396
12299
-8176
-4551
-17168
1992
-8156
510
8216
-3594
-2036
1511
1040
-3119
-6136
-3093
-15344
2051
-5092
-768
-11260
12540
-11208
-2523
-5072
-16
-9188
770
-5100
3554
-14280
-2573
-4005
-990
-4060
-4299
-3068
-18206
-4088
731
-11248
-1311
-11232
-5099
-9208
-4837
-13284
-1280
-15328
7207
-2992
-4099
-7148
-5619
-6112
2260
-6096
1283
-8176
239
-12244
797
-2020
-2288
-5072
-3066
-14308
7132
-5064
-3329
-8144
1288
-8128
7144
-12236
-7951
10276
-1006
9464
-1789
5128
-3575
-13280
5120
-8148
3842
-8160
-6919
-7152
-8478
1064
781
-10196
-6618
-15348
11505
-6932
-1301
-11212
4903
-10228
-4892
56
-6124
2296
4107
-6108
-11776
-12288
9719
-15328
6941
-17408
-736
-4088
4586
-23268
489
-3844
1285
8224
3589
-9184
8939
-10236
-14343
-9212
7136
-6144
4882
-11224
-533
-8140
7174
-13292
6136
-12264
533
-16348
-2779
-15336
15141
-9184
-9217
-9176
1031
-17376
5346
2056
-747
-10192
-249
-5104
787
-5084
7401
-2004
-3800
3104
2574
-8148
4582
-7128
3532
-4028
2835
-18392
-9458
-8156
773
-13284
-4101
-2020
-249
-984
8476
-5060
-3345
-18376
-2569
-6116
2291
-11240
1042
-9192
-1777
-13084
2573
-3072
8983
-2028
276
-13280
-10494
-5068
3027
-8168
4610
-1808
554
-13308
5380
-14268
4881
-4076
-7677
-8108
-2053
-7156
-1528
-6108
-11288
-6128
4843
-4096
2841
-5076
1782
-14276
-5125
-14084
9719
-12252
-14306
-14312
1257
-16360
1303
-10196
2802
-6128
-2583
-10192
-5644
5148
7921
-11024
-5372
-6116
-9990
-8964
2807
-6136
-3587
-13296
-252
20
-8979
1072
509
-15273
-5904
-6128
6665
-13276
-1801
1276
6903
-2036
5957
-5072
3840
44
-5642
-5092
3860
-9152
24
-6084
5657
-4052
-7461
-3000
-6173
8
-5380
-12244
22774
-9988
15
-11220
1540
-7104
2569
-9132
-2026
-5084
8945
-8168
8211
-14312
1044
-18432
4055
-10164
-13848
-8180
-2305
-7124
-245
-10172
-5108
-1984
-1541
2060
6915
-9172
5872
3104
747
-5084
-9207
-13288
4854
-3060
-5680
-3052
-489
-9180
-25
-11016
-2075
-11020
5351
-2824
-1789
-12236
1786
-5076
8197
-7104
-6877
-15316
6431
-12276
-4563
-15348
-8217
-6112
-12025
-12288
3610
-14304
9225
-6144
2040
1076
2368
-11220
-2308
-26364
9216
-12236
-256
-13304
-7672
-3024
2586
-15344
6400
-6120
5868
-13296
-2034
-2044
8995
-11248
4592
-1824
761
-7156
9722
-10176
4631
-8192
3094
5168
-10232
-16384
5101
-13256
6113
-4880
-6442
-13300
4874
-11216
1841
-16364
1783
-7956
518
-9168
-1547
-8156
-4120
-9988
4628
-20428
6893
-6096
10456
-11260
3069
36
-6877
-4056
3842
-7128
-7462
-6132
11532
-17352
-5118
-12220
9191
-16344
-9736
-7148
750
-3012
13299
-2016
3286
-11232
4834
-1012
-1243
-3036
493
-10240
-7421
6164
-4886
-9160
9995
-5084
488
-7144
11267
-15304
-9493
-15344
-211
-12252
5893
-9208
3317
-19404
-12539
-15332
-11751
-11252
-6137
-5100
-530
-7108
2550
-20468
5903
-6112
4098
-10216
1310
-7124
4583
-1012
-260
-10236
-3573
-6116
-2854
-13312
-3804
-9196
5147
-4032
1541
-12268
-7407
-17404
10500
-9148
-4361
-7128
14095
-2008
279
-12260
-250
-14320
-8968
-10188
2026
-15328
5848
-12260
2776
-9176
9475
-13300
11022
-4872
8432
-17352
-3311
-9188
501
-6104
2515
-10228
1032
-1816
4086
-4048
537
-9196
1821
-2012
-268
-996
3581
-3048
1793
32
247
-4044
-2053
-2032
501
2100
-2536
-7120
-2055
-2032
-13
-5108
6175
-12232
-1789
-7156
-3354
-8188
2062
-5116
2549
3072
10482
1036
-5366
-6120
-3364
-6076
-1523
-10204
-7429
-5084
-4824
-3052
6392
-11244
-1755
-6108
-5149
-10200
7693
-3844
-2054
-7144
-6172
-8136
4604
-7144
3829
-7124
-5105
-11244
4384
-5072
-1539
-8156
501
-7148
8197
-3040
-12848
-6088
-6640
-7144
7920
-11208
-2813
-14304
7671
-16328
4323
-10204
1785
-16332
4857
-14304
-3783
-10200
-9233
-10220
-3093
-10153
3835
1040
-6644
-13296
-498
-20452
1768
-3052
-1003
-8160
1765
-6080
-15129
1040
2549
-18368
5904
-2040
1546
-12264
7390
-1000
-8436
-15332
-13320
40
13298
2076
3093
-5080
-3857
-7144
9737
-10180
-12797
-21417
-21
-2820
5644
-14292
3099
-992
3053
-13260
5893
-8184
-1534
-19452
-3319
-10008
-9442
-6112
-3325
-9160
-6628
-10224
9514
-5092
-496
-11252
-8460
-10228
3060
-17368
2331
-10236
-3832
-15112
11243
-19412
-524
-10216
532
-14296
2089
-7108
3315
4148
-268
1127
4377
-8116
5866
32
-2566
48
-2827
-6924
1023
-16360
6652
6192
7675
-16344
4362
-13068
-10998
-8168
11770
-5096
-499
-10224
-6660
-6124
3579
-17364
8479
48
-505
-10216
-4356
-10196
-249
-10200
9991
-14328
-8436
-13292
-1022
-5076
491
-3048
789
-976
-6371
-7940
1261
-12284
-210
-8168
5388
-8124
3879
-5108
6620
2096
12530
-2820
9755
-2036
-531
5128
7948
-996
2258
-2008
3847
-2824
-3845
-9208
1270
-1964
-3338
-14084
-4090
-16136
7419
-6124
7975
1044
-1290
4100
7941
-8968
520
-15332
5887
2084
-6628
-2028
-3325
-6924
-1033
-6116
-11011
-17388
-2839
8216
-11496
-5104
7169
-10192
6123
-7156
-12287
-2020
10192
-16297
3521
-8168
3615
-3032
763
-8112
-3067
-7144
4124
-13292
5374
-14284
-7200
3100
-5885
-6140
5662
-17360
-1818
-3016
10016
-2000
-3061
-2012
5105
-6116
-2578
-16332
-4585
-18420
-11779
-3060
2013
-12268
-13
-2000
-5346
40
7696
-9200
1786
-6128
-14870
-4076
-3812
-9176
732
-13256
2044
-5056
-2823
-4048
-4112
-10240
6884
-8124
-22220
-12236
1518
-6116
2577
-2848
-759
-10188
5408
-11256
-758
-12216
-4587
-7136
-3070
-984
4856
-18384
4880
-9168
-1243
-10236
3855
3092
-4622
-11232
2052
-9184
-6154
-4064
-4076
-1024
-1029
-10228
-9472
-3020
5904
-8172
-12797
-7152
-6690
-14304
-5619
-944
-2852
-5064
1562
-2016
1266
-13300
-6641
-4020
-258
-23260
-4355
-4076
11038
-4076
7950
252
1831
-8148
4327
-9212
240
-11260
6430
-22252
-2068
-12248
-1840
-992
-8208
-3028
-4632
3100
-3347
-12036
-2548
-10220
4875
16
1800
-5068
-6389
-9180
1551
-2024
-3361
-23268
-3302
3080
8962
-1012
-3585
-19400
-5900
-3068
1781
-1024
-731
-6120
-9981
-976
-1807
-7144
509
-968
-5343
-14328
3079
-9192
-4114
16
-2060
-5892
-2026
4
9437
-6104
-2573
-11208
5881
