-7128
-7673
-2044
3364
-7968
2316
-10232
2078
-3044
5886
-1024
-6677
2080
-6928
-6132
-4610
-4080
484
-6120
-11777
-2020
2034
-16328
18935
-8968
9188
-6080
3333
-7120
-738
-13288
-1011
-8176
-6390
-6136
10503
-12056
1517
-6140
3546
-3068
486
-7120
-4872
-18408
-11035
-7128
2581
-6072
8977
-8168
7453
-6084
5626
-11196
-2
-3028
6406
-3064
2835
-2004
4350
-3036
2038
-4072
-4626
-7124
1023
-7168
-5854
-12268
1289
-8156
-2267
-12240
-9751
28
-1040
-10228
-7431
-9188
-6898
-3032
9974
-4052
-6409
-2000
-6900
-19420
-17145
-14092
-2568
-7116
9971
-7136
-2825
-12288
-4595
-10004
-270
-6128
-2813
-9172
-4593
-13149
7945
-3044
8965
-10236
-731
-9172
-1250
-6104
-4868
-15340
-11301
-12244
-4540
-15320
4620
2092
5115
-17372
-6623
-13260
3326
-5056
3839
-13284
-6908
-10180
4334
-9212
-2324
-12252
-1555
-15340
-5366
-10196
-1034
-11248
1
-10240
2824
-11240
-7417
-6092
-3346
-2044
-270
-6096
-2836
-13280
-5385
-11248
4596
-4084
-3042
-3040
1784
-7160
7914
-11232
3089
-10216
3839
-14276
5650
-15288
-1784
-9200
486
-2040
3576
-10216
7432
-5108
10492
-4084
-2853
5120
3330
-3056
1557
-5096
-2846
-2000
-2549
-2020
-1502
-3844
1535
-7144
-8985
4128
8407
2116
9978
-7132
11768
5144
-2300
-9196
9453
-10216
6122
-11216
5907
16
2048
-4032
1788
-2996
-10464
-7164
2034
-10180
-1028
-12248
-14078
-14304
4873
-11228
-2022
-17372
-25164
-8136
7966
-1004
-10758
-2008
762
-13304
5616
-6112
-11019
-13060
-7431
-10168
749
-8972
2865
-7108
2796
-7112
273
-7120
-4349
-5092
-5336
-10180
13558
1068
5904
-11169
-3080
-10192
7431
-10236
520
-8148
-4336
-11236
1038
-14268
8947
-2016
4109
-4056
-10255
-10192
747
-9172
-6920
-13260
-3836
-7116
-2019
-17368
-2569
-1992
-6117
-7144
-5654
-11220
-1526
-6120
3072
-18400
-5386
-5092
-7944
-4036
16352
-6124
-1748
1052
1541
-7100
2529
-5096
5658
-5084
4374
-2016
1544
-12280
-2325
-13096
7432
-10220
-5877
0
-3090
-6132
7428
-4052
1013
1092
-6667
-7112
4066
-5088
8454
-11260
-4623
-9212
3341
-11244
-9205
-3040
8674
-14092
-5093
-6124
-6182
-15328
3067
-9180
1029
4108
9204
-6116
6411
-12280
-11743
-5025
-12315
-5892
3601
-6144
-1527
-1016
-2039
-10160
-1012
16
1768
-13060
-2054
-3040
-1550
-12248
-5325
-5100
1285
-15340
3557
-11220
2287
-17384
260
-6112
5375
-2032
-3582
-6144
2528
-3028
5874
-4092
4370
-2828
762
-12264
2063
2064
4099
-6136
-6130
2072
-6156
-4048
1282
20
-12040
-4872
-2090
-14284
-767
-3060
-5105
-10192
-1279
0
1553
-8176
16850
-3052
-6451
-12276
-1779
-8156
-8208
4320
-3846
-9144
-1311
-11256
9710
-6140
1283
-6128
3883
-10232
3067
-10228
-11248
3104
7952
-7948
-1010
24
2308
3092
-9
-7140
14593
-3032
-2052
-5112
1016
-7156
-2
-17344
-2300
-4048
-9954
-20416
-6909
-23264
-4634
-5080
-2547
-21500
-3057
-8152
4862
-6068
-2094
1068
-7157
-1000
-798
-3028
-1307
12
-18405
-11240
1790
-3056
1282
-2040
4352
-9168
-3372
-13272
-5118
-9204
2547
-7140
-8453
-13272
2278
-22244
-8702
2296
9712
-9204
2028
-13272
-1832
-9144
-12036
-8176
-6673
-4076
5123
-13256
4335
-6132
-5652
-11232
2273
2280
6658
-5072
-1283
-996
-524
-16132
-2028
-8176
-8
-7156
-4107
2092
-4130
-6920
12284
-19408
2
-19420
-8695
-6136
-4305
-980
-4827
-1972
9441
-8184
-3549
-10180
3011
-5112
1292
-6132
790
-11232
6927
-3856
-6111
-4056
21286
-6080
-3317
-10000
5145
-6076
-1568
-11256
5365
3100
4582
-5112
6894
36
10783
-6108
-5900
32
11804
-15336
-15632
-9176
3807
2092
-1034
-6100
8976
-3040
-10231
-11240
1539
-2040
-277
-10240
-7176
5164
-4596
2056
-3802
-8184
1776
-4080
-3844
3100
7138
-15312
-4104
-12224
-3569
-10184
-6643
1060
-9460
-6092
4565
-8964
5363
-16372
1557
-8192
727
-13284
501
-3848
2531
7180
-5365
-16360
-4097
-9160
8963
-10232
-223
-2036
-1774
-996
7934
56
-6173
-14296
-6377
-13304
2546
7208
4863
-5076
1317
-7136
-4558
-3024
2831
40
2265
-16360
1792
-6124
3819
-3040
-5146
-6116
-1271
-9992
5618
-4084
-1584
-14296
3848
-4084
-508
-8160
-11019
-15348
-7919
-5116
4885
-6096
-6437
-12276
-260
-780
1774
1036
2556
-17388
1019
1272
-220
-1020
-762
-9184
-5358
-1800
-6145
-2824
1544
-1796
-4614
-12244
1008
-19448
3302
240
-2808
-9168
4110
-12232
-3605
-5892
-3560
-11212
-2837
-11028
-9755
-2044
3879
-4068
-520
-20444
-5359
-21484
531
-9204
1069
-1976
-6928
-7160
6934
-8964
4861
-1020
-250
-10164
-5600
-7140
-8187
-18416
4601
-20236
9256
-13308
502
-6092
6394
-11232
7957
-15312
2601
-12048
8195
-10240
3316
-9152
764
-10232
2020
-3056
1521
-7140
-3042
-10240
-6156
-3032
11
2096
2564
-9996
3843
-10220
-1810
1024
-766
-13260
9731
-2028
-7400
-7144
-8957
-12264
1239
16
1008
-14316
-7690
-2048
-2320
-4052
-1051
5120
-2581
3088
3073
-14304
-547
-1016
-8987
-4096
-796
-10180
6129
2088
-9491
-3036
-2583
-6128
-6158
6148
-4341
-10188
5408
-17364
2808
-14312
4290
36
516
-4068
4382
-7108
-1324
-5900
2050
-4048
2582
-4060
994
-11248
-7674
-5092
-6404
-15300
-4635
-13304
-2539
-9164
8701
-13284
1793
-2044
-10251
36
-8203
-9180
7158
-9172
-2043
-980
2787
-5096
512
-1000
4114
44
-4353
-16352
-1008
-988
6907
-10040
1499
-9200
10480
-1984
-3093
-13268
-1795
-8180
-3580
-6940
-12
-15332
-2316
-9204
-6129
36
5108
-7128
2095
3080
773
-10164
5086
68
-488
-1996
39
1096
-12028
-13221
2547
-8132
4594
-12044
1029
-14308
-5374
-1796
6165
-13256
-4605
-10200
-6162
8240
-6649
-12276
-2024
-10192
3559
-3848
-6939
-4064
-9450
-2820
5388
-13284
-5121
-15108
-1525
44
14090
-5092
1829
-8148
10267
-12288
5351
-10220
-10501
36
-2533
-13272
4103
-21496
3070
-4048
-2800
-8136
-776
-17156
-4373
-4044
-7144
-7120
8729
-12224
5137
-14304
7176
-13288
-4830
-5092
-8950
3324
-5654
-4052
2309
-7160
1511
-9192
-3305
3084
8415
-4092
3078
-2028
-3581
-7132
-8481
-10228
-6605
-13312
2326
-10236
1270
-9188
3329
-5060
1292
-7104
-12791
-17184
6929
-8180
2576
-12240
3037
-3060
-2303
-10220
2841
48
-10041
-7128
2045
-12260
-278
-18408
1271
-17364
-6424
2108
-2060
-10204
3834
-10192
-2860
-11244
249
-2032
4105
-7144
5655
-7116
-2065
-1984
2343
4136
2814
-5100
3875
-4032
-9985
2060
-2801
-5048
-2267
-2024
-783
-16132
-3330
-17384
-4345
-6128
5651
1060
9478
-8144
3842
2068
3862
-11232
5142
-7140
-10278
-9216
-2823
-3056
-3311
-4056
6150
-16324
-6911
-15344
-5612
-2985
-10515
-8164
-1559
-3032
-3840
-6124
-4341
-11252
5609
-4052
-3071
252
-3042
-5088
-1800
-12268
-3053
-7148
2781
-14296
-1011
-13260
1273
-15324
-5365
-11228
-2031
4140
9466
-10228
-262
-11240
9497
-3048
5385
4112
7407
-10224
5634
-1016
-3819
-3072
6664
-9164
3602
-2036
3304
-8176
6158
-6144
-5877
-8148
518
-1996
-242
-6104
-11789
4164
10477
-10216
1301
10272
-1776
-4876
5369
-5080
5571
-885
-7181
-6120
-4090
-4872
1309
-7088
515
-13264
-243
-13288
7682
-1016
2553
-1828
3076
-1004
2057
-7108
5125
-1996
1024
-9172
2304
-11236
-6674
-7136
6170
-10176
4864
-9204
4092
-8164
-1830
-7124
-506
-14328
-268
32
1531
-16324
-7467
1064
2057
-9152
9219
-17372
7940
-10168
-1265
-12244
4320
-9192
-1822
-16348
16888
-9148
2820
-5104
-4087
-7144
-2800
-1000
768
-4868
-9734
-16368
6114
-16376
-4848
-3048
-3799
-5072
2034
-980
-8963
-16360
-15085
-6092
2301
-19392
-3590
-8164
-528
-5064
5627
3092
4086
-17380
6918
-10192
6407
-984
3833
-6053
765
-7112
-3122
-13272
-2572
-6104
-9993
-14264
774
-9996
-1020
-13276
-2325
-4092
-3347
-16308
2533
-13264
-4860
4144
4124
-10168
525
-8160
1555
-8980
3112
-9180
-3591
-14084
-5387
60
-1794
-6128
5109
-14276
3081
-5096
1807
-3052
12294
-11232
-285
-15320
-3855
-7120
-1561
-10184
-5116
-7160
5103
-11212
2047
-1992
-5581
-5092
994
-13252
-5608
-8164
-1495
-8132
-522
5176
1026
-13256
-3299
-12276
-3300
-7132
11770
-6120
3082
-6124
-4375
-13264
-2813
-6084
1249
-3068
524
2076
9195
6184
10235
-980
6421
-7120
-5643
-8180
7657
-2028
6891
-12193
-3603
-2000
-5646
-6092
11730
52
-7420
-964
2283
-5060
-1
-9992
-8444
2080
4372
-18380
7182
-5052
12316
-14308
3126
-25308
-2050
-2028
3838
-14264
2033
-5072
11300
-6116
-1268
-6124
14623
-1016
-3557
-8964
-2615
-10216
3820
-7952
2057
-12264
-1534
-13284
-1024
-6104
1776
-7112
-1764
-6116
-9471
-18376
1554
-13064
6642
-19412
1277
-7128
-18
-13304
9472
-9176
1033
-16320
268
-8168
-4105
1044
-8436
-10224
8898
-11236
522
-12268
-4109
-12272
-5624
-10212
-9706
-3028
-279
-7164
-1315
24
10534
-3024
-755
-13244
-9465
-11248
4598
-952
3606
-7152
-797
-2032
-2545
-6116
-798
-5900
4875
-16324
-1806
-12276
1292
-7144
-1547
-2040
2045
-19436
771
24
261
2060
-2795
-7940
4845
-8152
3048
-10204
-6420
-7156
-7655
-5896
-9255
-3028
11828
-2044
11274
-11232
-516
-9160
1787
-8168
-773
-7156
3611
5168
-4066
2072
744
-6104
-4629
-5033
10470
-3012
-4108
40
2827
44
-5860
-7148
-783
-4872
-7667
-3068
-7913
-3016
3853
-9200
-1546
-9180
-5617
-8184
2298
-9196
3886
-8172
3112
-12252
-8697
-8128
9497
-3044
-4604
-8184
-1012
-14308
14334
-8160
-1265
4140
6929
-9204
11771
-4052
1279
-12232
1498
-15320
-3053
-5072
2802
-19404
-10238
-10228
-9201
-996
-1306
-7148
7923
-12236
-234
-4048
6379
-5064
-10748
-11228
-759
-7132
3320
-10180
6912
-4868
-1781
-14292
-6661
-15284
-2285
-6116
265
-15292
6918
2116
-3303
-8964
2061
-11228
7683
-8184
-504
2112
-5425
-9200
-4882
-2024
2041
-9184
-1018
-6072
9502
-8140
476
-5100
1802
10284
8728
-10208
3059
-12272
6940
-16324
-270
-7136
-12
-9136
4572
-16320
-1541
-13308
-5653
-5104
10485
-10212
-5
-11216
12070
-11228
2537
-3860
3095
1036
-7167
-10212
-2329
-2028
2547
-12240
3360
-9172
-1300
-15316
-7417
1248
-1791
-11220
5370
-18184
3301
-3036
1282
-9144
-11293
-10176
1333
-11224
-9243
-8160
-504
-3044
-5406
248
6161
-12264
-256
-13296
2848
-14300
-4846
-14304
-3600
-16368
-3826
-2004
-1273
-11220
-7690
-9192
-8241
-8176
-5137
-4064
2301
-10212
-2330
-7144
-3574
-6120
6905
-6088
7955
-2008
9225
-3044
-2796
-3028
-3570
-6124
-4123
-12052
14846
-11240
-1522
6396
778
4108
4342
-11208
8734
-10216
1773
-5112
5618
-15300
10537
-3072
-4062
-15336
1537
-12280
-3066
-5108
2560
4160
8199
-2992
-5378
-7128
-7701
-8180
-2293
1048
2336
-8180
2557
-10172
-1813
-12256
1535
-8176
6887
-11260
3806
-6116
5676
-14328
5121
-17388
8208
-12260
50
-9200
8708
-7116
9986
-7112
1258
-8136
-7689
-15284
2838
-12276
-298
-10232
-19
-6136
-2568
20
507
-8160
1577
-4048
-494
-13260
-1048
3112
-3603
-14288
-3060
-13304
1290
-12260
2837
-5029
2050
-5076
-756
3076
-7151
-11252
1780
3092
-7177
-7952
-248
-7952
-10261
6384
-3070
-16356
6166
-10232
5651
-4072
5597
-9176
16
-5092
-7186
-13068
13857
5160
6387
-12232
-8185
-3032
3837
-18380
8
-9184
1761
-3048
-4133
-2820
-5623
-6108
3814
-11252
4864
-13288
-2038
-8128
2284
-3020
1776
-14328
-6898
-4036
-9501
-16340
15835
-14088
-2787
-7132
-4330
-16328
-510
-10204
4349
-22260
-3334
64
-3577
-4072
-5395
-13288
4068
3120
-1504
-4040
-12290
-7948
-2823
-3048
3057
-1016
4340
-7136
6370
40
6368
-15340
-11747
6188
-4401
-14312
1546
-10176
-2273
-4056
-1522
-9196
3822
-15308
-32
-17340
7382
-8152
-6661
-15269
-6186
-18352
1029
-12232
1815
-18408
2087
-11212
-1049
-6120
8705
-5112
-2051
-7152
-762
-2000
3350
-7116
-8436
-10188
-7928
-10196
8194
-20460
8695
-6116
2339
-5076
-8491
-8152
-7161
-6096
1273
-12240
1045
-11232
-14612
-3040
-2546
-2020
-4840
-11012
1563
-15340
-4644
-12256
708
-10220
-1781
-15348
-1779
-5112
-5636
-6940
6943
2064
1262
-8168
-789
28
6641
-13284
-8183
-5104
-2079
-10192
-5885
-7160
-1286
-10196
-1570
-11252
771
-16289
-7930
-1996
8429
-9208
-5120
5140
-3099
-7108
-5088
-6112
266
2080
3094
2088
3570
-8148
-5613
-10188
-1007
-2036
2794
-12056
1
-13272
3319
-7120
-4367
-3020
4853
-5112
2587
-7100
-2007
-14316
5604
-7152
16141
-5092
-1001
-3036
-272
-10204
-1300
-11016
-5938
-3064
-530
-17372
3340
16
-1027
-18388
-761
-6112
-1025
-8184
-5911
2080
-6641
-8152
4622
-2044
-1564
-7948
-2851
-14288
9204
-12236
-4836
-8156
-2302
-6136
1329
12
-1805
-14304
-5394
-14096
9734
-9208
-5154
-13300
3279
-13288
-3303
-9152
4074
-9184
-995
-11228
-20485
-14276
-3341
-4064
-766
0
11030
20
-6392
-10192
-2811
-12248
-6392
-3040
-5903
-12256
-792
-11252
5407
-13260
8471
-3032
10991
-6132
9237
1060
6157
-4868
-1540
-5112
-2590
-11264
2054
-12276
-3554
-9176
1514
-16344
1991
8208
1022
8200
-1269
-5096
-6172
-1988
5370
36
-2786
-6084
2039
-17376
-10230
-5064
-1497
-14268
-3885
-14300
10532
-7144
-8436
-7144
-1797
-1000
3847
-11024
4096
-10240
19717
-17360
-2282
-1980
-7908
-12244
-5842
-5092
12003
-8164
1041
-6104
511
-4064
8185
-12248
1806
-12248
2272
-6124
1838
-9204
3047
-13256
-6917
4
7955
6196
3083
-11244
1304
-13276
12034
-11212
-507
1060
7953
-12256
2057
6392
27941
-11248
-3833
-20444
-3599
-8144
-11541
-3020
-3118
-2008
-4567
-9196
-7183
-15308
6636
-7168
-3
-4044
-5358
-780
3820
-10012
778
-8152
-5059
-12044
4347
-4068
772
31044
-8469
-7168
-3826
-12288
9721
-15336
2837
-10196
5383
-2024
2535
-4044
-25524
-8156
3847
-3040
4340
-12240
-5898
-6116
2066
-17348
12793
-11256
2820
-4068
-5379
-6088
5112
-1024
-5124
-6068
3772
-5900
-6136
-9164
7674
9252
-8661
-2036
-6133
-6064
4626
-11240
4855
-8124
-1024
-12264
-5061
-9164
7395
-6128
3072
-7140
7967
-3040
3068
-15312
3042
-5056
12538
-1988
1786
5360
-2546
-7144
9226
-3040
-735
-17340
-8
-6920
-521
-4044
-7451
-3060
-7958
-6084
-1282
-12268
14571
-13272
-8726
-16360
-1523
-9129
541
-5056
-1258
-12280
9947
-8128
-2748
-10168
-4605
-8136
3604
-976
-2042
-19420
-249
2052
-786
-5092
-9730
28
-2341
-8152
-5944
-5108
1544
-17404
4121
-4056
3842
-7116
6894
-976
-6645
-6116
4366
-12252
2529
-14336
3839
-5112
8480
-17368
2045
-9200
-4345
-10184
-233
-4068
3098
-14308
11272
-16368
12
-2020
-9002
-12044
5404
-20440
-3588
-6140
-2048
-6144
5885
-980
7442
-6096
-3824
-9988
-7163
-22264
7169
-11216
-1525
-6088
-2055
-6120
-1062
-6144
-3342
-4036
-1293
-11212
-13539
-8136
-5360
-4088
3838
-8152
3581
-4068
-7419
-7160
-9963
-3040
4865
-16344
8451
-11236
3333
-10236
5613
-9200
766
-12272
-3573
1092
-3067
-7136
-10708
-4036
3831
-13264
1277
-9160
9449
-9192
-767
-9216
-5602
-5068
2308
-16372
-1750
-10200
6411
-22200
-11796
-2008
10249
2064
4603
-11248
4103
-8152
-9002
-2012
-3326
-1016
-2547
-15300
3364
-5088
2845
-14084
3555
-7136
-9461
-14256
-1067
-10200
8216
-1992
-2038
-13280
6660
-15316
2028
-10000
512
-4936
4335
-5056
-5400
-13300
-1018
3112
2840
1268
777
-10180
233
-944
777
3084
-698
-3032
-1763
-7144
-4377
-8168
2613
1088
-3598
-12268
-1275
-10208
-10230
-4060
-3292
-7116
-284
-12268
2031
-11240
-8937
-976
10483
-4020
4860
-7940
-2777
-13312
10488
1056
-10284
-9132
13314
-996
552
-3012
4072
-14316
6920
-12244
-3823
-10188
-1807
-12244
4657
-10196
-4601
-1000
6671
-5060
5863
68
6131
-4080
7942
-11220
-3556
-17376
3836
-4084
4863
-980
-500
-8176
-2527
-5052
265
-14280
4074
-1808
-1007
-4068
-4606
28
1518
-8172
-2846
-1008
8194
-12256
-503
7180
-6150
-10232
-8410
-15312
-4103
-11236
264
-14308
491
-14324
3586
-792
486
-11264
-5897
-1996
-254
-13292
-5377
-11220
-2556
-7108
-2820
2296
1244
-14316
3306
-18372
-7189
-12208
11023
-4088
-3073
-9192
10255
-8164
-2028
16
9714
-4040
1240
-3012
-238
-10208
5885
-13276
-2565
-12284
4872
-8144
2285
-1008
-9949
68
-3806
-2008
-4128
-2020
2301
-11224
7942
-11260
-7138
2100
-8211
60
3100
-16352
2070
-8964
-3097
-6100
3358
-13300
4607
-6128
-3860
-8132
5623
-7100
-1270
-8136
-3055
-4056
-2579
-8152
-7228
-15284
7174
-10200
1546
-3048
2323
-8172
1785
-3068
-2057
-15340
-1046
-12244
2556
-7144
-1273
-6092
-1785
-7144
3548
-8152
507
-11252
10001
-9168
1274
24
-4115
-9184
3076
-2048
-6908
-6920
-5662
-21472
3842
-1000
-1
4120
-1847
-20440
4327
-3040
2558
-6136
6428
1036
-1028
-5080
5641
-5080
-18516
-6116
11290
-15340
-3877
-11256
1014
-8992
6372
1080
-5127
-11252
-1548
-2824
3116
-7148
-7659
-6124
11788
48
-2521
4124
1562
-12228
3543
40
-7707
-9204
1805
-9156
-238
-7104
725
-9200
3068
-7164
8212
-9184
3554
-12252
-7669
-15336
11538
-6100
2544
-6112
-7911
-18424
-7935
-10216
7642
-2024
4384
-4088
1541
-3060
493
-9164
-5624
6172
-3347
-8972
9472
-6124
-3292
-9176
6622
-16376
-3544
-3016
4878
-6041
3843
-8152
-9735
-9160
-474
6160
-19
-13288
1546
-6916
-3356
-8184
-6894
-784
-5134
-10208
3059
-7128
-4380
52
4861
-8144
-7438
-10184
-2029
-14300
-3828
-8972
-4375
-7156
-797
-8168
2841
-18380
-12044
-12232
-1521
-2040
-4347
-9212
3276
-4084
2831
-5084
-3326
-16136
-5877
-11228
2765
-13240
7676
-14332
7712
-2040
-273
-9200
2051
-21464
3852
-4064
-10211
-8184
1789
-13280
1782
-13084
764
1252
4347
-4868
-7431
-1012
6385
-14300
-4085
-7112
3830
-9180
-11274
-14308
8932
-13276
2312
-11224
2041
-6120
-8197
-6112
-11480
-8168
12774
-16380
-2295
-14100
7943
-17352
-6131
-14316
-12034
-9132
-8727
-4084
10246
-12280
4356
-3036
4619
32
1287
-4048
3353
-7120
7884
-12240
-8433
-11240
7690
-8168
-2544
-6124
-1041
-18412
555
-7152
9992
-14264
11276
-933
-3058
8272
5900
-21476
521
-8160
3816
-12232
-4873
-12252
-2079
-1016
-493
-7160
1028
-10240
-965
-15116
-1255
-2832
-9199
-3048
3327
-4060
2801
-7164
6387
-10184
-2321
-5080
-1050
-980
-12045
-4056
509
-4080
4119
-6084
1022
2092
268
-3844
-2317
-7104
-2583
-11232
3835
-4044
-8952
-11016
-4608
-4060
1781
-19436
2086
-14304
6141
-956
-479
-14292
249
-17380
-496
-6104
6414
-15340
-6131
-992
-2789
-11224
12592
-5900
6198
-5040
-2331
-8184
1532
-5116
2309
-9172
-9704
-3048
-2804
-16136
-1775
-9196
-12796
3128
-2570
-14320
1790
-7940
1
-3032
4851
-2032
-1751
-10164
1016
-1012
-6955
-2040
1495
-9196
2551
-1016
-4329
1076
7423
68
1045
4128
-1032
-13288
3306
-8144
-7174
-4040
11983
7184
-247
-996
-6917
-10168
6370
-11236
783
6388
-11019
-6080
-777
-8164
-818
-3048
-6149
-2048
-3336
-3020
8974
-6144
-11547
4096
-1312
-7116
-12303
-3044
7161
-13272
3849
-9164
-1506
-10220
7421
-15296
-19201
-5080
14079
-5072
-12289
-11248
-8200
-14320
-1274
-5080
-2806
-11224
-6917
-13072
-8176
-6112
7401
-2040
-3808
-14312
-757
-776
4092
-17380
-1031
-13296
-6686
1260
1796
-12232
-797
-23296
-1537
-15352
-2821
-14312
3337
-13296
-531
-9204
-2334
-10164
5116
-9208
-1301
5120
-513
6144
-3578
-16340
6906
-9172
6437
-8172
6404
-7144
7948
-3044
3845
-10192
5377
-5104
-794
-5100
1268
-15128
-8957
-4060
4598
-8132
-1020
-21496
-779
-16344
-5643
-8160
-994
-1820
3307
1276
3349
-11228
1818
-4973
-7411
-11220
9187
-7092
-1526
-1988
-3360
-12264
5894
-6132
2300
-16372
2027
-2024
-10478
-1796
2306
-8184
3053
-4056
-2784
-8116
2091
3080
-3354
1076
-1277
5140
1258
-11228
-6119
36
-7917
-6120
1546
-8124
3867
-4088
-1763
-8172
-1269
-18388
-9776
-10184
1592
-3056
2284
-3036
1042
-7148
-6416
-8152
-490
-4044
742
-10220
11757
-5088
-4065
-8156
-754
-19444
-6650
-12252
476
-6136
8975
-4080
1490
-1000
-3562
-2016
5619
-6092
-3346
-8168
11234
-12256
3583
-7152
4398
4
1279
-5080
-1577
-7152
-6134
-3056
1318
8
2098
-1016
11528
16
3075
-7108
-1286
-11260
530
-7152
-1304
-11232
2558
-7112
4616
1068
-9684
-17156
3308
-17376
-3063
-5104
-3339
-6136
-1783
-10208
3599
-16344
3315
-12256
-4089
-11200
-1544
-10232
2561
-4056
3064
-2000
4070
-5084
-3054
-3044
4623
-7144
-1843
44
8
-5092
-9978
-4028
-2575
-10236
2780
-22020
8972
-2008
-9419
-7128
3310
-8152
3391
-7956
15589
-11252
12549
-4884
-4368
-22228
-4091
-10232
6664
-7081
4880
-8180
1303
-5048
5395
-7112
-5868
-4868
3588
-11264
-2021
-13304
-4891
8
-3592
-16340
7696
-11220
-1261
-13280
1292
-9204
-5109
-2004
-3862
-9168
2318
-10200
-511
-6104
-1523
-10180
9192
-1808
3855
-19396
-4632
-11216
2294
1068
1805
-933
-5359
-9204
3871
-10004
9490
8
-8459
-4076
5373
-12264
1817
-4060
-6690
-9172
-8963
9264
7930
-2024
5902
-12240
-738
36
-3051
-9160
-2849
28
6374
-8168
-5402
-10188
489
-11252
1539
-13276
-2271
-2024
-6404
-13272
6419
-5096
10728
3120
1261
-7140
-7161
-8180
-7186
-9136
2046
4
7408
-5088
-756
12
-5139
-6124
-40
24
-5106
-9172
-6396
-2836
6625
-15340
-5878
-7112
6874
-980
-2783
-4040
-1033
-3044
-2303
-2836
-4102
-7140
1842
-9168
-6171
-9152
5621
-7128
3328
2068
-6935
-9188
745
-9200
5136
-4092
-3062
228
-1565
-5116
-2564
-2000
10787
-2048
3849
-4060
-246
-12232
2277
-9168
12302
-6920
10007
-15312
-6939
-6920
5911
20
-7650
4116
2808
-3036
-6920
-8180
-8163
2076
4627
-13276
1554
-7164
-2543
-16352
-1776
-8176
4339
-3072
-9242
-7132
5137
1028
-6420
1068
-7393
-984
2314
-7940
-7921
-7168
9452
-11220
-525
-2036
983
-5116
-3298
-2036
-3834
-11216
-1774
-25296
2345
-11252
1033
-9192
12541
-13268
2849
-9208
-6085
-4064
-2510
-13288
2581
-5096
-1264
12
3076
-4036
8435
-3044
7692
-5108
2322
1080
4106
-9200
-2839
-3028
5136
-6136
11261
-15328
487
-15336
-4115
5368
-10504
-9140
-7413
6168
-1261
2296
-1765
-11236
8915
-11244
-6930
-14328
-2023
-14092
-252
-4064
3588
-9168
-6403
-1968
6930
-7948
-2020
-12272
-3054
-5112
-755
-11216
990
-6100
-747
-10184
7159
-15360
2291
-12256
-1594
-6116
1307
-9212
-3346
-6100
15339
-6120
-10522
-11236
-7690
-5096
-2537
-9176
-1011
-1020
-11767
-25336
-4350
1028
-5904
-8132
-3069
-2028
1012
-5088
-2309
-14280
5627
-7152
3600
-10216
2793
-5096
4867
-14316
15611
-4056
-2032
-3032
-271
-13296
-7177
-10196
-8168
-18400
-13832
-2820
2274
-12252
1279
-8132
4100
-8120
2548
-9200
-6907
-12252
-3083
4116
-5600
-10212
3032
-7140
2849
-14288
-2336
-7168
4101
-5104
2322
-3016
-3071
-4048
8991
-5116
-1778
-10204
-3048
-6104
-3843
-6944
-13831
-11200
9473
-13288
267
1036
231
5132
-4136
-972
1533
-6920
-7393
-12044
6357
15396
1514
-9160
-11544
-6108
2060
-10240
6186
-9192
-5611
-5052
5608
-4088
6382
-15324
-9706
-11236
-271
-4048
-3833
-8156
-779
-10196
-12794
-7160
-3614
-7140
-4612
-2992
-2828
-6096
-6426
9268
-769
64
3601
-5896
-1821
-4080
-1810
-16336
-3045
-2008
-2843
-9184
737
-7168
-2026
-5092
-3061
-8156
8951
1040
4382
-11244
12560
-988
-2816
-13268
-4876
-9144
2596
-5064
2060
-3064
5616
-4876
3581
-3040
2037
-988
8967
-11216
235
-7120
2298
-11216
-6164
-17348
1811
2084
210
-2028
1523
-9192
-4631
-12208
-2797
-10192
-5388
-8140
6902
-9216
-14056
-4084
4879
-13244
9717
-7160
9987
-3040
-4387
16
-4628
-5036
7960
-14312
-6420
-10232
6140
-8180
-1259
-6104
5381
-7136
-6679
-2016
6656
-12264
-3346
-8132
-3080
-12260
3577
-16320
-4875
-10204
-4354
-12248
2059
1032
1527
28
-257
-972
-767
-964
9744
-3844
14826
-6920
-2285
-2024
-6919
-11248
313
-6108
232
1064
7927
-11244
-6142
-4064
6393
-10192
7942
-14320
-8171
-12280
1784
-992
-10012
-984
-9992
-4072
-2268
-18384
-10266
-7128
4838
-7132
-2809
-8152
11021
-11220
-5355
-7132
-10755
-10184
772
-2036
-6369
-9212
-3076
-5084
1785
-772
3111
4128
-1289
-992
1532
-14308
5107
-18180
-2321
-7136
9476
-5088
1801
-9140
-2609
-4092
-12292
-937
519
-7116
7973
-11252
2569
-12276
-1036
-7128
-3024
-7120
8210
-6124
1021
-980
6689
-5068
5385
5192
-3823
3128
1527
-12216
-1548
-5088
2070
-3052
1284
-4052
-6642
-5076
249
-3028
1042
-10204
-1067
-13232
-6151
-1984
4362
-7136
-6672
-17364
504
-9192
15840
-9192
-34
-4048
8952
-6104
287
-9216
-14612
-12244
-3864
-12248
-6145
2060
-262
24
-4107
-9212
-5150
-11141
2587
-7081
770
-15336
4364
-2036
4609
-4032
1571
-15336
-3858
-1000
-10236
-3064
-7943
-15304
12558
-12248
10758
-11228
-9719
-5072
-2315
-17384
795
6396
2542
-17364
5154
-5096
1513
-9168
-1777
-9168
-6935
-11260
-4314
232
1
-8132
14050
-9184
-10007
4324
-1791
-5892
-784
-10008
-726
60
-8990
-14332
4087
-13280
3091
-6128
-5123
-20412
1519
-8140
9219
-6116
-763
-12268
-2554
-2828
-6384
-10212
6172
-1004
1793
-9180
-6667
-13264
-5399
-7148
5145
-7136
2330
-7112
-3842
-17340
-11021
-12248
1042
-11220
-266
-14280
8719
-10188
-2308
-9204
-1297
-8112
2042
-7148
11013
-8160
11228
-7124
261
-10224
-1262
-5080
6383
-5072
-9221
-10204
-9698
-3052
8413
-7124
1547
-6132
-242
-7136
9187
-9204
-6659
44
-55
-772
-3085
-3028
-11287
-12260
-4866
-19432
6693
-8136
-1542
-4072
7425
-8148
-2324
-13256
-8426
-7112
3068
-4068
4099
-1024
1285
-7148
-7683
-16344
-1535
-20452
302
-11240
-2843
-8144
-3345
-6116
6858
-3020
-495
-15304
1294
-14088
1728
-7148
2558
3324
6168
-4096
4606
-8184
-3845
-10016
-3603
52
4624
-3072
3358
-17368
1511
-6136
-1790
-3036
-2559
-7156
3097
-18337
2835
-9180
-5658
-3048
7399
32
1532
2068
1277
-4076
284
-15328
4089
3136
3053
-12252
7426
-18188
1795
-8164
-1016
-7152
-4590
-6144
5615
-5088
-2603
-8172
-3605
-3044
1033
-14304
511
-22236
-2801
-19416
8465
1024
-1809
-7092
-515
-9168
-2310
4
-6150
-6100
6669
-4892
-2832
-9172
6918
-15340
-4333
-5068
7701
-19440
1018
-4044
3313
-9168
251
-4068
1819
-13308
-3009
-2000
-5924
-6104
1777
-14316
-1278
-12036
-2268
