-16364
-10753
-7132
3606
-11236
-3608
-12244
3559
-4056
-4070
-4032
-1266
-17380
1275
-14308
-15394
-15324
-3309
-12280
-4340
-8168
4868
-3072
-6901
44
-3312
-18400
7432
-7168
-783
-5892
-2045
-2016
1514
-9208
7423
-15340
2554
-7144
4892
-9196
-5635
-11264
-2306
-10192
-4853
-15340
-1290
-13268
5348
-12256
-9699
-1020
-2047
12
3108
-1996
-3339
-14300
-8452
-3020
-2806
-8176
-1032
-8180
1543
-6924
-524
-4084
13849
-7124
-1826
-6136
-11524
-2032
-5372
-7100
-9714
-4088
-1046
-6108
3069
44
2570
244
-6099
-9192
-2053
-5948
-2277
-13252
-2
-10224
-757
-1008
-4584
-4068
1075
-16332
-7414
-8176
-5892
-4064
4353
-3052
-519
-3028
-15628
-10228
-8944
-7132
5892
-12252
4361
-2024
-764
-9152
17937
-3048
7405
-6144
-1287
1264
6152
-11244
-1284
-4036
-2283
-18376
-8195
48
6621
-5068
1272
-13264
5409
-11256
1772
-6124
1291
-4028
-8700
-9180
-2291
-5104
2005
1040
-1517
-9200
2298
2076
-6128
-12228
-7673
-4064
-13301
-12252
-1517
11268
1522
-6120
-4107
-15112
3068
-3056
715
-6092
-5100
-3028
-235
-6112
1542
-12232
4127
1024
-2286
-4052
-279
-10164
-3834
-7940
-4087
-4064
-8942
17420
8451
-19416
-3343
-6104
2304
-10208
11043
-11012
-9486
-17368
-540
-5068
4369
-2040
-3313
-12268
-6878
-17408
-4125
-14304
5427
-9192
5378
-2020
5042
-13304
3591
-2032
3582
-2004
-1762
2072
6389
-7940
-6384
-9208
1297
-13312
-5885
-1984
-6172
-11216
-8199
6184
2583
-2820
4147
-12284
-7176
-7152
-4617
-1016
-5133
-7088
-241
-8140
-5635
-8176
3058
-5100
1769
-16140
-1265
-8180
489
-3860
4631
-10216
1035
-4076
-1536
-3036
-5363
-2032
5664
-5072
-11785
-10208
5612
-980
-2297
-1796
-8676
-988
4080
-4080
1309
-9196
-3045
-10216
-4125
-1008
-5898
-2840
4884
-1996
-2564
-13292
755
-6136
2828
-7128
2796
-14292
12566
-7112
3798
-3060
-7165
-12044
-1262
-10236
8232
-12240
3083
-14292
6411
-11188
-9235
-3040
-1057
-9216
-778
-4064
-7655
52
4597
-1004
8472
-7156
-1039
-5052
2803
-14324
-3331
-6108
1263
-2024
-236
-5112
-3576
-4036
3088
-11232
6419
-16376
-4637
-2824
751
-10204
7927
-11260
3597
-9180
-3796
24
-7667
-1808
-5879
-13060
-5135
-4868
8163
-8132
-492
-9196
-3619
3084
5869
-14312
-786
3112
1788
-3844
5893
-9172
7449
-9200
-3827
-5112
6109
-5096
-264
3128
1518
-15352
-17932
-10216
-1500
-9168
230
-17360
-2301
-9160
4630
-2028
20466
1072
-487
-5908
-261
-14280
6119
-4084
4587
-7160
7126
12
-11261
-6112
-5398
-6120
-1773
-10208
770
-5096
749
-5088
-758
-7132
-4364
-7144
-2027
-6128
-3873
-8148
-1776
-10224
-772
-12260
-4104
-10188
-18160
-6092
-1282
8
-6169
-6096
5898
-5104
10988
-7124
-6937
-4876
-2585
6148
1305
-8144
283
-1972
6137
-14296
-252
-9200
-3562
-14296
7877
-13260
7424
-2048
-5115
-5088
5378
-8172
6911
6184
-1779
-7132
3566
-9188
7411
-5084
1000
-10228
1536
-5076
6941
-18392
-4625
-8128
2304
-3016
-4619
-4068
-5635
-3024
-1538
-10200
2029
-980
9978
-6104
-9991
0
5397
-17160
2847
-12264
5923
-9192
-2019
-13284
-8647
-776
3606
-7128
10495
-11264
5137
12
-5861
-5068
-2562
3120
-1813
-996
5664
4132
-8723
-6072
-7945
-5092
-7
-2032
-5607
-7124
1031
-7136
1789
-4044
-5346
-14272
-6928
-6128
-3866
-11028
-2571
-18372
3367
1092
6686
-7944
11507
-5084
-6640
-8188
-6885
-5084
297
-7144
743
1028
9462
-15312
-1021
-8164
14052
-17376
508
1056
-5612
-5080
-1525
-1988
9466
-11252
-4819
-8136
37
-5100
239
-4064
-5108
-11240
1252
-17336
-4068
5144
-7200
-8148
-7905
-2012
1298
-14096
-5888
-7124
-1276
-3060
-1514
-11220
6662
11312
-5924
-9180
456
-7144
-1038
-13300
-6935
-4056
-20483
-11248
11759
-9164
-2587
-13304
-7441
-5892
-17405
-8192
7146
-19452
-773
-972
-1568
-15336
-4080
-8172
-4098
-9168
-2057
-996
4863
-9204
4575
-9180
-4122
-980
7166
-9188
-2056
-8144
-11535
-4088
-3289
-10220
-12543
-4076
7935
-4884
7686
-11256
5398
-17380
-2331
19728
-6102
-13296
-1268
1248
6163
-6100
3340
-5116
-1516
1076
493
-9144
-22
-4096
6134
-4096
-4580
4120
1518
-2008
-2079
-5892
4621
-4060
-8415
-13280
5109
-4060
-4859
-4880
-6132
-11212
5370
-1016
7465
-5096
-517
-4084
-3101
-11248
4356
-7148
-3067
-8168
3130
-5104
-1039
-972
2073
-13300
-3347
2088
-3099
-11212
-9181
-4868
-312
-15336
-4073
-3052
4641
-5076
7177
-8164
-2286
-15348
-13308
-5056
758
28
2061
-5108
-3073
-17368
-240
-7092
-7899
4104
-7706
-12240
-3320
-10200
262
-5048
14888
-10228
-1030
-2044
8432
-9176
732
-10192
3362
-12280
4826
-14284
-2004
-11232
2284
-6112
3810
44
-4580
-7116
-4608
-14300
9218
-2032
-2799
-7132
-5622
-968
-5124
-10204
3822
-3024
1264
-16364
-2562
-6128
-1838
-2036
-45
-9192
777
-17324
-8147
-2012
3312
-10220
5385
-6916
-9458
-1000
5907
-18404
9235
16
-749
-8156
6921
-2820
-4075
-4088
-4083
-15348
5888
-1020
5399
0
-4899
-15332
6639
-9204
1299
-13276
-2801
-13276
-4847
-12268
3122
-3060
-1243
-2012
5573
-2032
-5900
-11208
-6167
-9184
281
-8172
-2330
-8164
-2809
3096
-3287
-3856
5103
-9212
4619
-13292
-5864
-2004
1274
-7140
3548
-1012
-745
-17376
1790
-4072
-994
-16320
-495
-10224
-5398
2080
-6650
-8140
-4881
-9200
-2784
-6112
6157
-12220
4595
-5892
5123
-5080
-9272
-3040
1778
-5084
5674
-12272
4581
-7940
4097
28
-731
-1000
11800
-13268
-5377
-6124
-1524
-3052
-3292
5160
-1283
-17356
-3873
-7128
10529
-976
-1031
-5060
-211
-13312
504
-17400
-2301
-5068
5080
-12280
-1005
-17384
2012
-5048
-269
-8964
-6394
40
6681
-10236
-8193
-7948
4816
-6136
-8688
-8176
5865
-15316
-6910
40
1806
-4044
4571
-7116
-4366
-11220
1272
-5088
-4072
-8152
-8449
-14276
-23
-8180
5138
-10204
-5383
-20468
-758
-22240
-7177
-6104
273
-2024
497
-11228
262
-13060
499
-10228
1284
-2016
-779
-10208
799
-9168
11034
-10228
4056
-4072
-14861
1056
2550
1092
4891
2060
7132
0
1264
-2824
802
-9192
3317
-20460
1042
-27384
2290
-12244
-5109
-13296
-12025
-12256
-797
-20464
-17406
-11212
1784
-15284
3059
-7120
-8215
-9192
-5372
-1004
1012
-14324
8172
-12236
1773
-10188
3313
-7104
-1773
-3032
9189
-984
-2043
-9184
2815
-10184
5387
-1796
-1565
-13268
-3549
-8136
8685
-12232
-3806
-5080
7649
-8964
-2312
-10224
9197
-7100
4342
-6124
-8951
-13272
-1813
-6124
5895
-11020
-2795
-11232
1517
-3028
467
-10192
6367
-9200
4598
-14320
7175
-11228
-9776
-4036
3317
-12240
-6381
-13296
1011
-5088
-5862
-9168
-1525
-6916
1794
-13252
-5596
-15316
4335
-10172
-1799
-8140
-251
-14280
4589
-13256
-6132
-20480
4867
-1980
4066
-7120
-14148
-16340
4840
-7164
-5339
-14332
8673
-9208
3081
-7944
-3044
-5076
2556
-13280
-2368
-6088
-2303
-13296
728
-7168
-1499
-17160
-2333
-10228
7933
-9216
-1552
-14292
5117
-8136
-1252
-2044
2288
-7952
11229
-16360
803
-10232
-996
-11224
-2839
-18376
-9972
-6124
2310
-6136
-37
-11200
3349
-19420
9969
-9204
-745
-15108
1002
-2000
-2826
-8176
-3039
-8164
2549
-4040
-4079
-8160
4875
-11016
1540
-10220
6703
-2008
-3842
-7160
9193
-6936
1270
-9180
-4085
-4912
-2050
-2028
6652
-8180
2292
-11240
2840
-2020
9508
-9140
2842
-11208
8441
-8144
-199
-1000
9468
-17360
-497
-15308
-24332
-14312
0
-25284
766
-4020
15069
-3060
7929
44
-1046
-10212
-5608
-11196
-2239
4164
-6920
52
-8694
-788
-6920
-14324
-1804
-6920
275
-4068
275
-6088
7707
-4044
-8190
-3848
6637
-16348
-3832
-14296
1526
2104
1258
-3044
-4365
-5080
-2573
-6108
3602
44
215
-9188
-6915
-13260
-8744
-11236
-5410
-2036
2053
-9156
1768
-6080
-4570
28
3055
-9156
6631
-7164
-4151
-5072
2826
-9188
-1519
-7144
518
-9172
-1027
-7144
5916
-7112
2310
-9180
-4832
-18392
3362
-3056
3583
-2000
-6920
-16368
4347
-5072
-13562
-7108
2796
-8184
-12556
-6104
273
-5084
481
-4048
6127
-796
-1762
-7156
-2310
-2012
5431
-20448
8960
-9140
-2535
-8148
-11517
-4044
5624
-9216
-1813
6172
-254
-9200
2051
-26312
2830
-13292
-250
-13260
-1766
32
5392
-13288
-1805
-9204
-4854
-8132
-2846
-6120
11272
-18384
-4118
-2008
-2053
-4072
8712
-8176
6156
-20452
11254
-4060
2554
-3060
8714
-7152
2299
-8120
3056
-8140
-8407
-7168
-2071
-12260
1534
1052
-2050
-9992
1015
-6096
-10008
-9172
-9721
1052
-2298
-9204
3071
-10216
7674
-16360
246
-19420
-4617
-2040
9460
-1996
5113
-10192
-2056
-3052
-5083
-3068
-5117
56
6913
-10240
-4609
16
-4635
4132
-13607
-9176
-7417
-10216
-4133
-14292
-7435
-15308
-5661
-18396
-1251
-2020
-1532
-8172
-5117
-7148
3620
-2008
6135
-9992
-4898
-14252
-6152
-16368
-4347
-4080
6654
-1012
-4594
-10188
-247
-11220
-2795
-10232
-4595
-11240
2528
-7128
-1563
-13308
-3331
-15336
-10993
-3052
2592
2080
5872
-7100
2533
-19424
5375
-8160
7152
-11232
-1550
-5068
-2038
-10200
-3349
72
-3826
-12276
-1030
-13252
2807
-8128
-2310
-4036
4340
-11208
4886
-6124
2300
-13264
8202
-5104
-252
-992
6409
32
520
8428
-7203
-16332
8988
-1984
2325
-11224
6130
-18360
-4108
-10212
-4347
3320
-2057
-8148
8972
-1004
-1252
-16380
744
-8148
-9697
-13272
1830
-7168
-4117
-5076
3356
-15332
6641
-11216
-1762
-3040
9714
-12252
-1761
-23256
-1296
-14328
1786
-11240
1303
-9192
13833
-3020
-14087
-3040
5630
-11256
-4098
-9176
3845
-5096
-3359
-9184
4365
1036
3309
-11236
8180
-4072
-1024
-780
-249
2264
3534
-7128
3074
2088
3338
-7152
-5877
1268
-6664
-6132
-7156
-12236
-1269
-11232
2282
3324
1564
-6100
274
-4092
-2057
-13292
4620
-10216
-7153
-17392
-5879
-7164
10237
48
771
-11228
3323
-14316
4117
-2848
-11260
-17400
-1544
-2004
1523
-5100
-1016
-7116
-5082
1040
2818
-8192
-7652
-2824
1834
-2820
2278
-992
5861
-4884
-4882
14360
-1284
-13244
8443
-8172
502
-5068
-2545
2068
2037
-5104
-3606
1036
-494
-9212
5383
-14312
8222
-7124
12794
-4096
1793
2088
2290
-11236
-3058
-16320
-3849
-4088
-3589
-13288
-4116
-5092
-13357
-10224
-4140
-15356
-6352
-7120
-4879
-13276
6652
-8152
-6909
-21464
-5898
-13276
-1767
-9992
1031
-13272
-5617
-20468
-4640
-15336
-741
-8160
-7900
-8168
2287
-17384
3830
-1012
-10055
-5088
-1021
-5116
-6916
4152
-4829
-10004
-790
-6132
-2583
-10216
6153
-13276
-1299
-2828
-777
-3048
-775
-6104
-257
2076
-3602
-12264
-6891
-2820
9728
-14316
-3030
-18352
1503
-9188
742
-10192
7504
-16332
-2288
-17332
-4885
-4060
745
-10208
-5892
-12280
1788
-19408
3820
-9200
794
-9216
-745
-6128
-12543
-7116
-7467
-18180
-2057
-9196
513
-2008
-1022
-4060
4872
-8148
-1759
-16304
6648
-5096
10492
-17392
-5185
-13248
2568
-17392
-2822
-3860
-10738
-8148
2544
-5060
993
-5076
-11775
-9144
3330
-16364
-4057
-5108
6920
-13300
7967
2060
2041
-1976
-4342
1060
7716
1040
1541
252
-2044
-4064
-4628
-3056
6152
-14320
-3825
-8124
3295
-7116
-3098
-5108
-9464
-8144
-4049
-10232
-4888
-9168
-4602
-12260
1528
-9168
3079
-4072
487
-15348
-234
-2020
-7423
-14320
-8234
-20440
-2549
-15344
-9969
-7140
-7
-12248
-2020
-9164
-2829
-4872
8
-14312
-9191
1076
-1286
-11244
-10716
-4048
9224
-22232
-6424
-11232
-5403
-10212
3568
-12240
-2282
-17376
-503
1064
-1284
-5068
-764
-8152
-505
-11252
-12544
-6144
4367
1056
-5379
-6112
4373
-8144
2049
-10208
4879
-7108
10004
-9136
-9002
1276
-483
-2036
-2589
-17364
-2278
-8128
-4899
-10216
-2329
-13268
-4812
4132
-5139
-18412
-777
-9180
1509
1040
2033
-10224
5649
-9204
502
-9172
-6687
-6112
-261
-15356
2080
-3036
9985
5128
3582
28
-7399
-5068
-5630
-2012
3062
-4076
3319
21532
-7673
-10204
2288
-19424
6661
-5052
-1016
-8164
4351
-19420
8692
-9160
5369
-1000
-4660
-12288
-5857
-16348
529
-988
10240
-11244
4372
-10216
2807
-10168
-2328
-7156
3057
-11216
-786
-14245
966
-10216
-5162
-12256
1781
-14288
-7422
-5052
-8734
-6128
5642
-20440
4638
-16348
-4114
-15300
-9475
-4048
-23
-2024
-5650
-9204
-770
-976
2822
-6108
-2020
-11228
-11022
-11216
5622
-20448
7692
-2028
-9215
-7128
9193
-7116
-4593
-4040
-7695
-12256
-3078
-8184
-12272
-3856
2281
-3040
7674
-9176
4348
-11212
-2356
-11212
-6383
-8176
2540
-12280
-4384
-14328
249
-3060
-4854
-7069
-3872
-9172
265
-3056
6612
-15324
4903
-11232
4842
-12244
4329
-3056
-6408
-10204
5615
-11228
778
-12284
1810
-4872
-3078
-6124
3581
-14284
-3863
-3028
295
1044
3861
-7124
-1534
-10228
7677
-10208
-506
-3040
-2341
-14316
-3379
-4040
-3048
-7128
5855
5136
7424
-10184
14596
-13304
3345
-10196
5628
-15312
1028
-5068
2299
-18396
-4852
-14100
6167
-13284
2332
-13312
-760
2092
1286
-10208
10265
-15108
-4864
-7152
-5645
-12228
4079
6184
1050
-4076
4634
-6120
9233
-11256
2052
-9192
746
-9212
2070
-6128
-504
-10196
-8719
-4088
5914
2076
-254
-6120
-28375
-9008
6652
-7168
5384
28
-2531
-7136
-2855
-7152
7946
-8192
-1748
-15304
7921
16
6667
-8964
-11007
-10240
-1009
-4872
-10731
-7160
7646
-8144
1531
-16336
-14866
6184
6636
-9164
-3059
-4872
7148
-2016
-11541
-19424
-3022
-9216
12029
-10184
3610
1064
3313
24
-4868
-16344
-8452
-10236
8470
1072
-3594
-21480
-3561
-992
4060
-3072
-5374
28
769
-1996
7940
-5092
5943
-5892
484
4108
3049
-3016
-3072
-13300
-4351
-5084
-6152
-7164
-8229
-4072
-7153
-6108
5875
-4040
-11725
2068
3818
-7144
1029
-4092
-6150
-11264
5386
-10224
-4623
-12268
-2837
-10240
-4354
-10220
279
-7944
-531
-11244
-486
-2032
6680
-7164
6430
-10240
-4078
0
-809
-6116
-5613
-8152
-4338
-17305
535
-12264
4074
-4064
4630
-9168
-1291
-2008
272
-2012
5673
-20228
-1804
-10232
3307
-4076
-5116
-12256
-7397
-8144
3079
-8184
-503
-7120
-3331
3120
3620
-772
747
-5096
-781
1080
-5665
-13280
-764
-9176
4097
24
2339
2060
2804
-1000
-3645
-2004
-4612
-7940
-2069
-3020
-2020
-15288
2320
1048
13304
-11244
5673
8
9458
-1012
-6658
-8172
2365
64
-4354
-5100
-6406
-2028
8217
-4080
-6917
3076
3070
-10188
-3099
-8148
1282
-14276
13071
-3028
-8181
-7140
-5391
-11232
-8946
-13292
2529
-1008
-493
-7140
-7418
-10192
-2819
-11228
7691
2064
3121
-5084
734
-7104
2318
6235
10495
-18360
-4890
-15316
3578
-7120
1781
-10232
-5907
-3072
-1285
-14336
-293
-2024
5111
3080
502
5180
3065
-14312
-3311
-12276
7717
-7148
1565
-4088
-2306
-5112
-16656
-4060
-4578
-6136
-2829
-6104
-4095
-4876
4575
-18392
4870
-6924
-4409
-11244
-5373
-15108
-764
-10212
1797
-8152
6652
-3016
-1291
-3028
-9736
-10240
-3848
6184
-1532
-976
792
-7120
-2035
-12236
5880
-7148
4602
1060
228
-6072
2597
-3064
12302
-12256
4879
-6116
10519
-11228
3321
5368
-1777
-9140
3294
-4068
-1823
-5112
-1525
-9180
-2802
-6108
2322
-2016
509
-7160
5136
-10192
6694
-4084
-2292
-4080
1768
-11212
280
2076
-1526
-3072
-304
-11224
3857
-1016
-1271
-6108
15850
-8148
-5129
-8152
-6377
1056
-6131
-5112
-3347
-2004
4618
-16136
-2575
-10200
-7653
-5064
-11032
-22236
-4325
-980
-2067
-5912
3848
-14288
3310
-3044
-2540
-12272
787
1060
5614
-8144
-7697
2300
7455
64
-243
-9212
1820
-3040
-7176
-7164
1289
3128
1521
-11256
-2846
-15340
-1510
-6124
2535
-2024
3611
-7136
1008
-7168
766
-11236
3081
-10208
-792
-5108
2020
-6916
4581
-10196
6432
-6132
277
-10204
-5626
-11240
-269
-3044
4860
6148
-234
-17392
-1802
-14272
-4124
5164
2567
-15336
8186
-15324
-1800
-14328
-3308
-13284
19267
-4060
1805
-980
525
-13276
-5370
-3020
16
-996
-2055
-16332
-2545
-15292
-258
-4076
-11285
-10224
-1019
-15348
-9
-12256
8701
-10168
-3352
-19216
-5592
-2008
7946
-9160
-2609
-11248
-2071
-11220
-790
-4044
-8682
-9168
7455
-21472
-7432
-17336
1043
-6116
7655
-13244
-1789
252
3121
-6128
-3566
-9172
1020
1072
8175
-10188
1287
-14304
-2574
-10196
9200
-9184
-31
-15356
-1055
-8140
-532
-10216
4337
-13268
-11301
-17172
-7404
-5084
3054
-13312
-4599
-2024
-1541
-3068
1039
-8176
-5625
-5092
-2039
-2020
2033
-7136
9490
-7152
742
-6100
-800
-18380
2069
-4040
-12298
-7148
-9467
-8172
-2817
-5092
-4075
-9196
-774
-12232
1537
-1996
-2530
-9192
-1798
-4092
6648
-3052
-7176
-18412
-5391
236
-6157
-7100
4334
-6144
1283
-9212
781
-12276
-7657
-11240
2040
-10212
4345
-9160
-14042
-4068
-261
-7148
3068
-9172
-6137
4132
2307
-3024
756
-11252
-3302
-1000
-526
-16372
-3127
-9184
2025
-6104
6931
-12256
-2055
-9144
1835
-9200
-257
-4088
-239
-10240
-3588
-20464
242
-15344
510
-9188
-1538
-12240
-5909
-8120
2565
-4068
-2810
4132
6150
-10196
-1795
-10200
5367
-17356
2308
-5092
-28
-6072
-1280
-1796
1516
60
4629
-15300
256
-5076
-19266
-15340
-5370
-9168
-10747
-2020
-1795
-3028
-7411
-20460
-9519
-7156
2286
-19456
-6693
-12248
3851
-9164
6644
-14304
-4608
-11248
-502
4
4604
10288
8955
-9992
-8739
-19436
-4580
1044
-1261
-6108
-22
-9129
-6184
-8184
-3102
-13064
3323
-11208
7189
-992
-2551
-2024
4872
-3856
2051
-4880
4878
-11232
-3588
-11224
2525
-17160
-4891
-9996
4120
-8156
-3329
-9196
-1036
-2028
4094
-9180
-4304
-9192
2050
-8984
5637
-7148
2808
1052
-2585
-13300
-8967
-6116
6391
-12244
12816
-10188
3878
-8164
4106
-20416
2292
-10216
-9216
-6100
6189
52
4
-6144
1535
-6076
-2566
-7160
-2282
-4048
-5924
-14316
-270
-9188
756
-6088
4844
-17376
-2545
-11240
5393
-13300
-4850
-10192
2554
-11208
-2296
-15296
1517
-4868
-2287
-21476
-2802
5168
-7193
-4052
-10456
-12240
3084
-8168
5386
-12244
1011
-2004
-9242
-9196
-8204
-14088
1812
-5080
-6153
-12272
-9744
-10224
2270
-19404
6931
-12040
-13842
-2032
-1311
-9176
2292
-15308
-4354
-16372
1308
-12268
-4334
1084
4124
-14304
-5137
-7136
3112
-6108
-576
-11192
-4642
-10216
-1785
-7152
10456
-11204
-7421
-5892
262
-2832
3056
-2000
-11802
-4876
6882
-7120
-5124
2116
-4592
-15324
7928
-6045
2300
-11220
-5861
6148
9230
-8188
5
-9180
4376
-18180
-9447
-5080
4072
-14100
-4853
-18412
1547
52
1756
-5108
-6156
-11196
-1249
-12260
748
-13072
-2045
-17356
-10527
-17372
-3587
-12252
-3308
-16352
-10003
-8164
4599
-3000
1002
2072
-7177
-9172
-3826
-4068
-4602
-5056
-7679
-9156
7425
-9996
3336
-12272
-1256
-11220
2532
-12052
1780
-21492
1004
-1016
-2553
-3072
7236
-10156
-12789
-3036
7665
-6100
-5122
-13308
-262
-4036
-1263
-14292
-5386
1052
-7680
-21444
4076
-8188
8968
-9200
-7415
-10232
3843
-1016
-1007
-8140
-13553
-11216
2836
-11224
-3830
-10196
-8939
-9192
13298
2060
10005
-772
-6869
-3072
-3305
44
-5140
-8188
-4109
-7128
-3582
-4080
-4590
-11240
5369
-16356
789
-3072
-239
-10204
251
-10228
4855
-15324
-9460
-8180
-3316
-17352
-2544
-6124
-277
-5096
6131
-5040
6929
-10220
4850
-10180
-2360
-3052
-9491
-6092
-1801
-3012
-7443
-8168
-9176
-2024
-8202
-10228
-803
-8172
7455
-1796
-3323
-11236
4875
-4068
2046
-12268
-1004
-8168
4131
-14328
-1556
-7120
1512
-12056
-2321
-13260
9194
-9144
-7432
-9172
1051
-15308
-6662
-6136
6129
-12216
-6377
-7132
-6414
-14308
-4643
-6080
-1544
-26281
10964
-12260
-745
-6104
-2301
-14332
1277
-10240
3337
-23248
-4110
-9988
1529
-14304
-7661
-21460
6918
-11256
-1266
-772
4105
-3032
-2319
-12248
3845
-992
14045
-4092
-4634
52
5123
-6120
7161
1064
-10751
-5104
-3857
-980
-3052
-4868
6653
-10220
7702
-10208
-4069
-13240
7430
-7120
4338
-4064
10482
5168
10231
-16340
3304
-6088
11003
-4892
9713
-3024
-5371
-7164
1302
-14280
-4355
-11232
5898
-11232
-1508
2084
-2563
-788
-5096
-9200
4323
-9188
-5384
-9196
-4130
-1004
-5368
-12268
6928
-9988
7957
1056
-5352
-7096
-7415
-9192
-1015
-3004
-1552
-4060
-5381
-3024
-551
-10172
8213
-7168
-9983
-2016
-1803
1036
5911
-4868
-1278
-15312
1812
-18416
6615
-12244
-4855
-4092
-2540
-13268
507
-4028
-8446
-8172
22
-13292
-2326
-8160
-4560
-6120
2283
-10224
-1029
-14260
2541
-9160
4071
-10180
-3073
-13244
-1004
-5896
4093
-21496
487
-12208
1251
-3052
2050
-9204
-785
-10204
-10239
3112
-1529
-6108
4365
-11236
-10258
2112
2323
-3004
4357
-6112
8448
-8164
-5639
-925
4342
-984
-3827
-16324
7963
-2004
2280
-11232
6143
-988
-1041
-7132
1770
-8128
5
-7088
-3832
-9996
-2075
-3032
-5884
-9204
3774
20
-771
-5100
-2294
-4096
3844
-7108
-7429
-11260
-2314
-996
4894
-10236
1343
-12232
6912
-15340
7145
-11236
38
-8180
-10750
-6920
2031
-13300
-2036
-7108
-4858
-19444
2038
-4056
-793
-11248
-3084
10260
-3320
-8132
-7656
-8136
3856
-8136
7699
-9200
-1026
-7140
-2276
-9996
3593
-9208
-5654
-4060
10728
-22256
-511
-6100
-6889
-22208
-15
-16364
-2865
-21480
495
-13072
-4364
-4088
-9220
-1980
-300
-8188
2324
-10156
-1504
-6120
-7139
-16356
469
-2036
9982
-11204
-8991
-992
-5356
-2008
5124
-1996
-4336
-988
5401
-8160
7413
-7148
1785
95
4094
-13264
4089
-22020
-1535
-12272
8214
-5060
-6386
-10184
6898
-2840
-8690
-10216
7932
-15312
-4333
-3048
1014
-14316
-2327
-10236
-5663
-11240
-503
-8180
6165
-5116
-3605
-9188
8209
-10216
1264
-1004
2851
-5120
1063
-16324
-1295
-7112
-2811
-7140
8450
-7152
-7143
-3032
-11291
-6104
4350
-8188
5612
-11260
7968
-7156
1506
-956
8191
-5892
6653
-12248
6388
-5896
-7951
-9988
7426
-10216
-1537
-13284
-8978
-7144
3061
-11012
-8954
-22208
4
-7148
-2320
-11220
2815
-7148
-3302
-11256
2035
-11224
-1032
-11248
10248
-13296
2062
-11240
1054
-4084
4064
-10196
1798
-3016
-2328
-8180
-6164
-13268
-4583
-8132
7661
-19384
-1259
-19440
4353
-3048
-1280
28
-1034
-15332
-8958
-3072
4101
-12048
-3830
-14316
-3068
-4048
-250
-10216
5114
-3856
9471
-5108
-2316
4124
4108
-3056
-481
-8148
-2078
-13256
7957
5140
-4043
-10172
-1293
-9172
-5122
-3032
-774
-15348
3575
-9200
3282
4164
-3095
-6108
-1305
-2032
-1011
1260
1019
-13292
-9214
-5108
-1277
-4072
1271
-13292
-518
-8116
-212
-3044
-6667
-7120
7435
-5068
-5374
-4036
4855
-996
3648
-3004
8200
-7940
-1532
-12248
4878
-8136
-4072
-6080
15601
-14312
2019
-10176
-2311
-2008
1237
12
-4080
-6120
-1268
-7148
5162
-7168
-3319
-4052
-2309
-8192
-3837
-13288
4622
-12252
4382
4
7919
-8168
-3576
-7128
-6638
-980
-4379
-12224
1791
-5092
-5601
-3040
2556
-3016
479
-13276
6141
-7112
-2065
-8144
9707
-13296
-8679
-6128
1022
-7148
4092
-16372
10786
6184
5103
-15108
3868
-7128
-5636
-10204
-2805
-1976
1279
-6108
2090
3112
-7938
3312
4637
-16372
9966
-18424
-11021
32
-8688
-10208
4613
-2024
1043
-5088
1022
-3060
-2289
-6916
5128
-1976
2807
-4056
6938
-7116
-221
-16356
1500
-7144
4346
-10208
-1516
-11236
-4842
-5072
-5413
-6124
3362
-9196
210
-4056
6438
-5068
-10623
-13268
3068
-8172
-4609
-10232
5128
-6144
7928
-4072
-19
-6128
5090
-14300
-513
1044
-5909
-9188
-4361
-14336
-5089
-988
1793
-5096
-4588
-21500
-4087
-16348
-775
-3000
-492
-5096
6913
4348
1801
-12268
1532
-5896
-263
-5892
5112
-8144
-482
-20476
17375
-6128
2768
4160
-10230
-1000
-4400
3080
2574
-9180
9734
5148
-5609
-7156
9995
-10204
3608
-6120
10514
-7164
5388
-7144
4130
-2012
-3812
1256
-5409
-8972
1542
-8188
2589
-1804
-2576
-7152
-1053
-7944
-1747
-9168
-4633
-7144
-20274
-976
3586
-20432
-10239
-6120
2774
-9184
-5120
20
15437
-16340
-5378
-996
-525
-21456
-2336
-11240
5366
-9204
-3072
-11256
8949
-11248
7183
-4012
734
-7168
5356
-7152
1275
-1812
-9215
-7164
2799
-4072
-3084
1024
6373
-13240
5381
-15332
-1293
-7116
-3065
-5088
8197
56
3324
-15328
-1537
-14320
8708
-4080
4869
-3056
5147
-6132
10205
-18428
1568
-3044
7705
-20440
1768
-4076
770
-19408
2803
-16328
1268
-968
-4827
-14324
-6636
1072
-4084
-984
-3051
-4076
1580
-10224
3307
-9184
2320
-22020
6405
4104
-3084
-9152
-13057
1028
-4335
-10184
-1539
-16336
2302
-12208
10232
-14320
-1799
-2824
3052
-11260
-1566
3092
8708
-14316
-10730
-9188
-1260
-2024
3055
-12268
-8955
-2024
2832
-7124
-1768
-3024
6926
24
-38
2300
2052
-8172
-12806
2096
996
-6132
2537
-3052
2049
-13252
271
-8144
-3551
-4072
478
-13268
-1539
-5100
-2570
-10216
-2330
40
-7160
-7136
-4622
-9988
-5115
-960
6686
-4096
-760
-10168
2557
-9172
-3356
-3060
-3326
-10196
3103
-8176
10741
-6064
-2298
-7108
-2814
-11032
7934
-11216
2048
-18408
-4567
-14296
-11005
-14316
-3310
-1976
3588
-11240
-12856
-13288
1755
-7144
-6397
4
-2811
-16372
5901
-968
1536
-20456
8709
2076
-4078
-17404
6651
-17396
-7183
-13280
-4358
-7168
-3072
-7128
8436
-2024
-1023
-11260
-517
1044
-5118
5140
3870
-11260
800
-5096
5629
-6112
-2308
-4052
6152
-11232
8405
-6108
3379
-10212
6652
-9180
2560
-21500
-780
-5100
3130
-6080
-8432
-784
-5346
-9216
-7422
-11248
-3855
-13264
2
-12240
5614
-2012
-5378
3112
2306
-7132
-4133
-14288
-4106
-16136
2034
-9152
11252
-13288
-6644
-11032
2551
-17364
-13572
-968
-7151
-13264
-2071
-6132
-9719
-11028
7675
-16376
259
-14276
-7167
-10224
-7153
-10184
7713
-976
-5377
-3056
9191
1100
1038
-10204
5634
-5120
551
-16340
-2047
-7144
4592
-6120
40
-16368
-287
-5108
-6383
-12248
756
-7128
9009
-12244
-1530
-8140
4598
-6108
6382
-12248
245
-5084
-6669
-4084
-2833
-1000
-764
-10180
1806
-972
-12825
-10216
-5404
-15332
-13296
-7140
8196
-7112
3606
-12260
4088
-13276
3298
-7160
2800
-6080
3601
-15332
-19766
-6120
-5905
-3056
6407
-14312
-5875
-7956
7947
-16336
-3594
-6072
-3295
-2848
7419
-11244
2568
-7096
8393
-1816
1336
-12040
-2058
-4064
9962
-3064
9734
-13268
-7460
3132
3822
-11192
-1
-10228
-233
-6068
-12538
-12276
-1788
-11192
-3580
-7152
497
-6140
-1524
-2996
-1574
4172
-3850
5164
-543
-980
-791
3128
258
-1024
-2032
-12260
1285
-5076
-239
-10160
3562
-2044
-3086
-4064
8681
-10232
-3854
2072
2859
-7120
7935
-11240
6402
-7136
-6636
-3040
6162
-2824
3839
-15340
-3335
-2044
2063
-10220
14304
