228
14067
-12288
5418
-11248
-7402
-6092
5401
-12268
-4109
-18184
-2825
-19448
-5889
7192
6385
6392
3858
-7112
-4875
-13296
-1586
-10204
-7984
-8188
3573
-16336
6692
-15316
1019
-3028
1033
-15288
5858
-4096
-9454
-5088
8415
-19404
4874
-9196
2816
-3064
-6877
-7136
8
-2036
-3334
-9996
3288
1040
-3369
-11216
-8162
-13264
4824
-5068
-2527
-3052
7698
-7168
3060
28
10758
8220
-3518
-4072
-1788
-6057
-270
-6100
6371
36
3090
1048
5131
-1004
3830
-14288
3323
-7148
-6368
-6096
-213
-8168
12288
-4904
-2328
-4076
4332
248
-5381
-6076
-5916
52
-2511
-3016
-7457
-8156
-5617
-8144
537
5168
-7916
-2004
-2795
-5080
3812
-7140
-2071
-10172
-6623
4132
-5930
-23000
-5126
-3056
4861
-2040
10767
-8136
-765
2108
6633
-976
-6132
-18396
-1499
-9992
2324
-8184
-5627
-5104
8676
-8168
-15394
-9192
12060
-6940
7157
-8152
8749
-7148
8465
-2032
3087
-8164
-6944
-5104
771
9296
-489
-10232
-8224
-11204
1291
-3036
2018
-6104
-5633
-11236
-5083
-9172
2003
-10176
-7696
-10208
3066
-8152
5384
-3072
1536
-11228
-1042
-6108
-4109
48
2566
-7984
-12512
-5892
-1043
-9212
8440
-3072
-7936
-12284
-13093
3104
10807
-9156
7945
-10196
-11540
-9204
-9211
-10220
7936
-9196
3859
-1996
-5610
-5112
-1836
-1012
2831
60
-5
-6132
1250
-4088
-2795
-2024
-750
64
-3056
-13308
-3859
-3048
-3364
-6116
3094
-10216
-2814
-15296
-4077
-10220
-9712
3116
788
2116
2305
-6108
-2053
-9200
-263
-2024
7188
-4048
-519
-6116
2050
-7168
-1022
1032
-1515
-7128
-472
-992
2808
-8136
-545
-7144
-5875
-14328
4616
-8148
2021
-10212
12016
-9172
4085
-6104
-274
-6128
-3556
-15300
1528
-7132
10737
60
26
6216
-5338
-5104
3323
-8172
-4601
-30944
3556
-12240
-993
-24292
8946
-11244
11275
252
-533
56
-16907
-5928
9441
-10212
-9729
-1008
-2314
-7112
-6435
-10232
4092
-6128
-1028
-9184
-6142
-7128
4316
-3056
-5383
-988
4618
-15304
9949
-13284
-1296
-4068
-1007
-17360
-5131
-6104
11542
-3036
2580
-9152
3535
-7144
-1281
-8116
8959
-14276
6139
-7144
-6681
-7132
-1538
-10220
-4856
-13292
-17457
-5096
9228
-16372
514
-8164
2552
-16380
-6662
-17160
3840
-8152
8963
-10176
-4342
-12280
-251
-3048
-1526
-15332
7159
-2044
-3595
-7124
3332
232
-1799
-5096
3581
-13288
-2566
-4060
-1030
-6108
2300
-12224
-3856
-10200
8724
-7132
-7453
-4032
-5384
-6120
258
-12268
776
-5084
8436
-6124
-4608
-3052
-1273
-6124
2309
-7164
-9457
-12204
10757
-5104
4077
-12288
3861
-6124
-8217
-13268
-797
-6140
4366
-3048
17
-7160
4868
2060
7180
-3048
-6147
3100
4600
5152
-8432
-6128
-3059
-5116
1273
3104
8698
-15348
-2070
-6088
7920
-2020
-5378
-13296
7411
-5084
1035
-21460
-756
-1800
766
-4072
-5666
-9208
-2823
-6104
6385
-3052
-3080
-11216
-3570
-14320
13591
-6128
3584
-8156
9203
-3024
-14344
-7168
6456
-13276
5626
-9192
5370
-10232
762
-7132
-9230
-3032
8495
-7124
28
-7948
6908
-17392
9958
-7116
-1531
-9200
-4645
-12228
1534
-15340
9983
-5080
-1811
-9172
-2289
5128
5117
1056
-6379
3092
9198
-14316
2860
-7132
-3621
-6928
1048
-9176
-7689
-10000
-8940
-2008
-7936
-10236
13328
-5072
-1266
-4096
13092
-9176
2310
-8140
5356
-10224
4350
-11236
-738
-13256
7945
-13268
-1775
20
10503
-9988
1791
-7944
-6415
-11244
-11546
-16332
-4373
-11232
-6679
-7140
10458
-17360
-6669
1036
484
-6124
2534
-14292
-2799
-17336
16403
-11192
-3827
-16364
5643
-8192
-10736
-1992
-3339
-8168
-3807
-3024
-3345
-8188
-6152
-15356
5629
-7132
-7687
-20412
-251
-1012
1796
-11020
10012
-2028
-4621
-6976
7910
-12272
-2076
-4060
496
-4072
2287
-3060
3579
-3060
-10773
-13260
10
-13221
-1521
-7148
-4819
-9200
250
-1012
-741
-8136
-1568
-5096
2308
-10184
-5392
-9172
3842
-29392
-4365
-9184
517
-13068
1539
-4872
-951
-8176
-3349
-15360
5898
-2016
4847
-7136
-2805
-9168
-2307
-5092
-4587
4132
-3587
-12240
5098
-14312
-2030
-8176
-2580
-5104
11235
-9992
1008
2068
504
-12288
-4882
-5080
-7704
-9200
-4642
-2820
-302
-18388
-1550
-6100
-3599
-13300
-5108
-14260
5124
-8180
-4590
5136
-2267
-2012
3060
-8148
-2288
-11236
5647
-11016
-1255
-11236
9741
236
-8932
-976
-4132
-19396
-790
-11248
7192
-13264
6638
-9172
-6911
-12260
-6402
-11232
-2570
-13092
2021
-14316
-1542
-1996
3599
-4064
-5624
-8968
7662
-11220
-6876
-8176
-2052
-9996
5108
-11024
-13047
2076
-6666
-11224
-6135
-7164
1756
-10016
-5405
-7160
-3580
-7132
5351
-776
-6422
-8180
-18695
-6112
-1035
-13276
-7112
8196
7931
-3028
-10225
-6064
-2824
-6120
-5882
-12248
-243
-7168
1037
-6916
-12283
-1000
5134
11276
-5640
-10192
2547
-11232
-4891
-2004
1538
64
-271
1072
2060
-18404
-783
-11220
-4597
-5104
6164
-6132
2299
-3052
3105
-7160
-1551
-18412
2806
-15356
-4600
-4096
-3062
-13300
-2830
-14308
2573
-2020
8455
-3016
5164
-2016
1516
-7136
-986
-6096
-2807
-15356
4586
-12236
8169
-5096
-5635
-14300
516
-12228
9971
-5116
3595
-6108
3038
-15340
7181
-7112
4596
-15352
-12814
-12240
3082
-3012
-9193
-4072
9484
-17384
1545
52
2800
-15304
-5115
-6916
-224
-8120
-4107
-25344
-2091
-2008
4347
-11256
811
4104
-6657
-988
-9748
-9176
4851
-3032
4855
-20448
1541
-6136
3304
-4868
-8452
-6144
-7675
-13268
3580
-4068
-3606
4128
1021
-15340
14097
-8164
-1543
-9212
12754
-4064
-9990
-13296
4086
-11216
4350
44
3333
-1008
4869
-7108
-6650
-11244
4637
-14124
1745
-780
4355
-10212
-2061
-10196
-3098
12
-6148
-12240
-234
-12236
-3306
-10000
1006
-14272
-547
-6928
249
-10228
-519
-5092
-8450
-10168
-3596
-3032
1779
-7124
-1782
-15340
-8445
-8140
-5879
-21456
13074
-6144
-3588
-12284
1519
-6136
2585
-3040
4585
-5112
747
-5080
-2823
-12276
1526
-15348
-8914
-3844
8198
-7132
548
-2008
-7158
-19456
7404
-7152
545
-6112
-3319
-8144
-3821
-8188
-1059
-2000
-2049
-4072
7975
-960
4837
-5088
-4120
-4048
-8492
-2028
5418
-8184
-2539
-7136
-793
-8980
9752
40
4084
-6120
4617
-1008
-7673
-18400
8479
-4040
10266
3100
5913
-8136
-4636
-12240
-2798
-3068
-766
-2016
6102
-9188
-3077
-992
17
80
-2009
-4096
3355
-6096
4879
-11016
-2582
-14284
-5144
-6124
-2542
-2828
14841
-964
-3824
1024
8930
-5896
-3812
-8164
-2800
-11240
-452
-980
-6912
-13248
-753
-13225
-1
-5116
-28
-1988
-6639
-14304
10730
-13060
2588
2060
6664
3092
-9196
-22024
3064
-6132
-789
-2000
-4662
-9208
2832
-22212
-1010
-3048
-5112
-6144
-3105
-3060
3817
-3052
-5634
-984
-4863
16
4357
-3072
-3829
-7136
3068
-6116
10801
-5096
6117
-11228
10257
-5092
10000
4
8178
-6120
-6142
-3072
1295
-9176
-4347
-7081
1267
-16132
-760
-10212
5644
248
6641
-7100
-3605
-15120
-6637
-13288
-5627
-7160
4594
-12272
-3574
-19404
9218
-16140
-9757
-3024
-3289
-996
5644
-15324
-3824
-8152
2563
-12276
7686
-1024
-3026
-7116
-9753
-14300
9458
-4036
-1772
28
7175
-780
-2549
5140
-749
-2024
10242
-6060
-14
-5112
-6401
-11236
-1793
3076
-5133
-4876
266
-8176
-2586
-10012
3854
-18420
-16979
-15324
-10213
-5060
-10731
-10224
-492
-6136
-4359
-8128
-1030
-14300
4355
-2024
2088
-8144
1066
-6100
-5424
-9196
-2529
-8140
4
3104
6411
-3036
1068
-8156
3054
-1024
3337
-16368
5647
5128
7663
9232
-2316
-12260
4318
-17380
-1788
-4088
-9984
-8164
755
-8168
2299
-15108
2561
-9125
-1760
5180
-6138
3132
2584
-8168
5129
-9184
2601
-10172
-4375
-12276
504
-996
-4874
-9196
776
-15344
5621
-11228
1031
5168
1264
-7136
-8176
-2000
-5396
-10228
-3083
-8172
-10528
-8164
5150
-5116
-6683
-14316
6421
-13288
2558
-15336
2797
-4056
-7401
5156
-8962
-3040
19
3100
-1508
-8148
-540
-11196
-2583
52
-1528
-1016
2561
-1945
-4597
-12256
1299
-2840
-3585
-6112
-4879
-11216
-3051
0
-13307
-3056
9244
2108
-4397
-9996
-267
-8148
8449
-4060
3597
-11224
3090
36
-6409
-3056
3595
-6088
-2032
-4088
518
-18396
2054
-17356
-2283
-5120
2542
-5080
-13
-16336
2838
-10224
7694
-5072
-11241
8
-6879
5128
719
1052
1273
1068
-6896
-4056
-10
28
-8212
-5896
-12787
-8168
16181
-13276
-765
-8172
7430
-5084
5118
-12036
3119
-5064
-6898
-4024
-1067
-20412
-3584
3124
-3131
28
-8209
-5056
-535
-6132
-1790
-10228
-5671
-10236
786
40
4879
-10228
773
-11264
-800
4128
-494
-2024
3835
-3032
-1823
-4068
-8188
-2044
-10238
-10220
7126
-11224
-4358
-9180
-5603
-4068
11248
1048
-239
-7144
788
-4084
2271
-10224
6409
4132
3319
-3032
-14599
1052
-3555
-5088
-7941
-8964
3346
-3844
6364
-7132
3825
-4064
-3799
-9172
-7215
-10220
-269
-7168
7960
-14260
-497
-11232
4597
10308
6137
-6096
-5647
-7140
-3856
-4868
6370
-8156
4049
-2028
-4906
-6108
-5125
-8160
1294
-8192
7170
-4096
-6911
-4060
-12005
-11224
10479
12
-3093
1256
2572
-10236
10489
-6140
7193
-11220
2823
-6124
-3075
-996
-5905
-8164
-2321
1272
4587
3104
-3058
-12256
3550
-9160
1823
-2004
4395
-14084
-1312
-11244
-1533
-1016
4113
48
-6893
12328
-6143
-14316
-8443
-11252
-9246
-10220
-5132
-21488
-5123
9224
-2078
-7124
-2798
-8192
216
-15308
-2830
-8148
-8682
-6112
-1259
-8176
2280
-10184
-3848
-11208
-2829
-10176
-10777
-8176
-1787
-12284
3081
-2024
6406
-12264
-8179
-6088
3335
-10180
-3313
-10160
3561
-10220
5370
-13260
-8741
-12036
-9954
-11244
-10191
-7136
4080
-6080
-7934
-11240
249
3116
-4363
-10232
-11526
-2032
4379
-9188
7409
-18416
-7410
0
-1588
-6108
-4586
-12256
-6433
-11012
3368
-16364
741
-1804
-8200
5156
-42
-11220
-2339
-14328
-7672
-7960
-797
-14308
514
-5076
-227
-6100
3589
-6116
-14079
-12276
1823
1092
-4117
-24276
3100
-3844
9463
-16328
2075
-9192
-11
-8176
766
-7956
-1296
-4016
-4592
-8172
-3871
-2032
-4620
-8128
7170
-6100
2312
-5048
4862
-5092
11242
-14276
-985
-7128
-7176
-9132
3833
-6088
-291
3144
-541
-6104
2571
-9176
-5387
-2036
1262
3104
-6147
-11220
3823
-2044
-2604
-6128
-3552
-8184
2273
-10200
8726
-11220
5649
-1012
-5405
-8152
8416
-1008
-2825
-984
2302
-14300
3874
-14268
-1771
-11220
-1772
-7940
-2314
0
1253
-6920
5365
-7944
1783
-12280
3565
-6928
-5633
-14332
-7117
-2824
10511
-9156
2075
-3052
-1548
-6124
-4828
-12260
2300
-992
4089
-5080
-224
-7128
3348
-6120
266
-2992
738
-16340
775
-9988
-3597
-13272
-2814
-7140
-4333
-984
-4080
-13248
-4369
-14304
4856
-992
-4863
-16368
-2306
-2016
-9996
-12272
9485
-14300
5891
-10204
-251
-6120
18151
-11236
8432
-7164
-11556
-14316
9495
-4040
519
-7952
6131
-9212
-1800
-3036
-2050
-7104
2053
-21264
-11787
-6116
-10495
-2028
-2088
-16304
-11003
-14332
8455
-11236
-2561
-11216
-2037
-9168
1281
-5068
-4867
-10232
7190
-5080
-1817
-9160
-2049
-7120
775
-15308
-250
-10224
1026
-4052
-3047
-5100
-1799
-4068
2278
-10192
32
-7136
7394
-2004
-5876
-10192
-2822
-9176
2281
-2824
-1258
-12252
10195
-9184
6688
1268
3580
-10200
7440
-12268
3842
-5072
-5113
-9168
-261
2060
-6642
-4036
2034
-10228
5635
-8140
3835
-10200
-14847
-19428
3804
-9200
516
-6096
-1527
-4068
10258
1068
-1257
-9988
1505
-5108
-2545
-9168
2539
-984
-1516
-8172
-6419
-12264
989
-14320
-1518
-8180
4334
-4072
2304
-9140
10439
-5892
2046
-15356
6375
-976
16905
-9180
12031
-5092
-5395
-8128
8718
-13276
-1572
-11252
-12787
-6092
-6366
-14084
7916
-5112
1039
2064
14063
-9208
-6185
-9168
-1784
-3072
-1785
-7132
3570
-11236
5680
-17384
6387
-4044
-6653
-4064
6910
-14320
266
4132
-502
-6112
-3361
-5116
-297
-4092
-2800
-980
-1016
-992
-13041
-11256
3635
-4048
4849
-3032
242
-9212
1809
-16348
7175
-10228
6907
1276
-2027
-19424
-294
4108
1
-11212
4355
-12036
1543
-6932
-1784
-12284
1041
-8176
-522
-9164
4621
-21252
-4868
-9176
1030
-7940
3612
2104
-3837
-13072
-2302
-8188
-1036
-14324
4074
-8160
8208
-10200
-1812
-11240
-2837
-7160
-2574
-14320
-5095
-17340
9228
-9129
-5126
-6100
10738
-9192
-11013
-5104
-3561
2060
-6187
-19436
-1806
-13312
478
-14272
10780
-1020
-5877
-11220
-8946
-5892
-3576
-15124
765
-4064
2296
-7156
3322
-9152
2851
-16348
-7160
-7116
6383
-11040
-2559
-10236
1001
-5064
-7100
1028
-3573
-988
3586
-14304
5693
-956
7665
-6092
5670
-8132
-1027
-10236
-2776
-3032
-5626
-14268
5363
-18408
-1553
6152
5128
-11224
-3324
-5892
-2319
1024
3858
-5900
-2044
-9160
8688
-14328
5134
-17372
17
7180
10730
-16328
986
-7096
-2812
-1004
10999
240
-4598
-7152
13040
-13284
271
-5080
2036
-3040
-3311
-11248
-8930
2068
1014
-18424
784
2072
789
-13268
-3079
-15128
7439
-1000
8180
-8176
750
-9200
-740
-23256
2063
-18412
-5326
7420
12272
-10204
5123
-7120
2819
-10208
513
-17176
3060
-12280
771
2088
731
-12260
2295
-9212
-6647
-12268
8169
-7112
12
64
-1023
-14304
-4364
-11028
-5645
1076
-1015
-12272
-3089
-10212
9212
-8140
1800
-12244
2046
-6124
3081
-9168
-735
-12248
4066
-9168
-3543
-5892
2553
-4096
3100
-11240
-1260
-11228
-3348
-980
-11483
-6120
9437
-13268
-8734
-13308
1800
1096
-5611
-11236
1307
-5088
4088
-14304
-9
-4084
1552
-6088
2075
-11236
3067
-7144
-1499
-11240
-3572
-1004
3595
-12256
5879
-12256
-3846
-15312
-3549
-2032
3618
-15336
510
-21460
-4628
-10196
-13025
-12232
5887
5160
-9231
-11256
-3570
-8128
-4863
-4096
-2041
-12260
1559
-3056
-2812
11272
-3850
-6920
-4863
-11260
-3598
-13284
5111
-6116
-4097
-3020
-4064
-12212
4010
1036
-3082
-4076
753
-16348
7417
-3068
-6388
6168
-7954
-1020
16163
-9192
-5130
-16324
-4095
-4056
1011
-2008
7907
3316
11505
-11244
2580
-14284
1492
-11228
-7418
-16368
1300
-19408
-4103
-5900
-5
-17356
3044
-2008
3814
-13068
-5109
-25324
3873
-9152
-781
-13264
4348
-17364
-2816
-8140
5902
-5072
-15400
-14304
1048
-5088
11025
-12284
266
-16376
4364
-10008
-1023
-13080
564
-9188
-241
1064
-6144
-9144
10996
36
1816
-14292
11275
-13284
-4581
-5052
4872
-16336
-493
-1004
3581
-3052
1776
-6112
-3053
-7100
-1819
-8160
2081
-7148
-519
-2044
-3856
-13272
-10485
-5096
18
1064
292
-8152
267
-16344
466
-4096
-4344
-6096
995
-16352
3085
-10224
4336
-11244
-5076
-11224
1806
-1000
-7904
-13264
-528
52
2024
-6136
-7942
-10236
-4064
-1004
-1525
-7140
273
6392
4866
-6084
-3799
-10184
2294
-2028
3851
-2036
-7712
-7160
11750
-7144
-14845
-14320
1784
-6112
-3609
-2016
-5398
-8176
-5389
-8156
-1269
-11260
5626
44
2306
-7112
-1004
-7132
1814
-9208
2308
3124
-12784
-9192
-5392
1068
-3803
-11200
3306
-11252
-7408
-7144
782
-8184
5095
-7136
4120
-6144
7657
-3048
1275
-12224
13568
3304
-3846
-2036
-7974
-11224
-1551
-14320
-1042
-1796
-4611
-11032
7921
-6136
-505
-25324
-14572
20
-5
-7136
3578
-9148
-34
-9164
-3858
-12268
6647
-12260
1562
-980
2827
-3064
1556
-11216
-4342
-5060
6655
-23264
9750
1064
-12793
-9176
4662
-16316
3825
-8180
5901
-5092
3587
2052
2539
-6096
-12547
-13252
3823
-10232
2852
-788
-776
-9172
5374
-6928
-10508
-9129
1820
-17156
1019
-9192
11024
-5108
2546
-11236
5080
-6100
-19220
-6136
769
-5092
-4873
-2832
6885
-3052
2799
1032
-5899
-2036
6929
-4076
-5110
3084
7160
-6136
2811
5160
7432
-992
-5898
-14324
-1000
-6140
3068
-1804
-6357
-13288
3572
-12256
1804
-11208
1797
-7160
2031
-13256
-14332
-19408
4641
-16384
262
-1024
-8175
-7112
-5123
2300
-1558
-18392
-4102
-3044
-2790
-6092
-8196
-6140
-4887
-7128
4359
-17340
8991
1048
7453
-17384
5847
-7152
-2826
-4096
239
-4044
-4893
-13276
-10520
-9200
-6643
-13264
-2073
-15360
2563
-14316
-4117
-7128
744
-12244
-2041
-11252
3048
-14272
7119
-8192
-8434
16
7175
-6116
-6611
48
-3834
-13284
2552
-15332
-6171
-11196
2543
-12240
-2056
1272
760
-10200
2036
-14276
2814
-6128
12785
-17356
-6946
-6100
3337
-12264
3315
8
-3844
-3048
4140
-780
-5133
-3052
-1811
3116
-16
7224
-4358
9264
11251
-2016
10240
-5084
-6394
-8164
4315
-1796
-6901
-2008
12275
-2024
2333
-7168
6639
-7136
1556
-11228
-1784
-18388
10494
-5112
5639
-10032
2828
5172
1287
-3056
-8676
-7140
10756
-9156
7167
40
1024
-19448
2802
-13308
-7920
-6132
-745
-992
-5920
-7116
-28
-1008
-4347
-6132
4878
-6092
9968
-8172
3091
-11036
3034
-8160
1292
-11244
-3829
-11212
781
-14300
11276
-988
1067
-7152
-3111
-15328
-1494
-16344
2597
13396
-4871
-7144
1018
-3040
-4346
-13304
-3362
-7136
-9983
-17388
-2275
-8164
-1804
9268
4309
-2048
10514
-15348
6693
-7152
777
-4009
-2828
-9180
4857
-13280
-4598
-9168
-8955
2300
-2059
-6116
3076
-3856
-4366
2056
13040
-6108
13835
-2820
5378
-5904
-740
3104
2833
-9000
3604
-12240
-5640
-14304
-13316
-956
12049
32
2820
-7128
7711
1108
2319
-9168
-9250
-7168
5905
-976
-2811
-18396
2552
-11204
-4374
-15328
-7444
-14100
6650
-13276
-6157
-2028
-2304
-15304
1798
-6096
3041
-11240
1262
-4068
6652
-3068
4101
-8168
-3302
-12220
6432
-4072
-2844
-2028
-264
-4096
4088
-8164
-792
-9184
10293
-7124
4338
-7140
1508
-7140
10493
-11256
-4362
-12040
3821
-4064
3613
-7148
-495
-9176
-2301
-2024
-1804
-3056
-5896
-4060
-1821
-15308
22
28
9990
-4056
4342
-9204
5915
-7152
3101
-9208
6881
-5060
-515
-3060
4072
-11260
494
-952
-4640
-13300
-5630
-2000
1781
-6112
-5651
-11252
-2835
-13308
-4085
-4096
5135
3104
-6937
6204
-12049
-10196
995
-13272
3095
-9200
2543
-3016
-12797
-10236
-515
-12244
-2053
6188
-9221
-16352
4370
-2832
2795
-13280
-1263
-11240
1776
-14241
-2038
-972
-3320
-4868
-2317
3108
9256
-2028
5146
-7132
-242
-9200
262
-15108
9020
40
-2551
-7164
-2535
-5104
3050
-12232
-2805
-11260
8713
-984
2576
-4080
-7455
-4044
3070
16
-3593
-8168
-4299
-3064
2297
-8188
4359
-12240
-5892
-6104
-1511
-5096
-9482
-8168
2287
-6092
-2572
-8160
2578
2064
1308
-14280
2800
-13280
6398
-3048
-2797
-976
-6433
-11240
10496
-13260
5928
-17380
11598
-11208
787
-9148
-5362
-14316
15606
25920
6388
-9212
-5352
-15304
-4382
-956
6698
6156
2851
-1016
-1018
-5104
5877
-11216
10474
-12248
-5606
-8964
1020
-10192
745
-15300
-2042
-4876
8202
-12260
10235
-8160
496
-15348
3620
-14268
3853
-10004
-5655
-3044
-3595
-3844
-2288
-9212
-1272
-6116
5389
-13272
-28
-6936
11267
-17380
-2843
-3004
2778
-6116
-16845
-10240
6138
-9168
8475
-16340
-4609
-992
-4084
-6920
4590
-14280
-3813
-14284
5407
-7148
-9474
1100
1537
-16364
5861
4120
-2297
-12236
759
-4032
-8942
-10168
-2563
-17396
16
8220
-2012
-8148
7428
-13240
1788
-1961
1282
-14096
1245
-11180
-8203
-11228
-7430
-17396
3074
1048
3878
-21472
-1034
-8180
-2021
-4080
-537
-5084
-5614
-13072
2557
-18376
-4094
-3848
-6182
-2012
3571
-3044
-4094
-6092
-1824
-9168
-5616
-3048
8205
-21504
-4605
4156
-4626
-2024
11713
-5048
-9187
-6104
504
-12268
-754
-3864
3785
-6057
6172
-4092
-8178
-11220
2856
-5092
-1763
-10172
12757
-10184
-10975
-14308
8947
-5080
-14347
-8168
2785
2288
9457
-6124
-3041
1028
11264
-2032
-6411
-11204
1810
-12244
-3313
2052
-2840
-980
2796
-4048
7904
-15348
3856
-4092
14030
-13072
-3090
-996
1757
-2828
-7431
-6092
-2596
-15352
-5391
-3028
-1298
40
-7392
-5892
19
-6132
-1552
-952
3086
-11244
-5124
-2020
532
-7168
-2044
-4064
470
-4880
10231
-14084
-4840
-7108
3852
-7132
6919
-8192
3547
6144
1292
-2044
12791
-6128
-5606
16
3039
-12268
499
-1988
-2843
-3048
-1278
3108
-9484
-14328
-2342
48
-3090
-980
6158
-3024
6937
-6124
5361
-5100
-467
-3044
-1549
4340
5862
-8156
-5381
-8140
-1301
-3024
7958
-11240
-2060
-13288
2085
-10196
-740
-2016
-5400
-8136
7185
-11248
-6103
2060
7694
-19416
-9933
28
2805
4124
5147
-11248
-5619
-3032
-1061
-10184
7966
2060
-7410
-14088
-5626
-7108
-2307
-3024
11763
-3056
-8471
-4084
5131
-6108
5918
16
7471
-6920
-3298
3324
-1294
-12228
761
-6120
-2532
-3024
4354
-988
-3616
-9204
2548
-9172
7902
-13312
-5133
-3020
-2058
-7108
10259
-6112
11503
-8980
-3116
-12260
-3831
-4048
5391
-3040
-1505
30500
2336
-6100
-3337
-13288
-5124
-2000
-2824
-6084
1268
-7116
6934
48
1301
-14308
-28317
-4088
10511
-5116
2812
-4092
-3567
-5104
977
-2824
-3340
-13284
5381
-11216
4343
-14320
4358
-12252
3308
-5100
1248
-6116
-2314
-8156
281
-6092
-2853
-12256
3076
2068
-4114
-6080
3053
-9168
4075
-1008
1256
-13264
-1774
-13276
5373
-5060
-6139
-9172
535
44
263
5164
-5117
-8188
8447
-3024
2
3088
7398
-7160
1037
-10212
-9478
-9204
3297
-3024
3842
-9204
-781
-4096
243
-5108
7659
-6916
-2315
-5892
-1273
-6060
-7394
-18408
2045
2068
-6960
-1984
-6397
-4088
-4618
3324
9433
36
5130
-11196
7434
-14300
11273
-1024
-2529
-5896
-1284
-7164
7466
60
3847
-5108
5650
-3028
-1046
32
-2032
-8180
-4319
-11252
-5163
-2996
-8429
-11252
15121
-9196
2821
-1796
3580
-12288
267
7188
-5391
-12276
-6635
-11212
-2342
-8184
3838
-7140
13066
-5100
6924
3100
-2810
2076
-5909
-14320
-2285
9260
5120
-13272
2048
-1915
-8198
-1004
6133
-5092
-13817
-6120
1029
-10216
-5612
-3064
1518
-9148
-5621
-9200
759
-1000
-2036
-3016
-5392
-10188
6149
-772
2793
-11220
10243
-4052
-227
-1996
279
-5096
3324
-5892
-4900
-12268
-4109
-7140
-3842
-4072
-9484
-8988
768
-2024
1525
7372
3631
-10204
-2557
-10224
8447
5172
-6417
-8184
-1049
-7156
3598
-1980
3861
-9168
-268
12
-5900
4120
5139
-3016
9715
-10200
-4844
-5100
-2037
-8168
9222
-5092
6625
-7136
1047
-16368
8963
-9188
8715
-7136
-3084
24
4098
-9168
-1003
-9212
-247
-9196
7973
-15116
-1526
-3044
3074
-13292
-5088
-7964
1286
-10208
7955
3084
-5647
-12044
2832
-4032
-6387
-16384
-1521
-8140
6432
-11228
2559
-10196
7175
1024
-2324
-1004
4103
-11220
-782
-7140
3844
-8176
-1514
-19436
3549
-13312
-1560
-9168
9491
-13252
-4409
-11232
790
-5892
-6919
-8152
5882
-10012
-16099
-8976
-9
-6112
-2296
-8148
-1283
-4048
773
-12272
-2306
12
8432
3124
1488
-4088
1800
-5068
2826
-3040
5361
-6080
-6699
-3016
301
-996
1830
-10220
4060
-13248
6153
-5084
4087
-9176
10510
-10232
-279
-5084
3071
-7140
-1041
-13260
4093
-4096
5129
-4036
12803
-7140
-5622
-6100
-4639
-8144
4853
-13264
4860
-2036
269
-10204
1303
4108
-513
-9204
-509
-6136
12827
3072
5123
-11204
-5141
-16340
-2519
6148
768
-13268
-2576
-12048
5614
6152
7189
-9208
-8463
-2020
-479
-11248
4097
-6100
-9207
-5108
8434
1252
-8965
-7112
6628
-6112
13816
-8180
3137
-13264
1011
-4092
-3859
-984
4616
-3032
6952
-4036
4334
-18384
-772
-12244
2540
-11224
-3350
-10232
1790
-12276
-279
-4084
-32
-5056
-514
-4068
-8991
-7940
3338
-6116
5103
-6112
2334
-10220
-486
-6096
1000
-3016
-2079
-1964
8919
-7132
-8185
-16312
-5659
-9184
-12783
-5108
2317
-9156
-2327
-7116
10525
-5092
-2314
-2040
-4318
-8972
5350
-13308
-5117
-8160
-21
-12284
-4378
-17372
1325
-2000
3844
-8964
-2037
-12288
-5866
-12236
5381
-6140
517
-12268
11541
2108
12799
-11216
-16
-988
7432
-11028
-11256
-12272
-5389
-10200
-4375
-9172
3563
-4056
-2516
-15300
1780
-10224
-218
-1000
-6925
-5072
3061
-5120
4908
-6136
1278
-2040
-3576
-1008
5879
36
-2835
-6136
-4082
-14284
-7424
-3056
3325
-11224
-4336
-9204
2826
-6124
774
-14268
-7929
-15336
-255
-5084
-2306
36
10467
-9012
5106
-16140
-5112
2116
12026
-9196
-6141
-10220
1828
1056
-3390
5148
-2282
1056
-782
-9192
2580
-2032
13
-7140
1551
-8156
-1308
-11220
-4346
-3072
10774
-14304
12047
-3028
-5858
-7148
3305
-10168
2285
-6128
1295
-12236
4368
-7144
-4311
-6120
6134
-8180
-11001
-11232
9994
-6112
-1026
-7132
-9001
-8144
2853
-9204
-5132
-15316
8974
-14300
-10997
-4092
4105
-4056
-266
-18396
3071
-9192
-1009
-3032
-1767
7216
1554
3104
-8689
-4072
-2037
-13272
9493
2076
-2821
-8140
6129
-12260
1047
-1008
4868
-2016
9236
-13288
2812
-952
3860
-21448
830
-12248
-3611
-8136
-800
-4876
-3597
-3852
4606
-7148
-1283
-8156
-5869
-8152
7210
-14328
-302
-8156
5624
-3040
3321
40
516
-8152
5633
2056
-4357
-10236
258
2116
6655
2096
2299
-6100
5872
-6076
-5875
-10224
4863
-772
-2032
-5072
6892
-4064
-2
-13256
-6396
-988
540
-10220
-7915
-15336
4320
-12240
-1007
-6944
22
5124
1537
-8144
5628
-14296
-1291
-10228
-5623
-7124
-8464
-12248
8940
-4048
6168
-4044
-2890
-8136
4862
-12260
-7396
-13248
-3092
-9208
-3834
-11240
-9939
-7140
-8731
-19448
-1544
-11212
15634
-5904
1799
-3036
7654
-6104
-4336
-14332
-3601
5164
-3594
-6096
7409
4152
-1517
-18184
-2041
-7128
1293
-3040
-5912
-12280
265
-13272
1015
-8964
-32
-8180
2061
4
-501
-7120
1551
-10176
1068
-7152
8951
-12264
-13292
1104
-3077
20
-4097
-1024
-6897
-4868
-5885
-5076
6153
-7948
-13569
-6088
2790
1080
-10726
-3024
5384
-3056
-6694
-6108
4629
-8168
2292
-7128
-276
-17384
530
-6112
5899
-11220
3809
-5108
2813
-2004
-6910
3092
-10485
-13296
7952
-7124
2560
1052
-3579
-6108
-3331
-17380
5393
-9188
-2279
1024
-533
-6140
9734
-12284
7418
-6088
1539
-11200
3332
-15324
8968
-10236
5087
-4056
-6168
-9992
11534
-4052
1528
-12264
2044
-24296
2327
-980
4107
-10228
-545
-8180
1535
-4096
7914
1064
-3604
-12256
2269
4340
-2547
-11256
-6659
-18360
3068
-10204
-1038
-11220
-1806
-6124
-4871
-14320
5104
-3052
-16885
-5112
-4335
-1004
3324
-6116
2813
-10212
-251
10284
-4111
-6124
3840
4132
-3588
-8132
-2571
-16316
4357
-6096
2320
-9196
1792
-8164
-2547
40
3853
-14308
6137
5144
3831
-8164
-1795
-3012
-5370
-3044
1285
-8160
-4616
-15304
-8468
-11220
2576
-8148
-2794
-11232
-3316
-6136
5660
-14300
6907
-4072
4852
-2012
-5597
-1964
6
-14288
14609
-6088
3359
-10208
-17666
-4072
-20
-13304
1524
-13256
1513
1056
-11
