-4072
2043
-3028
5638
-5084
548
-4880
2790
-3036
-10752
-6128
-4618
-5064
-1796
-11232
-4081
-6049
5647
-12260
-4123
-11212
1529
-14280
-3068
-9188
-3833
-13068
8410
-5072
-3322
15360
2861
-6132
3320
-984
4117
-13280
-2289
-17364
754
-15284
3827
-12264
-5363
1028
-4139
-12232
-3333
-976
-10691
-12040
511
-3024
2308
-3040
-2583
-14312
-4064
-14296
-4352
-10192
-2322
-10160
5632
-7120
10236
-14296
749
-9160
3340
-14288
5623
4144
780
-8136
-3565
-10172
-2309
-14324
-3346
-7104
216
-13228
-14847
-21464
4354
-964
9200
-10184
3614
8
-1019
-12044
13066
-3060
-3029
-12272
3597
-10180
-12772
-7144
-2077
-9168
-1533
-8148
3542
-19432
804
-11260
1250
-972
6413
-13300
-2808
-15108
1000
-6116
7959
-3056
-1301
-14320
-6634
-15300
4329
-19220
1801
-10204
724
-13272
779
-16364
3819
-13260
4611
-12240
-9704
-4052
-10242
-11212
547
-2996
-990
-792
1546
-1020
8930
-10000
-503
-15344
4345
-7152
8959
-14336
-4316
1096
-490
-13304
-11291
-4056
7915
-7152
-4877
1036
4348
-3068
-504
-8176
4641
-1008
-5861
-4048
7464
-26856
7707
8220
-1822
-10016
1788
-12284
-8453
-7124
10237
-12260
-522
1060
-8959
-7128
6931
-7136
6911
-14300
-8959
240
-36
-5892
-1274
-6049
-3814
-4064
-1248
-9204
-1543
-7168
11027
-12268
4099
-8188
-248
-5084
-486
48
548
-7136
1762
6156
-9510
-10180
-3092
-9196
-2807
-12272
1258
-7944
-12549
1268
7452
-8144
-1276
-11260
2338
-8132
4861
6168
-3859
-5072
1298
-12268
1291
-14276
-8984
-8172
4857
-9200
-2536
-17376
5101
-5088
-9713
-8156
1291
4100
-3585
9240
-2296
248
5890
-17392
3051
-16348
530
5160
-516
-13264
-4624
-6104
5640
2072
1024
-12224
-3574
-3032
3806
-6144
-6669
-5096
-2802
-5068
-3355
-13280
12799
-7156
-488
-4052
-7657
-3064
11759
-9188
534
-10208
2055
-11248
-3077
-9172
240
-8124
-3553
-6136
-7967
-7128
10239
-8128
6880
-6108
1784
-3848
2078
44
-277
-14320
746
-11224
-4608
3116
782
-3036
7688
-8976
-1237
-6108
2557
-4056
3315
-6124
4602
-11173
1503
-12272
239
-5064
-6140
-992
-3831
2060
744
-968
6149
-2000
-7436
-7168
-5126
-996
3846
-7164
-3575
-12228
2585
-3024
4589
1048
7169
-11220
8700
-14304
-3891
-2828
1021
-10200
-4319
-15340
-4387
-16368
2283
-4016
-7149
-4064
10740
-9200
1299
-3072
6410
-3056
-7175
-3072
-7691
-6120
8959
-9200
2566
-16372
-7442
-6092
2790
-8964
-501
-12216
-1254
-5100
3334
-10196
-7904
-16380
-11524
-9212
1013
-2004
2783
-14304
-4347
-6124
2295
-7136
1781
-9204
535
-13268
786
-8164
2063
2084
-530
-1012
-802
2072
15890
-4068
4099
-9180
-6422
-6100
3632
1080
-5608
1040
11009
4136
-5347
-13268
6171
-14304
11769
-4056
531
-976
-5
-7940
3582
-6120
-1031
-2024
-2046
-13308
6432
-12252
-2318
-4076
-13320
56
-3552
-9176
-11237
-7128
-5893
-9180
-1801
-5100
-7454
-7116
-1811
-12252
6908
-6084
-2554
-12228
5385
-784
2589
4144
5863
-2016
-3311
-9168
9241
-12236
258
-6100
8188
-6116
1762
11296
1988
-11208
4606
-9196
5404
44
5932
-11212
10991
-15292
6699
28
3845
-5056
-5140
-9168
9206
-1812
-6161
-22228
-5861
-3864
-756
-10204
-6405
-16356
-1007
-5100
-4353
-11228
2825
-9192
-5143
-6104
-7425
-9168
-2252
252
9719
-3064
-2819
-1796
-2035
-4060
4591
-12197
7705
44
-1819
-15348
-6388
1060
-535
-7140
1020
5168
11766
-9188
-2789
-7152
-3376
-5108
4575
-5080
4383
-9172
2275
-10200
3582
1068
-3813
-8160
7409
-15108
-6169
-2004
-4633
-15136
-12
-10200
235
-6096
3343
-15352
-8457
-8160
-5642
-13096
1529
-12232
-4347
-3068
10006
1036
10253
-7164
-7484
-4032
242
-9168
-1533
-13248
4611
-9164
-5881
-4060
6921
-6120
11514
-5116
6906
3128
9483
-10228
503
-5092
1503
-10208
-2534
-6993
-5634
-9184
2814
-13292
-4102
-10208
734
-5084
-2810
-2048
9959
-8180
-8479
-5120
11017
-4040
1561
252
2536
-11208
1238
-2824
-11517
-12280
9968
-22244
1564
-5072
-1243
-13284
-8934
-11204
8450
-10196
10010
-3060
5105
-4068
2023
-4072
-4113
-7152
-4640
-13296
7210
-11256
739
-5084
-3070
-8176
-9495
4112
-9707
-7956
1316
-8128
5620
-7156
3849
-9156
8429
-7152
-774
-2044
2565
-11244
-7389
2288
-3871
-4084
-1786
-12268
514
-5116
-497
-3052
-4868
-6144
-1291
-2032
-5604
-4080
-5387
-2836
8945
-5892
-6648
-13225
-284
-2036
-7690
-16352
3318
-11220
4602
-1832
-3047
-17352
13306
-10204
-5087
-5060
-10792
-11252
31
-11232
-3049
-15336
-3354
-17380
5381
-2012
-2318
-12252
7920
-11240
-8186
-12256
-1036
-6120
-1013
-10200
11819
-13272
2051
-10196
-3786
-7124
6906
-2016
2796
-12201
1030
-9164
1840
2108
3580
1024
-6385
-8140
-5382
-9172
-1564
-21456
6635
-4064
4321
-6092
-3080
-5092
12826
-11248
-228
-10188
-1275
-12268
-2030
2060
3823
-10204
11239
7420
514
-7964
-3827
-6128
748
-10200
7717
-5076
3069
-5084
-6405
-10220
-6644
-8148
-6149
-6112
503
24
-3856
-8136
-7707
-4072
-9179
-5896
2303
-13288
-3840
-14280
11565
-12248
5375
-14292
2031
-7156
4860
-11248
-254
-10160
-1802
-18416
4889
-2000
-1537
-8156
516
-11216
4829
-796
13352
-8180
-6141
-7152
3842
-15332
-1292
-1008
5614
-16352
-1504
-5104
6906
6220
4871
-11244
-759
24
212
-5104
-2818
-11024
1243
-1976
2594
-2024
2510
1024
-5338
-7100
2019
-2040
-8982
-12236
500
-10228
5154
2064
-6908
-4084
2830
-17368
2806
-22228
-507
-12232
1240
-5100
6158
-12252
2764
-12280
17
-3052
-1017
-9180
-6123
-8192
-271
-10236
6439
-9164
-8703
-4032
-8982
-6092
3530
-7940
-983
-6120
-4350
-9176
5661
-984
12055
-5076
-2029
-4080
751
-13292
7159
-11240
-2302
-8136
10254
-6140
-1266
-12252
-10504
-15316
7457
-5072
-10499
-4056
-7668
-8140
-1310
-2028
3837
-13272
-9747
44
2570
5140
13823
-6092
-2806
-5056
-268
-11220
2574
-2020
-5632
-9164
3046
-7148
-16
-7148
-3584
-988
-2061
-8152
1528
-6104
-3582
-10184
-7476
-9160
2042
1084
-8961
-7168
4620
-8176
1786
-11200
5620
-8168
-1604
-10204
-2295
-3020
-3053
-15112
2794
-8184
292
-3020
268
-4080
6138
-6128
5897
32
3083
-8136
-2815
0
3051
-4868
-5121
-21496
5632
-2008
-3069
-9988
10004
-12201
-11037
-9192
5149
-11244
-4112
-4060
-3087
1060
4638
-8172
13
-5116
5358
-14296
-2795
-4052
-2
-4068
-1280
-1016
-3333
-7120
-8190
-7152
5090
1072
3853
-7116
-3888
-3052
4099
-15336
4881
-4888
-21074
-13288
3820
-17372
-10252
-8164
-1811
-18416
-2013
-5100
11001
-6128
6389
3084
-3316
-2028
13293
-14272
9440
-14288
2838
-18420
1528
-3020
5611
-7164
-16636
-12260
-7667
-7104
7636
-4084
-4079
-18372
-2045
-12272
-1024
-9204
2078
-11228
-9250
-4076
7142
-10192
1539
-15300
3318
-15316
7653
-14300
4831
6164
-6672
-7124
-7439
-10216
1788
-6100
2577
-5084
-1513
-10240
-1301
-6116
9714
-16332
-8697
-980
11
-3040
5919
-14304
8
-992
-8199
-13276
-12551
-12228
2065
-9172
2565
-18317
7914
-792
-3797
-5088
4620
-5104
6928
-7120
-1047
-5100
5403
-10192
-2053
-4064
-2585
-17336
4134
-7952
3790
-9156
-6871
2072
1304
-6096
-783
-7140
-4343
-5072
1316
-9168
2062
10276
-3317
-14280
6382
64
3075
3092
4625
-7148
-1564
-12236
770
-6124
-7157
-25280
-4627
-16320
6136
-13296
-22
-18388
2
-11240
2025
-8128
-8978
-4092
5662
-4052
4619
-17372
9
-7152
-5133
-18420
3842
2084
-3569
-6116
-6389
-8180
3805
-11212
10745
-5112
-2574
-12212
2083
-14304
-2809
-8140
2527
-17348
2830
2088
2312
-9988
1249
-7120
-2823
-5096
-1545
1072
-4335
2064
4600
-10200
1538
-5092
-3557
-7112
-4085
-15356
10236
-5076
1548
-14312
-9216
-2828
-1316
-14280
12815
-988
9970
-6104
-1531
-2000
-4889
-16356
-3101
-9152
-10001
-16340
3548
-9196
10747
-6920
-3588
-16281
264
1052
1789
-8152
767
-9196
-743
-10232
9510
-7136
15138
-10212
3574
-5080
1794
-2008
-3349
-15340
1785
4112
1533
-9216
-1508
-8144
-9732
-17400
-1545
-15336
-1270
28
17176
-7140
-4311
-8176
29673
72
-5147
36
-4347
-13236
4598
-17384
-250
-6108
-9235
-7128
-9504
-11228
4917
-10176
8704
-11220
-4356
-17372
-2048
-6112
4637
-13296
-801
-11256
4371
-7152
527
-8168
8961
-5112
785
-10212
-6613
-3064
6165
40
-2266
-11220
5856
-9192
-3859
-13292
-3329
-3048
2541
4
-6172
-12232
6127
-8188
10276
-6108
-1539
-16136
13324
-4080
8925
-7116
2550
-8124
-11288
-9192
6662
-1824
-999
-4076
-2
-5100
13833
-11252
3325
3096
-768
-7160
6174
-992
3809
3304
11759
-3040
1521
-21488
-2520
-2020
-3571
52
5891
3128
2816
-5108
18660
-3040
-7935
-12268
5146
-6057
1519
12
10225
-12036
-1530
-7148
3077
-8156
3867
-11212
7652
-11224
-2834
-8168
6398
-8140
7431
-3000
3804
-3048
5095
-2028
-5608
-4044
5157
-15320
-5104
-5096
720
-2000
-6154
-5096
6404
-8140
-3558
1260
-275
-7160
-11528
-3052
1007
-7100
263
-15316
-7977
-25304
-3061
-7104
3589
-16360
2595
-13296
-1294
-10204
-770
60
12565
-7948
5897
-8184
-7925
-16380
4605
-15344
1040
-9152
-12305
-5040
-4611
252
-3051
-7112
3057
-4068
-4121
-8176
1039
-12264
8699
-10192
1257
-5052
2789
-2008
6656
-12236
1545
-3056
10992
-14284
-1988
-1988
763
-13312
2577
-4944
-1796
-12244
2848
-21484
4613
-4048
5382
-16352
-1777
-20432
2047
-3012
4126
-17176
-6194
-8156
1012
-16348
5066
-5080
-4880
-14320
10738
-6100
6149
-8136
778
-4064
-559
-10172
-4112
-12280
-1776
8
-1509
-8968
-8453
6388
252
-5096
279
-7120
-5633
-4076
-2332
-780
5630
-3060
6
-10192
4086
-7140
13611
-9160
-5619
-26344
5382
-4084
2029
-968
-5406
-16360
3374
-13244
775
-10224
2054
-6140
-2311
-6128
2056
2092
6655
-11224
537
-5084
-5123
-9172
2037
-12268
4856
-2024
-7685
-7164
511
-5084
-2063
-7148
4846
-12260
3091
-3040
3639
-7156
1049
-8164
-11530
-988
-5381
-12284
9223
-9188
-10475
-18372
-1296
4144
-7149
-11244
8457
-8188
7202
-9184
-18
232
4586
-5892
513
-13312
-8440
-15340
-6894
-6924
-1772
-5084
13057
-14088
9214
-4868
-6178
1052
1046
-15320
506
-3052
-3285
-14296
-10474
-13260
-246
-3028
-5146
-12256
-8709
-9152
5653
4168
4351
-7168
16897
-1020
3367
-10196
-2566
-4872
3833
-4040
-4612
-2028
4078
-4072
15355
-9144
-8432
-14112
-9498
-10228
-8952
-20412
4340
-15336
-2812
-9208
-3302
-9200
1005
-5108
-6638
-6092
6935
-11220
-742
-15316
8684
56
769
-9192
3845
-11248
10254
-11244
-25036
1064
-504
-12272
2037
-13276
-2306
7212
2293
-15360
3867
-988
1551
-15108
-3839
-6104
-3058
-7960
-2820
-12236
-554
-9988
-5622
-7152
13335
-4056
-12570
-1976
8204
-2040
1768
-6940
5629
-10200
-1039
1044
5116
3132
-9483
-12240
-1008
-7144
-4884
-784
8690
4120
-1775
-16344
6898
-2020
5327
-12260
7947
2300
11768
-4096
-5617
-14332
-2303
-7120
-2859
-6104
-3269
12
9962
2300
7428
-17344
-2056
-4056
-7456
-4068
-7182
-8156
-8726
-792
1502
-11244
1796
-8132
-1834
-4064
1276
-9208
-248
-2036
7142
-12256
-244
-11180
3097
-3056
-1261
-2820
4110
-5936
-3058
-15348
4331
-13268
1569
-9184
-5121
-3024
-7455
2064
-3328
-19424
8228
-5084
2558
5140
2313
-8168
-4834
-1024
5885
-3024
-2065
-6088
12507
-5120
-9750
-16352
-16
20
-7174
6156
-4615
24
1062
-20452
1034
-4072
-494
-10192
-489
1084
4358
-2016
6904
-3008
2852
-11220
2540
-1992
-7121
-8180
3107
-10224
-3054
-18392
13565
-14304
4870
-8152
-1041
-8180
-2056
-7144
-17688
-5060
769
-16324
5355
-10184
558
-6112
5608
6200
-4331
-3016
773
-17388
504
-8148
3574
-13276
-13074
-5056
2055
1060
-4634
72
19416
1060
-8427
-7164
3317
-12248
-7393
-11232
5397
-9208
1260
-4096
-2811
-12244
1042
1036
6916
-4096
-4611
-10200
-3582
-14268
1813
-13296
-5896
-15328
-14591
3116
-1293
-12280
236
-3040
-2853
-12036
-3318
-14312
8209
-6140
9473
-8144
-10022
-3064
-775
-8176
-744
-7148
5391
-6144
9749
-8152
4868
-12268
4579
-4064
-2307
-6092
4082
-11204
-5684
-10204
-2817
-9188
507
-6108
-2288
-12276
7421
-13264
-14608
-7148
-8443
-18372
3560
-10188
-3321
-10224
2022
-6116
-4636
-2012
9991
-3028
8694
-16324
2312
-17344
4123
-12264
2041
-9192
-1017
-8132
-4570
-3040
230
-4076
-751
-12036
-7952
-9208
1536
-2012
-1280
-12272
-3316
-10192
-3832
-6108
11773
-8148
1758
-12284
-10777
-13244
-2063
-8144
4843
-2040
-1781
-13268
12028
-11224
-1259
44
5608
-14296
-5622
-6108
2054
-8172
-10761
-11228
-778
-13264
-2534
-6080
1300
-12248
-9455
-16356
-277
-1992
2093
-11224
-253
-3024
-5090
-4052
9692
-4068
-2801
-5084
-3330
-7148
2046
-13276
2825
-968
-4352
-9200
-3613
-12268
3580
-5100
6682
-10008
1271
-2012
4069
-11196
268
-6096
3312
-984
-5405
-4060
-2296
-3052
1525
-14276
14081
-5896
-2029
-12244
-267
-3068
-1260
-6140
-1005
-1992
7659
-18380
-1806
-15300
3580
-6120
-3064
-6136
-7168
-7160
4115
-14276
-2042
-4064
-9223
-8148
1819
-12264
2062
-11232
-2317
1268
2523
-7132
-4624
-10172
7919
-8176
4857
-11212
2033
-6104
8961
-968
2073
-9176
-3592
-3044
2311
-7160
3059
-12248
9985
-8156
28
-6108
256
-2024
-8477
-7940
-3062
-2016
-509
7232
-5647
-4076
1274
-8140
-8943
-5092
518
-12256
6887
-11232
3329
-12264
1278
-15344
2329
-2028
-3552
-16332
-5152
-5108
2333
-9180
4097
-3060
-12304
-11248
2851
-8132
1281
-17360
2040
-8192
8705
-5044
-520
-7081
5600
-12256
-5366
-780
31
-9988
-4378
-13276
1252
-14292
-5402
-8168
-3343
-9180
6627
-5029
-3326
4096
4569
-8140
-1294
-10196
-7453
1088
6144
16
-1511
-2032
-1739
-6124
-1286
-10208
785
-9180
-2334
-10196
-1030
2072
7159
-10196
5642
-15112
7671
-16356
-289
-988
6394
-6104
-3095
-10224
3613
-9168
11519
-15316
7700
-5080
-2612
-11216
5662
-9148
8192
-10188
3081
-8160
1756
-5112
10011
-13264
-2850
-3036
-2307
-7948
6374
-14276
5627
1032
-10508
5124
9199
-4060
-1304
-4060
-4336
-16384
6394
-4076
1010
1060
-492
-7140
-6925
-11232
1528
-2020
31
-4092
-2329
-2981
8435
-11244
2552
-19412
-5108
-4036
4858
2072
-6674
-21460
-1776
-12268
-3842
-14328
-3088
-6128
-4095
-984
-6150
-2024
8430
-4064
5884
-12224
-4620
-10200
2806
-8168
-2546
-10204
-735
-7120
6142
-7112
-2534
-5084
-3788
-10180
3824
-13280
-6905
-17380
6413
-14276
-2017
-22264
2302
3080
1836
-12252
-2559
-7132
-6407
-6080
4614
-13260
-5667
1028
-229
-9172
-5405
40
-14635
-7160
-2056
-12264
-1789
56
9227
2064
-1041
-2028
4857
-20428
2049
-2012
-1266
-20432
3563
-10232
-4585
-4096
11285
-8188
-10005
-17392
-255
-12248
4825
-980
-1010
-9204
4871
-1000
-2548
-9204
-4574
-14308
4843
-7140
2829
-15332
-1032
-6049
-1290
3108
3106
-4084
-1292
-9188
6621
-10180
-6679
-5092
526
-21476
9971
-11060
-10721
-4088
2803
-10204
4351
-3048
-3093
-5076
-1475
-6116
3842
-7140
2555
-5084
6939
-6916
-15597
-4052
-2327
12
10239
-6084
1545
-7104
-1036
-6124
-25
-8988
-2789
-2820
8175
-14249
-494
-11264
4857
-16364
-9954
-7140
4094
-6124
-4072
-992
1780
-11212
6403
-11248
3841
-8148
1993
-16320
-2014
-3032
-2806
-10200
-994
-12276
9980
-4056
-6132
-2820
-6407
-8176
3082
-8152
4304
-15324
7709
-6916
3314
-4048
2860
-8164
3568
-15352
2067
-13248
-1047
-1012
4335
-9204
281
-14280
4356
-11180
6385
-7112
6651
-9180
-1264
-16336
6911
-17396
-5882
-14324
-9213
-6072
4059
-12272
-15121
-17396
3583
-14324
-3866
-5096
-2302
-10224
-738
-8136
-4355
-3048
7422
-3024
-9188
-8136
-4366
-10196
5646
2076
-3083
-6136
-3339
2076
6668
-9180
-4580
-976
7441
-6104
-241
-4092
-7939
-3064
4620
-3052
-5865
-9160
1269
-5096
8189
-10192
-6130
-7128
-4083
-956
-6894
-12284
-762
-5108
7681
-980
-6883
-3044
-6918
-5108
-6902
-5088
-3825
-19408
2527
-5052
2297
-4072
1075
-3048
2293
-13280
-4578
-10212
5601
-6132
-6438
-5108
2041
-14292
52
-13284
-15
-7124
-3040
-9180
5614
-14284
2843
-2996
-3830
-11232
-3362
-16332
-4586
-5116
3032
-8168
-4866
-7108
4337
-12232
-10241
-11240
-2322
-11212
-3070
12
-6
-8144
4361
-13292
5168
-2016
2575
-9992
-769
-8120
-250
-8972
-9
-6136
7968
-18384
6120
-12220
-10752
-9160
-3349
-12268
-2048
-2016
-7938
-6112
-5930
-10200
3818
-10000
2049
-20432
2049
-12248
4884
-5096
4587
-12256
-5614
-8140
-9974
-9216
5876
-4876
-8977
-5100
2555
-13272
-6942
4128
7709
4132
-3085
-5092
2280
-7148
3594
-2040
1515
-5092
-5854
-13256
1057
-14304
-15387
-15312
510
-18400
8202
16
-4613
-5104
-2561
-10228
-5907
-6128
-3081
-6928
3560
-18404
-3608
-11228
-1559
-3024
2826
-15320
1759
-3052
5868
-5072
1262
-4076
-256
-4080
4344
-2012
1011
-13147
8443
-5072
-8203
-13304
11504
-4076
807
3088
-2544
-7164
7690
-12252
-9728
-4072
-12837
-3068
7174
-6928
-247
-4080
2050
-10200
794
1256
-497
-10208
-7699
-4068
5128
-6100
-4107
-15124
-6906
2120
16134
-3852
4098
-13268
1286
-12224
2506
-2024
-4127
-12284
-5858
-13080
-9490
-12256
-1815
-5052
4876
-9180
-6665
-2004
2813
-9168
9228
-15352
-4096
-5100
11783
-3040
7158
-12260
-4855
-5096
779
-3004
3585
-19448
-507
-3012
-3828
-10184
-6168
-12264
10000
-4072
7691
-16360
-7703
-12268
-4359
-6120
-4585
-5096
5622
-12280
-1529
-2000
1507
-16136
1811
-1008
252
-8180
-7701
-5892
-11517
-16336
9186
-12260
6418
-18192
-6397
-5052
-10003
-3036
-3811
-15340
5108
-5048
3624
-6952
-13312
-9208
270
-8132
2300
-5072
-11
-7112
-9199
-11012
-15619
-12264
2318
-9176
8175
-9992
-4101
-2040
-8980
-7104
3319
-8136
5889
-11252
-2294
-8132
3861
-9176
3308
-3040
-264
-14308
285
9252
-1798
-1984
-773
-7164
-1298
2080
3852
-784
-276
-980
-1509
-12228
2578
-3040
-2835
-25344
-5112
-18376
5107
-2024
509
-10200
-11530
-3848
-1840
-9172
1048
-10184
-10523
-14304
-10990
-5060
-527
-9176
6946
-7148
-4863
-12252
813
-13260
7444
-9152
-1795
-13288
4626
-9184
5121
-6928
-4624
-18396
-5375
-5068
-10502
-7100
-6139
-7144
2572
2092
5119
-9184
805
-5904
2032
-3064
1039
-9160
1518
-1016
-270
-5104
4885
44
-500
20
-1016
-11220
1782
-3064
-9182
1056
-535
2084
8951
-8112
5396
-1016
2328
20
4820
-4088
-1012
-1024
-1559
56
10726
-8160
2300
-9188
7186
-1020
0
-5112
-7673
-5060
6383
-12288
-8718
-7112
2058
-8164
-15854
-9156
246
-3032
-522
-1024
-6652
-16136
-5072
1036
4863
-8140
15614
-4880
2814
-10200
1526
-10204
-2783
-3068
-14821
-5088
-243
-12240
6413
-7084
4839
-6112
3060
-11228
-2304
-21468
-7139
-7148
5125
-6092
2044
-6064
4064
-17384
-22
-13244
995
-10196
-8690
-2004
6657
8
3842
-1016
6676
-8184
-3325
-10212
1842
-2008
1793
-12224
23
-21456
-6667
-10228
-1269
36
233
-11240
-12549
-16136
-2037
-10220
-1531
-8144
3328
-13308
-7683
-1980
-12567
-5092
10230
-6140
6914
-4056
-277
-5108
7156
1064
5413
-11188
-2301
-8160
-3808
-11244
5116
1048
-2028
-3068
-8214
-5048
515
-18404
-1553
-8136
-5092
-11220
-1280
-7144
6910
-4080
-208
-8180
5394
-7136
-3361
-15336
3312
-5056
-3348
7204
-17968
-9184
3836
2108
4898
-9180
498
-14316
4862
-22224
-277
-13264
-4361
-13272
-277
-3056
7142
-5084
6417
-8176
5860
-10220
1797
-10216
6870
-10216
6407
44
2556
-13280
2030
-9988
-5904
-4064
-5611
-15308
-7941
-14300
-5368
-5116
12540
-3064
5107
-6144
2068
-7112
-1008
-11216
-12323
-8176
-4354
-1988
1796
-13312
-6127
-4076
5092
-13300
-280
-4072
-2549
-5120
-1
-17344
-11
-6088
2564
-980
8408
-2040
2795
-9144
1299
3076
774
-1796
4605
-5064
8668
-7140
6914
28
2591
-13296
2027
-3060
-7385
-11244
6931
-9992
763
-9172
9983
28
8449
-9140
4103
32
-9722
-9168
6647
-13268
-5918
-9988
-4617
-6128
-545
-2044
-1809
-10208
-10982
-6108
251
-12252
1817
3112
2567
-5100
-1539
-16320
-1771
-7132
2814
-17368
-811
-4888
-3071
-12272
255
-7148
-499
-8192
998
1064
-1781
-4032
-11010
-8192
6137
-11173
775
-5068
-982
3156
6147
-9160
-5361
-7140
2020
-13268
-7180
4104
3333
-996
-4613
-5112
1276
-3040
3831
-2024
-5877
-2012
-5132
-3844
788
-7136
4071
-8184
2033
-9176
-9485
-12036
1289
-3024
-5111
-8180
5917
-17356
-4826
-14296
1789
-10212
2821
-4060
2825
-9172
-7133
-9184
-770
5148
6414
-1008
-1822
-6928
-6383
-11236
4852
-14280
2313
-8132
3303
32
-787
-9192
9473
-10188
-1536
-7140
-3595
-2016
5131
2084
-2558
-11232
-8221
-13304
1038
-17400
-2555
4128
-1549
-12288
-12
2080
-3863
48
8181
-13260
-11007
-3048
13017
-20468
3311
-1980
-1558
-7088
2537
-11216
523
-18372
520
-9188
-267
-8968
-1501
-12248
-1781
-8964
-5902
-20448
-1320
-10180
-18930
-4068
-793
-7148
-8982
-4076
-5127
-12044
4852
-7156
-7951
-14272
6621
-14332
4362
-12220
-5073
-16376
2573
-8160
-7705
-4872
1831
-10188
11255
-13280
3570
2080
-1270
-6092
-5135
-9180
-1555
8
-6901
-9192
-2049
-2820
-7958
-1812
2556
-3036
6903
-12272
-3322
-8089
4
-5060
-758
-9204
-784
-5072
-4335
-4072
3846
-4080
-9
29472
-4592
-3036
3560
-4868
2031
-14088
-9448
-7096
3834
2052
2785
-2044
5419
-17400
-2302
-10216
-8974
-17360
-1056
-9176
-2790
-9140
8754
-16372
1030
-4072
7653
-8180
506
-6084
-4641
5164
-278
-13304
5386
-8168
-3815
-11232
-8979
-12264
-5146
-11180
3321
-8144
-2552
-11232
-1272
-15352
3845
-15352
994
40
2078
3320
3841
-11208
-3297
-10220
5415
3096
3611
-7148
3381
-6112
2795
-17400
2578
-2040
-3087
-12256
-266
8224
-2568
-1984
-3590
-7128
4374
-8152
-763
-12252
6410
-8136
1537
-6924
-780
-5100
3601
1044
7193
-10224
-1771
-11016
-6429
-2032
4330
-1000
-7164
-15300
1020
-4072
-5351
-10228
-4616
20496
-4358
-7132
251
-6120
-281
-14088
-1540
-16372
-3582
-4068
1015
-10164
765
-7124
-4352
-11228
5368
-6092
2
-9188
-7151
-4076
-7418
-8160
9234
-23240
7408
-9184
-3063
-6920
1788
-18416
4366
-6057
-9488
-996
4089
-7128
-2334
-9196
8689
1076
-3129
2108
-5850
-9204
9969
-2040
508
4100
984
-9212
765
-6120
-7422
-2028
-2561
-6128
2062
-6120
-6379
-8160
-1032
-10004
-7142
-3848
11755
-2832
2566
-1796
6906
-11212
2802
-6060
-3062
-5904
17
-2032
-2575
-9192
-4580
-3852
-3538
-9208
6401
4348
-8216
36
-8482
-3848
-2580
-11240
3340
-2028
4595
-6124
-541
-3848
5905
6152
7175
-13280
-10719
-11232
-489
-19424
6909
-13312
-2561
-1012
1309
-13296
4879
-10212
-5375
-9988
-258
2080
8967
-13248
-3854
-3060
-2571
-7128
-13534
-17348
271
-972
2791
-4044
-782
-1984
-4085
-18420
6693
-8188
7929
-2020
2012
1096
-5379
-14280
9213
-8156
-1751
-13060
-1304
3100
1030
-5096
-7426
-5892
-8163
-4048
4321
3112
-7683
-11228
-6404
-15320
-1030
-7940
-3568
-9172
517
-13272
-1295
-11240
-3578
-7168
1044
-13304
-5618
-15312
1250
28
2835
-7136
-1005
-15352
1524
-13268
2035
-7152
4389
-2028
9741
-2020
5881
-11216
7218
3100
7654
-6096
-7691
-18416
4852
-8148
2305
-5076
3838
-7164
2021
-23240
-4118
-8168
-795
-6100
-2045
-2032
4122
-3068
-8164
-17388
-497
-7940
-501
-6920
-4387
-5108
2584
-4040
-302
-3056
-777
-5896
-10240
-7140
-2801
-15352
-736
-5080
-5356
-5112
3571
-11032
-3324
-19452
9624
-11220
4857
-11244
-1281
-15340
-10505
-16312
4580
-8124
-4855
12
3662
-13276
-2089
-5096
9970
-18384
-10006
-2016
-1284
-6136
3860
-1000
-1068
-2820
-4081
-12268
-12275
-13276
5119
-5076
11770
-4056
-14081
-7156
-4857
-3020
-6430
-3056
511
-776
10491
-2036
-3845
-14300
2296
-3072
-1759
-12272
11043
44
9944
-7132
-1266
12
-4100
1268
12032
-1000
1812
-11216
-7659
-4068
-569
-15284
476
-17372
-7667
-5096
-4682
-13232
2029
-17356
-2042
-9184
-4634
-15320
1062
-9164
5675
-9196
2342
-8964
-275
-10184
5121
-7140
-2559
-15360
-5382
-20404
1525
-14288
-3556
-17160
-5103
-7156
-14349
-14308
9934
-3016
1817
-13276
-481
-8160
11512
-4068
2316
-13268
2821
-10204
4598
-13288
-8182
-2985
1068
3104
1766
-5056
7184
-12216
-5378
-13288
7419
-11228
9
-5100
-5106
-5076
-1517
-15344
-2555
-11200
10496
-11012
1053
-7128
-3862
-7120
3852
-992
-6934
-11212
798
-9200
1055
-12236
3066
-2032
8704
-10208
9746
-2000
1525
-14312
506
-5060
2812
-3048
5870
-18400
4342
-14092
-7452
4336
-760
-8180
-1552
-3040
5390
-17164
-7193
-4072
-3323
-7144
2821
-15112
4103
-15324
5885
-4084
4573
-17380
-10744
-15288
-2104
-6936
-4088
-3048
5385
-9188
-8431
3120
2046
-11208
-1013
-1020
-1791
-17352
5626
-4064
1524
-6104
1032
-13284
-984
-9180
-223
-10200
-1571
-18408
-10765
-17368
10463
-7116
-2556
-12264
-9746
-7164
2555
-13268
-5
-11188
7179
-12244
-4325
28
-15378
-11228
-4891
-6076
2062
-12236
1549
-17380
-7904
-10184
-4625
-11244
4403
-1984
3834
-12248
-3612
-5060
-8198
-3016
1259
-8144
5910
-14092
-2025
-22200
1003
-10224
-1766
-10224
-10771
-5096
-7168
-15312
-238
1092
9507
-19456
14316
-7120
3820
-14288
-1012
-10200
-1810
-5892
-9193
-7140
1561
-17392
4080
-8152
-4099
-5088
4094
-5088
4110
-16372
2552
-10228
6921
-3068
-1530
-10236
4622
-20460
-996
-10000
7698
-3068
-2552
-8120
-5874
-11264
1801
-17368
-3883
-6140
-11510
-13276
3573
-18420
-2565
-17376
-10257
2088
-793
-6088
1807
-4084
5611
-5108
2074
-1972
-242
-7144
-4627
-3068
3889
-10224
-10471
-8188
-521
-15336
5382
-2828
-3854
-4056
-8941
-13296
-3808
-6124
20993
-6128
-5377
-1000
758
-6092
7681
-5040
5892
-5108
-2062
-6144
1834
-6136
5130
-19208
-3817
-9988
4356
-8176
-998
-9988
-4072
-11236
3084
-11236
2018
-7144
4837
-9168
1551
-12268
-2299
-9188
-11564
-10192
1815
-9180
519
-3028
-6379
-1996
-257
-3056
4604
-12264
-1025
-17384
237
28
1025
-988
2579
-10192
1775
-1796
4867
-8136
5394
-10220
7424
-6144
1297
-5896
-13049
-6124
-1797
-16356
2831
-12228
-1782
-3056
-2280
-8164
1541
-19428
-487
-1008
-3842
-2024
1268
-8176
-10753
-15328
6398
-11252
3843
-5092
5614
1040
6369
-5084
1301
-14304
251
-12272
1032
-13088
-6409
-10196
8685
-1024
2040
-7124
-2046
-11244
1818
