-9192
4611
-13276
10789
-9176
-17917
-10204
5657
-11260
1788
-2008
2023
-10228
2340
-10220
-3322
-5112
2788
-15356
-4868
-5072
7151
-3056
-520
-9176
3568
-14312
-1748
-9172
-2056
-3036
-4347
-10196
7439
-8176
8184
-5096
12068
1048
2078
1024
-6896
-6124
2536
-5068
10485
-7128
3563
-5116
7448
-12248
-8436
-12240
-6137
-8188
10727
-14324
9442
-964
3107
-4040
-1261
-6092
-1003
-6128
-8967
-8128
6402
-14324
-8447
-1004
-6
-4060
6172
-11224
-791
-12260
5352
-7112
-8402
-14272
-7404
-1024
-1556
-1008
-7657
56
1027
-11248
8191
-11228
9
-12248
253
-11236
5617
-10220
-7400
252
-9467
-11252
1764
-976
7427
-8180
5387
12
-2314
-7124
-7155
-11248
4068
-12224
-5904
-7140
5151
-23280
-8200
3088
7693
-15332
-4074
-3040
4574
-12276
7437
-11248
-6157
-10000
4343
-9184
-3570
-2820
-6916
-980
10522
-12288
1792
1036
3601
-3036
-1303
-13312
784
-14088
7960
2064
5598
-6108
1267
-15352
-739
-10196
-2067
5156
-7946
-6136
2015
-11264
-9232
-9988
-3323
-8124
16938
-8168
-4126
5156
4067
-15344
13560
-7160
9206
-6100
6437
-12040
-5135
-4868
-5125
-11228
-4321
-10204
5373
-8148
-5116
-8152
-5909
4172
4623
-772
-500
-8152
-7195
2084
2316
-5092
-491
-1016
5096
-11244
988
-6116
-13069
6184
2059
-4096
-7201
-13312
-7682
-11252
6127
1096
1771
-5096
-3104
-8124
1807
-3052
-4906
-5096
-14335
-2016
8688
-9184
-1011
-6136
-4645
-8184
4403
-3056
2519
25884
796
-3056
7953
-15360
7949
-10212
-2837
-5052
4860
-5104
-5343
12332
1532
-4068
-2565
-3044
9226
-5104
2586
-784
4624
-7140
2040
-6132
12525
-9196
-4852
-4056
4117
-17400
-803
-11228
2287
-7104
716
-7156
-247
-5116
-2581
-1972
-10241
-11244
4098
2092
544
-8164
11992
-11236
-2307
-8164
2545
-8132
2053
-12240
507
12
8198
-14324
4115
-11216
-3869
-7140
-5350
-1016
268
-4088
-2828
-9180
-6115
-8156
-518
-8136
-1779
-5068
11781
-14096
-50
44
7708
-3036
773
-1004
2316
-12280
2301
-9156
-2795
5168
2804
-7160
-10770
-4036
1021
-2000
1795
-3068
772
-11244
-4621
-3848
5386
2068
12489
11296
-6139
-12260
-6619
-7156
-1044
-6916
-1517
-2024
1507
-11228
-3817
-2004
3585
3104
778
-17352
-3579
-5892
6399
-6140
-2799
-9204
2304
-10216
-491
-17372
2803
1056
5905
-1024
-4626
-5088
2795
-19412
-802
-13292
1828
-5056
1298
-8968
-5323
-4052
-3588
-7144
1812
-4084
-3564
-12276
6351
-14328
3376
-7160
-2815
-13179
3562
1048
-2836
-16348
-6647
-9172
-8710
6152
5366
-11252
-1004
-8176
1746
-15324
-5658
-6140
-16
5168
1750
-8148
-4355
-14320
3079
-8180
3558
-7136
-546
-1808
3603
36
254
-4076
-8958
-2028
-2575
-8164
3098
-20460
-2298
-6136
2058
-12276
-3835
-5100
-1560
-5040
-2561
-12248
-9733
-14336
8485
-7152
-10253
-1992
4577
-9180
5123
-16364
11009
-988
280
-12276
-264
-1012
768
-9172
-2849
-18384
-12014
-9196
-9784
-8168
2294
-8132
1015
-5100
1028
-6108
1046
-984
-1048
-13276
-12295
-14292
-1526
-9988
-8479
-4884
-5361
-13232
-6150
-12244
-2823
-8156
-8707
-10232
-9973
-14324
-4079
-4876
-8956
-4068
2029
-4080
4851
-3040
-737
-5084
-2056
-10236
-5683
-1012
-1294
-9176
1508
2064
513
-3044
2791
-7120
-4102
-9160
-8
-7124
8463
-18396
-269
-4868
-7450
-4048
2290
8
2550
-2832
2316
1040
-3293
-8968
-3303
7240
13567
40
4100
-3060
-4350
-6128
486
-4056
-10259
4104
-238
-11244
-5664
-16364
-9708
-7100
12551
-776
7194
-7140
-11303
-10000
-11017
-16328
-7961
-9176
4873
-976
-3081
-7120
-9495
-4072
-8981
-4060
-2064
-4076
-1302
60
4358
6384
3851
-2020
-217
-12252
6643
-1016
4331
-9192
-11803
-12264
-2802
-9188
-4084
-8980
-1020
-1004
-7162
-16348
3302
5132
5098
-4044
-4845
-8132
3073
-5116
1061
-4060
-4642
-13064
-5625
-13064
-266
-12272
-2816
1036
-5603
1048
11790
-5116
5347
-4072
3575
-3064
-3574
2300
-1773
-10204
7409
-6120
-1277
-12260
-1033
-7940
5891
7204
-5847
3112
-2571
-3072
8933
-11264
7442
48
-1011
-10236
-2572
-5088
-6165
-8156
-4069
7176
293
-14312
-8247
-4092
519
-4080
6412
-8148
-5622
-6124
2270
-11220
-2798
-988
1260
-2856
-3088
-5116
-512
-6116
-5643
-7140
-6127
-17372
-6646
24
12296
-3036
527
-3024
-5341
-7940
-4876
-4068
3110
-10228
1530
-11248
-3860
-7960
2294
-7148
10485
-6140
-1262
3072
-5348
-9196
9430
-9184
2044
-8168
-5157
-17172
-3325
-5100
2560
-7960
2799
-7128
520
-4056
3035
-5892
-267
-10208
-4322
-14284
1780
-1796
-6900
-9168
3591
-8132
3075
68
-6365
-9192
-1799
-12252
-1029
-9180
8969
-4080
3597
-3032
4826
-8964
7464
-3048
-1300
-3008
1313
-8980
3845
-11188
-819
3300
2315
-8180
-2818
-4076
-1315
-19412
-10982
-7140
13828
-14316
-7683
-5112
1556
28
4570
-9204
-4869
-7164
3082
64
9773
-2020
-5883
1036
6647
-4888
2531
-7120
9003
-3056
9203
12
706
-4056
-6920
-964
2601
-996
-2580
-9180
5367
-8168
3594
-12272
-3566
-5096
2552
-16144
6383
-3048
6133
-7148
8974
-10212
-10747
-15340
2800
-15132
5616
-10208
3126
3128
1523
-8180
2612
-8136
-515
-3068
-6132
-8136
6894
-2832
-6668
-3060
-4847
-5108
-3830
1024
13777
-988
-5096
-11236
2060
-4072
-236
-4052
6945
-10212
1018
-13292
-8446
-7164
2558
-11224
-508
-13080
4353
-8144
-5605
2076
-5112
-7152
7173
2092
-6875
-6132
757
-4056
-5619
-3040
-1278
-10176
993
-8156
4074
-16336
-7913
-7116
3086
-10224
-1047
-17372
-7709
-1996
-5399
68
3845
-14280
-2312
16
805
-3052
-4109
-11240
-2
-1796
10507
2092
8948
-19440
-2829
-996
-5303
-7164
-1274
-7132
3340
-4044
-2100
-8168
2320
-2008
-4352
-6116
10755
-4060
1268
-10216
-2068
-4096
-5369
-12224
3060
-9164
-5367
-13304
8231
-6136
-6401
-3052
2549
-9148
233
-13276
10232
-7132
261
-11232
4603
-12264
1274
-12208
-1557
-6092
3580
-23280
5353
-11220
5359
-11012
3863
-10192
-6150
-6924
-3834
-8172
4592
-7156
12556
-9160
-754
-7136
7159
-21428
3329
-10172
5380
2288
-3803
7220
1286
-2044
-3819
-2020
3318
-8152
-13546
-4072
-730
-18188
726
-976
7191
-1812
4904
-1000
8696
-8144
-6657
-12228
4866
-8976
529
-10236
-2266
-9184
-4333
-6144
-4083
-4868
484
-5056
3092
4124
2807
-9988
1504
-11224
-3836
-16372
2830
-6108
3060
-8152
6136
-988
-11512
-968
509
2080
-4075
-10204
-510
2280
-1022
-9216
-11
1040
254
-13252
3845
-3028
-2296
7192
1528
-6136
7158
-11232
-503
-2016
754
-8168
1292
-11016
234
2300
-5895
-12224
-7188
-16384
820
4128
1274
-8140
-5858
-10200
-4405
-15300
-6639
-16356
-1805
-3040
6368
-18416
274
-8164
3333
-12256
-4838
-7116
7151
-16380
3834
5200
4362
-6140
-248
-11236
-3079
-3048
-6631
-10212
-1277
-9168
-5927
-11228
-491
-1020
-1028
-5088
4897
-4096
-4064
-9192
-5113
-3044
-10995
4140
3105
-11240
21
-10188
-7428
-988
2072
-6116
-7159
-4048
-4340
-11252
10502
-2048
12016
-15348
10264
-13284
-6147
-11236
-2857
-7112
2556
12
-5387
-8192
-6685
-1024
-1282
-2016
-2799
-9988
-9498
-7128
-13097
-9180
5145
-14312
4070
-15356
-6406
-6108
1548
-12260
752
-1024
-9484
-9172
3584
-5112
-7438
-3024
10229
1068
-1272
-13292
-2568
-3048
7411
-7124
1528
-11228
7697
-8132
514
-5088
-4859
-3036
1033
-17356
9974
-9204
1775
-2828
-4135
-7168
-7192
-5100
-8991
-4092
2805
-9176
4597
-21460
3065
-9180
-2822
-14100
-5105
-7136
6892
1040
1041
-11220
-6637
-8156
3852
20
-2278
-8124
260
20
11506
-11240
-6646
-6092
-11015
-10228
-516
-5096
-3081
-11224
-6127
-8160
-279
-5112
6882
-17392
5389
-11012
785
-6100
-2520
-7148
2284
2296
-3046
-9208
5143
-4028
-8190
-5096
2786
-13060
-4898
5160
3331
-6112
280
-12048
521
-6140
5137
-7128
-16453
-5892
7984
-16336
-1014
-4032
2773
-4876
8182
-3056
-4594
-10204
-1513
-8124
4380
-11236
-6914
-11228
-4075
-10236
-28
-4084
10014
-11220
1292
-7120
17138
-10188
3341
-7140
1542
-11224
-6114
-1004
1275
6148
5861
-2828
3353
-5108
10784
-4064
3377
-3052
-4857
-7132
-4879
-776
-242
-9196
9734
-8136
-4862
-4072
-11014
16
8445
-9188
-1012
-5072
8202
-1968
3070
-1808
781
-6112
-4068
-12276
1306
-9160
1791
-3040
-7650
-7116
11790
-9184
1566
-8144
-5623
-3028
1527
-6924
-4278
2092
10750
-3032
-4846
-4044
7667
-8136
10213
-14332
-2282
-13288
-796
-11196
807
-2020
-2059
-7152
2299
-6124
-11270
-12220
-484
-14324
11708
-11248
-2289
-988
-1310
-9208
1533
-1972
-9402
-19208
-1801
-12272
-11813
-9184
-767
-988
-8161
-9156
-3054
-8128
7404
-5100
17723
28
-10480
-10004
1264
-8184
-5376
-6136
220
-6132
-6903
-1004
260
-11244
-1030
-13300
13271
-9192
-4106
-3032
-1794
-2036
-2289
8
-3613
-2012
6396
-6080
-3078
-7124
-4351
-11252
-5369
-6120
-1048
-8136
483
-12268
8248
-17408
2818
-5088
8223
-2040
-9204
-10204
4117
1024
-5870
6184
1536
2068
283
20
2581
-11256
13556
-18388
2079
3096
-272
-2040
-4115
-7164
-14585
-15324
7199
-1000
487
-11188
-3801
-3028
-1566
-5040
3597
-11212
3833
-10176
-760
-5108
6636
-4060
-1802
-3016
-533
-7140
2786
-8120
-7394
-11224
7923
-12224
-8684
-9208
1074
-9212
519
-7136
1013
-8184
-3063
-1968
-6650
-6128
9187
-1012
-1004
-4056
-5883
-9204
8722
-5104
-1283
60
794
-9188
-207
-6920
-8223
-10180
-10252
-3056
-4113
-1000
-283
-11252
-5380
-13284
4606
-15336
8685
-15332
-6885
40
8193
-11208
-6902
-12036
14124
-5088
5116
-14088
-1231
-9184
766
-9192
9431
-8168
-8417
-1008
10753
-8176
-7691
-8164
3337
-8144
-3332
3116
-523
-11248
-4091
-13260
7687
-3044
1535
-9200
-11833
-9172
-4356
-9152
-2344
-5112
9527
-6096
-9766
-9140
-5877
3092
4097
-6088
1796
-7168
4866
-1996
2573
-20404
1773
-9168
-4630
-14296
-4355
-13312
4609
-12264
-2816
-2044
-4860
-13264
-1555
-15312
6391
-13272
-6399
-15124
-773
-5084
2045
-13240
-2617
-14292
-2843
-9196
-5383
-18392
1281
-12248
5158
-8160
1012
-6084
7154
-8156
2847
-10184
-4883
3100
763
-13276
-9711
-10232
9943
-7136
-8691
-4088
10268
-21480
6357
-10224
-9230
-11208
-3092
-5120
-5642
2060
6900
-9184
3303
-7168
-6386
-6124
-501
-10188
12
2080
3830
-10204
227
-6096
2802
48
-7402
-8148
-1027
-5076
-2043
-8172
-469
-10164
3583
-10192
-7175
-4068
-6118
-8188
6662
-18388
-5391
-16376
5873
-11036
6138
-3056
-5868
48
2274
-776
-3097
-17364
-7163
-9192
1796
-15336
-3811
-6108
5379
-9180
-4611
-19436
-2810
-17368
-10783
-10204
7956
-14296
1794
28
11331
-8192
1285
-5892
-517
-7960
-10750
-2036
-2038
-3028
8972
-8968
-2813
-3040
8404
-8108
2823
-5892
9689
-4036
-11487
-10204
235
-6096
3304
-5892
10751
-7132
-4084
-7132
5654
-9212
4112
-15356
-2551
-12264
-1322
-4876
-5117
-14304
5599
-8156
1267
-4064
2035
-13252
-2522
-3012
2307
-5104
11547
2052
13282
-4056
-9737
-17364
7150
-7140
-3335
1024
1007
-15288
-249
-8168
-497
-8180
7180
-8192
-3556
-14324
1544
-5908
3056
-20456
-4378
-21504
-242
-6928
-4348
-10196
9726
-16140
5885
-5920
5664
-1796
-9471
-5088
-4618
-20228
3823
-6120
1005
7208
1030
3108
-2023
-21452
5362
24
4072
-4056
-12284
-1016
-5380
4112
-2264
-7140
5153
2060
-6915
-13268
13803
-7148
3072
-9156
-3081
-11236
9468
-9168
-3559
-7136
8689
-9188
12063
-18180
3602
4112
4855
2116
5898
3316
6651
-4060
-4841
-5104
10240
-9196
5122
-3004
-2817
1036
8479
-1024
-10487
-11252
-3097
-7144
-3576
4144
9981
4120
1071
-6128
469
-4064
-6935
-1008
-1306
-10220
272
-7136
988
-6116
-4626
-4088
819
-10180
4579
-7156
-4900
-12248
-4849
-12284
3842
-12280
-4630
-11220
-4618
4112
-11278
-9152
-5891
-16364
5375
-13312
5662
-6108
2076
-9164
7454
-11256
-4333
-9184
-2548
-13296
-998
-3848
2768
-16352
-5338
-12040
-5625
-10184
10491
-1808
-2825
-2032
7468
-20468
3288
5132
-10986
-15328
3834
-9192
6633
-13264
-1512
-8164
-7677
-17372
-9744
-11232
1012
-6116
2055
-11220
6910
-4868
6896
-14215
753
-3052
-10463
-6132
5390
9228
-4628
-11232
6877
-10212
3340
-21436
8457
-8172
3575
-8968
3851
-4068
-5884
-5092
-8227
-10204
1768
-6128
522
-5080
11531
-9212
-510
-13296
-3090
-10240
-724
1104
1522
-5892
-8734
-3060
-2312
-12240
-6404
-16148
2821
-19444
4582
-7116
-4372
-5092
222
220
10515
-13300
252
-5108
1508
-1796
-5123
-7148
4838
-1012
5633
-5104
-10495
-1024
7426
16
-2823
-15304
-3861
16
-7406
-4064
-3095
-9204
-495
36
1534
-8188
7968
1076
-1292
-11252
7943
-16332
-4594
-14300
3844
-7152
1028
-3848
-11541
-3852
285
-9192
-1806
-12264
15843
-8144
515
-4072
6905
2064
987
-11256
-4858
-7108
-7166
5120
520
-988
730
-2004
-2308
-12284
-294
-14328
-9973
-12256
-8968
-15340
2024
-4068
1304
-2020
-2816
1036
-5632
-14296
-1541
-15328
6418
-2020
3353
-7136
4857
-8168
6383
-4876
-1537
-8132
-1510
-14312
3827
-20452
-3567
-9184
5377
-12264
9727
-12264
4665
-5924
5357
-13264
1296
-8156
5372
-10212
-4866
-15340
775
-992
9470
-4080
1309
-19424
1773
-1796
-3885
-13060
-2550
24
-2535
-3056
6391
-1024
-3567
-13280
3334
2068
-5119
-8964
-5629
-7108
4883
-8184
-4114
-6136
-11001
-7140
-5145
6196
3592
-6108
-766
-6916
2546
-12252
-2585
-23232
5628
40
7916
-6140
-3059
2084
10239
-6096
1270
-20460
-6686
-5052
1814
-10188
6900
-4084
-8191
-12272
6934
-16372
974
1060
-2307
-3052
-4092
-1004
239
-8140
3587
-4068
-3544
-9176
11223
-3040
-15061
-8188
-2814
-11236
2551
-11232
-492
-7112
2526
-3060
3580
-15332
5103
9284
6135
1060
6369
2092
2794
1072
-11002
-6124
-1304
-16324
-9719
-5892
1016
-3032
-4362
-18408
11814
-7136
9923
6148
2571
-8972
6609
-11024
2080
-18180
1030
-5088
1354
-2848
3066
6180
-236
-5892
-7165
-2036
-10507
-2020
3321
-8968
-2266
-7148
4369
-12248
-2295
1256
-241
-8180
-6649
-11208
8429
40
4097
-3020
5339
-5112
3321
-6112
14097
1044
5129
-7136
-1038
-8156
7400
-13264
-1000
-1024
529
-12248
6914
-5108
4116
-10228
-9224
-5096
283
-2024
-4606
-10196
3856
-8152
-1007
3116
546
-2016
-5879
-10188
-9469
-10212
-762
-17376
4353
-5092
3882
-12272
12815
-10216
2329
32
1018
-996
8684
-5104
5631
-9208
-4088
-9196
-4351
-9168
-2534
-14300
4119
-9200
4332
-9192
267
-3032
7422
2068
6164
-1000
2836
-8180
-2570
-6096
-2050
-9168
6134
-7156
-8689
-4072
-2829
8
-4575
-7144
242
-12256
4369
-6128
12280
-7116
-3034
-972
8923
-16344
1014
-2020
-11786
-10216
-1269
6160
-5870
-5068
2049
-11204
2335
-3052
-5126
4156
-8697
-5052
-6387
-5060
6905
-14304
-2822
-4072
2537
-10228
2038
-3056
6666
-9172
-1043
-960
-3304
-5072
-6136
-11240
7453
-14292
20260
-13276
-303
-2028
-2589
-6136
2071
1028
-1285
-17372
-11517
-7124
-502
-10176
-9185
-10236
4377
27456
-5356
-2016
993
-8172
-6916
-6120
5385
-8968
2805
1052
-4335
-14316
7214
-13272
-7690
-13292
-2825
-996
2279
-11264
2580
-7132
2059
16
4088
1024
1562
-4076
-299
-7168
4100
-10208
-2557
-5068
1236
-4084
6151
-5080
-1024
-6120
8666
-3044
4602
-6108
-5094
-6916
8917
1044
-3307
-1020
9429
-9192
-6929
-10196
13271
-9184
11786
-6120
1282
-4056
4595
-11236
-5887
-10196
-2312
-12068
7939
-13304
-3060
-10236
-292
-7164
9242
4128
-7682
-2032
-8695
2072
3595
-7104
7934
-3048
-2796
-5088
-4348
-16356
-2097
-6104
-2808
-12256
-6385
-9188
-2325
-3016
7708
-14284
-6365
7416
4842
-9172
-5594
-11216
-7133
-3056
242
2240
-2806
-3852
3334
-12036
6645
-8172
-2829
-3024
-1522
-6104
722
-11240
5360
8236
1281
-21476
-2783
-2024
3858
-13288
-3101
2272
-1060
-7164
3098
2072
-4867
-4072
1296
-3044
-4111
-13296
9460
-10204
8457
-11016
-7682
-4036
-736
-5076
1564
-11204
-1775
-10220
-2072
5140
1791
-2028
-1512
-10184
-3347
3312
745
1052
-784
-4044
-1043
-6104
4064
-9196
9728
-7148
6679
-12288
-8746
-13300
1537
-2036
-6396
-14320
-11267
-8140
3566
-1996
7712
-772
-5148
-6124
-226
-13304
-9447
-16316
2779
-10232
485
-12052
-4367
-16356
-272
-6108
3811
-8172
-11011
-10216
-6647
2080
-1763
-5072
10000
-5116
4327
-6144
763
-8152
-6406
3112
1775
-17400
5363
-9156
-4886
-11232
-7675
-17356
9716
-2032
-5351
4132
524
-6112
5890
-12272
3335
32
-2037
2048
5378
-13272
-4102
-13276
3100
-9184
-1498
-10192
43
-14324
482
-13256
-2546
-13300
6115
-8140
-7179
-12256
-8413
-3016
259
11300
4336
-5056
1020
-14296
-5600
-3056
755
-14284
556
-13260
6103
24
2285
-11244
-13576
-27364
-3065
-3048
-1251
-17400
7693
-16372
8725
-2036
12510
-15340
-3070
-1016
10261
-12256
-10236
-15320
-733
-1024
-1012
-12260
2024
-8184
15333
-6132
8692
-12248
-3582
-11200
4866
-1016
8429
-7116
2806
-2008
8212
2104
-10469
-12268
2584
3108
3554
-13288
3073
-8168
-6906
-11216
4870
-796
755
-4044
2307
1044
-12017
-8968
6663
10240
-2815
12528
-11293
-1020
-1782
-8180
4862
-5900
-3319
-14284
6877
-3052
-501
-7136
-2
-10212
-2049
-18184
3821
-5104
-3847
-3008
-1041
-3068
2275
-8180
-3054
-6124
5362
-7132
-3585
4128
-1792
-5064
-6677
1036
-3345
4340
-1531
4
6896
-4064
-9986
-8168
-11528
-5080
2052
-5896
-3619
3124
-2
-10240
-1566
-972
-2068
-1012
2261
-13060
1556
-14292
250
6192
-4851
-16356
3834
-12272
1525
-3000
9208
-5096
233
-4088
-3339
-1808
-5882
-2016
-5893
-4092
2283
-15332
2308
-11220
2301
-7160
-3798
6156
-1026
1108
12557
-2020
2816
-6124
13547
-6100
-6648
-3040
-2308
-6112
-486
-6132
12042
-8168
-2787
-5072
5886
-15340
-9710
-14292
-289
-11224
-3305
-10220
4578
-12288
785
-7152
-2809
-11224
-2781
-9156
8750
-14332
-1803
6384
2535
-2000
-3554
-4036
5620
-6100
11534
-13244
2812
-4084
11284
-13304
-9692
-8172
3606
-12236
2822
3084
4874
-9168
-5630
-12264
-13
-6940
-228
-8132
-3822
-12256
-8446
-12268
-4098
-10220
-6401
-4040
6635
-784
7157
-11264
-486
-1816
7983
-18408
-1259
-5904
1037
-11252
-2821
-7096
-2274
-2028
2021
-4096
-7208
-11252
2292
-13312
3640
-2832
-773
-14320
6412
-17372
-6666
-6096
-2322
-6108
-2082
-976
-7701
-11220
-242
8
-1795
-5896
-3073
-7152
-1836
-996
-4383
-10172
-5634
-5092
-1525
-17164
2584
-5104
-9724
-10232
5133
-7140
3332
-2012
-3603
-18380
-10247
-10240
9451
3080
-1245
-3048
4637
-7081
1044
-2040
-2587
-1004
-263
-10208
2557
-8132
-4578
14356
7700
-10200
777
-3036
-9486
-13280
-2831
2300
-12294
-9164
-4074
-15324
538
1276
-6166
-10208
6900
-6140
-6104
-12248
-2829
-2032
-4380
1260
5604
-14296
9987
236
-6917
-956
541
-15328
2288
-11216
-13318
-8176
2839
-4884
-3565
-7108
4346
-9192
255
-9212
4089
-12284
-5596
-14292
-6431
-15324
9968
-9176
-1819
-5104
3571
-14316
-9215
-7124
3608
-3048
-2292
-3068
-2066
32
-2583
1024
-3861
-7108
1032
-1004
-7167
-4052
-1509
-6140
9431
-1004
-8452
-6140
-464
-5088
2052
-4040
4366
-7144
-2016
-6144
-4588
-4028
789
-20468
5111
1080
-6406
1056
3062
-7116
5340
-8164
-1565
-11036
-1277
-11044
-2076
2068
2842
-4880
1534
-9204
-4124
-3064
3057
-14296
-6411
1108
-7156
3080
748
-4872
-759
72
-11282
-5080
-4353
6164
807
4096
5639
-996
2576
-2036
-256
-1008
-555
-11232
536
-14316
-2830
-11236
1758
-13264
-6909
-1976
1523
-10212
-2816
-4068
-780
-4088
-793
3112
-3570
-9204
1811
-4084
4627
-9996
3074
-5096
11028
-3012
-4377
-7104
3079
4112
2070
-2024
550
-2020
6899
-16368
-2783
-8160
12034
-5088
5625
-11012
-6107
-21496
741
-18380
-753
-2000
500
-4068
-3331
1060
2535
-3056
-7424
-4052
-7706
-9204
-3564
-8176
4888
-14084
-6122
-3044
-2316
-6072
7201
-9196
-3603
56
1050
-9200
2566
-772
-524
-7136
3562
28
5613
-4072
1519
2056
6401
-9188
-1777
6184
3322
-7152
4366
-5072
9475
-7144
-6384
-5900
-5893
7204
-1277
-6116
2
-4900
794
1044
-3080
-5096
3320
-8172
7951
-7152
-1024
-2044
-6097
-16344
-502
-984
-8702
1040
4588
-2036
12750
-2020
2809
-15276
4112
-8164
2050
-776
-10244
-3016
-5894
4108
7931
-15356
228
-3860
727
-4068
-3062
-3064
-6700
-13276
-12542
-2028
-507
-6928
-4851
-9212
-256
-6948
-1298
-6120
9697
2052
6125
-3860
-7935
-2032
21038
-9196
-498
-4056
4360
-3032
2818
-988
-1
-7144
-2297
-992
-3849
-13072
2037
-13252
-4134
-4084
-1276
-9180
-6627
28
6657
-10216
-773
-7148
-245
-9176
1811
-7940
4603
-11236
-7893
-4076
-34
-10208
10714
-4880
-5120
-11256
1544
-12268
-2565
-9204
4337
3132
-500
-7156
-4891
-4064
-769
-6116
-9752
-2008
-2286
-6140
-543
0
-6155
-10216
487
-10220
2081
-3064
-1536
-4092
-9958
-1016
2052
0
-492
1028
4789
-11244
4341
240
-3303
4100
273
-7168
2057
-7140
4593
-2044
-5381
-12040
-1554
-9184
-2570
-9212
2361
-2028
8460
-3016
-4841
-2024
-8970
1268
-2061
-4096
-2514
-992
-245
-2828
9229
-14336
-1782
-5928
-5092
-13276
9999
-4044
502
-5104
1492
-3060
-4576
-5096
1036
-4096
-4607
-3064
796
-14288
-2581
3120
-10728
-2016
-6968
-3864
3064
4148
-7664
-9992
5140
-4892
-282
-4052
3576
-9180
14886
8
7430
-10224
-10538
-5900
-7445
-6140
-4375
-5112
-6981
-11240
-522
2068
2801
-7100
-3311
-7144
-491
-4056
33
-4052
-1770
-18396
3836
-11256
2072
-11244
5884
-10188
-1553
-6144
3579
5156
2558
-4088
-6125
-3848
10495
-956
-4617
-8160
3332
8
-2079
-6140
2824
-11252
9470
-984
-4599
-6120
-9966
-9196
-4854
-9216
4133
-9208
-3338
-13308
-3605
-11232
-2001
-8160
-236
-18404
-5675
-1004
2262
-14288
5395
-25328
-3863
-7112
-3051
-2020
-8671
-17400
2540
1060
-3044
-12268
3821
-4056
-6129
-6108
1312
-3008
-223
-12252
-4079
-6944
-12341
-2020
-9447
-8148
10474
4140
4083
-11248
-4856
-6128
2033
-8164
-3592
5132
4843
-10176
249
252
-1770
-15304
-759
-2840
-2581
-8148
-4358
-2000
13056
-8148
-3351
-7160
-769
-9204
507
-9184
7409
-984
2808
-10224
2050
-2048
3544
-9180
783
-20444
-1285
2068
-6400
-9204
4868
1044
-8206
-3064
-1269
3144
-12837
-2048
1025
32
-6150
-6136
2067
-13312
-3078
-17360
8151
20
-9460
-9172
760
-4868
3854
-13260
8434
-1024
-4086
-10212
-4592
-4868
-1546
-2840
-4076
-12272
821
-14092
-528
-7136
-1781
-9176
12275
-6112
2044
-8164
10458
-2828
1552
-15108
1007
-2016
-1517
-9180
-5627
-14332
8663
6176
-5616
-9212
-3624
26584
5626
3084
3313
1052
3582
-7976
504
-11240
3568
32
-1014
-7168
-522
-11032
-3578
-2016
-5147
-12236
15106
-15332
-4316
-3064
8440
-12212
-547
-5092
3331
-6116
-2037
-13296
4600
-12236
3808
-10224
-3565
-12040
5367
-13284
5623
-9180
4332
-12244
10245
-7152
6652
-11016
-9468
-2032
-4630
6204
-18681
-5104
-8198
-6128
-238
-6120
2801
-3036
4341
-10240
3558
-9200
1811
-2048
-8206
-6100
11521
4120
-7931
-11212
5382
-1976
516
16628
10233
5364
-8470
2292
-1044
-7136
-9181
-5108
11014
-7168
-4068
-10208
5341
1060
-5367
-3048
5100
-3052
7443
-13268
10252
-5904
-2049
1080
4095
-3064
12032
-19456
-2295
-5056
23790
-9180
-250
-7140
-4842
-14324
6172
-13072
2538
-15284
5367
-13260
8173
-8976
-2563
-4024
-6116
-5100
2062
-8164
11780
-5060
5897
-7132
-1014
-14336
3551
-17376
1818
24
8468
-7940
7199
-10224
9694
-7156
716
-6116
-5146
-7112
4395
-12272
-4098
-4080
-10708
-6132
-9248
-11244
-8481
-9204
6407
4156
3335
-9196
-1019
-13288
-13
-11228
2810
-17368
-13316
-4076
2815
6156
-4596
76
-2826
-4080
-7711
-10204
4350
-4052
7424
-2864
4591
-9196
766
-4052
-2617
-2028
-259
-15320
5124
-3048
7983
7168
-1533
-7112
14058
-10196
1042
3108
-1512
-20444
-2061
-8176
3326
-8156
-4884
-9144
10479
-15360
1534
-6092
1027
-20428
-7147
-9988
3809
-9164
-1794
-3048
1038
-5912
3092
-8968
-7702
-4028
-2034
-18396
-1761
-6124
-992
-1980
-9185
-8172
1789
-19412
-5095
-6120
-255
-8168
3856
-7144
1512
1096
-5891
-996
3056
-5084
-798
-1941
-7944
252
3597
-14316
-4881
5168
1299
-1012
3333
-2016
-1004
-7156
-9241
3080
745
-13252
2807
-980
-7706
-7164
281
-1964
-9
-6084
-7649
2064
-798
-4036
-1047
-9992
-770
-7112
-6125
-7096
-4333
-13060
-5642
-8968
-11743
-10208
-9258
-3068
5376
-15344
11275
-4032
4614
-12256
-2836
-11244
-3591
-10240
3600
-3052
-27
-19204
-17158
-2004
237
-7104
5880
-8140
-7422
-6144
-3762
1096
2544
-7112
11506
91
-2561
-10240
10238
-9184
-978
-19452
4905
-6144
-958
44
5141
-10216
-3595
-5084
5880
-3064
-13320
-13292
-2042
2052
2043
-10220
7178
-5096
-3583
-19440
-6638
-12284
5329
-3020
-1815
-15332
-4333
-21500
-9738
-6080
2854
-12280
3316
-7136
-1013
-6084
-5357
-4084
13
-11220
-523
-984
3342
1024
-2320
-8172
-2042
-2020
-1265
-6132
3852
-11232
5874
-4032
8210
-3028
-1836
2076
-8171
5180
-13
3080
2279
-14308
-1505
-10228
-20
-15328
3030
-13280
-2028
-2824
-526
-7128
6405
-8184
-2277
-10192
10002
5132
-996
-7096
-6643
-12248
1784
-6128
1292
-2028
5378
-5116
-7184
-4076
7418
-6140
-3586
-10212
1555
-10208
-2280
-12264
-21
-2028
-1801
-7120
6902
-13288
-3607
-5896
-1263
-13284
-5084
-996
7154
-16356
8225
-3068
-5612
-8984
11289
2276
-6668
2080
-2815
-7164
2049
-10220
-735
-10228
-6402
2072
5870
-15336
-1803
-3048
4104
-3048
9952
-3064
-5382
-1016
-9535
-13276
2794
2096
-1537
-10008
-4073
-5072
-3348
28
-7408
-13272
-4856
-7160
1794
48
-2781
-14292
-1054
-9180
512
-4068
-3835
-9176
-2554
-3072
270
4100
1801
2080
-3315
-16336
6681
-4080
-2838
4312
3572
-1012
-3063
-9184
4331
-3036
-9989
-996
4611
-4084
4648
-8168
-433
-11256
-13321
-4092
-3868
-7164
-6930
-11228
1536
-3860
10512
-11240
2299
-9212
2301
6396
1302
-3072
485
-12248
-520
-3052
2540
-6108
-9725
-7136
2325
-1008
-11021
-12276
-6152
-12260
501
8224
3342
1044
3080
-23276
2551
-10208
2343
-4888
3576
-808
-1297
2300
2292
9244
-1547
-5896
519
-13060
3855
-9148
-2306
-14320
-2544
1024
-3561
