-12248
-2302
-5108
512
-14332
-7464
-6132
255
8428
486
-5104
3318
-5092
-6907
-5072
10461
-3032
1280
-17400
-4855
-3028
-1295
-6140
1529
-17364
6653
-4888
10529
-14332
-3578
-1020
10251
-7152
-4351
-15108
-5658
-4096
-7695
-11252
4108
-11240
240
-7168
-11778
-7140
-8207
-2988
3070
-5084
-8462
-6136
4626
-5104
10743
-6108
3075
-4076
8463
-1996
7927
-15336
-5340
1068
-5375
-16372
8493
-6112
3844
-4040
-6647
1056
-2024
-6140
-10759
-9168
-5126
8
3845
6144
-6625
-12040
1498
-19444
1268
-5892
-2050
-4880
5904
1060
-2849
52
-263
-5112
-8954
-6124
4596
-15296
-8947
3092
4365
2060
-4852
-13296
-2279
-3040
-3605
-7144
3
-6116
-1015
-6116
-475
-11244
2543
40
8219
-6144
-5377
-2044
-6631
-3860
-270
-7124
-6898
-9216
-2822
-14328
1302
-19424
-10003
-4084
3062
-7112
-16592
-5064
12753
-10212
-261
-7124
-2299
-9200
245
-7148
-3597
-7164
-1263
-984
-1569
-8148
6139
-6112
-1809
-8148
-8161
-10180
2839
-4020
5124
4096
2812
-10208
-1270
-10004
-8
-8184
-3318
1084
-522
1056
4617
-4072
760
-4064
-11530
-8180
-6416
-16380
4332
-6144
-3058
-2012
2834
-14300
1509
-7152
2822
-16352
10751
-4072
3290
8
-2036
-4076
8178
-10192
-6632
-17408
-5139
-10200
-1019
-10220
2300
-10192
-3272
-7112
-781
-12224
-282
-9184
7205
-6120
14
-10204
2094
28
4131
-6916
2810
-13268
-2827
1068
-1560
-4880
1030
-8968
254
-8996
-13281
-9164
4606
-3856
-8710
-6136
36
-9192
4844
-11224
4340
-14308
6155
-15332
-15350
-5080
1268
8196
9500
-14328
222
-9160
-5620
-14332
501
-7156
-11021
-5084
4609
3132
-5883
5132
-2306
-7148
3078
-6092
-3068
-8176
-2561
-6916
472
-10204
-3835
-5096
-2301
-7140
-3840
-7168
6428
-16348
-15350
-10036
7437
-1996
12516
24
1005
-9200
3788
-11232
5876
-13304
5360
-13304
1771
-6096
754
-9188
2824
-2048
4084
3092
-6909
-12280
-6124
-13264
4096
-10228
-1272
-2000
18
-6132
4088
-7144
-9488
-15324
-6128
-2036
-504
-3000
-1018
-3012
6396
-21468
1544
-10192
4363
-9208
6655
-9188
4825
-9188
2057
-8128
13819
-6108
-271
-7940
-10499
1036
2851
-3044
4852
-12264
228
-5056
-7948
3132
-15864
-12204
3576
-2988
4573
-5092
-732
-7120
2581
-2820
-3874
-7136
2588
-4084
-2565
-8144
-2538
-6124
-13581
-6053
3850
-13272
4362
-4880
-2831
-8164
-3867
-6140
-6649
-12288
4333
-4872
-6901
-2048
11758
-6916
-2046
-5100
5621
-2004
8225
-13300
3830
-9192
2026
-17384
-10774
-5064
770
-9188
-6916
-2832
-3075
-1804
-3821
-2840
2305
-804
3843
-10208
-4842
-10216
-14
-13276
7351
-4044
-6931
-7140
6403
-10220
-3567
-11224
5151
-18424
2823
-800
5403
-5088
-7733
-2008
3858
-13064
-2025
4120
-7675
-12252
6430
-972
262
-3032
-3333
1048
2541
2084
3836
244
517
7196
4333
-5088
-7154
4140
-4084
28
10747
-1992
-4361
-8128
3859
-2008
12282
-9172
3343
-7128
1526
-9196
-16417
-11232
5352
-18392
796
-8180
1321
-5100
5381
-4068
-2255
-12040
-9976
-7160
-2307
-19220
1809
1044
-3086
-9992
5865
-5096
-244
-9192
-3600
2068
-3307
-2828
-5903
4116
36
-14324
5385
-2016
-8220
-7148
4869
-16356
3556
-8152
-291
-10192
-2847
-15128
521
-10216
2566
-6112
7404
-6128
8222
-18404
2332
-1020
4343
-6140
-757
-956
1522
-6928
-7927
-9144
2295
-18420
-3539
-7088
6169
-5892
-7975
12
8201
-2836
1012
6192
2091
-6136
-8936
-2032
6674
5160
746
-7136
-3337
-7160
5867
-15304
-271
6152
5639
-7120
-1823
3084
-2802
-5060
-8469
-7136
-2846
248
-2330
-964
-8
1040
4319
-8184
1294
-9216
-760
-12248
7420
-10236
-3628
-18396
-4869
-15332
-2576
-6092
-5103
-5096
6658
-5100
-4086
-5100
-4068
-1000
1013
-9200
-1256
107
-2542
-15360
7142
-4056
-282
-17404
-4134
-16360
-2588
-5072
8977
-9188
-6661
-11232
1302
-9140
981
-6124
5368
-7952
4629
2296
1310
-20416
8965
2080
-7881
1068
-7669
-956
4386
-4044
1053
-11236
4076
1048
1794
40
1555
-14296
-1007
-8172
4868
-9160
-7965
-12280
-7421
-5112
-5894
-7116
4851
-5900
6902
8220
-4875
-6100
-535
2292
3106
-7156
-2781
-7124
4351
1076
4882
-2824
-5885
2084
4641
-14296
492
3112
-2059
2288
4889
-5096
-2038
-12260
5366
-6120
-6366
-6120
-2057
-10236
10190
-2036
8218
-14288
-5884
-3048
-3034
-6116
-4325
-6096
6137
60
-10536
-4076
3079
-8164
8213
8252
5140
3096
1278
-3028
-1818
-8964
-1033
3080
489
-3020
1529
-4904
-8953
-5904
1778
-17368
279
-3060
-7422
-8176
745
-2000
-6660
-988
-7651
4120
1253
-10228
2042
-12276
6147
-3852
2542
-17380
-4837
-4048
1015
1264
1517
-10149
2067
-4072
6908
-10196
18
-7124
-4093
-3036
-6405
-10192
-1008
-7116
-1797
-10180
-3082
-6132
-261
-14292
4065
4120
-8179
-4892
41
-11212
-249
-10224
-12259
-5120
248
-9216
8189
-6104
2846
-12284
-7188
-5120
-5364
-10228
-3833
-12048
7449
-6120
-9957
-11252
7428
-5088
1261
-9212
-3836
-3072
-3314
-9152
5617
-11236
1772
-13300
3318
-9200
-5141
4332
-2052
-11220
-6424
-17160
6470
-11184
-3086
-3056
-11536
-15348
19964
-3056
-3556
-3032
5918
-7940
1514
-4068
-261
-5076
-1315
-996
1047
-13256
8426
-6916
5155
-7952
-4619
-5096
-2038
-1008
-2317
-3016
-1568
-8972
1309
-8160
-1786
-8156
-15101
-968
2058
-8172
-1861
-10240
-3074
-5116
5599
-12268
2807
-12272
4337
-8132
4120
-6120
-2570
-10208
-3034
-7168
-4348
-5064
-7174
-11224
6399
-14288
10735
-2961
12552
-8136
-4580
-14096
-3353
-12280
12564
-11244
3080
-6132
2320
-8148
-1792
-3864
-3903
-5048
7463
-1992
2064
-11244
1278
-9172
-6413
6148
3309
-13288
6935
-8180
9504
-7944
-9223
-9184
489
-1972
6113
-2020
-6669
-6108
3558
-4020
1798
-6144
-3023
-7116
1250
-7120
-2855
-8140
-1787
-5104
-2529
1056
10048
-6128
2054
-3048
1013
-3044
-6172
1060
-2814
-14272
7678
-3068
-507
8
5386
-8192
-4849
56
6658
4116
3086
-7128
2061
-6112
6130
-17388
-2818
-10220
792
-11220
-1008
-14316
-6405
3084
5128
-17368
-2019
-19384
-5371
-13272
997
-5096
3066
-2012
-4624
-5900
1531
-6116
2562
-12052
1788
-9196
-5877
-21504
-258
-784
2072
-9184
247
-8132
3610
-2028
2808
1064
-774
-14288
4602
-6124
7665
-22240
-11811
-2012
-13336
-11228
-2314
-2004
4393
-9176
211
2072
2556
-26324
-10519
-3056
4094
-5072
4052
-968
-5160
-10188
-6395
-18396
-5368
-11228
-10510
60
-2570
-7144
11019
-5076
-2087
2300
-2014
-7156
5105
-4005
5394
-3040
-3563
-7140
1829
-12048
8432
-6116
-4609
-10188
515
-8160
-3335
-11216
-2081
-7112
-825
-5112
-14577
-10232
-3607
-8184
-11269
-16332
4117
-7144
1061
-2016
-2567
-5892
-1504
6168
-547
-5904
1265
-12244
-3840
3088
10215
4112
-3869
-7140
735
-20472
-5146
-7148
6642
-2016
762
-18184
-1003
1044
-1743
-3060
1298
-13268
4148
-6116
13869
-1000
2316
12
-3304
-11244
-8971
-5120
-12810
-2020
-5904
-984
4608
-4084
3568
-8152
-1052
-6096
1058
-9164
2564
-4064
5865
-6144
-240
-12256
-2819
-13268
2825
24
-4057
-7168
-4086
-12276
2020
-13244
6610
-10200
-13869
-2824
-2017
2076
-4087
-10216
5884
-8964
-5357
-8152
-2811
-4076
537
-14272
1010
16
-8947
-12044
-217
-13252
-4381
-7108
1292
-9132
-7905
-2016
5379
28
1794
-6124
225
-4060
1530
-7120
-8206
-13064
-7685
-10228
-2577
-6100
3337
-2024
8422
-3056
-985
-3048
17893
-4088
4348
-9172
-6907
-4056
-4122
-21456
-10236
-11264
-10987
-2024
9206
-7116
3822
-19212
-8972
-972
-2315
-10204
4607
-9208
-6917
-8188
18
-7156
-786
-10204
-4864
-12224
4145
-2012
10272
-2028
-5405
-996
1832
-5068
-2781
-5064
6879
-9184
3583
-16352
2572
-2016
-6921
-3056
500
-8160
275
-9216
-13
5156
-3057
-10176
1796
-1012
-5624
-8192
8935
-960
-797
-11212
-6914
-9105
3601
-6104
3864
-8972
-5865
-10232
-2079
-8136
4109
-13268
4097
-6140
7460
-16352
3063
-10204
4332
-9164
-2560
-5068
8450
4128
-776
-16140
5102
-5120
1501
-996
-487
-16344
-4060
-10212
3600
-796
2319
-7128
-1025
-17164
7126
5160
1780
-17400
-3577
-5060
6628
-8160
2340
-10192
-24
52
-485
-980
-1009
-6116
-7453
-10232
6142
-2008
4841
-5076
-505
-8156
6405
6392
532
-6108
7449
-15324
6670
-11228
9454
-6092
1307
-12248
-1789
-5084
-6367
-6068
-6652
-11212
255
-14296
-7941
-8160
4640
4332
250
-13272
14333
-3064
5373
-10212
-4123
-1996
4602
-1004
-11784
2080
259
3136
6165
-3044
-11007
16
-6158
-10216
-29
-4044
-1251
-6124
1269
-1004
494
-9176
-2094
-7148
7668
-7144
-2781
10244
-12333
-21436
2870
-1012
-515
-15324
4087
-3064
753
-11260
-2823
-1984
-4103
-17388
-1794
-5060
1540
-11012
-2321
-9192
2817
-7124
9497
32
8699
-10240
-15400
-11244
9953
-13288
-1023
-3020
-821
-10212
243
-3052
-4087
-10176
6614
-996
5082
-4068
-2789
28
-2030
-5072
3535
-8168
-2317
-7152
-3337
-7156
-5388
-1008
1267
-12248
4328
-6096
1254
-22216
10764
-6092
-1538
-7948
6865
-14316
-5126
-11264
4378
-7061
5111
-5104
494
-12276
2309
2088
-4115
-980
7162
-10200
11805
-11220
-3273
-5096
3860
-10204
-2296
-9192
520
-11248
2824
-9192
2562
-3068
6416
-5108
-4121
-5060
-745
-996
4564
-17384
-2270
-8148
3841
-9996
-4139
-12240
1043
-8180
-4620
1111
1533
24
-5624
-7164
-4078
-15332
7926
-18380
-14309
-12036
3342
-11252
5606
-9196
8706
-12220
2063
-5108
-16
-3028
-4386
-5096
-3087
-8968
-11003
16
6872
-1988
-1781
52
7913
-14324
22
-5892
3055
-13064
10484
-14276
-5913
3120
-802
-10137
2039
-15344
1059
4148
1245
-8156
-1795
-10192
-6640
-11264
3876
-17392
-5409
-6096
258
1096
3082
-7132
-1513
-11244
2325
-10228
-770
-12240
2272
-7164
-3594
-5072
-4620
-9196
-1262
-13064
-2310
-976
4362
-10216
-1297
-3040
2031
-9176
-18185
-3072
-1280
1092
3034
-13300
521
-5100
6653
44
5381
-12248
-7660
-2828
-2076
-15336
3866
1036
-7617
-4096
-4392
-16340
1081
-2012
-6628
-4072
3793
-8160
-3337
-4080
7163
-4052
-6909
-3016
12791
-11016
5130
4096
-11242
-3056
270
-16360
-3303
-14288
-9722
-9168
3815
-2008
9507
-8136
-1565
-13308
-2338
2072
7456
-17384
3082
-5100
-4574
-18184
4116
-8188
-6430
-10192
-5635
-4068
-2080
-17376
-11
48
-4067
-11240
-1800
-1992
1328
-4044
11250
-1020
7930
-3997
1512
-11216
7701
-7956
-5642
8
-1801
-4072
11261
1024
3058
-5092
-1288
-8144
-3575
-11208
-1275
-4064
-2553
-9152
-7184
-16384
6910
-14324
1523
-3056
4118
-11012
-7158
1104
-4909
-28348
4835
-17360
5893
-6116
-2036
5148
-8177
-3024
7962
-23224
-6622
-20420
-4834
-4060
-5638
5140
-5611
-7156
2794
-11244
-12033
-11252
3603
-18352
-8721
-9180
-8698
-4084
271
36
11254
-5096
-6924
1248
4611
-7116
-2857
-9156
2075
-2032
2783
-20436
-1304
-15316
2082
-14328
2837
-13080
2058
-5100
1504
-8120
-7408
-9184
-4863
-13304
-8709
-2040
-6943
-8156
1020
-10232
-8188
-8188
-4112
-6132
5043
5364
-5655
-6104
9725
-11260
-2527
-2008
-2842
-7156
7673
-972
1043
-5116
-275
-13236
-5400
1068
-4332
-15300
-2576
-6132
-4328
52
-2317
-12252
-5366
248
-518
-13272
3571
-6072
-3829
-5068
-11241
-11228
19732
-3064
-4065
5128
5606
-4056
3060
-3016
6168
-12268
2833
1048
2558
-10196
-225
6392
8442
-9200
1535
-4044
5116
-7148
-2
-15340
-5134
-6936
-4343
-4056
-3048
-1984
-1264
-12232
3844
4100
-3039
2296
-530
-11216
6396
-6080
3079
-8192
-3075
-9188
7418
-5104
2789
-4068
2565
-7132
2028
-8180
3578
-2028
-4306
-9176
-7681
-3048
-4099
-13304
9462
-1004
-7911
-6100
-1271
-3048
-7423
-8160
6659
-3064
-2345
-3040
-1801
-19432
3057
-14100
-259
-8180
-4111
-10212
-6133
-11220
8214
-11244
5107
-3028
-5359
-13060
-523
-1024
5396
-11012
-6126
-11256
11540
-8128
4104
-7160
-3065
-3044
7950
3076
-14584
-6132
4130
-4072
5337
-8172
-7
-4088
202
2068
-5876
-5044
-1024
-9156
5920
-12256
1048
-4060
-10487
-3056
3356
-5104
-3560
7232
766
-16372
5144
-6140
-8468
-6128
2032
-24304
2310
-4040
2057
-11044
1312
-5056
-515
44
4120
-5064
-2553
-7144
-734
-5096
2574
5180
-12559
-9156
5899
-5060
516
-15340
-7215
-4084
-242
4
-8186
-13292
8698
-13288
-1011
-5104
2809
-9196
5381
4100
10230
3108
-11000
-16340
-276
-5072
5632
-7108
-4863
-5080
-1536
-3052
2051
252
-3318
-2008
3027
-980
-766
2052
-6921
-7144
11763
-13292
41
-6128
-4345
-7948
15604
3108
2821
-14320
7668
-5100
-5905
-13304
269
-2016
-498
-8140
5141
-9152
7413
-17364
6885
95
-12823
-11220
-2564
-8148
6644
9264
4375
3112
4127
-5072
-2541
-8180
1528
-9216
-3799
28
5880
-5100
2833
-5084
10761
-1976
3861
-6916
-4056
-3060
1004
-12268
-8478
-5076
-2830
-11248
-532
-6120
11802
-5092
8480
-13268
1789
-6140
7435
-9176
-3283
-3056
-1510
5160
8957
-14320
-1786
-10208
3808
-1012
-2526
-984
2809
-3032
-2830
-9172
266
-14332
-3830
-7148
-5623
-12252
4588
-10232
-4124
-12280
278
-14312
2843
-6096
-488
-992
773
-1988
6371
3092
-5615
-7140
11794
-5112
8715
7184
-3862
-964
-4604
-15300
5367
-8140
-6379
-13072
2530
-8136
-1282
-15116
-5891
-11244
6658
-6120
5891
-12240
2035
-15328
-5099
-5060
2040
-10204
549
-12272
4614
-9012
4606
-7128
6902
-12272
7901
4136
265
-21420
-775
2068
-10214
-16320
6131
-8168
-1539
-5080
7932
-6100
-777
-11216
2029
-784
-4602
-4868
3849
-6116
-5655
-10208
2007
-2016
-8972
-6136
11244
-12252
2324
-5112
-1246
-8164
7902
-15336
-2820
-988
773
-2012
257
-4048
2038
-6128
9796
-19436
3114
-2008
-9675
-8168
6426
-10204
-524
-1812
23
-12252
13860
-7168
-8206
-6100
-6124
-14324
-766
-8168
-5939
-20436
-547
-14300
-269
-3032
-1548
-9196
3833
1048
1550
-11228
2789
-7152
-4591
40
6401
-9188
4069
-4064
10536
-13280
7974
-8160
-275
-5892
-9977
-9180
245
-5900
-4837
-9216
6872
-9184
7697
-7160
5
-3064
-2328
-16380
5864
0
-8216
-5120
-2538
3112
-1794
-16356
3613
-11012
-16411
-15312
-2314
-15304
7668
1032
3062
-10192
-11292
2056
7428
-4876
10238
-7160
-1551
-968
2339
-10232
-1028
-9164
2807
-5084
-2789
-9168
4628
-10212
7396
-15316
4842
-4036
-13836
-14300
-760
-7148
1249
-4060
16697
-16364
-745
-8160
2580
-7168
-6403
-5100
1276
-4040
-2561
-5092
1803
-5896
-7423
-4064
12272
-15336
4580
-7160
-4841
-15320
5876
-3040
5868
-12288
-2572
7180
-3854
-964
1040
-1024
533
-14280
2795
-14304
5614
-15336
4086
-5084
-1029
-4880
-4876
-10141
-292
-15344
-5938
-8144
-1262
-14264
2313
-9196
1062
-10188
-8458
-6080
7680
-13280
-1026
-7148
4358
40
5650
-13256
-268
-12256
4354
-20448
4861
-10212
6161
-12260
-2816
-1996
11257
-8136
-2526
-7104
3056
-10184
4293
2108
-1504
-9184
-1815
6188
-3062
-14288
-6915
-7980
-5346
-6120
-11288
-5096
-1817
-15332
-7401
-4060
-4596
-11232
-5684
-5920
-8938
-18420
1050
-11244
5121
-7132
-3087
-16312
3558
-9216
513
-992
-3336
-13288
1547
-9156
-4352
-19444
1771
-4052
-3809
-16348
1502
-7940
3116
-11224
3080
-6104
14353
-15304
-9460
-17404
6904
-972
13034
-9196
-1546
2064
3589
-4076
5922
-5892
747
-8144
4354
-13225
7454
-5080
2541
-5088
-4878
-14288
9473
-5120
6898
-15352
4866
-12244
-6659
32
-3042
3096
-4882
-8176
-6158
-11264
1022
-10220
5127
24
-4147
-8140
-2838
-7144
-8974
-4072
1784
-10220
2565
-2024
-524
-15348
-6650
-4060
-2037
-11240
1507
-16352
3338
-8176
-2052
-8144
-2553
-5112
-3567
-16376
3334
-7156
1052
-15296
283
-10200
3079
-4868
1805
-7108
12827
-996
-2564
-5892
-1252
-13288
-1790
-4076
547
-4048
-5375
-7120
-1056
-11236
-3599
-4084
3823
-6076
-520
1076
2298
-6096
976
-14300
17160
-8132
-4327
-1008
-5096
-7144
-6140
-12228
3580
-16336
4625
-11216
-4081
-5084
-12022
-19388
8187
-10224
5369
-5088
779
-10220
2833
-7132
-1005
-19436
3576
-3024
-8196
-8148
513
-6116
-8996
-4064
3077
-10200
6635
-3016
4346
-9208
-1056
-4060
3852
36
3062
-11244
-14599
-11228
3592
-2988
-4311
-11244
4346
-6096
8471
-12201
-1541
-9188
1016
-17376
3580
-5064
-4115
-8160
-769
-11248
-1051
-11252
6657
-5076
238
-12244
-3582
-4076
3290
-6124
3050
-14288
-9199
4128
4873
-8176
-7163
-6088
-3099
-13268
3588
-10208
5403
-10216
2288
-11196
-201
-7104
-4364
-3020
13826
-10192
529
-6932
5136
-5060
8165
-10184
-5114
-4028
16624
-8164
-1777
-5104
-778
-1980
-4871
-6132
554
-10196
261
-5908
-5639
-14308
8233
-10204
507
32
4644
-3868
243
-10204
-4883
2068
2830
-6096
7923
-16380
7179
-3016
-542
-10149
522
-10220
-2560
-8164
2308
56
1037
4128
2808
-5108
10002
-9204
8442
2076
-12007
-10176
-2327
-12252
2110
-4052
-2824
-7116
-3839
-988
-4370
-10224
2288
-10192
1041
5164
-3844
-11256
1296
-1012
-4905
-16348
-15
28
9983
-8156
1038
-2016
1753
-18388
-7159
4348
9492
-10168
13298
-11240
-8225
-7132
2063
-18392
-4606
-10180
-4883
1076
7689
-12212
1037
-14316
-1550
-14300
-735
-2016
14348
-8168
1040
-7132
-3584
-5100
8984
-4068
-6177
-7144
2849
5368
-2047
-11228
794
8220
17118
3120
-2798
-10220
-5115
-10220
-6908
-2004
5384
-4056
4844
-5064
7176
48
9198
-18416
-3314
-7136
-9755
-10220
5113
-9168
2295
1068
-501
-8152
-5392
-15360
-10750
-3044
-5373
-13284
-1532
-968
-768
1264
-987
-10208
-6641
-7168
7915
-6112
-6634
-3868
-2580
-5060
-10276
-11244
-12767
-7144
-3324
-10192
-4568
-5088
-4604
-29208
264
-4052
-2296
-5104
-1497
-16336
-2552
-13304
-5153
-12268
757
-8144
-2829
-4052
-495
-9188
-2578
-6144
-1257
2052
-1288
48
5102
-13260
7927
-11240
8171
-6916
-5617
-6116
1553
-1796
6396
-10220
-521
-16364
13382
-3020
-2032
-6124
5115
-14336
7738
-5108
-1793
-3028
10492
-9176
-11774
3108
1
-5080
-1294
36
3329
-27156
10196
-12260
776
-4040
1022
-5892
-5635
-12236
6
-4084
-3839
-14280
5905
-7948
5871
-2024
226
-18412
-4094
-6124
-4380
28
-4857
3080
-504
-2036
11993
-988
9266
-11256
4349
-3016
510
-6092
2051
-9164
-5867
-13292
-5119
-8140
1220
-7144
-2569
-792
-6144
-7136
2047
-10212
-4379
40
19472
-9196
534
16
-7697
-9180
5406
1044
8183
-11216
1046
-7144
-1035
4112
-1755
-8176
8986
1076
-6157
-996
-498
-5896
3329
1048
-7690
-2832
5915
-7136
7180
-8172
7942
-12040
4884
-9192
-737
-6124
6666
-8148
-1583
-11208
-3309
44
1554
-988
-6917
-2040
-1793
-2012
-6913
-6100
-518
-6104
4410
-6128
-2310
-14256
-11777
-3060
-4637
-6100
6691
-3032
1545
-9200
-6360
-2020
-3063
-6100
-515
-9184
4103
-8152
-3026
-7944
5643
-3060
-4101
1072
-2301
-2028
-2055
-6108
-219
2100
-3055
-21472
3082
-4032
-2801
1048
5118
-3048
2801
-10204
-757
-9156
-12527
-15360
3589
2100
-4312
-11248
3309
-10188
-994
64
-4902
-4096
-6374
-16348
14108
-6104
6930
-5100
-7194
-2016
4584
-988
-271
-5029
-13801
-5112
1990
-12288
7
-8140
777
-11216
3610
-10200
-4873
-5100
4329
-13292
1532
-13300
-6425
-4048
1308
-13256
4609
3120
-3362
-5088
-542
-4068
2585
40
4593
-9988
3576
-10212
6383
-4056
1541
64
-251
-13268
3589
-13060
-5100
-15308
-4075
-5120
-2047
-16340
-5903
-14296
277
252
-6392
-4088
-7418
-5112
-8212
-15316
1533
-5100
-6164
-20436
16378
-996
3815
-13292
262
-8168
2285
-7132
-1757
-17372
4135
76
5883
-4040
1014
-5060
735
-972
-4606
3084
-235
-8180
1019
-5088
9737
-3060
269
-12260
-5141
-17344
-1003
-10232
-2317
5156
-5625
-7148
5112
20
979
-8160
2326
4
5912
-2036
-1811
-7160
4096
3112
-9715
-5108
2080
-13228
7444
5368
-6649
-7124
-14341
1092
-3564
-10216
-2833
-8164
-3848
-7140
-1274
-16380
3589
-7108
766
-5088
-4634
-9200
522
2068
-3611
-3052
4858
-11220
7206
-8168
-1525
-7140
2844
-10172
4097
-6108
10495
-7160
8456
-4060
3830
5152
3096
-980
-4370
-5084
7439
-21468
8474
-3012
2291
-13300
-4855
-6124
-9763
-8180
5132
-8172
2569
-5092
-8428
-12264
-10801
6172
-1763
-8160
-8470
-8180
2046
-9188
8968
-13288
5121
-9160
2570
-6060
5654
-6100
-6920
-10192
-2580
-7092
-4615
-6116
1275
-7104
1548
-4036
3535
-2032
-1038
-1012
-4373
-9180
-2576
-16324
9202
-5088
519
-14320
3581
-12264
6436
-4048
-12261
-10228
786
-1020
1543
-8180
6925
-10184
9157
-4048
5909
1076
-3324
-8160
3848
-12248
22
-4060
21969
44
-7878
-6132
-1546
-8136
3603
-988
1808
-21460
-1790
-5056
3815
-10220
-776
-11260
3350
-15360
785
-17392
-2027
-5892
757
-976
767
5152
-21
-3060
-6428
-17400
3080
-4088
2325
-7136
4600
-12256
10000
-11244
-8
-7104
-3830
-13284
19
-7156
-5385
-3036
4078
3316
-2827
-12264
-8508
-10216
-1558
-7116
4582
-17408
2313
-1020
1291
-18416
-5116
-9144
6146
-16356
-1520
-10008
3101
-2020
-982
-19448
-10744
-15352
-3058
-6116
-7897
-15288
12538
-4088
507
4124
-3835
-14288
1525
-4880
-2569
2048
-9747
-4072
-7980
-7940
-3346
-8168
-9008
244
-516
-6104
7700
2072
5114
2092
10774
-8176
-8461
-6057
-1034
-10236
-8134
-20440
15240
-4056
3057
-7148
5100
2056
8200
-5076
-1529
-8152
2315
-10204
1040
-980
5131
-4052
-4081
-3856
2515
-6132
-2537
-4056
8708
-5060
-4329
-5068
-6149
60
5923
-4096
-14615
44
13048
-3064
-7412
-7132
9248
-3048
16365
-3064
-7625
1060
1045
-11220
-2073
-9204
4617
-3004
6926
-5108
5091
2096
-495
2076
-1772
-9172
6407
-3048
7166
-1012
1034
-6088
10031
-1000
9751
-5076
-786
-5904
-245
-6920
1798
-8152
3373
-12248
-6128
6148
-4355
-3068
5146
-14292
1762
-7128
-2044
-9180
-2315
-7156
12280
-2012
-12020
-9208
-9476
-9172
5099
-15344
-9463
-9184
5110
-9192
2845
-4044
6957
-8152
-3304
-10236
-2059
-3044
-2024
-6100
-276
-10216
-3050
-16352
1523
-4040
775
-10200
1545
-10228
4371
-2040
-764
-10184
1539
-7940
-2318
-16356
-2557
-8972
7702
-8156
-4612
-7120
-782
-3072
-5915
-4096
-8501
-8172
-7673
-6100
-10789
-13276
-2317
-6140
251
-5096
3833
0
8447
-2992
-6135
-9208
13042
-6140
-2564
-12276
-6178
-988
-10217
-5920
-2292
-13280
-778
1111
3853
-2020
4112
-980
777
-10236
-4617
-12272
-3836
7188
2072
-19420
3333
-9172
-1532
-10224
-1288
-11248
-4346
-9192
7956
-7112
3323
-9148
-2555
-11232
1801
-4096
2333
-7136
-2317
-8156
-18
4
4600
-5100
-3062
-12248
-3091
-1800
2301
-9140
-6115
-10176
748
4156
1566
-7152
762
-8168
-6933
-10016
-2545
-12204
539
-6104
-798
-1004
1268
-9184
10742
-11216
-2825
-8144
-472
-18412
11773
-12240
-7936
-15352
-6944
-11240
4333
-7128
-9172
-19432
-10751
-5100
2811
-8188
-2824
-6120
13812
-10220
1284
-4060
-14890
-8152
-3352
-4088
-1535
-4064
-495
-15352
-6442
-18416
1774
4128
4356
-11232
6
-9172
-6150
-6104
10542
-3020
-9286
-10216
-1039
9244
205
-11252
27
-8184
-10277
-14300
5118
-15324
-488
-15320
506
-9176
4334
-7140
-7419
-14320
-6928
-3060
7661
-8164
1538
-6112
-8462
20
-1003
-3844
5355
-6084
4875
-10192
-4836
-4052
-1811
4344
10999
-13068
-5891
-2824
6926
-3056
-2036
-11232
10489
-5120
-472
-15332
-791
-13292
-6117
-3072
6394
40
3587
-8164
3569
-8152
-18425
-6120
802
-13292
3081
-11240
2049
-1980
6132
-13280
2808
-3068
5896
-12276
6178
-15344
-4363
-6112
4093
-2020
-5395
-6128
-15409
-8192
12763
-11252
-2555
252
-7467
-9196
7955
-2024
-257
-5076
3825
-2032
-12066
-1020
-1812
-11208
-757
-9992
-2071
-11240
1541
-5104
-490
-7112
3871
-2008
-7906
-4024
2823
-15356
-7418
32
-763
-12204
21
-8180
2574
1080
2052
-7944
2570
-10188
-5927
-1996
5132
-3032
3313
-10240
7462
6176
-5663
-11264
2315
-10200
4621
-7144
-1777
-13284
2048
-3036
-9447
-13060
-10262
-8184
2035
-776
-6425
4132
-782
-4032
7206
-4064
-2068
4116
-1784
-7156
-4366
-8140
9721
-13284
8453
2292
-8460
-6120
-2320
-4068
-4314
-9188
-7686
-15308
-7179
-12268
-1010
-7144
-5357
-5084
-9725
-12288
-5644
-9172
1598
-2028
3034
7212
3854
-5084
-4114
-11220
-1007
-15320
11006
-1008
1278
-9988
2533
2100
-3320
1064
5155
244
-3835
-18364
-1545
-6120
-7380
-10216
3328
-996
-504
-3052
-3070
-10212
7405
-4048
291
-6120
3085
2080
766
-10208
-2031
-13300
6698
-976
517
-11256
-6911
-13280
7163
-2012
-3840
44
-7930
-20424
-4088
-4068
-721
-6144
3330
-7136
1037
-7140
-7175
-14324
1575
3088
-3871
-2012
-7979
-6132
3281
-10184
8972
-20476
7930
-13232
4619
-14288
6942
-20460
-1531
-14092
1799
-972
-2555
-7116
1563
-980
4054
-14324
-6650
-7136
16330
-13252
780
-7108
505
-11012
-6895
-8156
-2284
-11016
-3858
-3064
9446
-2828
-1032
-9200
3026
-15312
-1809
-8172
-5879
-10188
10975
-16332
-6116
-5088
2276
-4068
1507
-3060
1786
-12252
-250
-5060
-7663
-948
4065
-24252
-6173
4132
3579
-8136
-3836
52
-13037
-7112
6385
-11252
14079
-6132
-1778
-10212
4608
-10220
11801
-11016
3085
3080
9735
-4872
-3086
-1800
-1524
-2000
761
-19408
5888
-4076
42
13376
3099
-11248
7401
-6104
-760
-16376
282
-13193
3600
-7148
3591
-3060
-4149
-4072
-2236
-4044
5353
-5088
3072
-6124
-5123
-5104
507
-11236
-2283
-6096
6415
-5096
-3575
-19388
1543
-4072
-988
-7156
-2570
-8156
-2808
-10204
3350
-5112
-1548
-4068
8708
-14320
-1345
-5064
-2543
-9156
-4108
-11260
6648
-16384
-1561
-4036
1049
-9188
-2291
-5064
-4862
28
12051
-3024
4579
-6108
-3020
2064
-2836
-6076
-3103
2064
-8148
-3024
-2594
-2824
4379
-8176
5139
-6128
-9249
-23276
5889
4
-1767
-1992
5363
-9180
-9447
-1000
-4342
-5072
1778
-8164
-774
-7940
10253
-7144
3568
-5064
-6103
-7156
-780
-15336
1769
-992
2892
4156
2047
6144
-1252
-7156
-7424
-7940
2006
-12280
-8480
-15360
-6691
-10192
-508
-7136
8
-14252
-3565
-9208
1800
-19420
240
-1988
-5397
-7132
-4087
-7960
4597
-6120
9478
-17392
-3273
-2012
8448
5160
3839
-1024
-2807
-6092
6166
-7132
-10756
48
5610
-7140
6670
-12232
-8673
-1020
3835
-8176
-2791
-3020
3337
-11216
10254
3088
2530
28
-749
-12260
-547
-1000
-1259
-6928
12302
