-6104
6921
60
-13284
-18428
-3093
-12264
27
-5048
2007
-17388
-2834
-6116
-5895
-7164
1032
-12248
-2845
20
-3828
-1008
3557
-8148
-1047
-11020
-468
-7140
2031
-16356
1507
18476
4358
20
9171
-12244
-4110
-980
-4337
-7156
494
-1008
12
-11224
1269
-6092
20753
-12276
-1286
-12256
12852
2112
2348
-8168
1
-8180
5633
3096
-6902
-9188
-553
-9200
-11518
2048
-2546
-7148
6137
-16344
-7142
-11224
3072
-9188
-5364
-1016
13269
-5912
-7386
-7164
-10780
-12036
-5625
-6920
6692
-3048
2573
-11264
8713
-17360
-6085
-7132
8454
-15352
-1517
-8168
-4338
-19428
5396
-5088
-8264
-948
4838
-4092
-3574
-5068
4364
-7168
-7694
-3032
4607
-11204
-5632
-7140
9502
1260
1779
-4068
3378
-3044
1520
48
1806
-5029
-11256
-9176
-4642
-4044
3064
-14320
14862
-3032
-7708
-4040
2812
-9204
-2798
-6140
5361
-5108
-4350
-4056
-552
-6932
1776
4116
-2572
-12272
-2585
-8156
3319
-5092
6633
-19428
-5104
-11244
1800
-7124
5115
-800
1099
-12036
4323
-3024
-260
-9184
1046
-5044
-767
5124
6149
-4080
5882
2056
6935
-1004
13590
-7164
-4098
-7120
10205
-4072
-2791
-16372
8450
-972
1502
11268
3354
-9204
1306
-7132
7682
-12268
2047
-9188
8688
-10220
6407
-10192
4353
-3852
-10496
-10196
7177
-3040
-5339
-5060
7433
-5092
4626
-6088
-11770
-6112
-6915
4100
8200
-8988
5888
-4060
1024
-2000
8974
-5080
9438
-14324
-4611
5352
-5114
-1980
-1831
-2032
-3595
-10220
7179
-7140
-2565
-3844
1302
36
-5665
3108
10226
-16324
3841
-16344
-1086
-11216
522
-8168
-1534
-17372
-1538
-16384
1770
1272
-13797
-4064
7910
-12248
-4854
-7136
4612
-18380
6649
-9196
4623
-12044
-473
-14332
1756
-18180
-526
-10188
-794
-12280
-1491
4140
-1291
-5084
11293
-9156
15911
-12276
-284
-9168
1293
3100
3598
-11252
6905
-9156
3854
2072
6632
16
-7992
-12256
-8200
-10200
8720
-18408
-1799
-8156
5128
-17404
516
-11252
4876
-5104
9237
-3036
1033
40
-9977
-17372
-10720
-9992
15860
-4084
5643
-3056
-2049
-3072
-2281
-4048
-11018
-12260
3836
1072
4345
-5088
6925
-12260
4318
1068
3596
-3056
-9687
-15312
3845
-5076
-1033
-8144
-10052
-8156
1022
-3068
-11798
-3064
6398
2300
-3579
-6060
12293
-2012
14552
-5120
3105
-22244
10750
-8148
2593
-23288
-7406
-4868
1028
-7124
1053
1060
9484
-15292
-6645
16
6952
-7104
486
-9196
-7394
-6128
1018
-15269
1534
-13292
-709
-8184
5370
-14292
1030
-6068
-3602
-1004
4867
-3844
-2815
-7136
-2300
-10232
7959
-11240
-6445
-13296
-2803
56
8211
-9180
-1024
-14332
9747
-15332
-11265
-12268
-258
-3060
4841
-10204
5411
-1808
13037
-3028
2043
-10216
-4340
-12284
-238
-9176
13306
-8984
3335
-7116
-263
2072
-5359
-10236
2306
-2012
-5659
-9200
-7924
-7112
993
-13312
-1009
-7104
-5138
-2820
-9479
-9168
7408
-2020
1539
-3012
-9728
-6128
-4606
-5092
-10996
-9192
-10516
-7124
-484
-988
804
-3864
-8676
-1992
-2338
-8984
6896
-15344
2033
-7160
-2309
-12248
-3844
-6072
-17897
-1016
17342
24
8699
-3024
489
-8116
5361
-21452
-9704
-2032
-2050
-11196
1783
-7120
6646
-6096
241
-7100
-4097
-6112
-9209
16
1795
-5060
6132
-13272
-4096
-11232
4355
-3024
1281
-11228
-10512
-4084
-2030
0
-12315
-18424
-9757
-11264
9711
-10196
8964
-18180
-9707
-15120
-458
-7132
4102
5128
6395
-8136
-1565
-12248
2289
-7108
10741
-7124
-4347
-10200
10480
-3044
2817
-7140
-1539
-13284
6673
-6120
-4361
-19408
6404
-24296
-28
-13288
-8974
-6924
-2314
-7160
-2311
-9176
2034
-5896
5530
-12036
-10991
56
8981
-14292
-1265
-15312
-8725
-10216
-1547
1052
-3074
-10232
-4646
-13264
8997
-6096
-1530
-11260
-518
-1976
2081
-14276
2591
-13252
3593
-6088
2035
-3060
5135
-6108
3066
-8168
-8714
-7168
-5129
-8188
7426
-6100
-1524
4136
-14829
-10220
-40
-1016
9997
5184
-2544
-996
-7405
-4032
10762
-7116
-4094
-9212
-251
-8188
-2816
-3028
5355
-2032
-8443
-9160
-3840
-12272
2012
1244
3613
-14288
-1830
-988
265
-16352
-490
-2824
3315
-13260
-4875
-11232
-514
-9216
4595
-13284
7674
-3060
-7167
3112
-8220
6196
7428
-4040
-3355
1036
4851
-7112
-1315
-9196
1520
-10000
-11812
-12280
4599
5132
3349
1096
1278
-8192
-4600
-2028
-5875
-14272
-8951
-18380
6898
2104
-16
-9164
-2815
-976
4346
-8180
-269
-5112
-2336
-8112
7653
-976
-4350
1052
283
3096
1267
-4092
-4101
-16352
1249
1072
4086
-3044
-4104
-10232
-1793
-6080
-8430
-17364
-1214
-4052
-7194
-10208
-3589
-5076
-7955
-10216
7663
-4868
-755
-7148
3336
-13312
10004
-5108
-759
-11240
10484
-7144
-514
-13308
3595
-10220
-5378
-6088
6636
4
12270
-7108
6679
-9192
-9206
28
-5134
-11200
-2045
-9168
1791
-9148
-5357
-8148
-2531
-8172
518
-11216
4870
6176
751
1032
-4344
5164
1285
-12240
-3565
-15324
218
-4088
2590
20
-473
-8164
10205
-8160
7412
-18420
-1282
6168
5105
-12244
-7415
-7156
-5904
-9200
-7915
-6132
1803
-17352
-4919
-2016
-1831
-4040
986
-14296
4120
-12260
-17750
2092
5098
-10216
3083
-12036
-2583
-11196
-11770
-10228
-4869
-6100
3844
-3052
-6655
-11216
4608
7184
-8971
-10240
10230
-15300
-801
-11196
1269
-9172
12
-6072
2037
-3044
-10525
236
6674
-5072
2319
-944
5153
-6116
2561
-12264
2534
-22272
4857
-4080
-1833
-3052
6893
-9180
1537
-17388
-9483
-13304
-4603
-2012
-5643
-13288
-577
7180
-8157
-16336
-12
-17400
-4857
-5080
508
-8140
-7135
7192
503
-8176
2031
-1000
6127
5120
-6144
-1024
7
-4072
-6938
248
777
-11240
11486
-7128
-802
-6920
-3829
-10192
-8940
-5092
3346
-14316
-2061
-8176
2568
-3044
7954
3124
-3830
-3016
-2623
-992
-3068
-8156
3085
-8176
3317
-772
9715
-7148
5362
-12092
1503
-8140
4387
-20456
-1005
1064
4119
-22212
-5622
-10168
1555
-5076
529
-23272
-4824
-14292
9248
-7128
-1523
-11228
2284
1068
5900
-9180
5838
-6100
-4839
-7100
1791
-17348
-11299
248
-11
-4068
4613
-9160
-6401
-12264
-2276
-11260
-4390
-8188
5130
-5080
-2569
-12189
-3045
-8097
-1526
-3060
-8194
-6120
-2550
-9168
-2081
-3044
2567
-8164
2534
-7140
-4328
-6116
10186
-6116
-4103
-5088
-12
-956
787
-4060
3569
-11224
-1033
-11252
9795
2100
4654
-5084
4851
-7128
503
-3044
-2567
3088
1027
1056
7138
-10240
-4070
-11220
-2089
-2824
1049
-5084
-4878
-15320
-2829
-13060
477
-2016
1019
-17388
3830
-4064
-1497
-7136
-5345
5364
-3081
-7156
10993
-11260
2297
-20480
10222
-4036
9761
-5076
4624
-9196
-12564
-7120
-2313
-7960
-5367
-9156
1047
-8140
738
3112
-4864
-5896
1572
-5108
3593
-6088
-6660
-11173
-3047
2128
-493
-10212
-4109
-6108
4353
1056
508
-6140
4357
-3064
-1036
-8180
-3554
-8188
5875
-8180
4328
-984
-4887
3080
2076
4116
-6418
-12288
-1796
-15296
5614
2116
-5359
-4068
-3569
-4076
3838
-12240
9258
-4032
-4347
56
-3561
5180
-776
-3040
-11790
2100
5853
-8972
-2043
3104
7645
-22248
-3600
-6136
-5381
-5104
-227
11280
3341
-4096
1324
-7948
2832
-14304
-16152
-6072
-11763
-10228
9179
3080
-3847
-3048
-2517
-12232
1499
-9176
-5897
-13296
1283
-4072
-3298
44
5631
-3048
-2274
-5072
5366
-15336
-8170
28
-5633
-8156
540
-7132
-2536
-11232
245
-10208
3316
-8152
-3864
-6116
3311
-20440
2034
-10216
-2032
-9200
-2333
-7144
-6448
-3032
8189
-8184
2830
-13292
2822
-15336
5424
-9136
-5633
-11236
8721
44
19275
4112
2019
3132
-2832
-8152
-5433
-6120
6154
-9192
-33
-1024
-4092
-3056
-3085
-9176
3587
4112
8424
-3068
-5875
-4068
6382
-6072
-4383
-6108
1821
4108
-1257
-2016
-2299
-8144
7952
-6132
5839
-3004
-2307
-7104
1814
-5104
982
-19432
-4854
-13240
-524
-14292
-2314
-12256
-3101
-14292
-2540
-8184
-4584
-15332
-4628
-7152
-7975
-10208
8972
-6112
13849
-9192
2832
-6112
2587
-7160
4848
1056
-1029
-5120
-5112
-7956
257
-7944
-7971
-12276
9154
-8140
-3071
-5896
1296
-3040
-5119
-968
-9979
-3028
-1343
-4072
4352
-14304
-9251
-4080
-4352
-4040
3074
-12252
-5609
-14284
-1024
-5904
-480
-9172
5682
-4060
3075
-8180
6642
-7136
13316
-6104
298
-6140
5338
-10232
-3081
224
9
-16380
7118
-5112
-2055
-3040
-2824
-9192
246
-6124
2320
-9212
-3272
2068
2575
-8120
-2817
-6084
-1027
1276
1799
-13268
-7164
-5100
18
-14268
8929
-14252
2072
-3032
4381
3088
3828
-6920
-4615
-16140
-2056
2096
-529
-10240
-11040
1072
3076
-10000
1537
2104
1546
-3044
-2072
-11232
-3884
-12252
5852
-8140
2
-14336
-3103
-7168
-11267
-28396
745
4152
506
-5080
1572
1096
2074
-6136
4590
7216
524
-3072
-3593
-7128
-1542
-7156
-5139
-3056
1295
1060
5360
-1000
-2541
-12284
502
-12248
6176
-10188
-2542
-4096
-6405
-10204
-2063
-8964
511
-12280
6159
-10180
-4881
24
3307
-3064
-2844
-16344
3858
-10008
3838
-9188
-3858
-14308
4846
1044
7387
-3048
-5912
-13248
-1005
2060
-4877
-6136
-13561
28
-3866
-14312
2788
-9132
-3832
-9216
1487
-6112
781
-11228
-4062
-6100
2763
-1796
-1302
-8176
-9994
-6140
-2312
-5096
-6388
5124
4600
-12252
2532
2068
3094
-3048
3824
-980
-6934
-10172
-272
-7160
-2292
-14296
5879
-10196
4342
-22177
-6383
-17172
-1767
-2028
-4631
5152
748
36
8957
-4072
-5386
-996
2583
1276
525
2076
7919
-11220
-9228
-10168
2278
-2008
4110
-1012
-7436
-5084
2060
-2004
2788
-19408
-496
-9200
267
8208
11288
-13272
-6437
3076
2307
-8140
-2298
-10200
-514
-18384
-8446
-13284
-5626
-7156
6656
-18404
-3835
-9200
-1296
-4068
-795
-9992
-3806
-2848
1264
-7152
-3836
-5100
-510
-5096
2059
5356
4352
-3036
-1527
5184
2296
-9172
-7161
-6100
3566
12
4341
-13288
-2845
-12268
-3839
-15352
5383
-9196
1508
-6088
-11031
-12248
5121
32072
-1785
-6916
2549
-2024
1026
1048
1801
-13296
6401
3144
-270
-4064
-6153
-8148
-4341
-7144
6121
28
2303
-984
10519
-9188
3584
4124
-3285
-13300
-5060
-9192
-7192
-10188
1279
-12232
1542
-1796
-12290
-14292
-1270
-9160
-7639
-19408
2299
-7132
4558
-11220
11036
-7140
3569
-8160
-7157
-5112
-18
-3860
5138
-972
4628
-7104
-1275
-14336
-3322
36
7194
-10216
-5111
-6100
6906
-2820
5097
-9188
-6412
-16352
-4328
-15360
-1041
-3852
3304
-5084
-2278
-11232
-10995
-9136
3304
-2000
3608
-2028
-38
-10196
6155
-5072
1270
-8152
-2504
-8148
-4349
-9212
-3842
-13288
4865
-4056
2081
2052
6349
-7128
-3572
52
5627
-9216
-1
-15120
-6412
-5096
-5364
-984
10271
-5104
-3304
-15312
774
-12260
262
-13272
6121
-6120
5150
-14300
-11993
-8184
-3563
-7164
495
-980
-8441
-7968
994
-8152
4356
28
-4602
-8192
-3861
-3844
-4351
-9216
-742
-14328
14843
-11248
3088
-15324
-6627
-960
-7158
-5108
7661
-7164
-2036
5144
-4114
-11248
12065
-17380
-756
-9164
4105
-4088
5662
-4048
1034
-5084
-11531
-18420
-10783
-6096
-5134
-13280
5865
-19416
-1778
-10236
-4064
1048
2321
-10220
2552
-7132
3323
-5076
5112
-3056
-4350
-10212
3582
4120
-12560
-16320
-221
-10196
2524
-3844
-10518
-6100
5102
2068
6158
-8976
8229
-3860
-2023
-7144
-10260
-8152
7932
-8160
-4330
3108
2553
-6132
-2030
-4036
-3844
-10212
2026
-6928
5607
-7128
6650
-2004
2772
-5116
-773
-4092
-9718
-5100
490
-4080
-2034
2096
4371
-3868
-3842
-7944
8695
6172
5408
-24300
3841
-7164
-762
-7948
-4366
-10212
9483
-2044
-1833
-960
-8477
-2036
1532
-13296
-4134
-8164
-3863
-17408
-4364
2068
-3334
-13288
1792
-2012
-7950
-5108
-8203
-9156
2329
-3032
4636
-10208
3096
52
10731
-13280
2538
-10196
-3858
-14272
-5096
-8972
3325
-2028
4865
-21472
1804
-6100
-7185
-7144
1016
-17392
283
-2044
787
-9180
-7719
-6112
-759
-13284
-3825
-18376
2295
-12284
-1015
-11236
3599
-11252
-4342
-9164
-1526
-2024
5826
-14316
-7184
-12244
-1543
16
-8724
248
7911
-4036
1274
-1008
-2267
4328
7420
-12220
1797
-14304
-7700
-5120
4605
52
-11275
-11252
-1579
-3036
-5093
-10212
8695
-9216
3838
-8976
-3848
-11020
5160
-9192
-3610
-9188
4860
-9184
285
-3036
11758
8216
-1779
-968
15059
-956
1796
-12248
-5618
-8128
-3310
-2024
-5363
-7164
4571
-5060
1770
-5104
5135
-12268
-2580
-3052
1034
1064
-2059
-8164
1799
-9960
-8162
-7164
5657
-7168
-6911
-7136
471
-9216
-5899
-8144
-248
-9196
-7206
-16360
2333
20
6655
244
2546
-7940
1788
-7116
1794
-12248
532
-4072
10497
-7128
-8677
-7128
12274
-1996
-2047
-10192
3321
-5100
2562
-8164
-3577
-4076
-5334
-12284
-780
-4076
2327
-13236
3353
-14288
-1763
-3004
6653
-15320
2567
-4028
5654
-3016
-3339
-16348
4637
4120
-2822
-6084
3048
-6124
7918
-7148
7930
-7944
-3817
-16356
-5904
-8152
7436
-15348
3363
-6944
6918
-6084
1529
1064
7944
-4044
-11000
12
2547
-2028
-8461
-10184
2062
-10208
3558
1080
-3075
-10228
-2835
-10196
-5611
68
986
-9180
1045
2088
-6152
5172
-4383
-10220
-2325
22300
-737
-8148
9987
-12272
6911
-9212
-7182
-7124
-7425
-13292
6111
-19208
-2292
-16368
-250
-7100
1539
-9172
2033
-7100
1791
-14324
1288
-8144
11531
-17340
-7169
-11236
6895
-14288
-2288
-10196
-7185
4136
-10736
-5044
9224
24
3843
-7144
8959
-18380
6655
-12260
1793
-6084
-1499
-7132
6940
-2820
6135
-7140
-792
-7100
9514
-4052
8967
1084
-8160
-5892
-5370
-5029
-1987
-15120
-3558
-11240
-2300
-10172
-6415
-6112
-6144
-7156
-491
24
-12041
-9200
6894
-4072
-3133
-4080
2828
-10212
1284
28
-3321
-14288
267
-7100
236
-10164
-6414
-12248
502
-8168
3277
-10176
3846
-2848
21
-5084
3562
-5112
-3069
-4072
1489
-14308
-4085
-13060
-769
-2024
6653
-4064
749
-7168
-14277
-8964
4345
-5068
528
-6932
-9453
-7940
-2275
-4060
5875
-12220
-6421
6156
-222
-2028
6159
-9184
4879
-13296
2314
-15340
6644
-8148
5415
-6128
-2029
-11240
5618
-11240
3606
-9180
-7457
-15352
1011
-6916
-5325
-9192
3092
-13068
4381
-2016
-4097
-4068
-1267
-13288
5348
-3844
2097
7192
-12517
-10200
-783
-7136
11757
-10204
-3533
-4072
2049
-6104
-247
-12256
-3816
-20468
6423
-10200
3835
-2040
-7976
-11252
3835
-5092
-3811
-7160
-4868
-3044
12274
32
4869
-16340
-12277
-7156
-293
-13292
-12788
-1808
6386
-13280
-2497
-3056
-2785
-976
282
-16372
8701
-10204
-5599
-18180
-4336
-8176
14570
-7168
1548
-22240
6377
-12260
-6627
-5084
-786
2104
279
-6064
9240
-5892
-2797
-18380
-4921
-4056
2875
-3040
-1018
-13248
8198
-12268
6427
1088
-12030
-11208
5111
-9172
1022
-7096
6920
-7128
-4376
-13296
1268
13340
4064
-13240
-4113
-3844
1284
-968
-1521
-16289
4355
3084
11781
5164
-2061
-14084
-4387
-19424
3859
-10204
-577
-14296
-6168
-16348
-7414
-8156
1053
40
-3309
-1800
-5376
1068
3814
-3040
-4356
-5100
-4116
-2004
6909
-3028
1794
-8132
2566
-17392
5655
-10192
-3873
2088
-17436
-952
7903
-12264
2316
-1800
2054
-6116
1761
-13272
-7187
-3072
9776
-9208
16
-7168
3080
-780
6633
-12236
-3837
-8136
1294
-6132
12302
-13288
-1272
3072
-2816
-6116
1555
-5092
7168
-12052
-6892
-772
-219
-3032
-1554
2080
-7452
-9184
6909
3100
7432
-10236
-1815
-4060
306
-20444
-5906
-8168
-13078
-7112
-5133
-10192
-3806
-15340
4102
-6120
2550
-1000
740
-4088
-2287
-6116
-5329
1048
-1546
-15265
-268
-17404
259
4104
-8171
-4044
9194
-6108
1027
-5104
-2285
-1804
4065
-7144
-3320
-2004
-1792
-3040
2306
-10216
-23
-15332
-5344
-3068
2828
-5100
1282
-10176
-2053
-5092
-1790
-11212
-23621
-14304
3564
-2032
2010
-5916
790
-9192
-6394
-16340
2854
-14288
2770
-13272
3821
-6132
-4615
-11244
4905
-9204
2792
-14320
-5164
-6104
1514
-2048
-1763
-1004
2561
-20468
-4112
-15320
753
20
4905
-9196
5605
-14304
7161
0
-2817
-13296
1555
1068
-4870
-7948
-9999
-1800
803
-2044
2013
-20456
2571
-8160
10765
-7148
789
-11228
11537
-8128
4141
-6108
3041
44
-7428
-16148
-7700
27416
975
-11252
13811
-4060
4094
-2016
-3067
-3000
5098
-8136
782
-964
-3589
-8176
1288
-6104
-6911
-11260
504
-14296
6915
-8116
2321
-11212
5629
-8180
-6914
-10208
1260
-776
3315
-19416
-14619
-8176
4087
-11260
14
-6112
-249
-16152
2510
-22260
-27
-14304
4569
-3044
-9203
-4064
502
-3068
-1531
-15320
5076
-10204
3071
-772
-4893
-7144
4358
-4028
-5139
-1824
-258
-13268
6158
-3068
4884
-13244
-2329
-15324
-268
-3040
-6694
-11252
3342
-14312
-1055
6168
-5867
-8140
-1560
-6116
-3590
-13284
6887
-14308
-9416
-7120
515
-11204
784
-22248
-8468
-7148
3078
-17388
1798
-8164
6144
-10224
-3314
3096
2826
-4064
7205
-2020
7186
-9152
3107
-10204
14315
-3884
1274
-17396
-9501
-13276
-1526
-6136
24
-5084
-2849
-11220
-11510
-9200
11774
-17364
15
-5100
-5393
-12248
518
4108
6686
-5104
-1752
-9996
-1550
-5076
5131
52
6711
-976
-3030
-13280
4081
-14116
-2551
-7160
1045
-4084
-4100
-8172
-5891
-3044
-2044
-8188
4634
-10192
-3317
-7120
2829
-5892
-7160
-16356
525
-16324
-1005
-7160
2315
-16344
7411
-7944
-2852
-9160
505
-16312
-2580
-12240
4373
-12040
-1272
2064
-17900
-17364
-1552
-7948
5090
-5084
1010
-9208
5383
-7124
-3605
-13260
-1772
-9180
-7675
-10204
1523
-11248
-5380
-2036
-1557
-4060
-16871
-12284
6423
-6136
-2027
-7148
-2066
-15280
9741
-11240
5364
-15316
5629
-7152
-11773
12
-2557
-7140
-10221
-12244
-496
6184
-217
-5104
-1002
-12244
202
-18384
3610
-10200
-5643
-8140
6650
-14296
10483
-17408
479
-7132
-10232
-11232
-6385
-11264
3827
-13276
5631
-13280
-1572
-13304
-10704
-17164
7925
-5080
-6679
-8168
3872
-6132
243
-13292
-9213
-8964
-1787
-18384
1783
-6100
-249
-7112
-1261
-13264
1293
-4056
-1052
-6060
-5872
-14320
-8217
-11208
-15914
-6132
4343
-8172
-4090
-10212
-8211
-3852
-10998
2064
5622
-6124
-7415
-8136
2313
-10216
-1320
-11244
15162
-9184
-5937
-20468
1534
-8988
520
-9196
267
-9212
-3333
-7132
-9967
-13296
989
-2048
1033
-3040
5121
-2024
2562
-14300
17956
-4036
514
-2032
-3586
-14292
-10245
-4044
-4333
-1012
-556
-12044
-6641
-11244
-1272
1268
3854
-6112
-9723
-12220
-5338
-11252
3090
-8188
4057
-18404
3835
-2044
-10479
-6128
1279
-5116
1800
-7148
5827
-11248
-1249
-3020
-2816
-7136
-3843
-996
-2283
36
-8458
-9212
-780
-7104
-3282
-4088
-3319
-19424
1515
-9208
3080
-3008
-4610
1024
6143
-7128
7938
-9184
7722
56
7173
-9184
9460
4128
792
-11252
4099
-10236
-4334
-16360
3294
-8140
9461
-1008
520
2288
5115
-12248
-2790
-14316
1544
-5076
-6652
-2016
-3816
-3848
3363
-2020
-2293
-10208
-2290
-8160
5593
-6096
1261
-12244
2060
-15316
5387
3112
-4107
-9176
1794
1080
7968
-1012
-13585
-15300
-8693
2068
5126
-14304
4056
-8184
5120
-5104
5074
-4084
1846
-13276
9170
5120
1794
-9160
4616
-3052
-3832
-8148
-9493
-4064
4365
-3032
-764
-4056
2290
-11228
9511
-6088
-7664
-3852
1071
-1000
-1540
-2824
-1035
-10204
4852
-7116
5344
40
-7389
-9204
6169
-9196
3
-8160
-3339
-2024
-283
-6120
1012
-7152
3583
-17384
4328
-8164
-6415
-20448
-1504
6188
-3850
-2008
-4349
-8976
-5
-17372
10260
1056
316
-2820
-6655
8196
6654
-13264
2027
-13284
6117
-12260
-2310
-1004
-2557
-11024
2
-992
1848
1072
524
-5112
4115
-16328
277
4128
11258
-2016
-15881
-1000
1030
-7116
-2312
-992
-10746
-16132
1008
-10208
-5596
5364
-11755
-4876
9464
-11232
1032
-8152
1033
-9196
3024
-17348
1526
3092
-2532
-10208
4635
-5892
-2309
-11240
-3865
-4072
-2827
-11173
8429
-11264
4884
-3060
-13830
-7160
8929
-12284
6900
-10204
-11240
1036
2556
-3000
-1003
-20480
-4852
-10232
11786
-8144
495
-15116
-248
-12268
-4605
-7944
-3072
-12232
-270
-9184
4860
-8964
-7427
-11240
3594
1060
797
-13276
3859
-4872
-7172
40
1293
-12252
4381
-9200
-3100
-10192
-1040
-976
6382
-12256
-4354
2088
-7672
-15336
2291
-5084
-4623
-3032
1799
-18184
-233
1076
6433
-3040
-6917
-10188
-1761
-2004
-1579
-8968
3330
-16336
4079
-10204
-7408
-15324
-11728
-12244
759
-8180
-3841
-4044
-5393
-1988
-3839
-5064
3359
-5076
5095
-6104
1027
-6072
-11306
4120
3081
-2004
-13054
-7112
5125
2092
2059
-5904
502
-5076
758
-11232
1027
-12272
-10271
-15304
6416
-9188
10005
-6128
1789
-16356
-1286
-15336
2566
68
-9478
-11260
6128
-8968
-3086
-1012
14573
-2024
-3565
-10200
-2544
-9160
10219
-7132
-4066
-10216
-5355
-2012
-1043
-8152
4867
-7128
-1827
-1004
-482
-12288
1784
-3040
8685
-9188
-3809
-12248
-3105
-6124
-4887
-972
1297
-8160
-1282
-5092
2310
-2016
8683
-2008
5878
-3044
-7139
-10240
7187
-18396
5900
-13076
-1800
-996
2335
3088
5611
-12232
-1249
-10236
4844
-1020
3842
-14312
9736
-7128
-3064
2068
3084
-9176
-3045
-18384
1560
-16320
14281
-5068
18
7212
-744
-9988
-264
-20456
1533
-10208
-6870
-11016
1037
-9212
1794
1064
280
-4060
-2821
-8164
4331
-5088
-7919
-8188
4090
-4020
8176
-7140
-8205
-6108
-768
-9168
3322
-11256
18953
11312
-11032
13352
-2317
-16344
-1261
-4872
737
-15296
5865
-7128
3353
-13296
3617
-4096
-247
5172
6169
-9196
5647
-15124
11473
-8160
15596
-11036
-4874
-15336
-3063
-2044
-9493
-17172
491
-14308
5393
-3016
-6334
3324
-505
-5084
4343
28
7695
-16368
-8222
-992
2823
-9184
-766
-2832
-7683
-11196
8453
-3028
-3878
-9180
-2820
-12240
1529
-8188
1507
1032
-7969
-10208
-3859
-11216
232
5120
-5866
-11256
-4629
-8184
-749
-4048
2068
-21440
-5672
12296
7918
-9200
1796
-8140
7163
1088
-1531
-19440
5852
-4072
4084
-7112
7689
-4088
5403
-7156
4339
-15356
-762
-1808
12554
-15344
-2309
-14280
11773
-8152
6910
-11236
11516
-2016
1528
-3028
-2057
-3024
2805
-8968
-3575
-7120
9725
-6140
-521
-8116
1506
-3056
4072
-4076
-7204
-10204
-7671
3092
-11768
-14276
2516
-8172
-4874
3108
-8688
-8188
-8958
-1020
-3049
-8172
-1541
1048
-1545
1056
4633
-4072
1746
3084
-504
7168
12543
-3856
-1246
-7132
-2277
-3072
9479
1076
1067
-7164
507
-10224
-4379
-9212
505
-9172
-2576
24
-505
-11248
8182
-12232
-5905
2084
6642
-2008
-2021
-17380
2828
-13308
-1061
-6116
-1542
-4092
-3328
-10204
-39
-4876
-3856
-17392
-4402
-8152
-3084
-13284
-3800
-20464
-5125
-11228
1808
-4072
4871
-4068
5340
-3880
-1775
-3864
6917
-9988
-2033
-9216
758
-8176
2052
3100
-2036
-17360
-2559
-2020
-2868
-6108
-9466
-8160
6409
-11244
3343
-10192
2302
-15352
4636
-2044
4347
-8172
8445
-10204
3774
-5092
7925
-15344
259
-8968
6654
-6144
-10742
-7148
-2788
-996
4609
-13296
2277
-3020
1055
-7140
-3867
-3848
-3038
4108
2018
-3064
7191
-968
-1766
-14308
-1537
-6120
2585
-4032
-4111
-15328
-10232
-13280
5371
-6116
-5367
-19416
3038
-10216
1291
4120
5904
-14292
-258
-5096
1537
-976
-2805
-4068
-4340
40
8681
-12224
-988
-3036
4578
1064
-273
-5892
-561
-6140
4355
-1024
-7418
-14332
-7455
-6108
-1032
-1016
-9208
-5904
-5850
-21492
-3102
-5108
-5098
-1012
6412
-5108
-10257
-5080
2058
-5120
5138
-9992
4368
-16136
-3851
-7124
-7143
-4084
525
1024
-3318
-16372
-11280
-3864
-5141
-4092
6368
-9188
-7155
-18392
-1529
-16380
-5135
-5116
-11472
-8168
1027
-9140
7970
-3008
-11782
-2824
-7691
2084
11727
-4044
15881
-992
-5906
-9196
2044
-7124
5356
-7128
4337
-7156
-7704
-14296
3338
-5092
-300
-3040
-9208
-8152
13314
-5104
-11512
-13276
3821
-4880
-1797
-13304
-7144
1272
5601
-8164
5718
-8176
4601
-4040
1538
-10240
-6137
-10220
2820
-3868
13064
-8160
1536
-2024
-4591
-9204
-5369
-6092
-4333
-9156
-5657
6196
6662
-8172
3110
-7168
-5395
-13292
1318
-4060
5889
-10216
6134
-15320
-2545
-13280
-747
-17408
7145
-5916
7968
-16332
7679
-14316
-1316
1068
-4092
-4056
-3605
-5908
2302
-4092
-7444
-10212
-3065
-11232
2267
4160
-6408
6168
9706
-2008
1546
-6100
-3070
-7112
-6672
3096
2548
-12240
4357
-3844
4136
-7112
8722
-6140
-238
-1992
-5643
-2032
-3871
-2020
-2801
-4076
3035
-8168
-2865
-7148
-8463
-17360
-9713
1076
-2559
-992
-513
-1004
3073
-8988
-8200
-3852
580
4120
-4608
1028
-2838
-9208
-3858
-6076
-6655
-13292
2031
-6116
-3067
-7156
1761
-9204
6182
10260
-2079
-7956
-3580
8200
2549
52
5683
-8156
-3853
3104
-13039
-1808
-2574
4116
3612
-9208
-8149
-7128
2305
-4880
10221
-2040
-738
4
6949
-4048
1255
-11224
-7421
4344
5593
-776
-4105
-2008
1299
-1016
2326
-10216
-1253
-16380
10012
-16380
-4121
-9212
4094
-3044
747
-1016
11791
-8148
5893
-4088
5363
-8168
-281
-13217
-477
-16340
-1761
-4060
4071
5140
5900
-10236
3058
-7124
-4330
-2004
-1269
-13080
-770
-4868
-517
-18396
-4092
-7956
8204
84
7413
20
2798
24
2057
-7948
42
-9196
1314
-11248
2816
-6116
12520
-14088
-6424
-8148
1293
4108
-5105
-11212
-6131
-14288
-2038
-9192
7663
1048
7688
-8964
4369
-6124
1262
-10220
-3849
-1024
-12542
-16352
1546
-8160
7399
-6120
-18428
-6144
-6381
-11256
-2538
2060
761
-5892
2842
3096
1031
-7156
9988
-13256
1541
-996
-2549
-15273
1262
-13308
3587
4
-8446
-12268
-4356
-12264
-281
-11016
1786
-2036
4371
-11188
-3582
2072
-3589
-2820
-1844
-16348
-6657
1076
5
-5088
-4368
-12280
3565
8196
-5108
-7152
245
-7128
763
-7077
5133
1204
-2294
4
-2823
-12236
5902
-8980
-5657
-10168
-1546
-10008
5372
-10232
1263
-11216
-11530
-4068
757
-23044
-5139
-2048
-3558
-8164
5640
-9176
-5122
-992
15111
-14320
-464
-3044
-8968
-7096
3091
-16324
2011
3120
-6125
-8148
-2800
-1020
-4114
-3056
4877
5120
1045
-12256
-6928
-6136
-2588
-2832
-1781
6144
-5884
-13284
4882
-10208
-7966
-4044
-8998
-15332
549
-2016
-4611
-14316
4853
-11240
8441
-8136
-2335
-8164
11
-3072
2256
2300
1514
-11240
-995
-8160
6168
-3044
1278
3088
4844
-2820
7717
-2020
-5130
-10204
-7167
-11244
6384
-12272
5617
-18192
2571
-11252
2034
-1008
2047
2284
-9231
-17400
245
-3020
1308
-8148
799
-16352
-5122
-12276
-267
-11020
-1483
-3036
-2039
-17380
2753
-5096
-1509
-3036
5081
-5084
-5633
-7128
4582
-16364
-3298
-5100
-2585
-13284
9203
-6096
-6139
-13276
-10792
