-8176
-6652
-3044
-5626
-12284
-237
-10180
2570
-13288
-1302
-17384
6900
72
3054
-7140
5390
-13264
-9490
-4064
9953
-8160
-10464
-10164
3348
-14320
8174
-5036
-4346
-960
7649
6160
-7431
2052
7170
-15344
1552
-6924
-1790
-776
764
252
-2056
-4052
-3077
-9188
2044
-14092
-2773
36
3591
-7140
-274
-9192
-796
-13288
-2281
9264
2553
28
6423
-3024
-10748
-3068
8400
-8188
3602
-1020
5126
-6108
-8993
-14328
2281
-10180
-3605
-12264
-5079
-11240
7413
-4068
-1015
-5068
-762
-5084
-5657
-4880
3576
-15112
1279
-6112
-7137
-6112
-2556
-7152
1554
4144
12544
-8108
-1280
-11212
3606
1056
-2840
1080
-7682
-10232
-4329
-12276
7150
60
2287
-7132
-2058
-11260
-999
-7140
5867
-11240
-18
-1004
5110
-8172
5891
-8152
-4875
-14304
4115
-15120
2561
-11224
-3337
1060
13294
-1016
6398
-4080
4304
-8112
-8376
-15340
282
-780
-514
10252
-8437
-10228
2565
-9212
-6177
-4076
-510
-11256
7161
-8152
-6107
-3056
4357
40
-4622
-13268
2776
-2996
-2820
-9164
-3625
-3036
-2345
-13288
525
-6928
5388
1056
14852
-13296
-2555
-4048
5374
-4072
-2508
-6092
6643
-6100
2798
-8188
5136
-10220
-774
-12248
2305
-14336
-1794
-5080
-1819
-13076
4323
-10232
7659
-9184
-1759
-4056
-5888
-10220
1027
-3044
-2826
-9208
17156
-7136
-237
-8188
11261
-10208
-2073
-10196
-13050
-7128
-4849
-9148
4337
-2048
-749
3084
4079
-1996
-507
-5104
-3849
-6136
-3897
-1800
-1775
2092
-5883
-17408
7956
36
3059
-12276
1801
-18420
-4898
3104
-9747
-784
752
-13296
-9235
-4060
-5655
3324
3586
2056
1762
-8140
3817
-10236
5659
-9172
-3813
-2036
-512
-6116
5591
-12052
-2041
-15336
-13531
-8168
-3319
-12248
-14061
-13280
2301
-14324
3059
-10208
-6897
-10184
-3082
-14296
23249
-11020
2008
-14280
-5861
3096
2818
-14300
-6637
-5084
-2031
-20468
-1809
-9216
9973
-13213
4595
-4076
-3093
-2840
-3607
-8192
-1284
-6128
252
-6124
-8208
-14284
-1779
-8156
-3590
1028
-2771
-3024
6643
-6112
-2303
-10196
-2531
-5100
7406
-2024
-3055
-16360
-522
-14304
802
-11228
-774
5136
5143
-11256
3366
-9200
3876
-3068
-11034
-8984
6929
-9180
-1021
-5080
2055
6164
8658
-26308
7944
-7164
2807
-10224
-757
-4052
2087
-15356
-8192
-4064
8222
-16356
7152
-3848
-4099
-3072
-5891
-6116
12272
-10224
-2049
-3016
-2553
-14284
-2026
-14324
2534
-11236
-3801
-2044
17144
-14312
-1022
-3844
-503
-9212
8459
-7108
9963
-12288
5617
-12288
-5096
4096
-8955
-13264
5097
-12201
7447
72
-4056
4152
-779
-4052
-739
-10004
-4364
-1020
-5149
-6948
-1260
-13272
-790
-9168
273
-5052
-270
4336
-577
-6136
-3839
-7160
273
-960
802
-772
-3110
-12288
-3602
-9204
-3107
-5084
-4857
-27384
-4349
-2824
1532
-18412
3838
-8152
1279
-5892
1738
-12284
1569
1024
-1520
-10008
-10764
-12240
532
252
985
-6112
-248
-6112
-1547
-16360
1263
-1020
5613
-5892
-2315
1028
-1537
60
-5369
-6136
-12857
-12248
8457
-11232
9243
-9192
3324
-12260
-1798
-10216
-768
-15348
2367
1100
-1268
-10212
2541
-7160
-10747
-6100
1546
-12268
1516
-6084
-8682
-23240
4568
-11228
-3329
-13260
-2052
-11228
3356
-8180
2577
-5108
-2800
-1980
1563
-6092
2054
-6128
-8204
-5116
-3832
-9192
-3339
-6112
6390
-15280
-5118
-4044
-6654
-6072
-4097
-10180
-4089
-9184
6892
-8144
-1058
-6120
-1524
-9988
-4320
-13284
13813
-4044
-5140
4116
-2077
-12256
5683
-4088
-1562
-16352
7936
-12052
277
-12248
3576
-5064
-2030
-8148
-3577
-8136
6139
-6136
-2047
-7124
-826
-13272
-7160
-980
-6139
-5076
-229
-5096
6902
-10196
3609
-8128
4367
-12256
-2806
-8156
6912
-3068
2574
-12244
-3618
-8140
3113
-7144
-7437
-19456
2848
-3048
-14070
-7124
-4653
-10200
2030
-14296
-1024
-7164
1280
-4048
-1553
5164
7727
-2012
-3095
-22032
-4292
-17360
-6140
3159
-237
-14316
-3568
-4876
1076
1076
3599
-5092
1283
-4056
-11537
-9188
4578
-9184
284
-9988
1804
-10228
2806
-9184
-4371
-8180
-1552
-7120
-6110
20
-2040
-7132
2806
2052
-247
-13268
1574
-15324
9992
-7116
-2306
-10200
494
-9208
-3799
-17164
-2554
5164
-4860
-12280
8443
-13304
5619
-6928
284
-6132
4625
-8156
9223
-16348
4875
-10180
5400
-9176
-8979
24
4332
-7136
-494
-18188
6155
-11260
788
-12268
-3575
-4068
5630
-10216
510
-12256
-4358
-8168
11503
-20444
-1009
-10180
787
-3036
3348
2076
-184
-12256
-4901
3112
3078
-976
-2005
-7148
1514
-3068
1290
-11248
-7121
-5116
5639
-1976
-3048
-8192
-4340
-5080
-2844
-9188
5941
-11232
2555
-20480
-2055
-7132
-501
-15300
11037
-7112
-753
14352
3565
-1964
-1028
-9176
-1534
4108
-2061
-14280
1056
-6112
-240
-3064
6176
-8176
3799
-10224
-3608
-3052
3100
-11220
3332
-4080
-7720
-3012
3075
-10220
-1812
-1008
-1789
232
8712
-15340
-5374
-3024
-1765
52
-1814
1072
1036
-10220
-517
-6120
-10508
-8172
-519
-8156
6669
-8172
-2581
-9180
7416
-9988
4611
-8136
9423
-9156
-2812
-10228
-9195
-8172
7684
-11248
2027
2084
-3093
-9148
-3786
-4044
3035
1108
776
-17168
2289
-8180
-1259
-10184
741
-10188
755
-4072
-522
-5120
-748
-4060
-3326
-6108
-6
-2032
2033
-14308
4367
-6144
7905
-1968
-4886
-2992
-1796
-10200
-317
-4040
276
-12248
5371
-12280
9744
-10176
3862
-13284
4592
-18412
-7683
-16328
1819
-17356
2036
-6108
3056
-11016
-14508
-15316
16287
-2032
528
-4080
1285
2135
-6623
-19400
3824
-18408
3809
-8112
3835
-9200
-1267
-2836
-13554
-9172
2800
-15300
-2498
-5096
-3314
-12284
-1012
-2036
769
-6080
-4850
-7116
4854
-9164
-1535
-2020
-752
-13252
-3596
-11252
244
-4092
-4327
-9992
498
-8132
-4374
-10208
-2810
-9160
12292
20
270
-9188
3283
-11256
-2067
-9176
247
-5072
-5858
-7148
1254
-14312
2535
-3844
-231
-3056
-4835
-5120
-6137
-8152
-1295
-11240
-5111
-6072
-3350
-7128
999
-12264
-3102
-4096
2823
-18400
-3302
-7128
5112
-16344
-3590
-2840
5920
-11236
-7687
-1004
-2296
-11220
-2850
-12248
-2574
-8172
-2072
-17160
-7923
1028
1057
-984
4855
-10220
-4913
-11232
-12251
-11232
8469
-5084
-2794
-13260
244
-1004
-5605
-8984
1789
-4040
808
-12276
-1538
-8160
-503
-996
2568
-2036
8422
-7136
-12082
-3048
4876
-17368
-2819
-9196
-5394
-4036
-11032
-10200
2297
-22224
2555
-9172
-4858
-19432
2808
1048
-1249
-11224
-252
1044
-2814
-12288
8195
-6144
2297
-13300
-493
-5092
3093
-11220
-8949
-8156
3344
-14320
-7938
-16332
2311
-13300
-4849
-6084
-7429
-4056
4654
-4032
-3838
-980
-4894
-15320
-8944
-21472
-804
-8132
-1278
-12224
3584
-10220
-3585
-15304
1494
-12228
1036
-12240
2560
-6124
-496
-6916
-7175
-3036
6648
-3028
-2559
-13260
3598
-3020
7705
-8160
5871
-8972
6403
-8968
-1302
-9164
-14377
-3040
5883
-8176
-1541
-7944
2296
-19428
1770
-13300
-1807
-10208
2521
-5892
-4806
-11264
-1282
-13292
-5894
-6108
-2054
1028
2573
26888
4099
2060
5387
-9196
-9737
-8180
-7947
-15352
2552
-5088
2313
-8144
2807
-7168
2344
-6920
3060
-8172
12033
-19420
5628
-17168
2328
-3056
4881
-13292
1543
-30424
-770
-7132
-3572
-12240
1549
-5100
-547
-16368
-13543
3100
7986
-15336
9997
-1012
2307
-14296
-2319
-996
9733
-2000
-991
-8168
-1790
-6108
-7674
2128
2063
-14308
3074
-3016
10011
-13268
6916
-4036
-6641
-4080
8448
-10196
3310
-8176
-283
-10192
-6904
-4072
-467
3108
-44
-13300
4373
-7128
-3338
-9168
-1523
-5116
-6380
-976
-1519
-6128
-10508
-12272
2064
-13268
2013
-3032
760
-6092
1764
-6092
5658
-19388
4848
-13284
2536
-7144
-11541
-976
-5865
5136
-6643
-9184
1510
-13252
3063
-5088
-527
-20428
7397
-14312
-5653
-13064
-8426
-10008
5655
-11248
5134
9236
-7437
-13244
-3592
-20428
1523
-8164
-10256
-3008
7972
-14312
767
-6080
3843
-6076
3865
-10216
1281
-4060
752
-8132
537
-2008
-755
-12240
4847
-7144
-2051
-10228
4077
-13284
-6172
-23280
-3595
-7156
5608
-25288
-2837
-4068
-4316
-14320
-13025
-6108
768
-7152
7699
-27305
3841
-4052
4883
3104
-1300
-10200
5160
-10240
1535
-7096
-773
-13256
-769
-5056
3606
-9188
-7941
-8160
10234
-17356
782
-7144
1787
-5044
7233
-4044
-3593
-5904
1274
-12236
-7161
-18368
-3072
-15300
745
-5092
4096
3076
-8969
-9192
-7448
-4084
-1247
-10176
-1522
-4052
3608
-30420
2055
-13264
5696
-11224
-9440
3072
4334
-9208
-6930
2300
6646
-8192
-3831
-6116
504
-12248
1495
-4056
10302
-12244
3622
-4052
-2051
-13288
-1505
-14292
6392
-18396
-2566
-6096
4870
-3064
-3541
-14276
13785
-12236
4853
-9200
-6636
-6108
-5126
-6916
-2830
-13248
-2312
-5072
-256
3148
-2827
-9168
769
-7108
-251
-8160
3841
6164
-8962
-7168
2568
-9176
248
-8188
5147
-4884
3567
-8140
6409
2072
-1757
-14280
-6143
-9204
5377
-14304
753
-8136
272
-11220
3094
-10216
-1516
-8132
-2802
40
1018
-14280
1018
-980
266
-11188
-4888
-9216
-5883
-13264
2050
1044
-1015
-7092
2569
-10204
3095
-7120
5893
-10220
-4116
-10200
-4871
-10236
-1786
-5092
-4116
-5064
-248
-6096
-1544
4148
509
-6096
-7662
-7148
3077
7168
5883
-12280
3031
-15288
8460
-9208
4117
-10212
10263
-12052
-13076
-7128
-2874
-17364
-4848
-19412
-8934
-11208
-3827
-7108
7191
-4084
766
-12248
1019
-16336
5066
-11232
2061
-5116
6639
-9204
5380
-14320
3596
32
1794
3124
-4898
-1996
471
-10228
12815
-10208
2298
-11244
-4333
-8172
770
-11200
5
-4052
512
-10184
6399
-12228
-254
-7128
6135
-8128
10507
-9196
1533
-13284
6429
-11228
3308
-5100
-1522
-6116
-1037
-16348
-4353
-20456
-3805
-11244
3077
-776
11
-9172
2050
-11236
-4397
-10141
-3584
-10200
-8945
-16344
3539
-8156
-2310
-3032
-4353
-3048
-8210
-4040
-7187
2092
2280
-4056
-499
-15296
-5391
-8164
-12583
-12264
-3334
-3028
485
-12268
-10243
-17380
3348
-15360
5893
-7104
1008
-19408
-990
-11232
3344
-12212
-6161
-8180
-5128
-13264
-6402
-4044
-4912
-15312
-1025
-13104
10771
-1800
-1812
-3052
-2273
28
5116
-8140
13282
-15284
3332
-5056
9425
-14088
-1815
-6132
10225
-3060
10499
-3040
-10479
-2004
9247
-17404
-3327
-8136
-527
-10180
3060
-2016
-2539
-6136
8991
-3020
-3073
-15308
14322
-17356
-3063
-2016
4390
-8192
-7698
-8160
772
-5088
3582
-9184
-4627
-2016
-4334
-11212
-7910
-3860
7918
-8160
3041
8216
-1023
-18400
-5155
6208
-2019
1076
3595
1064
5898
-1796
-5107
2084
1310
-8964
-5156
-12272
-1799
-4052
-4597
-17396
3843
-3060
1240
-20460
-5620
-12256
-5865
-9192
3861
-8160
-3591
-13312
-4358
-12256
260
-4872
5670
-15352
-17669
-17352
-2836
-14288
531
-996
9493
-6080
-519
-12256
3340
-13304
-6649
3124
-35
-16344
-294
-11236
-8436
-11212
3312
-24240
-7944
-13268
-3839
-3008
4359
-6128
3297
-9212
-502
-3012
-8686
-7152
-525
-19436
-3051
-6128
5416
-5904
8447
2120
-1026
-3856
506
-14324
5866
-2000
-2306
-8152
8434
-12280
-6927
-2032
1732
-8176
-1289
-8168
-6659
3104
-11263
-984
7930
-11200
5370
14396
-7458
-7140
2053
-10184
496
-9156
-2055
3072
-1281
-8180
1532
-23296
-10212
-21472
-3842
-3040
3083
-14312
-3568
-9148
5382
-5104
8944
-11248
-3829
-4084
2589
-9172
2825
-4092
-10
-11012
762
-996
6154
-7152
2844
-7944
3870
252
-2780
-14284
7210
-13292
788
-16136
-11274
-5084
2817
-4084
-7905
-11208
11827
-5096
-7400
-5056
1023
-3060
6416
-9176
-2841
-2044
4846
-11224
-6160
-10188
-10770
-9160
-6420
-11208
-3348
-2824
-1801
-6096
1051
40
6393
-4072
1010
-2024
5633
-13252
6149
-7132
5381
-5072
3324
-5088
2321
-18416
-4574
-10240
5887
-15288
-1037
-7132
-2020
-4096
6919
-15120
6155
-12284
26568
-6088
-8687
-4076
-1807
-14332
272
-8168
3308
-8176
6128
-964
-5390
-2036
-3600
1256
-572
-4084
4875
-2016
2086
-3044
8458
-13260
-10200
-10212
1847
-20440
988
-10232
2306
-4072
-5115
-3072
-1814
-15316
-1028
-6092
-3118
-1004
1018
-6108
-238
-7168
-4089
-15316
734
-1024
5144
-956
1042
-4056
4878
-5104
-3822
-984
1805
-2028
789
-8176
-2569
-2024
6394
-18384
7406
-11212
-738
-8168
7673
-1008
-13311
-6116
494
-14316
-6126
-988
-10221
-13288
-7695
-10204
9001
-18376
507
-9172
-3074
-4060
-2853
-8156
-4075
-6120
-4835
-14272
6158
-10164
4368
-3036
5651
-9160
-4631
228
6125
2092
-4087
-2016
-529
-14264
-296
-5084
4086
-8156
3603
-9188
-6957
-14332
6803
-6140
14562
-14324
2836
-6116
2037
1056
-259
-6104
-546
-1020
-1797
1044
-2053
-3040
8946
-14332
-996
-3072
1566
-6096
16642
-8148
6934
-5088
-6402
-6104
-3365
5128
-8925
-10228
-2533
-5040
3313
-11200
14599
-12040
5392
-9196
-3578
-8976
8453
-2820
5682
1092
1772
-5088
7158
-11264
1301
-6916
8241
-12276
-10549
-1796
-231
-11264
773
-13276
8428
-8192
3309
-8160
6939
-5084
11252
20
2802
-2012
252
-11024
1528
-11228
796
-19400
-7155
-8176
2521
-14272
4331
-20448
-39
-10204
3798
-7116
-1300
-5072
4327
-8164
2310
-13248
8672
-1024
1796
-5072
-1029
-8184
1315
-2012
4601
-8168
-11782
1060
-2289
-10232
8969
-2020
-1013
-10228
3067
-3056
3074
-2036
-7410
-3028
-7971
1048
-5912
-12276
2801
-21488
3579
-9172
-766
-7160
1514
-11200
9229
-10200
-4848
-22256
5094
-1008
558
-15336
3618
-8140
7380
-16344
-502
-8148
-1549
-5108
-768
-13272
7131
-11228
-1037
-15112
1226
-12256
4135
-18412
8989
-6124
6159
-5100
-489
-8160
-2056
7188
-5659
-4068
6183
-8964
-1016
-6116
4899
1060
2838
-15332
6395
-21417
-3077
-3024
-5874
-16332
-741
-9196
-4345
-6136
-2577
-3032
-3819
-8172
-13553
-6104
-6423
-9136
5369
44
283
-5068
4316
-5092
-1494
-8168
-4099
-3040
-4629
-5896
-766
-4028
1819
-8172
5110
-5112
-2072
-6096
1327
-8172
3104
-9200
-4136
-11012
7442
-3048
-1303
1056
-5904
-7144
-2811
-9216
-4627
-10228
11
-12276
-2035
-11012
-5143
-10204
-5918
-6084
4078
-18404
-792
-12268
746
-984
-5377
-9172
2287
-8164
-1801
-16352
1030
-11232
-4131
-3068
-4870
-14312
-1810
52
8460
-6132
7409
-10004
-3852
-12252
-5151
-19412
-797
-2012
-11271
-3060
-274
-13276
-2322
-5092
-4872
-9188
-772
-9188
7440
-17380
-998
-10196
-1808
-8152
-1283
-15312
8696
-11236
-3338
-4080
10747
-4068
-9236
-11220
788
-2020
-7648
-17384
9457
-6140
-3063
72
4563
-12256
-6620
-4096
-764
-8148
-1530
-10156
-10239
-5084
4091
-796
8958
-12252
9718
-13268
-9988
-808
-4878
-14292
6369
-4040
518
-7148
1277
-18388
15
-10224
-5437
-12252
-518
-4080
10507
-7108
-255
7212
-3330
-6120
527
-7140
4860
-5080
-3843
-20480
-9507
-3064
-6679
-20476
-10953
-3848
2558
1268
5626
-5064
2331
-1800
3592
-4084
3863
-9140
-4625
-8160
2792
-9204
1798
-1016
4092
-8184
-501
-6084
9439
-4080
-2568
-4040
9944
-2012
-5376
-16336
5138
-6108
-11774
-13240
2308
-6128
2362
2288
5896
-3020
3827
-2844
481
-7140
533
-12272
1302
4116
-4093
-5112
6905
2292
6406
-6140
-7178
-8176
3320
-16376
-1287
2100
-10504
-11212
22037
-4096
-7172
-8192
6884
-5060
-5118
-9988
3343
1024
-9730
-960
8690
-22228
-4348
20
1553
-9168
7
-5056
-8
-4868
3298
-980
-6386
2056
1821
-5112
12526
-10228
1744
-4872
-2551
-2044
-1532
-3052
7416
-6100
4611
10248
-3849
-7148
2348
-13284
2557
-12276
9
-12044
-10448
1040
-1541
-13280
-5117
-2020
-799
-10200
2540
-9164
2568
-7140
3349
2112
-1792
-15296
5908
40
4576
-5080
-3815
-2032
6676
-980
3588
-9180
-3343
-4044
-1752
-5068
-2547
-14316
-13091
-2032
-3290
-2012
4090
-13272
1563
-2004
4084
-13272
6171
-14332
-3562
-9188
4849
2064
-8918
1276
-2075
-15280
2299
-4880
7942
-12276
-1009
-5116
-6408
-4080
-2545
-3852
12270
-14284
-1550
4132
15359
-10000
470
-12228
11015
-7112
3313
-5092
559
-6120
7695
-5080
3376
-4076
1301
-6045
-8962
-5080
6406
-7140
-1790
-8156
1264
1040
1758
-8964
1999
-8148
6661
-772
11532
-6920
2060
2076
-6150
-3044
-259
-10200
3284
16
1797
-1012
3572
-10212
2551
-5088
6662
-7128
12080
2068
-553
-980
-4850
-5120
4137
-8156
-5331
-4052
8196
-1800
-2791
8220
8214
-3036
8962
-984
-8960
244
4602
4132
-4350
-3072
9452
-5088
-4835
5144
-2562
-7160
-6400
-14280
-762
-5048
8448
3104
-4857
-13068
5622
28
-1045
-16344
7709
-1000
-2040
-9160
11014
-3020
14336
-3020
773
-7120
-7421
-17380
-9965
2072
-753
-9180
3066
-17384
9006
-24080
-7936
-18420
-5390
56
2068
-8140
-3316
5128
2062
-14296
499
1024
511
-5092
3331
-9168
2821
-5092
-7449
-7156
4599
-3000
-2294
-2016
-5368
-11252
1521
-11224
6936
-10224
-5648
-7132
8964
-9168
5606
-14304
-6916
1036
5370
1056
-8209
-5088
-4093
-14272
11769
-10236
7394
-7112
-3084
-9188
-3594
-4064
4583
-5080
-8978
-12256
-5617
-1000
-789
-6920
5622
-4084
8426
-3004
5602
-10200
-520
1052
3303
-5064
7935
-13072
-2049
44
-7427
-3036
228
-13288
-1
-2032
-7941
-4076
-754
-11248
-4380
-11260
-6954
-11224
1815
-5084
-7934
-14292
2058
-4064
-8425
-11252
-228
-7132
-3811
-4080
-4628
-4060
6124
-7168
5395
-7124
2316
6144
-3361
-3036
-2801
-10220
-493
3104
-4344
-7168
-1564
-1004
9491
-12260
7693
-964
-28074
-6112
7689
-7168
-2571
2068
6085
-3048
2554
2068
9688
-12260
-4054
-1996
-764
-7132
255
5180
516
2108
-7164
-2016
-3603
31572
-4885
-7140
4870
-4064
-6634
24
-736
-3052
10293
-11200
2529
-16320
8445
-5072
1079
-9184
15370
-15356
2294
-984
15
-3048
3091
-6084
-2310
-8160
7200
-5104
13559
-6116
2345
-3056
-5124
-7152
3594
-4080
-10747
-9988
1013
3096
-4367
-8152
3352
-10236
7654
-1000
-4864
-7144
5616
-4888
6942
-4096
-3089
-14312
1534
-11240
-1786
-996
-2044
-8168
-11012
-6088
-2529
-5120
1778
-10224
757
-13304
-1777
-9164
-1773
-6124
-5121
-8156
3862
-5084
3806
-3040
-12038
72
-5883
-3052
11557
4
6391
1276
1556
-4052
11224
-7120
-1042
-4868
-10236
-16344
-3861
-4060
3
-17372
-1523
-12236
5661
-968
1032
-14300
8699
-8164
6141
-9144
-5384
-7136
4348
-17400
9960
-4868
4095
-2000
4853
-1004
-4583
-2036
-3596
-6916
4614
-7140
-2533
-4072
3582
-12264
-9473
-10208
-4359
-10216
-520
-19392
1251
-4064
-3341
-980
14849
-9204
-5865
-4088
-25
-10212
-739
-6072
-2816
-8176
-5123
-12268
1818
-5120
1272
-20228
3295
-11208
1026
-3060
-10757
-4040
-6398
-10212
15105
-23252
1223
-11036
-3817
-9180
2847
-9192
-1520
-8156
-2299
-4028
7421
-4092
5
-5048
-10241
-968
-9
1072
13534
-11244
-780
-7128
11009
-11244
1789
-5088
3605
-9200
-1831
244
-6161
-11220
-2552
5128
-7397
-7120
7194
8236
1516
-3052
1740
-10212
4
-7968
524
4308
-15363
-11204
8942
2072
-2818
-16372
-6904
-2040
2078
-8172
6146
3092
9236
-5100
4886
-11240
-22
-4068
-2327
-6088
-541
-4092
-1541
-9196
-3598
-4872
-5103
7212
16381
-2036
-26
-3060
-10231
-11208
2769
-11256
5648
16
-1283
-8968
8457
-4076
9745
-14292
3815
-9156
-23
-10156
-1745
-12260
4096
-5900
-5113
-4092
-5395
-8160
-231
-17384
-4852
-8156
-8715
-2012
1809
-984
-1809
1044
-1014
-4040
-9709
2072
1494
-5096
-2282
-8101
-501
-13272
-5126
-10224
-4395
-3060
3365
-14300
1542
4100
5140
-4076
-3318
-8168
1515
-6088
1005
-13280
14553
-9176
14063
-6140
3577
-2004
-5356
-3844
3061
-11220
-9770
-8968
992
-14304
-8733
5124
-2559
-14320
2045
3320
-2545
7216
9508
-10236
-20060
-2040
-3622
-13268
-6881
-13284
4370
-10208
2314
-11240
8671
-3852
-1811
-6124
-700
-16352
5351
-15328
4622
3080
-3071
-8156
-2101
-2020
-3582
-14312
2064
-9996
-1310
-9196
-7689
-7164
1020
-6140
-3572
6160
531
-11236
6672
-5104
-9
-9200
2287
-1964
2559
1048
-6150
-11240
1236
-9160
8244
4
-3092
-3048
1532
-13080
2550
1036
-7954
-5096
-497
1056
-5123
-980
-517
-1004
2590
-3064
9460
-9180
-2070
-6096
6430
-8136
6159
-13308
3602
-1984
-5119
-8164
5656
-11016
9737
-7108
-7404
-7108
2033
-1024
-3096
-8972
-9975
-7132
-7686
-3056
-1550
-4068
-6366
-10216
262
-6100
-2591
2092
4076
-6112
-6408
4348
4122
-2028
-2814
-3856
511
-11248
-4843
-988
6914
-2004
-11555
-10220
6392
-10216
7157
-8168
5142
248
1799
-3040
-5122
-4076
-6110
-3040
-1545
6144
-5879
-12260
2567
-4052
-979
-8136
-1279
-7144
6889
-3048
7192
56
4844
-7948
1278
-5080
1269
-1996
-5123
-11240
8978
-8140
-3623
32
3062
7168
4092
-7148
-15626
-9132
-10006
-10196
5890
-5076
-5877
-11240
4612
-14296
10729
-3844
5391
16
-2307
-2044
-11473
-4076
8168
-9156
-1278
1072
-997
1052
1238
-10200
5079
-9184
-8666
-3004
1525
-8144
1532
-6112
11550
-6928
-4054
-10192
-4346
-8148
-2570
-4056
-3303
-5108
1543
-7164
1797
-6104
-4633
-22252
4112
-15316
-9493
-11232
-468
-8148
11012
-4044
-501
-20456
-2567
-1020
-28
-4052
11274
-4048
7449
60
-2332
-8172
-1004
-3024
-5137
-7124
-7181
-12276
8443
-11228
7180
-11188
-1297
-6100
-3578
-14312
-280
-19428
23
-10184
-9483
-11244
-12866
-6920
777
-3024
2844
2060
-787
-10204
5872
-7164
-3103
-14272
-8720
-7168
-2804
-16140
-1788
-18400
15
-2004
211
-15356
9681
-12268
-7698
8
-3344
28
-5637
-18408
-4605
-5068
-6931
-10196
4653
-12280
294
-4088
5643
-6924
5900
2072
-3324
-24272
285
-17352
-5387
-14088
-14108
-5088
2053
-21452
2068
-8148
1791
-996
-6643
3072
5100
-9180
6123
-15288
3033
-14292
-2299
-968
2799
-5076
524
-12244
713
-7124
-6424
-13296
-1802
-9188
-7177
-9188
281
5128
1266
-19380
-4079
-12044
790
52
-1797
-2048
8162
-9988
1304
-14300
-2569
-12236
3320
-5116
-241
-6088
1498
-6092
-4634
-5076
1780
-4060
-3076
-11208
-4118
-10204
-4911
-8964
-7196
2052
-3340
-4052
-4873
-6096
1269
-5060
5128
-5076
5092
-14316
-1293
-12244
7425
-17352
1572
-12276
4613
7196
-283
-7140
2526
-22228
7669
-8180
2554
-13304
-13320
-6120
9982
-10224
-3359
-14324
1005
-6112
4615
-13288
10019
-19436
-5618
-12272
6660
-9144
7939
-16336
-9721
-14296
4296
-5104
1547
-16352
5118
1272
5373
-6096
10269
-10212
-9745
-9164
-12284
-3064
-13580
1036
-491
-10224
-6692
-1996
12027
-3020
-12814
-11016
1267
28
6405
-7132
-2304
-9180
-2274
-4072
2271
-5017
3346
-6140
1046
-10208
-194
-7128
-2544
-10220
-5366
-12228
3048
-10176
-7415
-10204
3340
-3844
2280
-4048
4608
-12252
775
-10184
4367
-5104
4117
-7168
-6145
-7144
-515
-5896
-2823
-13276
1544
-4080
-2070
44
-9
-9200
2290
-11208
1522
-4040
2579
-13288
-6656
-5088
2299
-11252
2802
-8144
-2056
-9216
-4891
-10224
-814
-9208
4615
-992
6129
-7152
-5611
-11228
-7424
-5096
-1545
-1796
7658
40
13604
-16136
-10232
-5092
-745
-6124
-3815
9256
-8181
-9204
2831
-11232
-10256
-6104
758
-11228
-10241
-5072
-3062
-6072
2326
-13292
4624
-776
-3835
-988
-3304
-11252
5125
-8968
1272
-13060
6615
-10000
-1013
-3844
4129
-12236
-2824
-7156
802
-3068
58
-10220
-34
-3000
10231
-1012
9728
-996
4889
-3060
-991
-21484
-2812
3096
-4367
-7152
-1264
-9204
3050
-9148
1028
-7124
-4097
-15300
4896
-13264
-1565
36
-8194
4096
-2316
-14292
-5906
-9196
-1783
-5100
10244
-11200
-5144
-14292
16
-8148
-5398
-10212
3039
-7164
4354
1252
-4351
-10228
-9
-1980
-2811
-8172
3339
-10196
6908
-9168
2322
-18416
11233
-6084
-9740
-9172
2792
-3044
2797
-13244
266
-6112
-777
-14288
-7897
-16368
-538
9240
-9737
-780
-12303
-5072
2287
3100
-2791
-992
-11732
-16368
748
-4032
4609
2064
5662
-4088
-7196
-6144
-235
-7156
-1995
232
3810
-8180
-3100
-1800
1033
-9180
-4084
-11024
-12520
-7128
4364
-7140
-8743
-7160
1530
-8184
-5123
-18408
1259
-10216
5424
-9200
1017
3120
-4826
-13260
-5077
-7152
-499
-20464
2046
-3020
6678
4128
8442
-17376
5362
-8968
-6923
-6092
4113
-8180
6123
-20440
-1788
-12240
13331
36
-2039
-4080
7704
-4056
-4353
-11240
-2536
-16144
-7977
6172
2072
-9188
1255
-8172
-4619
-13240
-2798
-13268
284
-5100
-7401
-7100
3043
-7124
-6120
-15340
4860
-5080
-762
-2024
-3078
1040
-6936
-14312
-526
-5100
-3832
-6128
253
-8184
5887
-14304
-5892
-8140
2050
-11236
-6140
-10232
-3354
-13292
-2294
-3048
-4350
-14300
-5114
-8176
2074
1064
-5160
2100
502
-14304
-1270
-2008
770
-7148
-2031
-4068
16
-10204
7457
-6100
-1533
-8168
-6878
-5076
4079
-3028
-8468
-4872
4087
-1996
3084
-2020
778
-16368
-4840
-6112
-796
-7136
-5373
2084
7145
-11196
2821
-8172
-5397
-25300
-7139
-12280
-11769
-7116
4875
-1000
4098
1060
-9770
-4888
-3566
-2036
-11465
-2036
1283
-8192
14828
-4040
9508
7188
-3334
-17344
13063
-3060
5109
-10196
-13053
-11228
471
-11240
-11045
1076
2324
2088
3331
2080
-4359
-968
-4099
20
1269
-4060
-4631
7192
7666
-7144
-760
-8180
-5136
-6112
-4626
-3068
-6431
-7116
-20
-12208
1796
-4072
2570
-4896
-500
-10188
-2576
24
1269
-16364
1285
-8160
-2855
-10192
2537
-6104
-3081
-9180
7399
-7152
767
-12248
1057
6168
310
-10204
9705
-10208
9712
-13292
-566
-10208
7429
-5104
-4105
36
-7937
-1020
1040
-8164
-1535
-8184
4584
-14284
269
-13304
1775
-6100
7954
-10220
9735
-16356
-9987
6176
13318
-7140
5130
-10180
11282
-10236
8255
-12248
-8415
-5904
-5546
-11264
25217
-9176
5625
-14312
5385
1060
-748
-4032
-1273
-5096
-7918
16
-9984
-8136
-990
-13280
511
-15300
-1264
-8105
-3328
-10228
-6148
-7132
-1798
-13276
-758
-7124
-4420
-18400
-11783
-8188
-751
-5108
4374
-8180
-272
-13280
4101
-4060
-2814
-11228
-8219
-4032
2320
-3024
4119
-7156
-3067
-15328
1270
-7092
6133
-3072
1311
-20448
15120
-10204
7147
-7960
-7698
-10176
7479
-6104
-2040
-14284
4354
36
-7139
-7088
299
-5064
1026
-14304
1049
-11228
-6670
-2820
1545
-3008
-7144
-7104
-10248
-9184
524
-6116
1035
-8964
266
-7164
-7425
-2044
7696
-4068
-2034
-5092
-5633
-976
-9217
2296
-501
-15344
-1000
-15348
4094
-3020
4064
-996
-8958
-11220
3844
-13292
-1547
-4064
-8712
-13240
230
252
8688
-5076
-5882
-5116
4893
-17380
3323
-2016
2261
-4076
3072
1068
7431
-20444
504
-10196
-2843
-13272
1257
3096
1273
-4068
3303
-5064
-10494
-11224
17387
