4132
-764
236
-1029
-10224
6396
-3008
-1003
-9172
11278
2060
-78
-9176
-5409
-14304
-3312
3104
-2548
-9188
2544
-772
-2521
-11224
1296
1060
-9221
-10168
-3581
-8192
2792
-8168
-5392
-7132
2592
-9184
-7923
-23244
-13035
-12264
2532
-7108
2807
-16328
-2024
-7088
9179
-12248
-13557
-5100
11024
-12244
-5642
-13064
-9220
-8176
14560
-4044
-2835
-5088
-3849
-17340
-4319
-6112
-1247
-7112
-989
-12256
5369
-2032
1016
-23252
4366
-17392
6172
-18408
-4845
-4084
1301
-14308
-8937
-7160
4635
-11232
4080
-9192
993
-7128
-2544
20
10508
-7148
4087
-2004
-1036
-8172
254
-10208
-7424
-20472
5640
-2020
8199
-5084
-7453
-11224
-3556
-5104
4881
-6108
-1525
-10224
2803
6184
5900
-10208
4888
-8156
-4863
16
277
-4096
-6177
-3064
5872
-7160
-3333
-5096
-18467
36
2041
-13312
-1292
-12240
-7148
-9148
1489
-4024
7712
-13284
-1031
-6120
-5112
36
4880
3100
-1537
-12276
-8647
-11252
-1320
-10208
3586
-20436
-242
-1980
-1027
-1008
435
24
7948
-5120
760
-6072
-1810
-4080
-4864
-7108
1035
-5120
8957
-1004
498
-9988
235
-7148
-12025
3092
-288
-13268
-2794
-12052
-6144
-6136
5604
72
1005
-4868
-5627
-8188
1006
-3052
4612
-1008
11223
-22220
-530
-6092
8437
-7148
-7928
-6120
8944
1088
-1037
-4064
-16095
-5064
-8744
-2000
15
-9164
13045
-4084
4368
-8168
2077
-8128
5109
-992
-1797
-19424
2066
-15340
-259
-6049
7691
1032
-1784
-13260
3869
-1905
6151
-12216
-2021
-5116
6397
-10192
8453
-13272
-3841
-10216
-5648
-12256
-4862
-9152
6663
-7144
1534
-27348
-6630
-6108
7385
-9172
2829
-996
242
-2000
1779
-7136
3305
-16348
-254
-11228
-3033
-12208
-3
-10204
6672
-2036
-4057
-7136
513
-7132
-1778
-3064
4598
-4072
11036
-7120
-1012
-12256
-1578
-15324
4342
-996
-3601
-8156
5150
-4020
-222
-9192
3591
-24292
-5645
-14304
-2308
-2012
2323
-3020
2035
-17160
7204
-20428
220
-4072
6911
-17376
3828
-7164
-7688
-7112
15888
-5084
-1257
-2008
2830
-7124
-778
5196
-244
-5064
-3074
-16384
-6415
-8136
-6909
-6120
-19243
-5104
5391
-4060
-6388
-16344
-1010
-14336
7
12
6381
-17364
-2546
-960
5113
-9988
-9195
-10000
-5665
-7148
-3835
-3056
-4612
-16360
-1806
-19388
232
-14268
-765
-6116
5127
-8160
6149
2072
-2315
-6100
2297
-5092
482
-10232
-4575
-9168
-11230
-3032
-5148
-1000
8993
-9164
-6124
-10236
-1807
-11204
-4355
-15292
-7413
-2028
9225
-13260
6166
-11232
-6174
-7120
-4103
-4096
-259
-1008
-12720
-7116
4375
-10000
-6419
-11224
5876
20
-7440
-7136
-4874
-1992
-10
-5092
-3332
-10212
-1312
-8172
4627
-10232
-234
-5076
-3332
5120
-4610
-4892
-1034
-6132
-254
-9188
-3043
-2048
-4102
-9208
-12
-13060
1282
-8132
-3598
-12076
-4370
-3848
4323
-7160
2553
1056
237
-19420
-4096
-14328
7399
-11020
-1245
-12268
-1018
-4032
3636
-7148
763
-7148
-771
-13304
7704
-3028
-5386
-18420
-2812
-5092
-486
-10208
9992
-4072
-6655
-3028
9466
-8160
3314
-4044
242
-5900
-5115
-19416
1247
-4052
-5149
-5120
4865
-13304
7674
-24288
1513
-10172
1052
-6124
16942
-5092
1020
-7160
-6631
-15328
3595
-2820
-8965
-992
7426
-7168
2817
-10172
-14309
-2044
1802
-10200
4333
-16360
-7423
-6120
996
-10212
1008
2088
3583
28
7460
2072
-2791
-11216
3598
-12260
-6
-10180
1286
-7124
3889
-16356
497
-8180
-12772
-968
9713
-968
-9713
-18396
-2837
-18404
9983
-7136
3343
-11252
783
252
-3861
-3060
-1251
-17392
-3348
-7144
5117
-19424
-3316
-2032
1020
4108
-8
-792
1781
-2996
4638
1040
3837
-4088
6903
-13300
-776
-10196
511
-12256
4367
-9204
-5633
-13272
7685
-1988
-9207
-4064
-1290
-5080
4855
-6144
988
-6140
-5386
-11024
6125
-10232
4341
-15120
3849
-3860
1307
-12256
2276
-15336
6626
5136
6642
-9168
13054
-20440
-6663
-6940
8440
-11248
-3352
-7112
-1753
-2032
2798
-10212
4887
-6116
4093
-1996
5643
-10220
8977
-9160
-6437
-7136
-12060
76
-1279
-13288
-4097
-3056
-2803
-7164
5333
-10236
-3559
-8148
-15
-13072
2030
-10216
-3619
-8980
2525
-11264
-741
-15304
5406
-8180
6134
-17324
9214
-10200
-7161
-1020
-15366
-7168
13100
-6100
-4888
1036
6145
5176
-6900
-7148
7937
24
-2347
-6041
2819
-12036
-3870
-17384
5905
-15340
-3593
-8132
3850
-11024
-10723
-9208
6161
-12228
-281
-15312
-1534
-7128
1021
-6108
2060
-7136
7189
24
8188
-16356
-5919
4
-1993
-10180
3551
-10176
767
-8148
1264
12
-7688
2104
9486
-9140
7396
-7140
-525
-10232
1291
20
472
-11232
12034
-2000
-7169
-5084
545
-12224
-5933
-4056
-3868
-10236
-2325
-1992
3314
-7956
-8675
-11212
1818
-7144
5126
-4052
-6675
-7164
8479
-1000
521
1111
-9720
-19448
-262
-7104
4576
-9188
-545
-2848
7150
-11224
8751
-10216
11234
3104
-5887
-7952
1267
-3012
-2816
-11260
-5580
-10220
496
-12264
1282
-7156
6674
-5104
1783
4096
546
-2040
-10300
-1008
2298
-3028
1058
-6084
-3829
-10160
-241
-6124
-4860
-8164
998
-11236
-522
2096
4901
1032
2561
-10228
2575
-4096
1774
-6088
-10498
-6132
1763
-10224
4859
-2012
-12798
-2016
2550
-9992
2288
-18420
275
-7140
11005
-6084
-3326
-22248
-7673
-6104
2030
-9172
-4584
-1992
-537
-11244
2321
-8184
-517
-2012
-11031
-1804
-7178
-6128
-7953
-1012
2822
-4040
-1818
-13292
7683
-8148
511
-12280
2579
2088
3821
-15312
-5098
-10216
-7180
-12244
2602
-8164
5627
-10220
521
-11012
10527
-17160
-6898
-7140
-545
-6116
-1815
-7116
2848
-22256
2818
-9192
-4636
-13296
-7172
7184
1041
-5092
4621
-784
-2024
-15269
-2369
-9988
-6647
-3028
-6130
-14332
-8974
-12072
-2586
-6088
-2011
-10192
4112
-5084
-1019
-5092
7677
-6132
4860
-7144
-772
24
-533
-5064
-504
-6116
12522
-11248
-10744
2056
4371
-3028
-8697
-3016
-1051
-8164
2056
-8176
3852
-2012
5370
-3032
1787
-14256
-2804
36
4881
1076
-4070
-8164
4609
-3060
8455
-16352
7944
-8148
-1243
-7160
275
-1000
-1808
-4080
14296
-12244
-5098
-7140
-770
-16352
4056
-11240
-4847
2084
9187
-17388
7963
-5892
8176
-8964
2293
-4096
-4585
-3072
-4904
-14312
2066
-9172
1014
-7148
1496
-9184
1803
-7144
1025
-9216
3056
-15312
-8159
-8136
-3852
-18416
-6635
-6092
12532
-7156
3858
-3052
-2299
-8160
-3308
2104
42
-12280
4106
-3036
-1273
-3024
-1327
-15316
-10495
-6112
12064
-7148
5387
-4064
-1560
-21488
4369
1064
8971
-11204
-4593
-3068
-1236
3132
6642
-5096
8205
-10208
1516
-6120
-5639
-9184
15628
6164
-1539
-8172
2816
-11216
9986
-13296
2023
-7132
2818
-12248
-3855
40
-7411
-1812
-278
-19452
-7382
-7148
3088
-10220
7447
-8124
11283
-18388
-4871
-9212
-273
-10220
-10236
-4064
-20275
-8964
4879
3076
3574
-8164
-6411
-9204
-6440
-8176
2787
-12248
-4338
-3036
-2296
7192
2851
-6112
2282
-5116
5634
-4084
7176
16
1263
-18184
5364
-15328
-4138
-3032
-4132
-10204
8439
-6920
-3569
1072
-235
-12276
-9992
-12236
-1748
-8160
8192
-6120
7950
-3056
2495
-5120
8199
248
-1017
-4096
-2841
-7132
2826
-4024
6098
-14300
-5096
4104
9792
-10212
2314
-19452
7911
-8144
-5381
-5892
-15937
-3048
17879
-8192
11489
-9208
781
-9192
-1265
-988
-9981
-12260
-3835
-5112
-3339
-5104
2818
-3048
2289
-7144
500
-6132
2066
-960
-14610
-19404
2554
-7144
-1788
-6916
4346
-3048
-5113
4156
784
-4084
-1030
-14268
-1807
-14308
-6167
-2012
5389
-12256
3799
-10212
-4346
-10164
745
-7128
8192
-14276
6152
-7120
-6919
-15336
-8192
-7160
-749
-7152
4844
-18412
-14354
-2016
-1548
-6116
4348
-12244
768
16
3080
-5052
5158
1260
313
-3044
7921
-12260
-4108
1056
5361
2108
-12036
-7108
-776
-14336
-1243
-1996
-3301
-1020
-2308
-3016
6919
7400
3812
-5108
-2277
-804
6119
-9200
-11247
-5092
6199
2080
-7614
-6112
3334
-2992
781
-12228
-4544
-2024
4112
-5048
3117
52
504
-6112
4871
-1972
-4638
-6924
-278
-13284
-2067
-5052
-13303
-14336
7918
68
-5907
-14328
-5647
4
-3087
-9196
4366
-3044
4862
-5068
-7657
-9184
1065
-10160
-5643
1040
736
-4880
-5885
-3880
1554
-4088
9461
-6924
2569
-6140
-6406
-4072
5886
-4892
-4848
-10192
-7152
-7100
9966
-3012
5099
-11260
-8181
232
-765
12
6646
-14260
1800
-16360
2789
1076
4340
-6108
291
-14288
2498
-14100
5895
-11196
-3852
-12280
3603
-9172
-5874
-2000
-775
-6088
-3581
-4056
-3043
-8156
-4367
-5072
763
-12256
-3605
3112
-9224
-3056
1567
-12236
-4326
-3016
13348
-7152
-3577
-16360
7205
-5060
-1007
-10196
-252
-15324
8207
-14300
5901
-10188
5138
-11244
-1045
-7128
28
-9196
3604
2092
772
1064
8203
-4064
264
-14332
-8971
-1012
-3335
-9204
6894
-9184
279
2084
-3570
-11208
-508
-18188
-2278
-4068
13
28
2281
6204
-7417
-8176
4643
-2996
5896
-7124
-1276
-9168
279
-10000
-4832
-1012
-2835
-3064
-8204
-2008
-2040
-8144
-5904
-20456
-4893
-10236
4355
-9168
-529
3136
-1059
-6104
259
-4032
-3824
-3052
2831
-5084
-2802
-6092
2287
-10232
-5359
-3028
1
-9192
1261
-13256
-4111
-15340
-7154
-7144
510
-2044
8185
2080
6132
-5112
533
-6092
5599
-19416
505
-7144
-4076
-10180
8206
-4888
-9982
-5100
513
-8160
-3083
-3036
-260
-6916
-2807
2076
-2534
-8176
-1772
-8184
7670
20
4397
-5064
7406
-10184
-2069
-1804
-3065
-15120
-6394
-10204
-797
-16364
1767
-11204
6916
-15324
-783
-15332
1021
-2996
2010
-7144
-518
-5088
-503
-4092
-1251
-12252
5395
-8140
2083
-8148
1278
-15332
2786
-5112
-9973
-5896
-1285
-3997
7953
-9172
762
-6136
-6174
-10216
1564
-14300
-2842
-5044
7179
-7132
5910
-15325
13323
-5076
-480
-9168
8676
-8124
2021
-10196
-2040
5168
-11777
-6124
-7213
-10168
14857
-4056
-28
-10180
-5904
-10200
-6373
-7140
-1267
14360
-6146
-7140
533
-2044
7444
32
6674
-9184
1009
-7168
4864
-10204
-6876
-8172
-1823
-2032
-5603
1072
-2297
-4084
-10245
-8164
2293
-14233
-5887
-13292
766
-2008
-5358
-6112
4609
-21496
3586
1060
-2035
-13280
-3848
-4052
-7
-8116
-6164
-8140
-5878
-9192
8974
-5076
-1236
-2016
2558
-6108
3070
60
-283
-2824
-272
16
-257
-1012
-772
7176
-3856
-8972
-1038
-1004
6403
-6928
4621
4152
-1024
-2028
1294
-5112
5881
-12240
-1269
-19448
756
-11252
-5635
-13260
-2295
-17364
-4601
-8180
7147
-4064
3839
2116
-4101
-12276
-4352
-8172
-2305
-988
262
-12268
827
-2036
3617
-9180
8696
-4872
4363
-12256
6898
-2036
-3080
-3872
-3575
-1996
3593
-14292
-9476
60
-519
-5080
-6665
-11244
-749
-17376
7173
4128
-759
-5100
2040
-18408
-2783
2076
7672
-6920
-748
-4060
15
-11220
-3068
-6916
-4891
-9184
-2834
-8160
-8172
-17372
-1565
-7148
3837
-3024
-1008
-9188
507
-20472
-505
-8144
-5623
8208
9963
-10196
-5869
-5892
5128
4112
-276
-11260
-519
-1808
-9728
-1004
-4620
-19376
2265
-10008
-4087
-12264
-8698
-9196
-18974
-5120
6883
-8964
3337
-13300
4601
-4080
1504
-5100
-776
-2024
961
-4068
-10724
-5088
4883
-1992
-2553
-6092
5422
-4060
-2532
-21456
-2572
-13268
10503
-17400
-1048
3104
-524
-8968
-11990
-8192
4358
-7144
-2554
2108
-767
-3048
3369
-2008
3789
-16336
511
-13272
6652
-3040
4633
-7140
-293
-4080
-4827
-10172
1511
-14276
10248
-996
-5658
232
-11816
-3036
-9688
-6916
1001
-14304
-1811
-8152
-7955
-8172
-2819
-17392
-6673
-2008
-1312
-6140
-7463
-6136
5859
-3060
-1016
-4088
-2301
-5088
-8172
-9200
-10538
-8168
-7175
-9192
-499
-10180
-7461
-17388
-6430
-1992
6631
-992
-6445
-11236
-3806
-8172
8753
-10176
-2040
-20448
-7685
-10224
15846
-11208
-7421
-10192
5359
-11232
-5133
-15120
20
-2044
-3617
-9168
2061
-1796
4122
-9168
-5155
-2012
-5912
1276
-3592
-6088
-3812
-6136
482
-19428
23
-3052
1548
-5088
-6406
-6100
-1004
-13276
-6183
5160
2799
-8160
-2065
3092
3830
-13284
-9482
-4056
2259
1272
-1027
-2016
-2559
-12216
2837
-4884
5141
-15344
5099
-7136
8925
-10228
-1775
-5100
-6434
-13296
3050
-14316
-7929
-780
-5361
-6116
-4091
-3012
1273
-8120
-3579
-2008
821
-6940
-7664
-20460
-2569
-5892
-4851
-3032
-7406
-9176
1229
-9172
2588
-11260
1804
20
4610
-996
-240
-6112
2559
-10224
-5370
-4088
-5909
-2036
7175
-16356
4070
8440
1835
-780
-3592
-7168
-4388
-11036
-1773
3112
-2832
-12272
-8393
-4076
5371
-5076
3597
-13284
9479
-16332
6403
-7140
-732
-8168
3034
-9160
2289
-8140
-2567
4124
1783
-4060
-8138
-9208
11
-14328
-4631
-9200
-10
-6128
5845
1076
-4845
-2008
-4627
-2000
-4077
-7128
-999
-11036
2794
-3016
-259
-10196
-1532
-964
-9226
-11248
7428
-5096
-9218
-2048
-4398
-4880
-2288
-14284
-4353
-2000
-6921
-8984
-2
2084
-4616
-9176
17744
-17352
4052
-3072
-11260
-11204
-552
-2828
4350
-11248
1261
-10240
-1018
-11248
-3089
-8148
-1298
-1808
-2064
-18384
4065
-6916
2018
-4060
-7676
-7160
-7675
-6064
4845
-5100
-509
-10208
-1788
-3008
520
0
2320
-13308
3569
-11224
-1810
-16332
-7396
-12276
11248
-5080
3315
-7144
5135
-13312
-1049
3124
-2827
-4060
-7902
4124
-2559
-5088
6687
-7112
-2833
-15304
9486
-10220
-5640
-10224
2027
-3072
-269
-3032
-2548
-11260
-2579
-16320
13370
-7160
-2294
36
-1849
12
-4844
-4064
3301
-15348
-804
-19408
10251
-4048
1279
2064
-3330
-6924
1314
3088
-5106
-5104
-3080
-7144
-1008
-3044
-753
-10200
-2549
-3844
1563
4336
-253
-5100
2052
6184
1783
-12040
2536
-2032
-2802
-4080
-3356
-10192
2341
8212
-5620
-5092
7417
-7148
-2551
2076
1239
-7152
3849
-1796
1290
-6068
-6642
-16364
-275
-5088
-7967
-6088
-1531
-5084
-1041
-16316
515
-8176
1532
-972
-6618
-8164
2804
-3064
765
-9164
4110
-13272
-243
-12036
3612
-3024
5659
-15348
-4359
7168
9226
-7136
-3325
-11240
-5139
-10192
7933
-4044
19996
-8148
-2285
-15348
10015
-10180
-484
-7156
5392
-11220
8194
-3032
4074
-11220
-521
-5080
-227
-11216
-14071
-14332
-2019
16392
-789
-15316
10525
-4068
461
-10200
-3581
-6060
3864
-2020
2046
-10160
6359
-7096
12809
-7120
3577
-10196
-255
-9188
-5165
-13296
8423
-1016
3060
-8180
2332
-2820
-1503
-8184
-6410
-6116
-7174
2096
10253
-11244
-5879
-11252
-7918
1056
1784
-4064
2529
-7124
-2574
-6928
8975
-8180
1280
-15316
6401
-3844
3589
-14304
-3304
-7136
9208
-8168
-6908
-8176
-241
-2040
-7154
-8184
-1592
-8152
273
-5100
-1277
-5092
7924
-10188
-5622
-3056
-5141
-14316
-4886
-4092
3299
-10220
-2544
-10228
2073
-7104
3310
-14264
250
-10208
-3302
-20424
-3357
-6104
5633
-17332
4822
-7108
740
-12280
-26
-8144
-2302
-6116
-6408
-13256
7990
-9172
-3098
-6920
-1019
-14300
-525
-4044
-5174
-2024
-766
-6132
768
-4056
-1277
-5100
-4354
-14276
7436
-6924
-10751
-8976
9754
-10224
7924
-8152
-791
-4068
10231
-6916
5400
-6092
6669
-8984
-12546
28
14072
-8184
-3558
-4064
1777
-18180
2557
-6128
9235
-3844
4612
1060
-3585
-13264
-6404
-5072
3351
-3060
-3052
-4880
-5859
-5112
-2538
-13284
2034
-2024
3063
-13288
-2043
-7160
-2572
-9212
-24
-3048
-5860
-6076
8996
6152
-4364
-10192
-8951
-7132
-804
-7084
2292
-12276
-6891
-7136
4139
-8148
-2574
-14324
-1263
-940
4103
-8180
-2830
-8180
3561
-7148
-4112
-6096
1018
-1012
5398
-20476
-2800
-6092
-4064
-15300
4622
-9168
12041
3312
5347
-6112
-1006
28
-1778
1076
5909
-992
789
-13264
5863
-16332
5923
-10224
-4864
-9200
9202
-7156
-3060
-13284
-12076
-7148
-1788
-7144
2307
-2028
-12047
-10192
-228
-1996
-6921
-12240
-2309
-9188
6880
-15340
7929
-6916
777
-14084
-5407
-3044
-3580
-10212
3804
-948
9973
-4064
9452
-3052
-1545
-4052
-2559
-4080
-4842
-12260
1254
6172
-2824
-10212
-769
-4068
4844
1032
290
-9196
-4343
-2012
-4320
-4072
3857
-6092
-269
-6144
-1804
-15320
4345
-18428
-8457
-7124
-5878
-11228
-4325
-12240
-2811
-8188
-6375
1276
6405
-6140
7676
-6916
-245
-13276
1257
-11244
1518
3088
-2279
-5116
7171
3104
-7932
-4044
-6131
-5044
-12825
-9996
4605
-10204
2053
-3032
-4617
-11236
-4880
-15320
3049
-6128
1030
-6916
5887
-4088
-3561
-5056
-2090
-12252
-2299
-13280
14579
7168
5143
-6120
-1759
-8160
-7169
-6124
-1568
-4048
-2317
-2032
-4119
-8980
-1012
-5100
4610
7200
-2819
-8176
-5640
-2828
2304
-9172
2056
-10224
2058
3120
3341
-7168
-1754
-15108
-4613
-4888
-1282
-9208
2567
-11264
7705
-4880
2553
-15360
2520
-5112
-6145
-12264
6132
-3064
2024
-9176
-8
-980
2274
-18388
-4642
-3064
12313
-4064
-6425
-4052
5377
-7120
46
-4876
-4880
-3064
3053
7420
-8752
-3024
-2862
-14084
1811
-6132
4604
-5044
-6674
-3064
9982
-11228
3796
-14288
1564
1048
6417
1056
-2066
-1976
4132
-6136
-527
-3044
-1560
-7156
-3564
-2024
4617
36
-1043
-12204
174
-11232
-10245
-4064
-1000
-15348
4349
-13300
-1287
0
2056
-14304
4368
-13300
1568
-6132
1794
-6104
4588
-8176
270
-3060
793
-10224
-1533
2056
5383
-6124
-7660
-2040
-2048
-2016
-9452
2276
6696
-1008
-2292
-7148
-14555
-11220
1528
-4076
1041
-12272
2271
-23240
9998
-10220
1072
-12264
-5346
-16304
10222
-3068
11505
-5096
-2
-8184
6163
-15124
8152
-3048
-1522
-2040
3072
36
7944
-4060
7467
-10192
-6687
-6136
-5636
8216
-15090
-3852
2044
-6132
-521
-5076
-4577
-10204
502
-12268
4607
-8176
-502
-17396
-8688
-2020
5131
1036
-4111
-4040
972
-6100
3568
-11248
4098
-6104
1020
-3020
7122
-7116
-3823
20504
-8220
-1008
-2078
-13260
-8968
-13228
789
-16380
4617
-5104
1285
-22252
-504
-19440
-483
-7112
6392
-14316
-11265
-13272
-9458
-12224
-8970
-10224
3097
-6096
2815
-8964
-1246
-5080
7149
-5096
26
-8176
4854
-2012
2305
-4048
2298
-12268
2064
-16348
7444
-10212
2063
5164
-6659
-9156
1771
-12236
6436
-12248
7657
-13264
7985
-5112
525
-988
5121
-14288
-11556
-8180
5370
-3048
-1531
-7148
1242
-12260
3325
28
8426
-3008
-1285
-12276
-6152
-13260
8498
-956
-1794
-5072
9210
-12256
6886
-6920
-7657
-3036
12798
-20420
-8971
-14320
-2812
-9160
-6666
-24292
2057
-15308
490
-12236
4099
-8168
-4361
-2028
-9193
2072
1574
-11224
4856
-7148
-252
2100
-2590
-11228
3903
-9180
-494
-9196
-1280
-4048
792
-4028
-2842
-1992
-5860
-9172
2326
-4052
4888
-13288
4604
-5084
-5124
-14328
5118
-14300
4590
-10220
-2813
-9192
-6156
-9148
-794
-8172
-10232
-3068
6406
1100
-1034
-12264
4078
-10196
-3831
-7156
3080
5128
1548
-8144
3031
-3052
-7137
-13292
-6648
-8968
3315
7204
5140
-6108
-3825
-1996
-8976
-5908
-1781
-16360
-6670
-14304
-3080
-8156
-3077
-1996
-523
1048
15096
-4056
-3355
3088
-2330
-12244
-2802
-7964
2536
40
-1005
-10216
-1782
-3036
505
-17404
-3051
-4068
-268
-10184
2031
-5072
15
-4036
-1796
-13284
-6689
-1024
3009
-5080
3078
-1812
3049
-2028
-9218
-10216
4380
-4044
-5618
-10220
-2296
-6136
-12302
-5084
7451
7212
-5868
-15344
1020
-7124
-12821
-8176
6695
-3016
-1255
-3056
765
-9188
232
-15116
2289
-13268
4130
-8144
-788
-8160
-13
-1984
1284
-14332
3842
-2012
3363
2052
-5649
-16352
3588
-17372
785
-5052
-1794
-14096
2090
-9212
739
-6124
1800
-8132
4624
-3044
-290
-5064
3052
-9184
-466
-14296
-1518
-3844
3060
-8172
-5555
-5048
7641
-5116
2537
-13292
-12772
-16340
-6668
-19440
5645
-11248
3084
-8164
2236
-2012
-283
-10212
3108
6172
1544
-7152
6160
-3048
29
-3844
-5086
-1004
-8987
-13292
-489
1044
10264
-7164
7904
-11220
-4605
-9180
-2030
-4064
510
-7132
6911
-8156
755
-22244
789
16
-7442
1276
1758
-13276
-26943
-976
7151
-2016
-2294
-6120
-6919
-10240
3593
-6116
-3330
-2024
2034
-18396
-2037
-4044
3089
-2828
5391
2132
1034
-11032
1513
-6100
2304
-8164
-7654
-9196
233
-4064
13823
-9996
-2290
-4044
-2512
-4064
1013
-11260
-4124
-14272
-4139
-12240
7952
-1996
7166
3116
-3578
-8188
15383
-2012
2312
-24300
-17
-14276
11284
5372
4103
-2044
519
-9188
2085
-9176
6157
-12228
-1013
-3036
18
-10236
-4604
-9196
7439
-10180
-8736
-16348
2331
-10224
6386
-6124
-4124
-4080
6655
-25280
-4597
-16368
-5652
2100
-3564
-18428
-493
-4064
-5645
-13260
-7958
-13276
4613
-18392
-1004
-5048
-19
-2024
-992
-8968
2545
-21264
6406
-2016
516
-17384
9950
-15356
-4133
2080
-2841
-972
-2526
-10192
8673
4
-1298
-9164
-7153
-13292
8228
-6108
15
-14280
6401
-4088
-6165
2060
-7434
-18396
231
-10216
-2041
-5080
2884
5152
-10790
6192
-6150
-1976
2023
-992
-26
-11012
3309
-6092
7
-3048
4089
-5088
-5917
-4080
-6942
-12252
5367
-2048
3059
68
-3562
-2016
3055
-17380
-7977
-1004
11789
12
10231
-14316
981
-5064
746
4096
-6155
68
3578
-5900
7945
-5092
-7902
-2020
11530
-12224
985
-16344
7396
-4096
-7438
-11252
5839
-6140
-5630
-3020
10250
-1004
3298
-6100
7415
3324
-6352
-7144
11816
-3848
4618
-776
6952
-4088
3372
4
10499
-11244
778
-8180
6153
-4872
3090
-8180
-9729
-10212
-1569
3324
7923
-2032
6665
-7132
-2841
-6140
-1272
20
2290
-5060
13
-15352
-1557
-13252
2804
-15360
-539
-6100
-6354
-11224
6912
3100
512
-6104
2810
-5084
-1019
2084
5875
-3844
5130
-13272
8
-16368
-6910
-11232
14804
-15312
-1497
-9196
5369
24
2295
-15172
1542
-8180
6129
-11200
-7185
-22212
-4126
52
5656
-7108
-797
-10204
-2525
-772
2823
-10216
-1529
-9180
-5121
-11244
10485
-968
-29
-11212
4621
-4044
4852
-14304
6396
-13296
-2583
1044
-3338
-12236
-3107
-7116
266
-13264
-1249
-10240
-6424
-4060
3318
-4064
445
-13276
-11270
-10236
-494
-7104
8227
-6116
-7680
-2004
2799
-6116
-7370
-15308
-2814
-5025
-8956
-8184
-6159
-14284
-2816
32
-5606
-7144
-502
-14316
9732
-9180
503
-6060
800
-6140
3309
-9184
470
-6100
-2338
-12232
-3612
28
-491
-10224
2551
-14245
-2287
-9192
526
-3048
-6681
-6096
1292
-16132
3818
-8152
-4089
-8176
782
-12256
6897
4
-2783
-8980
3060
-5072
5865
-9168
6911
-10216
6143
-13256
-5658
1068
-1532
-10188
490
3116
-1239
-5096
-3331
-2036
-7398
-10196
-3597
-6120
-3314
1064
6866
-7132
-265
44
7411
-1016
9226
-5080
256
-8184
-3033
-16340
4556
-15304
-1019
20
503
-6072
532
-7132
2782
-996
-11276
-5104
1529
44
-2574
8
6382
-7100
7146
-7152
7184
-9188
-1021
-9176
2293
-3028
9709
-12244
14328
-21492
-1796
-7164
-4339
-10188
10046
-13264
-6418
-8168
1803
-16368
9988
-4036
11531
-7092
1262
-10220
-7924
-5064
-4620
-2000
6427
-16340
-9724
-10192
-6418
-1933
6393
-6068
-3859
-6116
-779
1048
-4125
-1800
4586
-17356
-9466
-17364
5343
-984
-6634
40
1287
-7128
-1044
-6080
10237
-7128
19
-5088
6916
-6088
754
-5076
-1507
-3052
-3303
-3048
-243
-7140
5640
-15296
8187
-10220
764
-10220
-2344
-1000
-4870
1084
796
-13248
21
-6916
1519
-10184
5633
-6124
-3587
-12256
-8985
-16368
8961
-7140
-6377
-10220
-4829
2060
470
-9192
5893
36
2823
-8176
980
-6128
1063
-12052
5112
-6108
6716
4116
-7943
-6104
-1310
-12280
-4593
11292
2795
-14312
-2342
3096
-5110
-4056
764
-4076
8420
-4048
-4855
-11236
5364
-10216
-3317
-12280
3837
2060
-2322
-19404
-5114
-4052
-3331
-14288
5346
-15336
10048
16
-5652
-1992
-1517
-6096
2019
-15340
7676
-8964
9
-4080
-5920
-988
4872
-7160
3350
-9992
-12572
-1016
-1264
-18392
-1257
-7112
3565
-4092
10499
-17344
-802
-8968
9776
-11228
2304
-9184
260
-1992
11562
-9196
5860
-9208
-5128
-13284
-6666
-11260
-6649
-11220
5872
1048
-4053
-14292
7655
-15324
-737
-12220
2818
-8176
2307
-15344
10211
-13244
1307
-2028
4329
-9196
-9201
-8156
-6624
-7136
-1059
-7136
6650
32
474
-11252
-3844
11320
-3047
-11216
2038
4
-6901
16
262
-19436
-252
-5088
1542
-14296
479
-8128
-1528
-964
-488
24
-4612
-9160
3279
-17400
2030
-15292
-5095
-11228
5115
-6096
4636
-10180
8177
4336
-527
-11252
9986
-4096
-4036
-12228
1278
-8124
-4837
-13288
7924
-11228
4343
-10156
-8752
-15328
-1307
-11252
-3829
-3048
-4360
-19440
10
-3052
-4882
-5068
2828
-972
3338
-9212
-480
-3040
-2573
-10200
-538
-8132
-3342
-12260
782
-12260
12522
-9216
1298
-9152
5360
28
1005
-18388
-6641
-10176
-2835
-7168
-4376
-10224
8451
-956
7691
-6076
6141
-6116
8219
-13288
-3055
-20472
12526
3116
-3313
-5052
-5140
-11256
2034
-11260
-1531
-13248
6604
-9188
4121
-7168
-2856
-19424
-10
-8164
-782
-6112
8418
-992
-5642
-16132
-11274
-10216
2082
-3012
-3628
-9200
-770
-2012
-2590
-14320
494
-13252
6912
-4076
-7422
5124
10736
-3040
-14147
-6112
6705
-2008
7692
48
7436
-1996
2041
-8140
18955
-16368
-3803
-8148
-2833
-16364
-9468
-4076
-13027
-16340
2541
-13256
1295
-6096
4838
-17400
1043
-11208
-4350
-5092
3854
-14092
-2545
-4076
-1
-24068
-5652
-3000
-3590
-8124
5094
3096
-2243
-25336
5890
1080
-9230
-4872
4089
-6108
1272
1052
-6909
-3028
-4358
-6096
-6643
-6120
4101
-10224
-3570
-8192
13072
-6096
1794
-3040
1501
-19420
-11779
-10200
-3316
-4020
-2795
-6088
-46
-12288
4308
-16316
-546
-11216
-1012
-6128
1502
-5080
515
-5092
6175
-5044
-7172
-11220
9739
-3032
-2291
-9172
-2011
-9188
8453
-10208
-4614
-11204
-5832
-9180
4856
-3008
-7129
-3036
254
-11192
7910
-5072
8714
-3052
-749
-5916
-265
-9180
-9999
-18420
-1555
-19436
-1801
-14312
-1031
-12252
1537
5156
4372
-18180
7422
-3036
3577
-6960
6410
-1984
553
-6108
2030
-2828
6438
-8964
11803
-30424
2306
-7108
-4823
-13292
-5661
-4076
5874
-17340
-270
-13248
12515
-10184
6384
-9192
2308
-4080
-1265
-7144
9963
-21492
-4642
3096
1289
-7100
267
-7164
4045
-15332
-3869
-14304
1025
-2024
14098
-10176
-1797
-996
4880
-5068
-2603
-7160
-5618
-4052
2549
-13312
5856
-3028
-13064
6188
491
-9200
-765
28
-5120
-9160
3081
-16360
2025
-10200
-12568
-10224
-3859
-12228
-245
-7100
-2316
1064
-1250
-11248
4358
24
3605
-12256
5884
1056
-2823
-9196
-3333
-5088
1231
-3844
-1518
-6132
749
-6124
-5660
2108
5637
-11236
7709
-10224
2291
-9208
11020
-4052
-9453
-6940
-3077
-6132
-1000
-6124
1279
1032
3083
-15308
8986
-12272
2568
