3128
-2863
-12268
5368
-4060
4344
-7120
-5089
-4060
-3067
-6132
8457
-5904
-6673
-15308
7938
-13300
517
-7140
2054
-17368
494
-16336
-242
-13260
3029
-9184
-6647
-14308
-10018
-6112
-1034
-19436
5107
-14336
-4604
-11192
-1026
8208
7184
-18180
-1254
-7156
-2058
3124
517
-7940
237
-15348
5629
-6136
6950
-9184
6134
-8972
-9480
-5076
-4357
-5104
-1287
-8144
-4355
-5108
248
-4068
12030
-6116
-219
2068
-2559
-5072
6958
2084
4622
68
-5115
-13280
4857
-2000
-4640
-8152
-3843
8
-9226
-8184
1254
5156
6084
-9172
-8996
-8160
2560
-12284
-3885
-16332
-771
-12264
258
-3056
-3310
-19412
5661
-10204
6935
-6124
6174
-2016
-1272
-6920
3064
-9184
-3092
-10240
5670
-17380
8714
-8188
2295
3096
5898
-19416
-3826
-12228
6898
4344
1246
-14320
4121
-16356
2838
-17408
5632
-5112
245
-9168
-7416
-10200
3065
-2828
3342
-5088
-7440
-8180
4612
-14320
503
-6104
1277
-7148
3352
-5084
-7675
-7164
1757
-5084
-6947
-10228
-7188
-7136
-3113
-6096
8672
-5104
2319
-4060
2290
1064
6664
-5092
-1800
-9216
-4617
1040
-6666
-10212
15334
3072
-6933
-7968
-7934
-2048
3820
1028
502
-7160
3574
-5108
258
-8160
1253
-10216
-6155
-7940
4353
-12036
-3314
-14312
-2291
-19440
7941
-12224
4878
-12248
-3071
-4072
-5637
-9176
-257
-8128
6369
-4872
-9986
-16360
-3566
-9176
-6942
-15312
-5872
-13288
1522
-6120
8962
-10216
3610
-11012
8183
-984
-3847
-9188
2272
-8140
-1021
1100
1830
-9192
4562
-23268
2309
-10188
14076
-7116
-3795
-3032
740
-4064
-5882
-7100
2
-11232
3586
-7148
2828
2060
4870
-4076
-3070
-9200
3507
-13288
-1272
-9184
-4853
-16348
-2314
-2036
-7714
-3060
8743
-16324
3067
-17364
-5878
-12272
9231
-11204
4095
-4072
-6928
1044
-7
-3020
2037
-7108
2025
-9176
3075
-12236
-4862
-9188
8991
-16364
3322
-8164
-772
-6092
2290
-12276
-5348
-16328
-10514
-5088
8714
-6100
-6938
-5100
719
-13232
-1051
-11228
5643
-14084
7425
-13292
-2545
-3852
1314
-11232
530
-4084
11789
-10028
-2786
-14304
-3567
-9204
10985
-6136
-6906
-13276
4335
-7104
764
-6112
2287
-3844
3063
8256
1573
-7120
3850
-12268
3114
-11256
-2321
-12256
-801
-8144
-3536
8220
5063
-5084
2553
-15348
-1012
4132
-2054
2080
9535
-3036
-7175
-5080
-2569
-10204
-7435
-17404
-1259
1052
3329
3092
2795
-3052
3062
-3044
-12827
-6120
-3315
-12272
3073
-15308
4368
-6932
-502
-19208
2582
-5088
9189
-988
-1503
-7960
3313
-5088
-8673
-9160
-1784
-10204
-12861
-7120
-1318
-5112
2292
-7148
-490
-4896
-1035
-8152
-3042
-2040
8171
-3032
4865
-16356
-528
-10208
-13564
-3048
-10025
-10212
1529
-7164
5646
2100
4830
-6140
6931
-11232
-8971
-14276
-3064
-4068
5671
-8964
3115
-15328
7183
-7136
11250
-2032
-3567
-10192
4159
3100
3871
-8976
-1293
-3040
-3064
8200
-3606
-5104
504
-12284
9194
-12240
-4869
-4032
-8643
4100
2284
-17388
-2067
1044
7942
-9196
10256
-10176
5393
-10216
17661
-12284
-9241
-13304
4586
-10232
2294
-3056
4826
-3020
6642
-6128
7213
3084
-3841
-9168
-2815
-11212
1009
-4064
2588
1260
-1009
-3024
-4339
-4068
-2537
-10204
491
-2992
-1284
-13276
-4624
-18420
3097
-11256
2296
-8148
-2260
1036
-762
-9212
1023
5172
3048
-5092
7177
-7136
-2816
-9204
-1572
-15356
-3610
-11012
6917
-2024
4555
-3040
-48
-4048
10484
-6920
2051
-9196
-1797
-6092
-3593
-9216
-6120
-2008
-2555
-4092
-4075
7184
-1289
-8160
-5634
44
-232
-10192
-9502
-8968
-1783
-13288
-764
-12252
-12
6152
5910
28
526
-5088
1802
2092
-501
-14312
9455
-2824
1548
-9200
1527
-3036
-1528
-21452
1213
-15344
1043
-4052
9730
-10228
-529
-10220
8729
1044
2520
-3044
-5660
-7128
-285
-16376
-4882
-15300
-2065
-9216
-7148
252
494
-6924
3828
-15340
6368
-7164
3362
-988
260
-17392
-7647
-9188
11766
-11204
12032
-2036
1038
-15340
3613
-2012
3322
-18208
4093
-9180
1280
1060
-14
1028
2039
-3028
3325
-11228
771
-14308
4879
3076
5350
-5084
2287
-16344
-542
-17372
4849
-1804
8195
-12276
-3605
-14312
-2041
6144
-4085
-4064
995
-11248
-1523
1064
-6414
-13308
12077
-13288
-3842
-956
3347
-6100
-277
-13276
2073
-9176
-3611
-9196
1549
-5120
1276
-3072
4102
-5100
4602
-6124
6149
-10212
-5121
-13284
15087
-5076
-15
-7120
2518
-19232
-2577
-3052
-5871
-8964
3300
-2044
-7417
-17372
4631
-7136
-1266
1024
2801
-18396
4085
-7168
-8427
4152
3105
-2824
6417
-7160
1519
-6136
-3079
3104
3831
-8156
-3069
-10216
-10252
3092
2595
-4092
4585
-3004
2593
2068
-3827
-7132
7933
-11248
-7424
16
4844
-10212
768
-11016
-3312
-9188
-3059
-17392
-1287
-3884
3061
-6096
-13363
-13296
9481
-15340
-37
-11020
-797
-3024
-11771
-19452
-1809
-10232
-2356
-13268
11509
-11244
-2530
-976
-1046
-6112
-5647
-3048
-788
-14108
-4387
-16344
1490
-11232
2045
-6096
4616
-3048
770
-10224
-4846
-12240
9226
-5104
739
-6096
1297
-2020
-1296
-14092
13035
-3056
6134
-11220
-4118
-4040
-245
-2048
-2553
-4096
1559
-3068
2550
-10240
10740
-5072
-3565
-11244
4359
-18408
1561
-4092
4585
3312
-4604
-4876
11783
-3016
-6418
-11236
-505
-2040
778
-11244
3
-2016
-3113
-12220
-248
-15304
-11252
24
-747
-9140
1805
-4080
1544
-9192
2027
-18196
-2033
-2996
-4623
-984
2836
-12216
5356
-4024
-4635
-10188
-8937
-4040
-1013
-6112
1020
-5088
2326
-11236
9709
-9168
9217
-16340
12542
-968
10707
3076
-789
-8144
-2562
-5064
4410
-8132
-5875
-6112
-4080
-5044
501
80
-13561
244
4098
-5080
-3334
-3004
-2568
-6100
-4880
-2000
815
-5088
285
-4052
6147
-8188
5145
-988
1517
-3044
-6119
-16368
-8968
-4016
-12555
-4084
1280
-2020
3351
-6084
-6671
-11244
11277
-7116
3561
1264
2073
-4056
-4074
-4080
1251
-11240
4611
-8148
-1252
-5076
1588
-7148
9964
-4076
-5619
-6136
-5115
-5092
9438
-8968
-985
-12264
-5120
-7100
2572
1276
-1031
-5088
3091
-6920
-2339
-13300
1499
-8968
8202
-11232
-5911
-7160
-505
5140
8965
-9212
2047
-3028
3578
-13296
-4622
-10208
-2288
-4092
-5378
-5112
-231
-14304
-4117
-7156
-4628
1064
-4097
-5033
7671
-3056
-5412
-18416
9471
3136
29
1076
-1547
-5076
4134
8
-4894
-6124
4091
-11244
8436
-1804
2582
-5084
772
-7092
9964
20
-1019
-7128
-6921
-9180
-2837
-14284
-3865
-8172
5871
1024
-7368
-2020
5893
-1800
5114
-9192
5627
-6088
-5893
-13268
-4863
-10192
-4350
-1000
-3360
-10176
1008
4
-2562
-1968
-14846
-11244
-1
-2988
-8421
-2008
2067
-17388
-1279
3312
11289
-16332
-7697
-6096
-1264
-12236
-757
-13276
1298
-7124
5147
-8188
-511
-11016
-750
-6136
-998
-5064
-2302
68
4876
2084
3847
-12236
-1015
5184
-2319
-12276
4875
-18420
9735
-11212
2082
-11240
-2303
-8144
6675
-5892
-5382
1040
6879
-5064
-20680
-10208
18923
-14292
13047
-7140
-4602
-7136
3800
-5912
3577
-3856
1786
-972
-822
-3028
3639
-11252
1793
2264
-9486
16396
-4633
-4064
8426
-11024
-2540
-7160
3574
-10240
510
-4080
-1015
-3048
8710
-17372
13828
-3028
-5903
-1992
-16913
-10224
779
-5100
6654
-6116
-10744
-6108
4599
-16360
-480
240
2534
-3064
-1772
-12268
-1544
-15128
4584
-4076
4359
1044
546
-2016
-797
-3036
2292
-9200
10778
-1020
-8452
-13296
4355
-6120
266
-3064
3295
-980
777
-20236
6639
1036
-1015
-7156
-9694
-9184
-15085
12
6880
-8148
3817
-11216
-1016
-11232
1026
-9192
1265
-3024
13319
-17376
-3306
4348
3877
-15320
519
-14308
3859
-8176
265
-8168
3060
-13296
-1805
-2020
6919
-9188
-3303
-7152
-5396
-16352
770
-1812
-5348
-12276
5601
-7100
1263
1064
-5381
-9188
-1053
-7128
6660
-13064
-498
-3852
-2812
-9156
-750
-9152
5625
-7156
54
-7156
3061
-5096
1059
-14332
3376
-10208
-2844
-6124
-2307
-5076
2089
-6104
-227
7208
1281
-8184
3304
-16348
773
-7944
1030
-6084
-1275
1040
4628
-960
-4625
-2008
5355
-6140
3851
-11232
-6652
-13272
-2531
-7152
6129
-3860
1756
-9184
-232
1028
3813
-13300
10740
-4052
-11782
-8176
-2825
-5916
-3846
-14324
-2591
-18396
2531
28
11767
2080
-7415
-5084
1048
-5084
4330
-10220
-4853
-13292
-9250
-14296
-7438
-8176
-1792
-9208
-12319
-8148
-3842
-4076
3339
-19416
1512
-11264
-10009
-10208
767
-992
2562
-3856
1015
-11232
7401
-3044
3852
-7120
-6387
-11184
-3058
1040
-2356
-1008
5879
-9204
1032
-8176
6149
-5060
506
1088
-5862
-12236
1770
-7168
1797
-4088
6125
-7144
-1015
-7112
-761
-9140
2827
-7140
-4359
-5096
3809
-2004
-262
-3068
-4063
-14320
-5385
-8176
1270
-11232
-6640
-2036
753
-5904
4340
1052
-4879
-14312
-5115
-11216
11783
-18180
5111
-4080
-5380
-5096
3330
-17372
-4862
-12068
-5650
-11220
3065
-7104
2309
-11224
7711
2096
-6114
-17328
-267
-9184
-2029
-6108
-1776
-6108
16924
-6128
7678
-8168
3359
-2937
8712
1068
-3084
-4092
1515
-11244
-2568
-11224
-13
-5100
9977
-9176
-5348
-6120
-2562
-10224
6677
-11224
1795
-7116
-272
-2996
-6896
-10216
9001
-14088
-9208
-9208
-778
-952
2017
-11240
7165
-7944
-2558
-972
-5127
-3008
1536
-9196
-7678
-4072
-768
-9184
4828
-5096
-4587
-3072
-784
2060
0
-7136
-5139
-4088
1052
-6924
3850
-11212
-2320
-10204
3873
-10200
3310
-1012
1542
6176
6406
4112
774
-2020
-3834
-13280
-3596
-15348
-506
-780
2760
-7120
-3046
1056
1022
-2036
-512
-11232
-4642
-14296
1801
-792
18944
-6104
-5130
-6104
-8976
-10200
11808
-6100
-3841
-9188
2042
-2856
-3041
-15308
1281
-10204
4312
-6124
-1805
-20460
7651
-2036
10736
-7948
-997
-7136
10985
-15328
-536
1024
3063
-13292
-3083
-8164
227
1048
-2046
-10224
-3574
-13280
-528
-5060
5622
-2044
772
-10224
-6637
-4040
-6908
-14300
7445
-19424
7702
-18412
-7667
-10192
-6370
-14288
212
-12256
-1287
-7160
3565
-16328
-1791
-3028
-431
5124
1562
-7944
6143
-6088
-8435
-4096
3588
3132
3823
-7152
-220
-10220
1291
-19400
-6166
2104
-3565
-23240
-2039
-14300
13582
-2000
10219
1032
-2303
-14316
2285
-1020
15122
-5076
-5091
-11204
-1265
-7168
4640
-7124
-1005
-6116
-3351
-8128
11456
-1800
-3335
-8976
763
-4076
-8208
4120
-8722
-3052
5128
-10232
2577
-8164
-12306
-11208
-4612
24
-1036
-11232
2577
-5096
-3331
-10216
-10993
-12272
4093
-13284
-11528
-12228
5857
-7132
1811
-20472
-7370
3100
7417
-4068
778
2104
-4352
-3052
-510
-3852
-3329
8220
-780
-7120
-5659
-2016
-539
-11212
7176
2068
2051
-5108
-740
-10212
8170
-7948
-6132
-6124
-6662
-7140
4609
2060
-1814
-7160
2828
-4064
299
-5072
-45
3108
14874
-20460
5103
-22256
-3298
60
-531
-2048
-764
-10216
-10221
-5076
-3093
-16324
1816
-12256
4850
-7148
-3848
-5108
1520
68
3097
-10212
754
-2028
38
3128
503
-13280
-9753
-8180
-7662
-4028
10763
-16372
2041
-8148
-4856
-2032
3832
-2024
9441
-9216
2060
-7136
2581
-15304
-2331
-7148
-779
1028
-8690
-4088
-2567
-10000
269
-13232
-7447
-9160
7163
-7128
6880
-11024
-8680
56
6454
-7156
4579
-4080
-3804
-5088
8946
-6140
-2847
2088
-2339
7172
-9200
-9152
-11796
-11216
-754
-7120
5148
-10184
2312
-9160
285
4144
-7188
-12236
-7158
-1004
-1276
1052
5621
-11236
4358
-9152
-517
-16336
1263
-12268
-1023
-3036
11027
3104
4362
-4080
-5109
-5084
-6901
-11184
-3347
-14296
768
-5112
3535
-4056
6645
-6136
1561
-1984
8231
-10220
-2558
-8972
6934
-14280
-3862
-11240
9506
-1856
-2795
-15292
-11029
4156
-2544
-2028
3068
-13292
3601
-3064
-11
5356
-7701
-7152
4863
-10200
3862
-8156
1803
2116
-4383
-4076
-9210
-17400
9205
-3068
-266
-5072
-3348
-11200
2032
-9180
-12
-9196
6911
-8168
1034
-7152
3876
-8156
769
-11256
-3351
-8160
-4084
-5092
4606
-6088
5859
-15336
-2018
-5108
-3831
-7140
1811
-11232
1
-6088
-11535
4136
6394
-6132
1818
-8148
-1784
-11248
6132
-3052
-8932
-19408
15638
-3036
-2798
-12060
-1503
-12284
-6444
-9192
-6632
-13288
1318
5144
1823
-3056
-7429
-10192
4587
-2016
-5146
-2008
997
-2036
3058
-6136
-3830
-8192
5876
-9184
-5887
-7144
789
-11264
-2590
36
7673
-8140
5612
-4072
-7415
-1004
2550
1060
-1280
2096
7947
-2012
-3308
-996
4649
-9184
2321
-5084
-2804
-13272
2849
2300
-5367
-7124
4103
-5100
1017
-5088
-730
-5092
-7683
-7112
6877
-12232
-9252
-5112
-6429
-12232
-4080
-14320
3351
-10236
3802
44
-9986
-11216
-1297
-12264
3574
-4092
4872
-7124
12522
-10232
8454
-9184
2536
-8180
1542
-6072
-8911
-4076
2813
-9196
-1786
-7124
10467
-11192
-1791
-12264
2793
-8148
-3854
-15340
5391
-13260
-4851
-8156
-8463
-13284
-4320
-6108
9227
-3856
5602
-4040
-1504
-12232
-3886
52
527
-17364
-1317
-976
-3064
-2988
-759
-7960
-12805
-12244
763
-2044
2002
-7952
-4593
-11216
8186
-5092
6375
-15328
-12036
28
-8444
-9204
-3580
-5072
-1795
-16364
-519
3120
-5377
-4024
-11530
-12260
-2825
-5088
1549
-10232
-4605
-9208
1278
-9192
-2865
-10220
-1054
-960
-4892
-15300
-1520
-15336
2565
-14324
-3069
244
6649
-18412
234
-8192
3839
-11240
-11019
-11232
6135
-8160
1780
-9188
1256
-3052
4580
-6920
-5344
-8172
1527
-8176
4588
-10176
10231
-14296
2325
-1996
-1288
-6120
2565
-9164
-7669
-13264
2509
-8160
-1512
-8180
6397
1036
-5668
-4068
2845
-7944
1798
-8184
1296
-8152
1278
-7100
-2055
-6104
-6681
-8144
1054
-7956
4331
-10172
-2302
-5104
511
-20428
9954
-9204
8974
4128
-5648
-8160
-12281
-9208
-793
-10224
-14352
-6116
3
-7108
3859
1048
-3572
-2036
1031
-4028
-50
-9188
-7969
-5108
2808
-10196
-9753
-4868
5624
-5072
-9738
-1796
1495
2072
-9490
-5088
2551
252
-16106
-14324
-1525
1048
748
4116
12534
-11224
-1578
-4060
-1002
-11224
3083
3104
-1514
-2000
5334
-6920
2044
-17344
2562
-12272
3098
-16372
-2097
-1000
-15621
-5092
2044
-14304
4606
-1004
-8699
-11260
1521
-3068
2059
-12284
-3055
-9184
4092
3120
-8184
-12232
530
-17168
1781
3088
2079
-11228
6667
-7124
-11007
-7096
2798
-4068
3851
2292
12300
-3844
11021
-11220
-270
-12240
1274
-6092
9456
-5080
5643
-4076
5372
-9180
-247
-4872
4875
2092
5636
-7152
2546
-17372
-8414
-960
-4361
-3040
13833
-13272
-4622
-11232
-1525
-11236
7936
-18392
-5886
-12272
1822
-13240
10261
-10180
5897
-9180
-7924
-18412
2779
-11252
-5348
-6132
1534
-15336
4880
3320
-204
-15316
780
-4064
-8228
3120
-2058
-5120
-3576
-964
2242
-9988
8957
-8144
-2580
-15328
-9487
1052
2308
-7124
-1280
2080
-3836
-4048
-2808
-4092
-533
-776
-3336
3096
1535
32
3881
-10232
2321
-8972
7183
-10188
4091
-9164
1537
-4876
-1771
-10004
2033
-17372
2303
-15296
1759
-3012
-734
-11224
-3331
-7100
6141
-6104
-12056
-3056
518
-3012
-2058
-10180
523
-2820
-2849
3096
4393
5156
-3564
-2832
-3612
-5040
17674
3096
1288
-7136
3860
-9200
5433
-16356
8199
3112
-11011
-4084
11278
-1996
8192
-13300
1076
-5912
534
-12272
5118
-5060
-1297
252
1050
-13268
-9466
-11256
6906
3136
4398
-10212
2064
-6104
-6677
-6124
257
-988
4853
-5056
2561
4124
1013
-3060
4330
-8128
1555
4112
-297
-5080
7662
-1796
7181
-4056
-1037
-3028
3591
-996
-5094
-2832
3875
48
725
-21428
-753
20
-5070
-9180
2068
-6084
-2304
-6124
-7180
-10184
-3837
-10176
1318
-10200
9249
-2824
-3833
-4084
-5423
-7156
4106
-5084
3579
-15352
258
-8184
-8975
-11240
-9978
12
-3320
-8156
-2042
-11240
4615
-5096
-3824
-13068
-4352
-8176
4364
4348
-9743
-7168
6680
-5088
-3308
2084
-6367
-2040
-9212
-10216
6658
-11264
-9752
-12280
501
-13288
1030
-9200
-8735
4100
6167
-2012
2324
-9176
-7156
-11240
-4379
-6136
4620
-11076
-5596
-11232
5569
-6144
3307
-14276
-6673
1260
-1253
-1808
4575
-4084
-2754
14564
-3841
-6932
2545
-1008
-1310
-4056
1549
-6932
-263
-2036
-14109
36
6139
-15344
2047
-9212
-8438
-13312
4867
-4076
1302
-6072
-4355
-11208
3838
-7160
812
-6072
-505
-13232
6934
-5072
5883
-988
-5630
-3044
4603
-14249
-1017
-8160
5363
-10216
2593
-11256
1782
1256
-2068
1076
-1250
7184
-2310
-8168
-1021
-14316
-6371
-8176
-3327
-3036
7903
-9180
2590
-11212
1056
-968
1269
3088
-5129
-9216
-477
-9196
-2083
-9200
-2082
-3072
7444
-8144
6383
-9152
26
-13268
-9217
-3064
-4876
-13232
2063
-1020
-3307
-14104
-5156
-6108
4108
-6136
4586
-5896
-1805
-7136
7670
-4888
1274
-9204
-3312
-4076
3824
-3028
-30
-2020
-4835
-7140
-4366
-6120
-5121
-5116
3077
-9192
-1577
-6928
-4623
-4056
5604
-2032
-1274
-11248
1554
-11256
1769
-5080
2519
-8148
-250
-972
-2560
-9212
-7952
2288
6407
-11224
1007
1072
9207
-9176
-5604
-2036
-3559
-5080
-508
-19416
-1316
224
-1757
-5916
4137
-10212
25
-4872
-1288
-4056
4
-3844
-4313
-9204
4367
-8164
-3078
-4868
528
-11236
11250
-22244
11996
3112
3552
-772
2588
-14336
12306
-7952
2060
-5892
2280
-13268
-4
-3048
1288
-4076
-2060
3084
3282
-8156
-8437
4100
-14081
5124
-1028
236
-1043
-7128
3516
-776
6126
-8176
4879
-937
-4121
-2032
-2560
-4068
4564
8204
515
-6920
-8716
-18204
6126
10464
-770
-8140
-8446
-13264
-2564
-17408
-4347
-2036
1270
5160
8177
-3036
-2799
-12248
-15889
-7156
500
-8152
3061
-8192
2031
-7164
-5358
-5096
1531
-15312
4112
-10224
-3094
-4076
-2550
-8160
-4599
2108
-2031
-7128
-502
-9188
-6664
-776
-7676
-6112
5096
-5908
-6649
-4076
2856
-12248
-2804
-6088
3822
-12260
4342
-10212
268
10488
-1774
-6120
-1581
-6136
4861
-11244
5106
-772
-2540
-9180
1276
6200
4097
-3044
1277
-4088
9956
-5092
-7682
-9208
1826
-8101
1563
-12260
-18680
28
3841
-6100
8662
4132
-1788
-8172
2814
-1812
241
-6916
7146
-15348
1780
-5908
-991
-11177
19982
-11264
3344
-4884
2532
-14332
-1000
-9160
-10513
-3939
-3840
-11252
5373
-6100
495
-12272
3075
-12268
3097
4096
3857
-3048
-6122
1068
6655
-2012
-2044
-13284
-4656
6156
-4600
-14300
1530
-12268
545
-19400
12286
-15324
1509
-10200
2570
-2020
7663
-2024
3332
-10224
230
-4060
9437
-7128
-714
-7144
9168
-4076
-2577
-17156
2602
-12284
7952
-17356
3354
-13252
4121
-6116
4568
-1972
-7943
-6920
5900
-6136
-1738
2288
-1018
4100
4125
-8152
-487
-10184
-6349
3080
8962
2288
2785
-7132
3304
1276
-14341
-9992
6377
-8152
2812
-12220
14612
-6132
2806
-6104
763
-9192
-4610
-10212
1013
3080
-6396
-13272
-2829
-11200
-6185
-976
2057
-3848
3313
-13304
12272
1064
-6409
-8152
11296
4128
-3095
-6128
1520
-18388
5874
-6120
1033
-8144
4334
-5116
-2815
-18412
515
-7144
-3067
-4076
2318
-7972
-3864
-13252
4606
-8140
7411
-9176
7400
56
-1043
-15324
-1563
-10196
11271
-4068
2304
-7136
-1800
-8176
-2058
-11232
4367
-6124
-2061
-5076
-13349
-12232
-1791
-4056
4613
6388
-506
-6140
-7163
-12036
10740
-1008
1544
2292
5605
-14284
-4858
-18408
-540
-14312
5901
-19408
1524
-18352
-262
-11228
1576
-5092
-2551
-12280
-3058
-5104
6628
-16348
-3056
-8964
-9998
48
-2826
-13272
-9447
-10196
-1258
-13284
9245
-5108
8427
-10228
-4557
16
6638
-8156
1534
-13064
2547
-2012
44
-5908
-8447
-10216
1023
-16356
742
-984
-5334
1024
5371
36
-5086
-8160
2083
-8184
-1520
-13312
3110
-2032
1541
-8172
-5865
-3848
5106
-11224
-7901
-3060
1768
-5904
-5622
-5084
4366
-2044
2280
-4072
3849
-18404
3539
-2016
9507
-18424
-5103
-18404
-8211
-8188
2518
2048
8904
-1016
1313
1276
1749
4116
-4346
4164
-2022
-14312
-4080
-14308
-6137
-12228
-8957
-4052
6152
-3016
2596
-6116
6917
-6916
-4870
-7152
4350
-17388
-5630
1044
-267
2076
-5
-12276
-3861
1052
1568
-7144
-494
-10220
4586
-13276
-2297
-14292
-4320
-6088
5336
-9188
-10994
-20472
4300
-9212
1539
-4068
-5910
-6124
5116
-3044
-1542
-2028
7902
-12248
2552
-3060
-5352
4116
5108
-8124
-1030
-1000
7178
-5900
3836
-7128
4351
3120
5106
2104
1833
6144
7697
-3044
5625
-7152
737
-2020
1298
-7140
2014
-9192
9224
-8144
6383
-8116
3856
-5108
1269
-7156
269
-10224
-6135
-17368
-2598
-5064
4350
-968
-1536
-11212
-262
-15312
-2579
-11216
12036
-10180
7929
-3860
9228
-7108
1268
-13312
534
-8168
9
-1804
4378
-19444
2518
-988
-2318
-14092
-759
-7160
7176
-4088
7647
-16356
9971
-4064
2797
-5068
-10489
-18184
8450
-3032
-5877
-6108
3311
-5120
-14623
-13268
-763
-6112
-241
-14332
286
-8148
-3071
-8980
6670
-10192
-996
-15336
-7653
-3024
13306
-9176
-5872
44
-2594
-14300
-3831
-4056
-231
1036
7203
-13272
1054
-6092
-3104
2088
9200
-7140
2784
5124
1252
-10220
8196
-7136
-1558
1044
-1807
-10176
13855
-6080
1808
5128
-3054
-5116
-4848
-5108
7423
-3048
14119
-10196
7903
-11204
-3594
-4060
9988
32
-2326
-14300
1307
-7128
4615
-3032
-4366
-9172
-10962
-7136
1815
-6140
-6900
-6100
3064
-5084
4858
-2028
7399
-6120
-516
-5088
-10481
-4060
4606
-2028
-8157
1036
-1029
-19428
-1779
2056
11526
-4048
-541
-8152
1768
-10212
4593
5168
-4337
-5112
-1797
-3012
3592
1036
-3856
-4009
759
-4060
1059
-15328
6918
6152
535
-15328
-2598
-10236
6677
-8172
-1302
-11236
-2047
-2004
29
-15328
2038
-6092
6662
-10236
-790
-4052
-7911
-16304
8740
-3040
1300
-1008
-3053
-13260
6184
-15348
-2291
4116
-5391
-9188
-10751
-9212
6455
-1808
8447
-12232
3058
-5104
508
-12280
-13868
-3040
-7407
-5048
-1828
-2836
-1530
-13284
5644
-8168
-486
-10188
3330
220
-11279
-3028
-4634
-13288
-1024
-7120
1041
-6136
5095
-2020
-1038
-7116
2049
-8152
-2803
-5076
-2574
-8164
-2035
-6116
1781
-5096
2835
-10220
-1823
-2036
-4081
-7136
4645
-5092
-42
-6132
-1016
-10208
743
-13296
4597
-976
757
-6104
5361
-6124
1008
-12252
6172
-6124
-3814
-7160
759
-19436
1274
-6096
5861
-16336
5586
-11244
-8168
-5068
5141
-11216
-1770
-7152
-4388
1056
518
-6096
2306
-2036
-7161
-3008
4869
-1024
-6677
-6128
-223
-8120
2561
1064
-246
-16372
-19465
-7148
1068
3120
-3858
-3048
-5885
-3044
16664
-8980
-4044
-11200
5398
-13236
6442
-12280
6388
1127
-6619
-15320
10493
-4072
-12823
-17352
-3331
-9988
-3343
-11236
-6394
-21268
5119
-10188
6389
-8964
5071
-12224
-2809
-6916
2832
-9208
-8433
28
-2343
-5076
-5879
-5080
-2773
-18388
4108
-2008
1047
-7128
-2563
3124
-5112
-1992
-3084
-9144
-763
-5092
8449
-6920
-2607
-11260
-5633
-19448
2066
3100
13325
-2020
-1795
-1976
4366
-6108
-245
-7144
548
-6916
8200
-4056
-5391
3124
-6922
-7156
-11822
-7148
-8201
-4892
3082
-6112
-273
-6124
2036
-5068
7661
-9188
11021
-2028
3824
-10200
1798
-6124
-2041
-984
3344
1072
7689
1072
-8691
-8176
-3865
72
3069
-2032
-5635
-11228
-8942
-17376
-6642
-2824
-3052
-2012
7419
-5084
-3620
-1800
-3874
-9148
9455
-15356
8158
1056
3096
2076
8733
-10224
791
-11224
4618
28
1034
-6092
-6915
-16364
8465
-16156
-2576
-2048
2837
-6144
-2035
-6136
5389
-9180
-3341
-5092
-5101
-6136
4895
-992
-7417
-964
774
-6104
3583
-7128
-5357
-18384
-4093
-12220
-1541
-13304
8194
7180
-3562
-9188
8695
-9200
-3061
-8156
2048
-12260
7425
-3060
3348
-16348
8710
-5092
6414
-7144
-12290
-16380
1023
-15320
4889
-16324
1546
-9176
1789
-14284
6180
-3040
-5640
-8140
3065
-11248
7155
-5064
-22
-9168
-5356
-9180
5373
-7136
-13
-13284
-3102
-11220
2335
-6112
9444
-21464
544
-9200
-1043
-13304
-6914
-13284
1251
-6136
1540
-9152
-2549
-9208
-2591
-12264
-1807
-5088
1547
-7132
-2789
-7168
2809
-12248
-1543
-8168
-1533
-8132
3830
-16352
-3103
-11240
-1279
-9172
2569
-988
2071
-7132
-4602
-3848
7179
-13268
502
-968
4619
-7160
-1293
1060
-2572
-2032
-247
-8972
5388
-10208
-3814
-14304
7427
-7140
-2566
-11256
-1253
-7152
3355
-20448
-2040
-8156
1505
-2016
-6877
-5080
2812
-2004
-2828
1048
-3893
-1004
1771
32
-1538
-4044
2560
-11244
8446
-14328
1049
-2028
4056
-4068
6084
-17340
2038
16
530
-4092
-2033
-10200
3589
-956
-5340
-11260
2019
-992
-4351
-9192
-5370
240
6420
4344
3619
-984
1260
-10220
-3861
-9184
3848
244
-6948
-4868
-2030
24
-3037
-6128
4370
-15108
-3317
-3028
6127
3084
-2758
-12276
-6420
-15328
-249
-23288
-1806
-9192
6426
-6088
729
-9168
12256
-3052
-12272
7200
5605
-2008
-788
-10240
-8182
-6120
8692
-1796
-4359
-17388
-11818
-2820
1057
-7136
-8185
-4060
-3837
-13300
7695
-7100
6622
-9172
-2053
-6128
4859
-11200
526
-11236
9953
-11256
6407
-8164
2280
-10212
2841
-17380
-4109
-4056
-5143
-11188
-1801
-6144
9216
-11192
8241
-11216
-2087
-3044
4832
-12108
-3619
-8184
-2535
-11248
5647
-5100
-5631
-4056
1026
2060
3827
-6116
6963
-9992
-2287
-8160
2047
-1008
-2085
-9212
-277
-11240
-7205
-9196
1053
-7144
-1043
1068
245
-9192
-16399
-11188
1541
-4088
7394
-2036
-9210
-9188
9972
-8144
8
-6084
2278
3124
-3816
-14332
-268
1032
-516
-14316
8456
-6136
-487
-16352
-3347
-11244
-14
-4076
-2545
-11240
12786
-18392
-7698
-16332
-5882
-11232
-4109
-3012
-7187
-6108
286
-2048
-12814
-7140
1010
-10216
3309
-9184
5909
-13236
4115
-14324
-526
-2020
1054
-7144
3848
-6096
7
1060
-2571
-10168
4081
-4068
3079
-4060
-6638
-10164
-2351
-1004
4598
1052
-5863
16
6381
-11240
-12297
-12284
-1267
12
6462
-1008
9225
-6092
-295
-5092
-5132
-3040
-2298
28
3341
-9204
-1023
-6112
-7451
-5100
9764
248
500
1044
-9233
-11240
4608
-2024
-3333
-10004
2807
-9168
2582
16
10494
3116
1275
-14300
-5387
-12252
-253
-10216
8476
-6080
-4077
-5068
783
-13276
-1011
-14108
-8
-17400
14352
36
-526
-3844
3048
-12256
-3603
-5100
2257
-13272
-2617
-10212
-2831
2056
-22
-12288
4625
-7148
-2537
-5104
2575
-11212
2091
-10000
-3115
-11204
-5354
-9164
-254
-4080
5850
-17400
-9483
-9176
-14068
-7132
3832
-8168
2810
-13060
-2548
-11260
2306
-5048
-18152
-7108
1568
-9208
7686
-15316
-1286
-8168
-4097
-2820
-2040
-10188
-1304
-9176
-1532
76
-1313
16
-7655
-11228
3582
-6140
-2334
-4076
-5373
8200
491
-7112
-5095
-7148
2283
-11232
10491
-8152
-2328
