-15116
6127
-5092
-1816
240
1289
-2032
-14582
-8192
3083
-3036
7431
-9200
6891
-4088
3304
-13252
-5358
4104
-10252
-5084
-5069
-6916
3060
-3068
6166
-10208
1259
188
7158
-7164
7920
-4088
6613
1036
-10266
-11200
756
-2040
4616
-5088
3541
-10232
-1776
-7140
-3062
-4036
2549
-2036
-5863
-6104
8715
-10184
1528
-8968
-10260
-8144
-5653
-12248
5143
-772
-8454
-7152
-3795
4104
-2270
-11012
2311
-5080
-11780
-12244
-4333
-5116
-2285
-11208
-543
-4028
-2031
-11244
7701
-4064
-15129
-4060
-4862
-15324
1045
-5072
1800
-2040
-7149
8
-7441
-7160
-5129
-12256
241
-988
-548
-8176
-5681
-4888
8419
-6116
6389
-6080
4872
-7144
-6393
-2004
-771
-6120
4351
-4056
-516
-2020
1539
-7077
6909
1060
3315
-996
248
-7088
-6641
-4064
7141
-5092
1052
-10153
24
-5084
-6143
-8184
4105
-2000
1535
-12276
2303
20
-236
-956
1764
1044
-9461
-8128
7428
-4876
-4331
-3044
6614
-10236
-1775
-1968
-13312
-7940
3842
-11196
-2021
-20464
-3809
7208
1763
-7152
1537
-14332
9716
-16348
-1807
-6132
-10253
-10240
-2060
-6128
-3852
-10204
7704
-7160
3326
-5080
6707
-9196
-6115
-8144
4108
-4096
2050
-11200
-7204
-8164
2579
9216
-7687
-5072
6661
-10004
1551
-7120
3829
6396
3073
-22196
6885
6148
277
-8184
-4584
-16132
3069
-5092
-1019
-8172
-1024
0
-1554
-4096
6660
-12260
-3552
-15344
1285
-3008
-1821
-14328
-3861
-980
5647
-9168
-2793
-17360
3857
1044
8976
-3060
1740
-980
-4333
-996
6383
-12268
-207
-7144
1803
-10000
-4604
-7144
11513
-17400
5627
-11256
333
-8132
-8979
-9156
498
-17344
-6139
-9992
-7133
5136
1009
-15300
-8962
-6088
-4598
-17348
-4333
-15336
5112
-4092
-6176
-13296
-3326
-12260
-2062
-9196
752
-12244
514
-5072
-6646
-10188
1231
-16352
-1252
-2024
4114
-14308
-3872
-5092
3810
-23276
-7921
-3024
4337
-22208
3310
-9176
3284
-16372
1288
-7152
-1324
-11260
1534
-10196
3631
-7144
-9490
2080
6865
-11240
10504
-3060
-1308
-6144
-1272
-8188
2597
44
6166
-10208
4095
-10212
8473
-8152
3367
-14304
-7956
-2024
14068
-14284
-1278
-8164
6143
-2012
4884
-11216
4328
-8152
-1777
-7112
7146
-6092
-4841
5184
3567
-8132
3054
-2012
768
-9188
3077
-4064
-6163
-14292
-5640
-6108
-1760
-2856
-1049
-4056
5365
-12248
744
-20460
-5861
-5120
-8688
-11208
-6159
-6136
-6426
-1800
-8445
-6104
-2052
-5096
3058
-3032
261
-13284
-517
-14304
6912
-7116
1341
-8148
-12
-13272
-8208
1064
9483
3108
260
-9196
-5400
-4060
-1023
-9184
-4874
-14308
1291
-3068
8176
-18384
3598
-3064
7936
-8168
-1269
3096
3582
-3880
2568
12
3865
-6920
-1518
-12216
-7926
-8180
-2551
-8192
-6727
-7952
-3356
-6132
-12012
-14292
-3602
-9132
1807
-6132
3593
-9176
-1284
2052
-5389
7196
4363
-1012
-2314
-12260
736
-2044
-3055
-1004
2821
3096
-494
-5120
-2799
-2032
2322
-5080
-4381
10276
-2295
-8160
-9228
-1988
-5870
24
-2807
-9160
9695
-1968
-18
-9204
4138
-12244
-2306
-3048
-4857
-11232
4125
3088
8474
-18404
5871
-14308
-2788
-10204
-2801
-7116
-3031
-3020
13820
-8140
-1003
-11252
3314
3104
6404
-2824
9233
-11228
-5365
-10208
5911
-14328
-1271
-7156
3844
-4072
-2329
-1800
-2800
-784
-3110
1028
-1201
-4092
-6173
-6096
7916
-8972
2786
-4084
7181
-8144
-13832
-10220
-8241
20
5936
-9184
953
-15344
-1264
-11228
-13073
-1980
-1796
-7160
-1080
-3012
12554
-14292
-3076
-7140
774
-11220
3618
-5072
-1049
-8976
-3310
-2048
-1257
-17172
-9198
-7160
277
-992
11762
-4068
-1530
-5060
11791
-5072
2561
-10196
2054
-17348
-6417
1264
1292
-6928
-6152
3076
791
-4076
8689
-18396
1027
-7124
-7980
-3004
3613
-3844
4601
-8184
-8175
-6144
4623
-3044
6403
-22252
4363
-1000
1770
-11236
4345
1056
-2308
-13276
6630
2048
-23
-21460
-9189
-2016
6157
-16364
-4048
-12240
1779
-1012
1545
-2024
275
-13312
5636
-11216
5615
-5900
16659
-6920
11535
-15328
-8168
-5048
11037
-980
-523
-10216
-11053
-12272
1820
-5112
-4878
44
528
-17404
10734
-16340
4613
-10200
-5633
-13272
-6158
-12248
-8962
-16328
3571
-11224
2555
2104
-747
-16324
1522
-9200
3618
-9204
4592
-16372
-2061
-10220
-6412
-5100
-2018
-14308
5649
-2040
5405
-7120
3332
-11016
-6908
1060
1584
-6116
-3370
-2004
1052
-7100
-2307
-1004
-8422
-12260
-4113
24
4366
-12260
-9242
-6136
1267
-15348
-1035
-11248
511
-13272
-2314
-14296
-746
-5896
1022
-3048
15
-13280
4108
-7124
7161
-2024
471
-8164
5122
-6096
1815
-5096
259
20
-4079
-8968
2820
-9196
-6369
-7136
-2564
-5080
-7677
-7136
-2572
-15312
5093
-10172
1257
-15316
-2822
-7128
-5083
-22220
-1305
-8140
6162
-8188
13073
-1012
2837
-20416
-4353
-5908
3876
7200
10503
-980
-4072
-14332
7376
7188
-5393
9236
-2044
-15356
-7162
-11248
5911
-11252
-2823
-5096
-2794
-12288
-276
-5048
6902
-11236
-7932
-4088
6165
-8120
6159
-13296
9973
-7152
-4859
-14300
6952
-15304
1769
-4096
-765
-18204
-2041
-3028
11251
-16344
-1553
-15308
-1800
-8140
3553
-7164
1043
-996
-2
-6100
-3559
-12252
2540
1032
-488
-11260
1041
-16320
-1777
-13060
4611
-9156
2787
-5112
-2820
-7152
7133
12
1582
-5112
-8722
-14308
-5161
-4868
-5393
-5096
6198
-9188
2318
-7156
-5883
-9168
3335
-6144
736
-12064
5405
-8176
5388
-9176
-4840
-6100
6405
-10216
-1559
-6108
2353
2104
3286
-5120
-1506
-10208
1278
-6100
-3843
-6112
7421
-7128
4357
-7128
5949
-12268
-4088
-13276
-8195
-2012
1267
-14308
-1044
-980
-4134
-9180
5126
-9208
-9987
-13276
14
-2988
8466
-12244
-7961
-5100
9717
-11244
3560
-6928
12285
-2016
2046
-4064
-3354
-7944
-8193
-15352
-3838
2296
4825
-11236
-480
-5064
-2020
-14268
2064
3140
6173
-5056
4864
-8164
5171
-6140
-724
-12252
4636
-9212
4081
-1800
-5649
-7144
-2075
-4080
2278
-3028
-1556
-14092
516
2080
5446
-13280
-2769
-11220
-2298
-11248
229
4
3077
-8144
10743
-7108
-5380
-2012
10271
-3036
-541
-8188
8444
-2012
4342
-4060
-3842
-17380
-1276
-9176
26
-6132
-1000
-26316
1510
-1012
-2314
-11260
1576
-5072
5367
1036
-3309
-1992
-2829
-10228
-3588
-18424
10012
-11236
2096
1080
-13514
-6920
-10015
-6928
4384
-8152
7941
-6076
1276
-4868
762
-11252
-4388
-4020
-2
-6088
-3308
-9188
9201
-12256
497
-13268
-10481
48
1804
-14308
-4104
-3036
-789
-11192
7190
-5104
9416
-10200
773
-4056
-3046
-2028
8940
1048
-7999
-7116
-10480
32
-781
-10180
5631
-772
-510
-4088
4868
-6124
289
-15320
-5593
-2016
3329
-988
6639
5360
5071
-976
988
3076
6406
-6092
-7473
-10196
-7433
-9208
-3337
3320
12045
-2012
1547
-6932
2811
-7160
-6380
-2012
230
-5056
4045
-23256
-3862
-11248
-4365
-12044
2079
-784
-1034
-5080
-14359
244
-5127
-9212
-33
-13068
4574
-6140
-1520
-812
7202
-6124
4632
-7096
-1034
-7132
-527
-5088
-1302
-8164
-12519
2092
7401
-2820
-6902
6144
7416
-3044
2314
-16352
-4385
-14316
312
-7940
-4885
-14316
7916
-9992
1792
-15340
-2841
-9164
-3036
-5100
-10736
-8968
5120
-5056
-3053
-11260
3322
-6108
-8955
-8176
6138
-8180
6862
-8160
-781
-3024
5377
-6108
-8205
-17368
-2321
-10160
254
-1024
1752
-6120
12
1040
-6897
-2044
-2307
-7164
-20
-9180
1030
-1012
-9174
-2032
-2828
3080
-2807
-15320
-4123
-19416
-1092
-5096
-723
-8132
-9981
-10192
-5634
-3028
-2825
-17384
-3596
28
2555
-22208
8150
-6096
1799
-6080
-7672
-22236
2827
-9212
-5633
-1012
1569
-4064
267
-9184
5654
-1796
226
-5092
-3340
-9164
-2590
-9184
258
-13292
-5111
-16328
2074
-6120
1035
-3060
-5382
-11212
-5912
-4012
2309
-2004
-7674
-7140
-13577
-11252
6153
-2012
-3597
-15344
6410
-5908
-5588
-9184
-3112
-9196
-5370
-12260
5893
-7112
-5382
1256
-7165
-7144
-13
-13256
-2038
-7128
4088
-5076
1044
-4064
2556
-7144
2588
-9196
214
-8188
-6904
-17392
-3316
-10228
-485
-14332
-2305
-9184
-4629
-9200
4572
-7120
-3
-16336
2051
-13264
-5882
3152
3085
-23244
-3067
-4064
2517
1036
-1806
-5084
-1793
-7148
-1070
-4056
5162
2064
-4646
-17388
-1056
-6120
-238
-3032
-10
-1988
-7146
-15336
4601
-11208
-519
-15356
7930
-17356
4828
-13288
1047
32
8457
-11228
5113
-16364
-13567
-9184
4061
-1988
14842
-3024
-2046
-9184
-1022
-2028
-11270
-12276
-996
-8140
5646
-8140
6091
-6100
-8707
-9192
-7432
-4068
7669
-3028
530
-1796
-4873
-10224
-6425
-4084
3580
-7152
13
-2040
2792
-5076
-5892
-4064
727
-8172
250
-7136
-4598
-984
-2304
-2820
6442
-8124
-6128
-15304
-1036
-11260
-2567
-2008
-6925
-11216
-3074
1068
-4357
48
-3340
-14268
2026
-2036
7688
-788
-4902
-16348
3829
-11228
-524
-9156
-5848
-10220
528
-1012
9231
-3044
1789
-792
2564
-10216
-1523
-3040
4092
6164
3627
-9196
2559
-5076
-3579
-11240
-299
-13080
-3575
3108
4061
-11256
-5630
-4088
-6921
-9156
-9979
-972
-7893
-8172
-5107
-14312
2517
-8972
8194
-6084
2591
-14288
-5133
4112
4086
-13292
-4073
-2988
-4595
-17368
-749
4152
-3304
-6120
-4612
5148
2066
-6096
3337
4100
-1567
-9188
978
40
3581
-14332
-3331
-7132
-2561
4140
-7430
-11232
-2023
-18408
6888
-10188
-8474
-7140
-7674
-2016
7430
-976
-36
3324
-14093
-11228
-13574
-7140
5100
-3856
217
-1020
-8966
-12232
6876
-6128
-4598
-6072
3565
-6928
-17134
-19432
6420
-6136
3105
-6112
-257
-13272
11260
-14332
2740
-8152
-6627
-9200
489
-8180
2054
2084
276
-8124
3059
-12252
3332
-3048
-509
-11216
-8982
-11248
2025
-17348
-2308
-9156
3097
-1004
14858
3096
-3325
-12145
3328
6392
2840
-7968
1276
24
3090
2068
-7945
4140
-7909
-10000
2811
-8148
4892
-11260
-23
-4088
-4064
-4064
1009
-4048
7688
-8156
4595
-6928
-1802
-12240
-7668
24
1783
-9164
-15
-19384
5922
-2024
-12
-12268
2057
28
1799
-15328
-10468
-5072
2571
-2012
-2563
-7144
4895
-8148
13811
-9180
-1277
-5052
8941
4140
-1277
-11264
-5637
-11173
779
-3044
4118
-6144
506
-4080
-755
-1996
1526
-10188
4296
-9156
3352
-8132
4862
-5080
-5120
-5104
-2329
-3072
-12519
-8152
3040
-3072
-4143
-12208
-8428
1092
2798
-3048
11507
5168
2542
-6136
-3861
-8152
-7693
-14104
5565
-940
-6388
-13300
-746
-18432
3592
-1812
-6697
-10008
-6922
-1804
264
-4064
-272
-6120
-1266
-7948
-4619
3112
6106
-5088
3873
-12256
-2035
-3064
4355
-11248
2580
-2028
-1534
-8144
-286
-4052
5110
1044
-2612
-5092
-12319
-11232
-4655
-12272
3019
1040
-486
44
-9207
3104
772
-4080
-3823
-16132
4636
-15324
6394
-12260
-2555
-22232
6412
-8156
3093
-9152
8968
-10208
3
-4072
3346
52
-10520
-11216
4113
-13296
1764
-5100
5893
-3040
1029
248
2551
-11240
2255
-5080
-796
-11032
-4090
-4088
-507
-7140
4065
-1992
2788
-18416
-12028
2048
491
28
5138
1056
11275
-17408
768
11300
7672
-4088
-2799
-3060
-6636
-10196
2802
-14316
5356
-5092
-2551
-4056
792
-10216
4083
-8136
4101
-11224
462
-9208
-1516
-11192
5611
-7944
514
-9184
-7140
-2008
-9967
-5052
-2287
-12244
1022
-19412
3321
-8148
-259
-5916
-6120
-15316
1035
68
9243
-3016
-14
6168
2794
-11012
7196
-6080
-1299
-1020
-8177
-8160
-13356
-14276
-2283
-9172
-2777
-12044
-1271
-14292
7425
-12248
-3333
-5080
4868
8232
5628
-1004
-2267
-14328
-4369
-3012
5894
-7132
805
-3004
-3367
-10232
-1018
-5084
-2804
-8140
2556
-4868
-220
-13288
-4604
-8164
-5882
-21488
-7938
-7164
3098
-11236
14329
-9196
-2044
76
1544
-2020
1559
-5060
6117
-11256
-262
-12208
5099
1248
-9986
-17364
-2566
-8176
5072
-16340
4917
32
-7700
-19436
3318
-8148
-3619
2288
-253
-6104
4
-9156
-10463
-3028
13299
-9208
-8235
-11208
-1510
-3016
-7161
-7132
245
32
7157
1060
3087
-11248
-3562
-1012
9941
-11244
-2005
-6924
741
-12268
-295
-13288
-7660
-2992
6913
-4880
-6915
-8164
-818
-4052
-3090
12
-780
3084
-2553
-8160
5911
-17400
767
-2008
-11262
-6132
-7713
-2824
1508
-3052
-2810
-5080
-16593
-2032
4614
-14304
10738
-4048
1549
-6100
6898
5156
-10756
-11228
-2050
-12248
5085
-9188
7902
-5084
-4057
1024
3582
-9204
2296
-964
7902
-5108
-1271
8
-3576
-10200
-4598
-9172
2796
-5076
1277
-9192
1554
-21476
7691
-15328
3831
-8144
-2051
-14304
4103
2088
5859
-11248
-1789
-3024
259
244
2283
1064
529
-13304
2848
-3064
-19200
-2020
-4096
-10228
1262
-8144
-4881
-9180
-13305
-3044
4344
-8152
11826
2052
3561
-6136
1020
-13256
3844
-11264
-1023
-3016
-6883
-2020
4304
-12244
2309
-12044
12533
-18376
-7212
-10236
9978
-17380
996
-9188
-525
-4044
-12297
-2016
264
-9196
-1858
-10184
15
-4876
10552
-11228
3103
-3856
-3545
-3024
-1814
-10204
-12294
-12252
-2811
-7108
998
-3056
2037
-10200
-4584
-9168
-2018
-10196
-7130
-3048
6895
-12228
-11021
-9192
-12559
-7108
-2806
-3844
-1280
-9196
5094
1260
-5095
-10208
4841
1060
2527
-1804
1275
-772
246
-7092
1020
-11232
-6894
-9212
6917
-12232
-11258
-9988
5869
-7168
5865
-12052
-3085
-11216
6167
-10236
-3609
-5084
7174
-3040
-5661
-12228
1552
-2040
-12573
-12044
5598
-16132
-8221
-8120
-8971
-8140
4845
-5068
1564
-23228
-5134
1068
-223
-5100
-1286
-4084
-9461
-12232
8694
-2973
-3855
-9180
-4640
-3040
7918
-9192
7949
-10220
-1243
-8156
8974
1052
-2257
-3008
1789
-13256
235
-12236
3338
-11236
-5654
-9176
292
-10228
3815
-8176
-2817
-6100
-6397
-8152
3808
3128
-13067
28
6683
-5088
-7442
-12272
-4093
-9192
11791
-11232
-11021
-2824
1025
-15324
5642
-7124
534
-10196
-530
2064
-10017
-12284
2573
-18376
3807
-6108
-4345
-16380
-2557
244
-222
-9184
2288
-11020
5918
-10172
1528
2088
2288
-3060
-8200
-12276
-772
-16356
-11518
-15348
-16375
-5116
529
-5048
7433
-4880
6176
-7144
2536
-796
-5134
-5084
-3350
-5064
-792
-5116
-538
-8188
-3613
-7136
5631
-3868
-5137
244
-20
-8132
-7672
-3028
6162
-12256
-2030
-6124
-1003
-5072
796
-9184
-5636
-7168
2568
-8156
1282
-8140
-2547
-7160
-1824
-6080
-4059
-9176
2324
-5092
4854
-11236
515
16
-4871
-11232
1296
-780
-6940
-13264
8697
-12224
4098
-4036
-1547
248
-778
-12252
-5122
-7140
-285
-3060
789
252
7966
-9160
-5114
-14296
-11785
-4872
-522
-2820
8444
-12228
-294
-11012
7165
-3844
453
-1000
4879
-8148
-4848
-2836
-2815
-2824
-5650
-8160
5642
-7968
5883
-9148
-4313
-10196
2050
-14312
2312
-10184
9189
-5908
-2799
4
23
-2016
-2302
-2032
786
-2040
-269
-11208
-5920
-988
771
-11252
-5100
52
5648
-10196
-2007
-6124
-531
-6088
-1276
244
-7691
-980
-9977
-3044
-11007
-9212
-4392
-14092
-5865
-8168
7183
-8184
-735
-9988
8931
-3016
-10005
-9212
-2292
3120
736
-12252
-7942
-6124
7690
-10196
2585
-3044
-8188
-1008
1811
7216
-1569
-6140
5668
-12248
777
-15112
-2304
-6124
-8724
-12252
-2294
-6076
-2317
-17356
-7951
-964
10455
-10196
-8438
-968
-268
-3028
-2056
-3028
10008
-9164
-2295
-11260
3064
-5096
-2561
3088
8229
-1004
5375
-12264
272
1064
-9731
-13276
-10778
-6092
8944
-4084
1298
-9176
-2318
11280
3297
-7964
-5858
-9184
-7677
-8168
-7709
-780
9463
-13060
2344
-6124
4345
-10192
-3846
-10240
-2572
3104
2045
-11240
-5603
-16352
3850
-7128
796
-9176
4863
-8176
8185
-4096
3601
4
4621
-6128
5677
-992
-503
-8152
1003
-6144
1058
-10212
-3367
-5088
1003
-15344
4867
-5072
3882
-4056
44
-4084
14619
-5120
-9998
-12252
18
-16376
9239
-9196
2845
-2044
757
4120
-771
-5116
-1030
-8116
-8989
-15324
-8195
-9188
-276
2068
11526
-1008
1047
-6120
-767
2080
-742
-14316
1273
-8192
735
-2820
-4117
-10232
-7211
-7136
-241
-11236
3588
-12276
1525
-9188
-6134
1048
-1807
-11236
-4666
3108
-1513
-7152
6129
-5096
-5639
-7152
-775
-4076
-1756
-2032
-21
-13300
2779
-8144
-217
-7144
7165
-3040
2329
-4036
4098
-3056
2568
-14292
2499
-11244
-10758
-5084
-10256
-5076
-3325
-996
-2285
-4048
-3823
-12252
-801
-4076
8161
-11244
1007
-6080
9450
-16328
-4609
-15144
-2288
-988
-1023
3112
-3053
-10236
-6426
-3024
3321
-9188
3573
-7120
-798
-2024
7443
-6104
-6647
-13092
1028
-4068
-4
-9172
4355
-6124
2001
-5088
-10224
-7132
1549
-6096
-3321
2052
2321
-14304
-4635
-7124
-10233
-6104
10234
-11240
4587
-7156
10723
9228
3845
-11232
4578
-8184
1757
-1008
4335
-8180
1043
-3044
-1816
1108
3341
-6100
-7170
-14284
1788
-19436
4580
-13296
-1557
-20228
2788
-8144
1555
-5076
1009
-3844
-9707
-5072
2025
-9204
-5141
-13308
-6626
-6124
4095
-6108
5140
-6100
-1265
-12040
5154
-9152
1823
-6104
-1783
-5060
-223
-2012
-279
-8172
-5639
-12216
-5886
-6080
-14
-12264
-11244
-11220
-1545
-11216
6382
-8168
-11277
-10228
10236
-11228
498
-9208
3088
-4064
-1048
-4040
3030
-12216
-4394
-6108
-5620
2104
-5914
-11248
2550
-7156
-1506
-1004
7159
-6092
-2275
-10204
5384
-7144
6660
-2044
-479
2272
4613
-8128
-1301
-9180
14090
-15356
-10216
-17360
-2330
-9204
-4385
-776
-2089
-5072
5616
-8972
742
-3052
1038
-4072
9229
6152
-2287
-12252
5131
-11224
8463
-6136
3836
-12256
3605
-7944
2784
2084
5354
1056
-2575
-9188
2817
-988
255
-4076
2050
3100
1505
-4072
-5098
-6124
7919
-16336
1787
3324
-7945
-7100
8962
-10220
6387
-10196
-3053
-2012
-2026
-2820
-2328
-15336
-2319
-15336
-1804
-9212
-2311
-6132
805
-13256
3870
-12256
3611
-9208
3332
-18408
-1515
-13308
16134
3116
517
-4048
2844
-11056
13068
-14328
-10491
-11012
-7459
-4032
-2292
-15308
-5133
5140
-1053
-9176
4877
-14292
-518
-972
-3807
-11228
4332
-18404
-7222
-2016
-1796
-9200
3839
1048
3398
-11220
-5129
-13276
1595
-8160
-3324
-14245
235
1040
3847
-11228
4598
-14249
-2570
-9000
-1026
-8164
5639
3112
-3301
-2016
-4326
-9184
2042
-14312
-4107
-3008
3060
-11220
-1541
-5048
-4841
-2016
-781
-18380
2055
-26364
-8971
-14312
3096
-5108
-1295
-16344
3592
-3040
3608
-8144
-2553
-5104
-1272
-15312
3323
3104
-1272
-11244
4628
-8172
3542
-4092
2034
-3044
3344
-17392
6386
-9200
5945
-13280
9173
-5116
-15384
-2048
8436
-8164
-11521
-10212
14518
-3028
6951
-992
16128
-12232
-4869
-8172
9451
-7144
12569
-15308
-2001
-6136
-2807
-11204
-484
-3848
3855
-6132
-2276
-2832
787
-4064
-11243
-22260
4856
-17392
1517
-5060
1050
4132
14348
-5100
3815
-10192
-3037
-16380
1822
-11264
-3079
-12272
-6122
-5068
8729
36
-6662
-964
-6393
-14296
-10492
-12248
4053
-4064
1297
-1008
-4354
-10212
-491
-7136
11783
-3040
1769
-4072
-3848
-8172
-780
-7136
3608
-4048
-1832
-9172
1516
-2036
-6403
-7160
1030
-9192
-1286
-11248
2009
-1000
-5918
-3016
8196
-13213
-4364
-22024
-258
-11016
11265
-9144
-2599
-10228
-2531
-15316
-6359
-976
-3036
-3036
2033
10276
1317
-9160
7147
-7136
-6138
5356
-3316
3088
1795
-4040
5915
-9180
4099
-1976
-7901
-8132
-1010
-9196
255
-6124
1762
1076
2811
-19436
-1292
-15324
-999
-15352
-5366
-5076
-1529
6196
-4871
-6096
-10475
-13268
5368
-17384
3821
-3040
4854
-6144
9196
-11228
14064
-10224
3358
20
2800
1036
-1026
-10168
-260
-8188
2836
-1016
5119
-10216
-2330
-5104
7421
1088
-8442
-1988
-5118
-6944
-752
-7152
5114
2060
3349
-11240
8423
-10220
-4880
-5076
-4865
-11196
-483
-7164
6671
-9192
3075
-7148
9968
-6136
-6402
-15332
-7687
-8964
4324
-12256
4350
-18428
2577
-5084
3305
-4064
-2528
-11228
-202
-8128
4083
-12280
10249
-13300
-4097
-10228
989
-11248
-4128
7196
5147
-10208
-508
-1000
247
-3040
4380
-7156
-8202
-11220
-3339
-1008
-2816
-12236
5896
-6136
-8950
-12252
-4364
-8160
1003
-13276
14595
-8144
-509
-7100
1545
-7144
505
-3032
4614
3136
-251
-5112
-11760
-10204
-1043
-13264
6904
-9216
-2025
-11224
-3081
-3044
4340
4120
6396
-4048
-9977
-9184
-5378
-9164
488
-1808
3865
4100
1775
-12248
-3859
-3064
-4152
-8188
-6170
2084
-3077
-11228
-3836
-7120
-2057
-10016
-1004
-5112
760
6396
-4833
-3056
2587
-2036
521
-9208
-11292
-7140
13088
-8176
-7436
-10020
2062
-7132
12762
-9176
-6125
-11024
5628
-9212
-261
-18400
-6664
-18400
3087
-21252
-5672
-5092
-3070
10240
-4350
-4088
6138
-4892
-1026
-13300
-4110
-3032
7183
-8972
7128
-15344
6419
-5116
-4853
-9184
-4603
-13060
768
-13300
1257
-4084
-1770
-13304
6159
1048
1773
-5092
-522
-5896
11014
-15332
-1285
-2012
2560
-18200
-2071
-12276
-9717
2284
-2783
-7128
12778
-12260
-763
-6116
4347
-8140
8217
-9204
21
3072
3587
5180
-4615
-4048
5894
-5120
5351
-9988
-777
1064
-3858
-3008
-1779
-13252
9730
1080
5367
48
-3065
-9188
-252
-12280
-274
12
7662
-3012
-5873
-17392
-4082
-8144
-793
5156
11288
-7116
5139
-8188
3073
-7156
-6132
-2008
-3596
-4072
4574
3120
-9974
-2856
-8958
-7160
-1514
-11204
2798
-16364
-2791
28
-3866
-8172
4855
-8136
3090
2096
-760
-12048
-2286
1032
4338
-7144
-6900
-964
-2058
-8156
4377
-15356
8474
-3068
-3335
-6128
6905
-7156
4862
28
2818
-8140
244
2068
-794
-4060
-2316
-9216
-5387
-1004
260
-7940
-6147
-5068
-2808
-16356
-1551
-15304
-11281
-12244
279
-8192
-1231
-6112
17901
-13276
-8678
-7148
2309
-8152
-3365
-7132
-3576
-8156
-3530
-772
2276
-2032
-4104
-5068
6914
-5096
266
-2884
10529
-4080
-3828
-19220
12548
-13060
-2030
-7160
12540
-12256
-4102
-12260
10487
-15280
-4862
-10240
2044
-18180
4633
-1016
-6457
-13292
-18
-2840
7678
-8176
-3840
-8180
-8433
-12268
3604
-9160
1781
-792
1764
-10240
2038
-8164
-5649
-5088
-10231
-996
12829
-3064
11057
-4076
3315
-7156
2057
-21460
-5878
-10180
8216
-1008
-2025
-3052
466
-10220
4360
-4068
8444
-11232
-4110
-8148
4076
-12260
6140
-7160
-6131
-8964
-14101
-14304
13076
1040
-1047
4100
-2575
-14332
-285
7184
828
4148
-483
-6120
3065
3080
258
-5088
-1045
-4068
-1800
-5084
8694
-13304
-4362
-5084
5642
-17360
-6140
-7148
3111
-7168
2337
-12244
-748
-12232
-1016
-7128
-1027
-8148
-6936
1072
236
-6092
-3829
-13276
-9727
-14300
2235
-3060
7942
-776
-17393
-12244
-1317
-3024
7420
5140
-2792
-7132
4076
5136
721
-2000
4866
-7160
525
12
-9972
-1000
-13289
-1024
20532
-3056
8396
-7132
-4570
-8176
-2083
-13296
-8257
3084
-1273
-4020
5130
-6088
-3573
-19400
507
-5072
-2039
-6928
4336
1056
5160
-12252
1757
-11236
3785
-9188
-6694
-6128
-4853
-26336
4313
-6076
-4090
-12252
4600
-5084
-4885
-7092
-2826
-3040
4076
-9180
233
-19436
-10278
-4076
1763
-14300
1533
-18420
4373
-11256
-1750
-17400
-5117
-8188
807
-1800
1001
1040
-4110
-2048
6403
-1016
-11
-8176
-3590
-9180
3037
-5108
16
-5096
4833
-7140
44
12
268
-4076
-1318
-8081
-5325
1056
7916
-960
4607
2064
-2566
2096
-3564
-15360
-506
4128
510
-2020
5109
-6120
-4876
-8152
-5
-6116
2058
-4040
2292
-8112
-2559
6220
5358
-10160
-532
-10228
2765
-3012
-2540
-7132
-4135
-13288
-3815
-14288
-1252
-7156
1530
-6116
-782
-5080
-6939
-9164
6150
-9192
3360
4132
-757
-9212
6120
-5104
256
-12252
4877
-964
7429
-14292
5348
-7069
-1293
4120
-1515
-2044
-5368
1064
-11258
-7156
-796
-7132
8485
-8176
-3101
-5092
-8236
-3048
-2521
-6092
-506
-7948
4839
-2996
7174
-16356
3889
-14292
-1766
-1020
4843
-24276
250
-12260
-6625
-25312
-2835
-10184
229
-12236
5372
-980
-4616
-8144
-2557
-6096
-1795
-15348
3872
4124
7652
-19208
-7205
28
-288
11300
1520
-19448
1781
-12272
-2306
3120
3038
-4092
-5396
-5088
6376
-8180
-5385
-5120
-283
-2020
-4873
-3036
2040
-2024
2041
-5116
3585
-10200
2546
1048
-1290
-1008
3077
-14332
4607
-19428
-2803
-8184
-2299
-14288
-4343
252
-9199
-14296
-7952
-9208
982
28
-3841
-6096
-3033
-9160
5124
-8176
-1321
-11192
-2807
-9144
-772
-7132
2522
-9180
-4553
-12272
1244
3100
-1291
-7112
9735
-4092
-5885
-6132
5881
-11248
-36
-5076
-731
-8168
-4620
1068
-10215
-3032
507
-4064
2534
-7164
2074
-9180
-5
-10212
1261
-5108
-5647
-5104
-6425
-20232
240
-6108
7442
-1984
4348
-10240
2585
-8152
-1798
-11240
7181
-9184
-8691
-16376
1003
-12232
-3823
-7124
-1010
-9160
10746
-3048
-5116
-4009
-3823
-7144
-2073
-1808
4093
-7152
-3066
-5088
3065
-8172
5423
2088
-1001
-9160
8188
-7140
5643
-17344
5122
-10176
6180
-10232
-14583
-9168
274
-6916
1554
-11224
2046
-21504
41
-8968
986
-3020
8176
-9216
7167
-10220
5371
-4096
-1281
1092
6929
-8176
-7438
-6096
4350
-12264
4364
-8184
-1017
-3844
-1030
-13288
-14125
-10208
-2292
5152
-11555
-7140
-11268
-4064
11253
-12224
-1795
-11220
7404
5160
2818
-996
7204
-10216
4839
-4060
-2347
-11012
2525
-16328
780
1248
771
-4060
-7666
-6112
7941
-15324
4334
-5112
-4336
-5900
-9717
-5096
236
-7112
3305
-6132
1537
-3852
-2821
-11248
9943
-9212
-3043
-10180
1821
-8168
18945
-7160
-1029
1048
-3548
-8180
3327
-3044
-4312
-3040
-4127
-5096
-8222
-11224
275
-8156
5629
-17392
285
-9160
-5623
-8968
3818
-2032
-3320
-7152
-9952
-1000
5338
2092
-4642
-15273
-9232
-6096
-5644
-6088
-3351
-7152
-6931
-9172
-2315
-2036
484
-5068
2805
-9144
8458
-13264
-8678
-4064
-2310
-25332
6629
56
-9194
-24272
11013
-7952
269
-2008
-8190
-4088
4344
-13276
6192
-17376
-2806
-6124
-1032
-3048
5913
-10220
3826
-13268
2796
4124
-2284
3080
-2578
-11248
-548
-9204
8438
-7120
266
-17384
999
-8144
-7668
-10220
-3112
-1796
2767
-6084
-2027
-15352
-2313
-13060
752
-5100
-5639
-9168
-1594
2048
-4362
-11260
-12509
-7136
-3861
-6916
4852
-7944
3870
-1024
5085
2132
6150
-1996
5903
6148
4141
-4048
-8437
-9192
2317
-8160
-26183
-13304
4081
-16360
-2795
-10212
2293
-12052
-1766
-12248
10780
-12244
6396
-4056
-2829
36
-503
-14280
-6153
-19440
-4365
1060
12781
-3844
-2043
-10224
-800
-10180
-7688
-12189
4580
-12256
492
-10176
-9209
-5892
3629
-12260
-6415
-7956
-5083
-10216
1538
-7140
6416
-5080
1017
-5076
525
-8136
-4086
-1012
-225
-5084
-7175
-9168
2798
-4056
3342
-18416
2040
-3024
8
-6132
-800
-4040
5594
-5092
-776
