-18376
7677
-11236
4858
-2036
4342
7208
-2304
-13284
780
-5112
-1037
-12220
-510
-12201
6660
-9140
-7429
-8156
5664
-16132
-3593
-10164
7164
-780
303
5132
-1542
-4072
2040
-7136
-18711
-3040
-7198
-6120
5640
-5112
-6147
-16348
1581
-11236
-532
-12040
-3251
-4068
4080
-12224
-2850
8
-258
-6108
-4063
-11256
4568
-11224
-7673
-9176
-9216
-18376
-5910
-12268
1530
-17336
11524
-18356
5826
-18428
-3079
-7152
-10226
-952
748
-14272
-7928
-8176
-10003
-3032
-743
-14312
2804
-5076
-8959
-13252
3582
-8156
-769
-1024
9764
-10208
-7455
-5056
-3877
-8964
4869
-10228
1544
-11256
-5366
-8116
3837
8212
7955
-4056
292
-12252
-7170
-18432
12070
-5072
-4638
-24316
-6929
-6104
-3580
-7092
-6681
-2028
2082
-11244
4588
-7136
-8935
-12220
11489
-13068
2324
-9184
-5616
-3016
-525
-8140
5382
-5080
-6134
-4096
-12030
-10212
-1793
-6116
-2327
-4064
4600
-12272
6173
-15112
-3851
-13264
-5128
-5080
6639
-6100
3581
-8164
5114
-14320
1771
-6092
-1551
-9144
-2024
4144
1501
-11264
-1552
-6092
-11764
-6092
-3345
-5064
-6962
-10204
-746
2092
-2018
-10212
-236
-3016
773
-10000
1787
-6100
6672
-3032
4604
-22252
3602
-12272
5399
-10004
11005
-17368
9008
-10212
-5375
-12272
-787
2116
242
-1024
8450
-4880
7415
-10196
8737
-17404
2560
-11232
1536
-8180
1293
-8148
3836
-4088
2815
6192
-3839
6200
-7153
-5120
-12299
-9196
-7193
-15336
-1756
-14304
-4885
-5096
1024
-11248
-231
-15344
782
-13300
-3084
-10208
776
-15328
2051
-3040
-5626
-1024
-3789
-12232
3325
-14316
-9457
-15344
-275
-10228
6416
-4040
256
40
1056
-15304
2784
-9176
5367
-8160
-2841
-8176
5641
-4084
6910
-2008
4084
-5092
7176
-4052
4597
2096
11785
-5084
-7936
-6136
4863
-11228
2318
-10204
4609
-18424
770
248
2816
-8168
-4605
-23248
-3358
-5916
2820
-23252
4896
-3012
-11010
-2020
7430
-17388
-3091
-11256
-15360
-3044
-9244
-14304
3319
-4044
3803
-8176
-3342
-8148
2555
-5892
776
-5088
21015
-3016
1258
-2008
-305
-7944
6650
-5048
-2786
-14292
4076
-13268
5910
-3072
243
-4036
-5633
-8156
6172
-9180
14085
5148
4628
-5116
-5146
-18420
4874
-7148
-4082
-792
-544
-5084
1540
-15336
-9212
-15108
12047
-8164
-4052
8
13333
-3848
2287
-3068
-2808
-3020
-5388
-10192
1535
-2028
13314
-12232
9192
-12036
-7418
3096
-7951
-11256
3362
-15320
-5406
-8136
-5356
-11232
7421
-4068
4608
-12260
1811
1072
-507
-10220
10219
-13300
7429
-14304
3872
1268
2828
-13276
-5913
-2028
-6642
-20464
-9977
-7144
-263
-7156
-752
-7128
-3086
-1016
5395
-8180
3850
-14296
-3093
-14292
-234
-5108
1518
-11228
5344
-5116
1803
36
4850
9236
-7462
-3040
-10498
-8180
2293
-9144
13551
-9200
10213
-3028
-2554
-10188
2323
-17408
-2564
-12228
-8200
-12272
246
-2032
-2528
-6104
-4099
-5068
-8988
-1988
-8189
-7108
-5106
-6100
6656
-8132
-2055
1048
-5366
-9172
-7417
-1016
2806
-10004
-2315
-3016
38
-9184
-1268
-3004
1262
-9200
-7419
-984
7929
-10208
8685
-5100
4096
-12244
-2556
-22252
-7438
-8156
-5112
36
3082
-10184
-7649
-4076
-4846
-12256
1288
-17380
-6159
-7136
1253
-11224
3858
-7112
5132
40
9717
-1004
-3803
-5088
-6162
-6124
4358
-4036
7903
-4060
-2287
-9184
6134
-9200
-5912
-8120
7715
-5088
3587
-18404
2064
-13284
4108
-9192
516
-17400
2284
-10164
5117
-3056
-1527
-18376
3529
-9184
-473
2052
7160
-7120
4100
-7164
-1021
-8144
1527
-3068
-5911
-13300
-3835
1052
319
-11224
7996
-2028
-1282
-4076
-2302
-15273
-4335
-12268
-6904
-13276
1517
2088
-2565
-7128
-261
-18424
-1811
-8144
-3058
-12264
-468
-8176
2605
-9216
-261
-8136
-737
-11212
3307
-6072
2064
-4064
1526
-11236
-6406
-6088
230
5360
989
-3040
4366
-3032
-10496
-8168
-7418
-9172
5440
-9200
3838
-16364
-4341
-9192
-4634
-7156
1771
-776
7909
-9160
-5115
-18412
-1539
2096
8713
-2032
-11036
-7988
-4585
-9204
4586
-13300
-8201
-15352
529
-7152
7658
-9164
1538
-6920
762
-1012
-12055
-10240
2052
-6112
-1781
-13292
6137
-8976
-5613
-4044
13813
-12248
-8211
-14292
-999
-16140
1267
-11188
-5873
-13272
2026
5144
-8951
-4036
8946
-11236
4331
-17364
-1558
-11216
-4081
-2012
6118
-16320
8964
-12288
2577
-19440
5133
-21484
-4120
-7136
-2551
-16352
-4631
-12224
1785
6168
-3840
-11177
-6119
-17328
3347
-5096
5882
-9148
-3353
-8168
-10747
-10232
3053
-2048
-5365
-10204
2567
-9156
-8402
-10192
-5887
-15336
9502
-6092
274
-12252
3816
-996
-1791
-15312
-2065
-7136
-4093
-2032
-211
-5100
2291
-5044
2552
-8172
-5905
-12036
-3304
2072
-5390
-8172
-1791
-9164
-3573
-5092
6159
-11260
1014
-5096
-6653
-2036
3575
-12256
1586
-9996
289
-13248
-5844
-4068
1027
-7140
4097
-9176
-3048
-7104
-1034
-11240
-2040
-16344
6916
-5025
-3323
-6104
-1776
-10184
5674
-5088
1827
-9164
7107
-2996
5370
-5060
13052
-10204
-5897
-10208
-1783
-4064
8965
-6100
-6411
-13296
-6679
20
-1772
-2028
-512
-2020
1533
-6140
-1283
-14284
5875
-10236
-537
-5088
2053
-5108
-12815
-6092
-531
-8192
2801
-12272
-7954
-13300
-3082
-14336
10252
-9180
3322
-12264
-6894
-8152
5100
-5092
-5124
-6112
-1542
-5896
-2307
-12252
1028
-11260
4627
-8160
-5387
1072
-3062
-2044
3578
-3032
-5139
1048
7674
9240
7164
-5080
541
-3064
5626
-14292
-4055
-11228
-3365
-5064
1269
-7124
-4836
-5080
2346
-8176
7683
-12248
5135
1056
-303
-10220
1551
-980
-484
-4876
1552
-16328
5371
-7128
2562
-11232
-4608
-4076
1054
1028
10238
-4060
-1510
-6057
-7427
1060
1505
-5088
-9181
-5076
-9464
-4064
-4600
-12056
-3305
48
10989
-6120
-4840
-5076
7441
-13264
2783
-7148
-5387
-8160
-1784
-12236
-3061
-15269
4306
-8136
-3848
-16372
784
-8160
-1787
-10224
3849
-7144
2295
-8160
-558
-18400
-2336
-15340
-269
-11200
5122
-12228
1025
-7148
-280
-5916
1010
6172
277
3144
-3835
-12268
-2065
-9132
4574
-12260
2289
-3844
-2566
-11256
-2545
-10180
-5686
-7096
-1538
-4068
2032
-9988
1264
-11212
9727
3104
7967
52
-6415
-17408
-1516
-1000
4603
2088
7436
-13268
-3583
-9180
2538
-9196
24664
1036
-2304
-20472
-3851
-1992
1010
4132
1242
-11244
4079
-2000
-1581
-9196
784
-13272
-766
-6108
3834
-4084
2535
5156
1018
-7144
-2338
2048
5656
-7148
2054
-6136
2574
-17344
15
-4064
15884
-5088
-5634
-4048
1054
1068
-1041
-3032
-1334
-7948
5386
-3028
1517
-976
-5362
-1796
3036
-13268
-3075
-9208
6678
-17388
-1268
-7940
-6924
-3848
3352
-10216
3308
-17380
-14054
-15312
-3317
-5104
2811
-3024
1823
-16324
9240
-9053
-3080
-9192
8706
-4020
-4357
-2040
7684
-13264
3301
-10204
-499
-16364
18
-11236
-240
-16140
4629
-13284
-4351
-2032
6650
-15284
-9743
-11252
-2512
-11256
4092
-17392
1809
-4056
1760
-14096
3615
-9172
-1774
-5100
7185
-11220
3071
-9176
2542
-12240
-1270
-5892
2330
-5068
-557
-13276
-2269
-4036
1092
-8172
8993
-15108
-3599
-6100
5858
-14308
9955
-20408
-1290
-15332
240
1052
3585
-14320
-5413
-7136
-5874
-3016
1028
-14292
-3049
-14300
9964
-14264
-4632
-13252
-1281
-4096
1273
-16356
-3585
2112
-7147
-6112
5111
-9164
-8177
-19428
-3327
-11212
-2089
-7100
-3086
-11240
9711
-15344
5616
-6084
-3866
-5048
-10247
-5064
7947
-23248
-2589
-8120
2335
-6136
1531
-6100
7140
-12288
6657
-10232
-8710
-12040
14368
-9196
2795
-10204
2589
-9180
-6625
-16332
-2055
-10204
2817
-12272
10529
-6136
3583
-8172
-4118
-9140
-5348
40
-5383
-4060
5892
-13276
3607
-7136
-6403
-7100
253
-10220
-2779
-6072
4868
-4076
2040
-2000
9457
-13284
12536
-10004
3597
-6140
534
-12260
4881
-11252
11771
-4072
7919
-8180
-4867
-968
9453
-17396
2057
-5104
512
-23224
3034
-2000
2017
-9160
-3329
-10240
-2823
12
-2296
-9216
220
-996
-7193
-4092
1541
-7136
-1288
-1804
3865
1068
-1314
-9172
4103
-16360
259
-4052
-13859
-1000
-1268
-16316
-3806
-9176
-7207
-7960
1028
-13256
5864
-1004
-11994
-6124
1030
-2028
256
-6128
-6920
-11236
3862
6172
-3060
-10200
7679
-3036
1045
-12272
1264
-6924
-253
-6144
5667
-7152
6154
-5060
-5150
-9992
-8738
-6124
6918
-7112
6118
-6120
8949
72
-8976
5168
-6409
-7124
5912
-5052
2552
-5104
1003
-13296
11796
-3060
-6152
240
-8445
-9204
4353
-11248
5136
-2024
-4323
-9192
-5108
-3012
6690
-3024
-1803
-10012
11977
-10208
-4295
-5108
2584
-12040
5353
-4052
-3313
-13268
5629
-1828
4870
-15332
9443
-6124
9738
-21256
7664
-3028
-3547
-5088
4139
-16312
3344
2052
10015
-9212
5861
-5084
-8435
-1820
4377
-13284
-6919
-5104
-5891
-11204
-1541
-7140
-5119
-4076
4089
-1000
7168
5168
5397
-1000
3835
-12288
-1020
64
-2055
-5116
4836
-8124
-2320
4148
-6656
-3068
-7133
-3036
7414
5160
-11004
-8140
2561
-7140
5367
12
7385
-24296
-4854
3112
7997
-6132
3597
-5104
-2031
-12244
-4319
-7168
8208
-3052
-5363
-3064
-1785
-19404
-4849
-7168
-754
-15332
10715
-7112
2554
-5100
3796
-6944
1273
-10188
-9227
-18396
-4132
-8192
-14881
-9192
4350
3104
2787
-11220
2040
1056
2304
-8120
-1274
-13288
-7690
-2988
-8182
-9200
14584
-5072
-8964
-13304
235
-17348
6902
-2008
-1006
-6108
784
-8172
3066
-18412
1558
-5060
3819
-11216
-5620
-14088
820
1064
752
-16364
12275
-7136
3577
-3852
9932
-3056
-4334
-23240
14615
-11188
-1515
-772
-2027
-5068
3843
-15324
3315
-3060
7651
-16352
-2025
2076
5092
-10208
5142
-12280
486
-8968
2788
-13292
-3563
-4872
6915
-12256
-2028
-11244
1778
-4068
1025
-4872
2819
-4064
2562
-6112
6121
-4044
-265
-18408
-2522
16
-13333
-17408
5912
-10176
10481
-12228
-10741
-4028
-2538
-14312
4633
-8156
4086
-4084
8228
-17380
2571
-13292
8192
-3016
5852
-11260
3849
-6132
3350
2052
-4609
-19420
4355
-11224
5873
-6092
8461
-6128
1590
3084
-2804
-6060
5897
-9196
-5110
-12228
12282
-6120
-246
-11184
-3328
-12248
-2341
-4068
-775
-12252
-2310
-5072
-3078
-4056
-9465
-7108
-3067
-3072
7181
-12240
-1510
-10168
3056
-14268
-1530
-20412
10230
-15352
-2553
2088
-1774
-6116
-7472
-2828
3896
-12252
4067
-8156
5620
-6120
1017
-6920
3340
-10216
4876
-5076
-488
-13268
-3067
-12252
5161
-5068
-2023
-10212
-264
-4068
10260
-10228
2785
-15348
-7931
-13312
-22
-16356
4098
-13296
-7181
-5104
-9770
-16364
-1762
-12236
2020
-12264
2287
-5084
999
-11240
1497
-10192
-13588
-11204
-2810
-7116
-5106
-9188
-3296
-15112
-2067
-12248
1008
-7144
-5378
-776
7164
-8176
21
-10204
-2576
-4084
-6139
-11256
-8700
-7948
4066
-4080
5639
-14288
5364
-8105
-503
-10204
3618
-12204
6898
-11220
9512
-6088
-4096
-7112
1032
5124
-767
-1996
-10258
-3040
1001
-7120
8717
-12236
9754
-8176
-2011
5184
6418
-12264
6179
-15340
-8443
-11224
4622
-3068
4574
-13248
1272
-11240
1541
8
-9223
-5088
3077
-3056
-2313
-7156
2802
-17368
-539
-13272
-265
-6116
-1243
-3048
10509
-5025
-4344
-5092
3062
-6108
-6165
-7073
-6349
-3044
-3103
-3004
-2299
-10192
1042
-10196
7425
-3056
-1051
-8148
9739
-12236
1298
-11260
-491
-16344
1524
3100
-6400
-4080
-815
-13260
4375
-1004
-1038
-4092
10219
-1016
-5294
-9204
8732
-11192
538
-3028
-2295
-10224
-5612
-1796
-3034
-10208
-3349
-8160
-1765
-6076
5605
-1996
507
-14320
10021
-8176
-1030
-4044
9749
-8968
552
1076
8471
-6116
2292
-976
8469
-13300
-3841
60
10967
60
-2781
-2016
-2821
1024
2046
5152
-1802
3080
-5115
-3036
2568
-15320
-3083
-8164
-5366
2092
3861
-19412
-7171
-3032
-4037
-5108
-7689
-5112
-1276
-10196
-4878
-11016
7909
-17388
1003
-8968
-740
-6136
-3323
-17392
12283
-8168
-287
-4068
4371
-6104
-4357
-12264
476
-10212
-3859
-2024
2045
-5021
-1559
-7084
14
-3040
4870
12
-7142
-8968
-268
-17372
16107
-6108
-1007
-5096
-10502
-14292
6442
-5084
5083
40
5901
-21464
-2830
-2012
-7917
-14312
-802
-12268
-786
-11240
-2832
-6108
-4599
-3052
-3604
-7120
-10206
-6084
4
-10176
4057
-7144
4556
-10236
2076
5120
-1542
-7140
2586
-12264
-4357
-3004
1769
-16372
-6675
1080
-5616
-13280
14610
-5072
-5616
-10212
7437
-1016
-276
-7156
-3350
-8176
-7139
-4048
6107
-13300
-3606
2056
5163
-10212
4589
-7112
3804
-2008
-1275
-15336
-5634
-13288
2555
-11232
5110
-10232
-3855
3320
-4642
-4048
-4073
5356
-5667
-5108
-718
-12232
8
-19448
-2835
2108
8958
-9176
-9203
-7140
-768
2064
-8693
-7132
1544
-4072
1258
-1008
-2335
1076
-11003
-6096
-3345
-8164
-9689
-3024
-1821
-6104
-2804
244
6667
-4040
-2058
-15348
-2079
-12048
7653
3092
-7169
-4072
-3344
-14284
-2002
-8168
3591
-10200
2815
-15324
2832
-11012
2276
-4060
-9467
-16364
-2784
-9148
6910
-21444
3599
1084
-11038
-14292
-7935
-17344
4854
-17324
-7933
-18360
-3119
-11236
-4336
-2016
-3085
-10149
-12022
-956
6876
-4080
2296
-19416
-5882
-13296
-9215
-10228
-1559
-3044
-8928
-4092
-1807
-4044
-14616
-1796
-726
-4048
-3853
-6920
-1783
-10204
-5609
-5072
-2818
1040
5882
-9184
4629
-10212
18
-6100
-3561
1044
-39
-12280
5393
-13268
3627
-13272
-10225
3084
-767
-3048
15901
-16324
-1051
-1016
3852
-7112
9206
-1804
-19209
-4872
3316
-6932
-267
-7136
3846
-10220
4312
1056
5838
-5100
-1
-3044
-7695
-7152
2827
-12264
9211
-10216
775
-7152
3046
-15308
2264
-7168
-1512
-6092
-3837
-4088
-1284
-8124
-2039
1052
8206
-10236
-2013
-796
9949
20
-2272
-16328
3327
-13244
1526
-12272
6118
-3060
-1804
-12284
6930
-1820
-4306
212
1271
-5072
-8466
-10224
6651
-12284
5112
-5096
4086
-11208
254
-8152
-2283
-5100
274
-13284
1268
-6096
6910
-12256
10496
-4060
-4622
-2012
1764
2300
2042
-7156
1545
-5052
542
-5096
7974
-11240
-5897
-7156
3604
-9172
-2839
-3032
2323
-10176
507
-2048
2063
-11208
-8429
-9212
-7176
-11220
10223
-9204
-5357
-5076
-6410
-6916
1261
-8156
7202
-6124
1294
-9212
10762
-10212
-7160
-7116
-1791
-21460
-6901
-13272
3307
-10196
-2537
-11228
1762
-8176
-4605
-5108
1026
-6124
-3595
-4076
-6389
-16380
2553
2088
-1070
-13300
1288
-11248
-4856
1028
-3322
-13264
9718
2068
3579
-7132
7969
-8184
-7698
-1000
4118
-13088
-1785
-3072
2819
-12260
-4105
-9196
2538
-9212
-3615
2092
3293
-1000
2044
1036
11
-11236
-11014
-7156
-3864
-14296
-7113
-776
3331
-988
-2290
-13272
-1037
2068
8461
3108
-2802
-8176
10744
-14304
7449
-3060
-11768
-7140
6652
-9192
-4072
-5092
-7963
-9204
-6648
-7132
-5364
-8148
5640
8
3318
-4024
-3320
-6057
1790
-5088
1787
6156
-2028
-1996
7452
-8968
1025
-5112
-4082
-5892
-2561
-9156
15585
-7152
6425
-8144
5407
-6120
-1556
32
-5139
-3852
6668
-11240
6909
-7120
-8394
-18404
11486
2280
-3581
-10232
2329
-17376
-1301
-6112
-9713
-11232
5625
-9188
-1757
-11232
6634
-5892
560
-4096
1000
-9188
-5884
1036
3851
-9164
-3089
-9168
-4357
-1000
9981
252
4104
-6084
818
-11216
2551
-7168
3560
-11256
5140
-7148
-771
-7160
528
-10236
-5112
5144
2818
-11228
-6925
12
2282
-2036
2556
-1012
1515
-8140
-6170
16
-4067
-5100
2040
-10200
-1069
-9200
9959
-4068
9724
-9164
-11473
-5088
-5849
-16360
737
4116
-5362
-15340
1542
-11220
3333
-6128
-16643
-3052
-2074
-3040
32
52
-2281
-992
2299
-7136
4072
1268
4605
3104
2538
-1004
-1514
-7144
-549
-5116
8465
-4072
-1260
-13280
3593
-9192
11
-12068
5898
-9184
-1004
-3024
1538
-10216
1527
-6108
2073
-1796
-3563
-776
5105
-2028
-2778
-4060
3360
-800
525
-2020
-4859
-3020
5409
-5068
5925
-1004
2068
-2036
5130
-3032
7683
-15116
3855
-20244
4602
-11216
-11009
-8140
-5076
-11188
11051
-2024
4898
-10153
3086
-10216
3337
-6120
-1257
-14092
4857
1044
547
-10192
-1277
-10200
-522
-2828
-5390
-5896
2803
-4084
8234
-8172
244
-9164
-12250
-14292
504
2076
212
-9140
1772
-8144
7659
-8168
-4098
-12284
8459
-5112
522
-8132
7167
-18188
1803
-9208
-4600
-8152
-2815
-10220
-2304
-11248
-8957
-7144
8
-4052
7405
2292
-2807
-6104
-7387
-15340
4834
-8184
-5903
-4880
3328
-12048
1850
-7136
3322
2084
3838
60
8431
-8164
11245
2112
-1550
-11236
-776
-13276
-2290
-5100
-7658
-8144
1797
44
-3079
-13288
-8715
-6108
2846
-16368
2019
-6057
3307
-1992
1269
-2016
-5404
32
-1537
-9196
-9256
-2008
-5889
-4048
-2116
24
6876
-17392
3337
-9184
-2308
-7140
1286
-4084
6687
-5080
-4121
-5104
799
4116
-9746
-9168
-5897
-12244
6870
-3044
-3328
-7160
-1831
-5112
8456
-1796
1566
-2032
-3846
-15304
9240
-16352
252
-4064
-5890
-2044
4128
-4076
-6919
-13288
5618
-12276
-252
-6096
4123
-7168
-1777
-5080
1295
20
-3050
-13304
-1263
2300
4333
-8160
771
-3000
-495
-5100
3070
-9172
10032
-3068
4122
-16336
8951
-10216
1034
-9152
-760
-8964
2333
-16356
4403
-7108
-4859
-16356
769
-10180
-5642
-9200
-789
-3036
-2535
-4088
-3087
-9996
-7927
4168
-521
-18392
7903
-8180
3602
-5104
-9992
-4080
-3594
-5104
-4340
-800
460
-12268
-5641
-5076
9742
-10180
-1574
28
-1022
-6960
-495
-16348
1546
-8172
1777
-10188
-5100
-13080
-5395
-13288
-1003
-2008
6161
-12240
515
-14312
1749
-4084
4072
-8972
6383
9516
-5360
-11248
-5094
-6128
-1526
-3052
6891
-7144
3565
-13256
-258
-10200
-4875
4116
-2283
-9992
-2567
-4072
9506
-10224
8937
-7124
-2832
-4092
8925
-4076
1542
-3844
-1986
-3040
3079
-12216
-3062
-7116
-10230
-12260
11542
-12264
4
-13288
-6170
1276
-5350
-8140
-2013
-9172
1534
-13256
8930
-11220
-1517
-4032
4062
-12232
-1783
-18396
-3900
-3036
-3066
-9208
1005
-6100
4815
-3068
-7174
-7164
-747
-7116
-3568
-12272
-1749
-17380
-3799
-11244
-1027
-7164
546
-8124
6165
-5084
-774
-5088
-1054
-9160
-810
-5904
-4086
-3028
9959
-8144
-2324
-7132
6928
-13276
5608
-7132
6431
-8980
1555
-5088
-1534
252
5392
-3020
3095
-9180
5389
-4048
1789
-4088
-8191
-2947
3853
-10188
-5931
244
-5116
2108
-8473
-6920
-9219
-12216
19
-6088
8721
-7144
5871
-12260
-6119
-12268
6378
-18404
-6357
-4052
-1276
-18388
-5368
-11228
-13329
-8116
6133
-8160
5378
-5084
-1800
-2012
-3065
-968
-4343
-11232
11259
-10204
-751
-13264
2542
3080
4137
2088
-4090
-5064
-5872
4
-16096
6168
2308
-5088
9755
2296
5119
-5036
7173
-1020
7675
-5892
-4889
-10188
2353
-7100
8155
-13272
3073
-7940
-5355
-8972
-522
-15332
5393
-10192
-4825
-6112
-4074
-13280
4609
-7144
8211
3096
-504
-14304
7159
-1820
5892
64
-7
-9992
548
-9196
6105
-964
-1804
-3024
-5134
-10240
8173
-14304
-3848
-17388
2595
-19408
-3280
11324
1033
-11240
7716
-10220
1548
-948
8408
-5100
-762
-2024
-2033
44
6898
-14292
-3562
-12256
5106
-9192
2035
-4068
-11773
-9164
-1012
-9188
2791
-11256
-2803
-4056
-2814
-11032
6380
-3040
-7154
-4088
1035
-3040
27
-6104
1058
2052
-10746
-3064
-4623
-1020
-2528
-3016
1283
-4084
4911
-8140
5652
-2008
12812
-22240
1801
-7136
-3609
-20420
-2075
-2032
-27330
-15336
21730
-6920
-20236
1064
2820
-6132
-3597
-772
-1257
-7140
4579
-11256
-1816
-2036
-7670
2060
-282
-6992
-1016
20
3082
-11228
2059
-17404
-5055
-15348
3844
-17408
7671
-7092
7420
-12268
-9210
-992
8964
-14084
3319
-5100
-4857
-1988
1308
-4872
1010
-6144
-13552
-4092
-6421
-16316
247
-8184
-2802
-9164
-5096
-9988
2063
-9176
-9483
-18400
4597
-6084
1271
-2024
3078
-18356
-2309
-6144
-3069
-14308
2083
-6924
-8694
1076
-5391
-1012
1271
-1992
3566
-12240
2835
-2044
-2062
-15312
5872
-4056
-4572
-10200
-1042
-10153
-3845
-11236
-7937
-12268
-1272
-5060
-3080
-20436
5084
-6104
5122
5148
-7438
-12264
-722
-3036
4350
-15332
9205
-12240
-2285
-9184
769
-8144
-9976
-1016
-6426
-4088
-1279
-8152
-1542
-13068
-4864
-4900
12284
-9140
-3063
-10208
243
-5088
5158
2060
15122
-4076
-3877
-8128
5107
-14316
8952
-6096
4314
-3052
-8191
-7120
1293
-17400
4640
-11204
-3091
-20452
3342
-4068
4325
-6100
1266
-9176
1788
-15312
257
-10232
-3620
-3044
2529
-8176
1262
-19412
-4132
3096
-6676
-11244
520
-11232
-2305
-6108
1290
-11184
13830
-2024
-1315
-13276
-771
-6108
4107
-8136
5877
-9176
-3851
-6132
6940
2084
516
-7104
-547
-8964
-3564
-8136
-4074
-10184
-283
-18400
-1544
-8172
2304
-4064
1812
-11216
4334
-4072
-2261
-1000
7456
-14300
1553
-4080
-268
252
-3339
-12260
-5148
-2008
-1789
-9192
3098
-4032
-5361
-14328
10789
32
1031
-2016
7420
-9156
-1292
-9180
-1784
-12272
-6413
1068
-1813
-4052
-1805
-15348
279
3120
-244
1032
-6924
-15352
2047
-3052
483
-6128
1797
-7948
-4051
1072
10215
-13288
4361
-12244
-4081
-7148
3569
-10180
5401
-7160
-1000
-13248
5106
-9184
-1038
-18212
3855
-8156
-3611
-6140
257
-8176
-1015
-14336
-2040
-9196
-1273
-6920
-5083
-10228
-1795
-19436
-1044
-7140
-2032
-17408
-5595
-2965
5345
28
547
-11228
-2322
-20456
6655
-12236
1292
-4036
4085
-16336
-3107
-7120
-4607
-7136
-1525
-9992
-291
-9200
228
-3056
-5114
-18424
-2832
-8152
9969
-9156
7121
-11224
-3586
-2000
11040
-12256
1772
-5076
-10988
-10232
8446
1272
-1544
-13272
10298
-7112
-3354
-12260
-4371
-16348
-5934
-8124
1265
-20448
6392
-11256
1513
-9992
6648
48
15
-10172
-6382
-968
3319
-12264
6918
1068
-1489
-11204
1517
-4068
-1772
-5108
2553
-16372
-4082
-3020
-4100
-9208
3052
-11248
-8480
-15332
258
-10204
490
-18404
-2076
-15344
-7925
-5092
2063
-2828
2554
-3844
261
-6108
-3614
-18432
1296
-2028
-9962
-7136
-5373
-988
4108
-10224
3350
-16340
10465
-9196
-2069
-4088
-6660
-3012
4858
-11248
-4107
1032
-3052
-8132
10725
-4032
36
-6132
-3357
-13296
-7377
-4076
4086
-12272
-10258
-5100
251
-12268
775
-4048
-1012
4156
1268
-14328
-3309
-19452
3342
-17380
-9513
1052
5080
-9172
-13269
-5112
747
-13284
-9470
-964
-5917
-12276
4379
-2012
1508
-9204
-10204
2064
-3052
8228
-531
-7152
-258
-13272
-8963
-11260
-13290
-6132
3807
-10180
-3083
-8148
-10747
-11228
10465
-6100
7427
-8156
2306
-3044
3076
-11200
5372
-14276
10040
-6124
-5333
-12284
2562
-10228
3102
60
-9474
-7112
1018
-12268
-3596
-2032
-778
-8160
511
-18400
8446
-3036
-3804
-13296
-750
-4016
2838
4
-6376
-12288
7937
-15324
271
-968
1277
-7136
2038
-5892
3595
-9156
1780
-2024
-5371
-7124
9710
-11256
7408
-3032
-14113
5140
-5082
-7940
-488
-17372
10714
-6100
1793
-5076
5372
-10200
-4843
-8172
-4368
-9212
531
-6092
4605
-8148
-517
-17380
-4129
-992
-4619
-14088
7399
-15324
1559
-2016
-8917
-9180
1774
-8148
-5346
3096
4118
-15324
-2565
-3052
1795
-7152
-9994
-12256
4876
-11220
4343
-968
-538
-1008
-546
-7144
7978
-14336
-1246
-8172
-6658
32
2790
-6932
-741
-6080
4344
-4060
-504
-11228
512
-4064
-2016
3128
771
-2008
-2272
-9208
-3378
6144
-7
-7144
3080
-6136
1288
9456
-3334
-772
-5091
-6088
6144
-3028
4898
-11248
2331
-3028
-2581
-14304
3093
-12256
1793
28
-3578
-12256
800
-4088
-5916
-1004
-1510
-2985
16
-6112
-2585
-7152
-2280
-6140
1268
-8976
1047
-7112
-1532
-976
-4093
-8164
11013
-17368
3607
-9208
-3577
-12248
3050
-3020
1075
-3056
3865
-9168
5370
-13252
1780
-3036
541
-14276
-1557
-7140
-493
-6096
-4338
-992
-5
-1024
-2321
-10240
999
-3032
1763
-13284
5381
-3040
-7201
-11220
3606
-12288
-1078
-9152
3562
-16348
4883
-8180
-5615
-1796
-5093
7168
-6642
-15340
11246
-13268
3576
-15340
-6883
3104
-10027
-17384
13
4112
9200
-2012
2297
-11248
3554
-9140
-4854
-10212
8456
-7104
-7710
-8164
760
-2012
769
-5076
10508
3088
8212
24
-4126
-13300
-9725
-9180
5380
-3028
10277
1036
-1
-3856
3355
-13072
1569
-4044
753
12
-6914
-11232
5137
-13228
5116
4
3568
-9184
4613
-9200
2313
-4044
-8712
3092
2079
-5044
6662
-10196
-20005
-18192
1781
-12268
-1287
-9200
530
-9136
-2097
-13292
4628
-12260
-6938
4324
257
-3032
2832
-5112
-1831
1268
3833
2084
-1271
6168
766
-1024
-6635
-5096
4343
-3064
-9211
-11236
-5907
-2040
262
-15320
-4856
-9200
-6650
-10236
13042
-3892
3340
2088
5897
-5080
-1262
-14288
4334
-10220
-9168
-11192
9182
-9180
770
-8180
3333
-6096
4619
-15324
3342
-16360
-2763
-6916
247
1084
9727
-2036
-6913
-6916
-1279
-9196
10505
-8964
-495
-14324
-5675
-11256
2512
-7164
-8996
-8120
2839
-10204
-492
1044
-3559
-5072
10244
-12244
-10203
-6108
-6896
-11232
-4615
-17380
8974
-14328
503
-7152
-6632
-18424
-1527
-7148
2035
-2016
5354
-5108
-494
-7152
-2798
-7160
-764
-13284
4105
-2008
-2296
-8156
-791
-3048
-13556
-14292
-4582
-5088
-2792
-11244
7052
-17388
244
-16368
-1245
-5100
1515
-7140
-484
-12276
-6379
-976
-7434
3088
1273
-984
1306
-3848
-3053
-7120
492
8
3349
-14324
8190
2048
-8189
-13288
-9481
6172
6912
-21472
-7145
-4068
-6638
-13260
10275
3100
-1262
-12268
-1818
-15140
-7159
-2016
9439
-9192
1787
252
1775
-6920
6665
-8168
-8684
-18180
2300
-3044
4133
-9184
4638
-2044
6866
-10232
2592
-13268
3061
-4064
-1800
-4068
-511
-1984
786
-5092
-2303
-11232
-7225
40
-3829
-15112
-3376
-3844
-495
-2000
6375
-2020
-5140
28
6357
-1820
-7698
-5060
6151
-780
-2538
-5076
-2324
-5044
-7935
-8180
2087
-16368
7700
24
-484
-5092
1032
-3040
7674
-14272
5080
-6076
-756
-5892
4359
-7112
-4866
-6128
1021
6208
-9979
-7140
5151
-5116
-3048
3320
5568
-7128
9227
-11012
7159
-8172
4888
-2996
3061
-4036
6647
-7152
-3852
-2028
3836
-11232
5616
-4088
4866
-14276
965
-9180
1786
-8132
-1567
-13268
-1259
-20420
11800
-10192
2036
-9184
-8433
-9188
13
-1796
-3832
1052
-277
-2016
4831
6172
254
-8164
3853
-3016
8926
1088
10001
-13288
-5
-3888
3091
-7948
6887
-15304
-3
-8160
-6394
-3064
-13
-8168
-2837
-968
-4624
-5088
3830
64
3075
-20468
15388
-13276
10738
-5076
-2294
-10188
-559
-3056
-7400
-12252
5103
-13288
3612
-5120
-4842
-19412
-247
5156
-772
-12284
-3075
2060
572
-10228
5867
-29436
3074
-9004
3316
-3052
-3585
-2040
-8213
-11256
-9965
-7108
-4323
3088
3083
-12260
-2843
-4064
6921
