-10188
4863
-2012
2312
-15328
-2323
-7160
7710
-2008
-10285
-18364
-10014
-12256
-266
-13276
4867
-1992
3078
-7164
-11772
-9168
-3316
-9188
-2350
-17352
4613
-15352
11
-3020
-4860
-4088
1306
-11264
17
-7136
1232
-10188
-233
-7152
1512
-4048
-3577
-9176
554
-956
4887
-9172
4363
-2028
-1278
-7096
9205
-8168
6666
6220
12538
-1992
-5396
-12244
-2295
-12268
-764
-20464
-3083
-980
6886
-14300
-2081
16
8730
-21452
5867
-14316
-9252
-6104
-4871
-3008
-3313
-13272
2810
-12248
761
-2012
-4340
-9152
-7916
-12060
2025
-9172
1245
3320
-275
-7164
1258
-8148
-778
-15304
-4886
-9184
-2045
-5104
1061
-10220
-3374
-2996
-1039
-1804
-8727
-3064
3602
4
9472
-8168
1778
-10228
-4626
-13272
505
-10192
7935
-12244
-7966
-8188
9447
-14260
-2580
-2820
3581
-6116
8429
-4056
7431
-4060
-5610
-5088
2811
-17396
3325
-13296
-2027
-9196
-1582
-16352
-7642
-3020
-511
-11256
740
-7116
-4873
-15336
9012
-14316
8166
-16332
3076
-8140
476
-16297
-2552
-3012
507
-6128
-6921
-13288
-786
-8144
-5636
-8168
6908
-14320
-2094
-9152
-778
-11256
1772
-5080
-2039
5356
-6636
-6104
2322
68
-5367
-4064
-2281
-1796
-4844
-2008
8207
-5108
-6891
-4056
3098
-4084
-1475
-11244
-7702
-19416
755
-13276
-4597
-7136
-4376
-12260
-1526
-9188
13812
-9996
8691
-5104
-2312
-11200
-3835
-18400
250
-21452
7939
-15344
-1551
-3052
783
-10212
9946
12
4327
2096
-7398
-4080
8946
-7148
1058
-8156
784
-7104
-3620
-10236
-738
-7124
1526
-19424
7188
68
-2547
-2044
20
-7136
-4840
4132
2293
-11240
-5927
-6120
4638
-7152
7943
-14304
3079
-11260
-8702
-2044
-2302
-5080
2568
-14292
-244
-4096
-5390
-1980
2821
-9176
-1537
-21452
2
-4080
-4341
-9184
-4329
-6132
-5102
-11212
-9503
-15316
3083
2088
-4093
-17392
3868
-3008
-7182
-3016
-1303
-9152
-8216
-1012
781
-8188
-775
-12197
-1259
-12228
-4607
-5116
5615
-11252
754
-19400
-2802
-7104
3574
-5092
-4615
-12272
3840
-11228
3064
-9160
-3597
-4052
-11796
-8180
276
-4044
-5127
-9212
-6904
-16352
-2062
-12280
-7414
-13260
5874
-10232
6918
-4088
-3863
-12236
7926
-11232
4078
-10184
-3615
-14296
-3338
-6088
-1005
1060
9155
-12272
7705
5172
2776
-9140
2590
-6112
-1787
-5092
5171
-10212
-5628
-3036
6893
-1004
-2259
-7156
5657
7196
4622
-7124
-3091
2272
-482
-9176
8445
-17392
-2049
-7084
-6150
-5064
4348
-3044
-742
-16352
-3572
-10220
5613
-19204
9489
-14316
4865
-21468
278
-1800
2063
-1984
2320
-19388
7428
-7136
3565
-1024
747
-7124
-14342
-7156
-3551
-9988
-5149
-2036
3582
-5064
3320
-8120
10506
-10232
5608
-10224
-224
-4068
-1248
-8164
1030
-8172
3570
-10008
-2831
-14280
-19
-6084
-2818
-2040
3573
-11240
-11499
-13264
7405
-1016
-5883
-11204
-3085
48
3590
-15324
17
-11028
267
-8164
6921
-8168
4356
-11228
-6893
-7128
5373
-6120
3315
12
-3074
2076
-8442
12
-2316
-3072
-3088
-14308
2557
-7120
-3027
-11240
4874
-3056
7180
1256
-3577
4112
-1551
-976
763
-8172
-2527
-11236
1517
-4088
-7912
-19208
219
5172
-475
-4096
1574
-4088
1013
-14320
8452
-10200
3843
-16336
-6392
-10224
3582
-960
-10498
-11244
260
-12201
-4819
-18428
7960
-10240
-3842
48
260
-9996
-10003
24
-5651
-1992
8969
12
-2048
-11192
6921
-6140
3374
2072
3063
1068
-6673
7196
-6902
-3028
-1289
-7144
4361
20
1042
-3032
-2330
-16340
9223
1036
-1267
-8176
2788
-8120
7750
-13268
2297
-10232
7646
-2032
5612
-7152
5649
-2016
4865
-8140
9231
-10196
-1255
-6088
13299
-5104
-9707
-16332
-7432
-12252
-249
7180
6616
-11240
-291
-10216
7704
5372
3338
-12276
-2060
-11260
2835
-6136
1549
-12260
793
-14304
4589
-4060
6607
-13272
-6913
-3044
6439
-13296
-2305
-9204
-4591
-18180
1798
-4868
3583
-3044
-1521
-3004
-9004
-13296
2047
-12260
6662
-7108
-5670
-18404
8435
-1020
7948
-4052
-5127
-7152
-10234
-18420
-3304
-4092
768
-11216
10241
44
-5072
-6136
2301
-13280
-7650
-13288
985
-3008
1038
-8168
8931
-9216
4880
-5064
-526
-2024
4586
-7164
9961
3092
-13546
-7144
3830
-19440
-249
-2032
-1549
-2004
4867
-17332
-6404
1080
6123
-5096
5861
5132
-773
-3072
-2061
-5088
4628
-5088
-4357
-7120
-3591
-10224
1257
-10216
9741
-11248
-241
-18408
-3315
-3036
-4082
-11252
-1018
1036
7969
-14284
3585
-13300
5130
-17328
3320
-2044
-768
-2012
-790
-3068
6119
-10180
-11269
-11220
274
-5092
10246
-2036
-3280
-3048
8719
-9196
6400
-13288
-5652
-2016
502
-2032
1519
5156
8186
-7156
-3306
-8160
-3073
56
552
-8176
-7185
52
3565
-12232
-752
-11248
6168
-5084
1782
-7156
-11020
-12236
519
-21448
11793
-12232
-11532
-13288
1795
-9180
1812
-10212
-2817
-17364
5613
-6096
-1731
-16336
-3044
-5092
7411
32
-8234
-3036
-15085
-14332
-4364
-10212
5893
-13296
6162
-17396
-7426
-5100
-2579
-4076
1036
-10220
-248
-5072
7219
-5112
1798
-11224
1780
-4076
-10735
-7128
-3884
16
-3593
-5040
1271
-5096
3059
-8192
8156
-3048
-7961
-4064
19959
-5096
-2018
1056
8921
-7128
3316
2060
3353
-15312
3823
-4084
5138
-13304
-257
-9192
5616
-10200
2074
-5104
4095
-2016
6428
-11220
-8219
-6132
14071
-4044
-3580
-9188
-3043
-13292
1782
-20396
8689
-4884
-3333
-15348
-5116
-15352
-2341
1076
2556
-1012
1522
5144
-9185
-7132
-260
2092
-6679
-5068
-1026
-14276
-2046
-27352
-1022
-4080
11508
-13272
-5105
-7112
-13577
-7132
1295
-11184
6667
1264
-1790
-1800
757
-4060
-2274
-4056
-5104
3092
3251
-11224
3852
-15273
3543
-7152
9230
48
5911
-11244
1241
-6120
-803
-4020
3625
-13288
-1290
-10196
2334
-2008
7156
-14336
232
-13232
-23
-8144
-3350
-14284
-791
-7136
-5900
-5036
3850
-15336
-984
-6120
-5119
-7156
530
-6136
-769
-12036
7711
-8176
-6203
-5044
-1240
2080
16
-8140
-3865
-6108
-9710
-10184
-7168
-10232
8690
-17368
2016
-7128
2297
-5076
-265
-4072
-6397
-8144
3332
-7960
5630
-9216
-5853
-12252
4608
-13064
8175
-15336
5625
-21492
-4332
-14316
-3087
-19408
5590
-6140
-267
-4084
-4871
-992
3827
-15312
-1277
16
6642
-7128
9215
-18384
4120
-7148
1808
-5108
-6650
-14304
2567
-14304
-1782
-18408
5368
-11220
6164
-13284
-6647
-3032
6432
-13276
-3562
240
1040
-8156
1273
-15340
1041
-4076
2014
-8964
3541
-12280
7700
-8156
7954
-14304
12811
-17356
1541
-10208
-1008
-10228
10276
-1796
5330
-11244
7685
-3016
-7410
1076
1019
-7136
-11793
-11260
-36
-5104
15
-21488
-6168
-9188
-758
-7156
-2860
-9172
-2028
-15352
14846
-2008
2317
-3048
-2801
-7144
5344
-8136
-1532
-8168
-4384
-13076
1765
-7140
-3560
-3048
-3329
-13264
2041
-12248
-5101
-11240
-525
-13264
-3872
-6124
-10223
-15312
2791
-7148
-525
-6124
529
-7132
-10521
-3024
-3077
-13300
4591
-16340
4103
-3072
-5637
1260
7681
-9204
3050
-24244
4355
-6080
12805
-11252
-1505
-5088
282
-11224
-520
-4060
2332
-10208
-8964
-9204
3864
-9204
-1004
-7116
7166
-15296
-2531
-7140
8975
-13248
12550
-11236
-12552
12
6930
-10232
-1747
-8188
5637
-3052
-3321
-11244
3586
-10212
-23
-9180
5880
1048
8199
-7104
15058
-6132
1295
-14088
-232
-6128
1768
-7940
250
-10240
-3330
-14300
5912
-11260
756
-7132
-4111
-13292
-10750
-20436
2827
-6120
17
-11208
3060
-2004
-2577
-4072
2832
-6116
-4580
-8148
5867
-2000
-2803
-15348
-6937
2080
280
-12040
-499
-7160
-4075
-6120
-3093
-12040
2042
-6100
-9197
-9192
482
-3048
1287
-7940
1289
-12276
-3582
-4052
-3858
-12244
-485
-2008
4353
1064
7931
-5088
1800
1064
-4877
-9180
6685
-772
2035
36
-3356
-6108
-3607
-7124
-780
-15112
-259
-11244
-10243
-3064
-1812
-15308
8192
4348
9213
-3068
3820
-18392
-1013
-9172
-2040
-14300
-6413
-6104
-4852
-9160
4369
-13252
-7695
-3024
5892
-4044
-2008
4124
-2030
-15344
3341
-13076
-1805
-5100
4364
-4876
-11241
72
4361
-6132
541
-7152
5898
-15308
-2798
2068
-5654
-12268
-3267
-20412
-2817
-10188
-5389
-3052
7947
-8176
13069
-11248
1787
-13312
-27
-3016
-1529
-5100
746
-11024
-7449
-10204
-763
3116
5649
-5116
-4849
-4036
2590
-16348
8711
-11224
-3095
-9204
-3061
-17356
-6937
-12220
7161
-12280
-4125
-6096
-12
-19440
8196
-2036
504
-12256
2555
-8168
2877
-13284
-2563
-9144
505
-6116
-1230
4116
2303
-992
-485
-18384
-13033
-3036
-2055
-11220
2574
-12260
5890
-11240
3838
-12264
2831
-7156
-4599
-7156
7411
-5116
3843
-3036
-3552
-19432
13532
-9152
-979
-5092
10476
-1992
1576
-1012
7165
-17400
-2815
-16332
3855
-15352
772
-1976
-11541
-7144
-2051
-20440
-3319
-5108
-1304
2080
8964
-9196
-2074
-2012
-5617
-7100
775
-7120
-1259
4340
1533
-12272
-1294
-17396
1031
-15300
-8180
-8160
2018
-4084
-4082
-11224
3081
-2012
-7697
-10168
-4843
-5080
2305
-6120
-246
-780
-6140
-5900
3860
-14280
-1046
-11232
755
-2044
522
-992
515
-3032
12829
-12248
-6168
-12244
3601
-4068
-1557
-18404
-1273
-9164
-6372
52
5620
-6096
6952
-9136
-17171
-7136
1
-11260
6663
-16376
4635
-8148
7972
-10240
6394
-12208
-1029
-11212
994
-13260
2057
-16324
1549
-12280
2825
-8128
10739
-9156
-1548
-15360
-12556
-9176
5096
1276
-5875
-6108
-4609
1068
7426
-3028
2789
-7120
15
-20480
4366
-7956
7675
-11228
4117
-7148
-2820
-3052
-787
-11012
-2310
-12276
7452
-9168
-525
-6112
3800
-11228
3565
-5072
-771
-6128
-1555
-19428
-3823
-15288
3860
-5096
4863
-10204
2316
28
-5385
-13280
6164
-1972
-1272
-5100
-1277
-3064
2321
-8152
-3867
-14312
275
-8156
-2547
3088
2542
-11204
-2542
-8140
-6902
-6096
14362
-12272
-8434
-7104
-1259
-12252
3595
-5060
-6679
-3060
5388
-4048
-2307
-956
768
-6916
-3104
-12040
1273
2112
264
-8964
2812
-14092
-6427
-3012
15105
-7108
6127
-7168
-772
-10200
4111
-9164
3348
-22232
3040
-4084
6132
-6140
8712
-5088
-10206
-7168
-2533
-6096
-5379
-10200
4870
-8180
10720
36
-3597
-12236
-5399
-8140
6646
-7940
-7972
-15316
-1048
-14276
-3591
-6080
-7397
-5096
1773
-3032
4572
-10184
-1510
-5092
-5607
-17344
-252
-8136
-16416
52
8705
-13264
5636
-10180
3394
-960
1787
4132
-7930
-21460
9966
-7148
-1578
-9160
-5085
40
-38
-8968
-3875
-6120
-10734
-5072
-9265
-3016
-6919
-8112
5368
-8164
4368
-16368
-4627
1060
7920
-13272
-2071
4152
-1550
-8152
1285
-4052
-258
-14328
3606
-11220
-29
6196
-6376
-19408
1255
-8168
4592
-17404
-7166
-4868
1029
-11240
-268
-5108
-1564
-10208
3830
-11228
-9481
-9188
-1783
-8148
-4908
-11264
-5085
-23272
1749
-5096
-1782
-9180
6146
-8160
4908
-14096
-737
-14324
-1028
-4052
779
-14304
-465
-11192
2277
-13300
-5144
-5076
-5647
-976
-5113
-19412
-3848
-4068
2321
-5112
-4406
28
3880
-6128
-6688
-5104
4366
1064
1063
-10212
-6894
-19424
-7
-3024
11041
-9200
-1022
-10192
6427
-8144
4116
-12256
-5175
-19428
8718
-5088
8467
-6920
1785
-9168
4840
-8164
1517
-6140
2277
-2036
-12308
-3068
1797
-14304
6438
-3028
6437
12
-6666
-4048
-2354
-4892
-2815
52
795
-18356
-2800
-7156
4078
-11256
-6675
-9216
-6407
-7948
-6361
-5096
2070
-6088
6152
248
-2320
-4040
-7944
-19444
2528
-6920
-4310
-11220
-551
-15312
-3825
-13256
-8222
-8172
504
-17340
-1535
-3072
-8941
-6128
9952
-6084
-222
4340
257
-2000
-7891
-3012
1555
-10012
-2543
-6104
-5596
2288
-7698
-9176
-6372
-5044
-752
-18408
-1297
-7136
792
-5104
-8241
-14324
-4569
1080
-4348
-6928
-1017
-8184
7456
-16368
6666
-12280
-5347
2108
-2525
-9144
-511
-10184
2008
-8164
7946
-18400
1807
-2040
5387
-6100
2321
-16324
-4883
-10196
-6151
-3028
-4100
-14336
8206
-2028
-1034
-6104
3064
-7120
-529
-5900
4082
-8156
5355
-14288
-1264
-6116
5389
-4060
-3595
-8184
-3056
-8192
-2837
2080
-9217
-12288
13384
-3068
-3079
-2981
3607
-11220
9703
-9160
9007
-9196
-9930
1048
3835
-12240
288
-8160
3602
-5080
778
-8156
-5089
-5100
247
-2020
-3840
-13256
-9450
-13284
-3315
9256
-1790
-4048
2269
1036
1771
-4096
-2079
-12264
-11292
-8172
3807
-7104
5091
-1800
-4869
-8136
2292
-1796
-266
-5048
749
-18416
760
-7116
1786
-12276
5379
13368
-240
-7952
1770
-5096
-3119
-8160
3062
2064
4339
-8124
-2784
-12272
3544
-5096
-1045
-8172
3318
-4052
-12772
-5896
4603
-17372
2586
-8964
5387
-9212
2829
2088
-15333
-4076
-1289
-10156
4581
-5100
777
-4036
3615
-9160
-5875
-984
-285
-10192
-7387
-15320
1046
-5084
1791
-7964
7168
-11248
-2803
-9180
-5149
-18380
-6148
-6124
1761
-9188
1768
-10160
-2295
-7128
-1552
3080
-2809
-9144
2817
-5076
6397
-15304
-10970
-7116
777
-10216
1581
-10184
-5125
1032
7948
-4024
476
-20448
10771
3132
-1574
-9216
-2042
-7944
-3312
-4064
9216
-8172
-500
-8176
-2287
-7140
3578
-6120
-716
-4052
-13316
-960
-258
-11020
33
4120
-2034
-7972
6641
-8964
3078
-1996
3052
-13252
6426
-11264
-7417
28
2830
-9188
6669
-6132
4347
-11216
-3040
-6132
3318
-2040
-3062
-9188
-1029
-14304
4332
-992
2055
-6136
-6417
-9144
-5881
-9208
1552
-7108
5396
-4080
2017
-13076
-242
-4064
2301
-8136
-758
-17364
-6150
2072
-3551
-6948
7695
-7944
-2337
4128
-9185
1024
3528
-12276
-3374
-8168
-4834
-8184
-1033
-5001
4370
-4056
-3862
-3044
-7671
-22232
1815
-14308
-2316
-7140
-1019
-11256
-2809
-17360
-3809
-2016
5143
-15308
-5641
-17400
6885
-6128
-5907
-9180
3306
-6140
-3844
-17372
-2805
-1012
-5381
-4052
3317
-10212
2813
2064
-472
-956
7377
-3052
1773
-12288
2283
-3052
1527
-10208
2544
-4076
-470
-13084
762
-14324
1281
2060
-14569
-9992
13519
-10232
-1287
-11200
5622
-2008
-1261
-8144
-2028
-780
4633
-17376
-6909
-5112
6414
-2040
29
-11248
-2591
-13284
-1814
-15304
6110
-4096
1045
-11216
2583
-13272
4312
-5076
-11273
-10192
-10214
-9208
1029
-15320
11239
-8976
500
-9196
4616
-6096
-295
-4064
3869
-3068
-7943
-16136
-8174
-6076
-783
48
-4374
-3036
503
2076
6434
-4036
8712
1028
-5094
-6116
-4859
-13304
-1296
-12244
-5400
-6100
-2522
-9136
6403
-11208
10997
-7124
-779
1064
-7900
-5084
-5926
-12220
-3553
-15348
6901
-10180
-5904
64
-10702
-5068
8692
1276
2791
-5096
7165
-2824
8434
-984
-3806
-19396
4609
-13268
3289
-988
-6933
-7132
-2571
-12288
4425
-9208
3830
-8152
2784
-10184
4621
-7144
-5899
-10216
-5155
4160
-262
-6108
-4616
-18424
-4872
3300
-1256
-12220
9760
1276
-3315
-10228
6426
-7136
-3328
-10184
-274
-11228
3327
-15308
7163
-3024
2549
-10212
1811
-16348
1019
-9988
-3047
5168
-8470
-11228
-2564
-948
1547
-3020
1241
-11020
5915
-11224
7142
-11216
-3341
-10204
5386
-4060
-522
-1004
-4859
-3024
8177
-12252
2810
-19396
9188
-12272
-1014
-4072
2548
-7136
-1279
-20464
-1036
-9152
241
-10180
12813
-9188
-6180
-14328
512
-7128
3325
-12244
7942
-12260
4066
-5076
-2323
-23276
-2572
-2044
-4819
-15324
253
-11224
-3069
-3036
1008
-14296
-2589
-6108
11258
-10200
-5617
-13312
3863
-16344
-2079
-8152
-3345
-6096
-1567
-972
4086
-24256
-2043
-4032
-514
-4072
-4879
-13296
-5106
-12240
-6923
-14300
-4852
-13260
4865
-9184
786
-4048
7140
-2820
-11003
-14328
-1018
-6128
1759
6172
-1493
-9152
2022
-11024
495
-4076
2256
-14280
-4073
-11224
-19
-7108
-5618
-8964
-4326
-14308
508
-10196
9463
7208
-9740
-7120
6138
-9188
-7192
2068
-3573
-8980
7148
-13252
-5071
1060
1772
-6116
5888
28
-17058
-2016
-8946
-1976
2819
-8136
-5918
-6112
-3364
-13292
8178
-11204
232
72
-8188
-1016
-2583
-13300
-463
-11252
-3827
-7152
11029
-15320
10260
-7100
-488
-10196
8704
-2016
-9463
20
7405
36
987
-16348
-3342
-14336
11321
-4080
-7683
-9996
-272
-6096
-263
-10180
-10285
-4056
5329
-6124
-4628
3108
2021
-10168
1500
-7144
-2063
-8188
3095
1068
6413
-18392
4088
4112
6653
-11196
12512
5140
-7910
-5096
236
-11220
-14330
-5108
-4349
-20440
-2828
-5092
4629
-14288
6665
-10232
3829
-6108
4573
-14096
3098
-21468
-2307
-3048
2025
-11228
-2009
-14336
-3593
-9192
-2562
-20452
1275
-10184
-483
-4056
-4635
-17372
733
-17184
2802
-1796
2087
-7136
3857
-2048
1814
-8156
5334
-1964
5645
-27368
-3845
-17368
5082
-7084
-1279
-11240
7698
-8172
-3333
-3024
-742
-5088
-756
-9996
4570
-7124
-3291
-9188
8425
-7160
-538
-11196
-778
-968
1549
-7112
-2043
-10200
546
-6140
1264
-11236
540
-17372
-2884
-9192
8967
-15108
9984
-5064
2572
-14272
2584
-3848
-3597
-14332
2302
-13308
-4085
-6057
8464
-13296
-8192
-13284
7134
5152
-7658
-5064
-4378
1088
5861
-4028
-1508
44
2020
-13060
3328
-6072
-5392
-3072
762
-14328
-1024
-11232
-4858
-11252
2797
-5900
-4898
-23260
-4850
-11208
6152
-6124
-3828
-3036
-2307
-12256
3342
-4028
-2026
-6088
-5130
-6112
15080
-15308
1551
-10204
259
-3028
6669
3096
754
3120
-11298
-5044
7971
-2024
-4361
-9196
2808
-15332
-2317
2068
3577
-10204
4119
-24284
-9534
-6144
2813
-4888
4604
-11224
-5407
-6108
-6348
-7116
-2838
-8140
-5897
-12264
-5373
-4084
3612
-2000
-1010
-3028
7697
-1020
-3866
-3020
-270
-21452
-3317
-3016
-4080
48
-5604
44
3057
-13292
4816
-12232
-14
-13300
1812
-2036
-4359
-9152
-2055
-13304
4361
-7116
-2280
-9140
4076
-10216
7660
-10212
-4053
-4060
-1285
-13272
497
-3012
-1521
-5088
-2310
-14316
283
-9212
-2294
44
-4358
-8144
2290
-6116
500
-18404
-1518
-6120
-9196
9236
1801
-13300
760
-2048
10494
-4032
2579
-17368
3566
-8160
13034
-5120
-12814
-9164
3847
-8192
-524
-4064
-11272
-17384
297
-10184
-6406
-9180
-7444
-3048
-752
-2020
1550
-17376
-4878
-1004
-3567
-8164
3344
-7124
-6654
-18404
-241
-16332
300
-2036
4112
2068
4372
-10204
2784
-6116
-3601
-5104
1815
-4052
1239
-11256
2083
-20464
-3809
-15332
1564
-15332
1830
-10172
-2530
-10192
-6687
-9184
-1556
-6112
3587
-18348
7413
-6084
3069
-5112
1775
-10200
-8717
-13296
-5098
-9156
1770
-10240
-8958
-4060
9237
-12260
-5905
-3012
-252
-16376
-750
5128
12760
-7112
10227
8444
-2575
-14336
-10756
-14288
-5942
-16344
-6895
2076
-12315
-11216
-1518
-16356
9480
-5072
3598
-12040
8431
-11232
7707
-11200
4879
-3844
-1027
-5080
-6928
-14308
2288
-7952
2288
-12276
1022
-16320
-1527
-7148
7179
-10200
15633
-7112
-784
232
8696
-980
3315
-4080
-4363
-3012
247
-7140
-1013
-3032
-295
-5076
12050
-8152
-7926
-19432
10256
-9184
772
-9152
2830
-15340
-8153
-8156
2036
236
-6165
-10184
-6143
-7940
8694
-12232
-3047
-22212
4617
-11240
-1322
-12248
-16876
-12268
1782
-10208
235
-5064
492
-12252
-4861
-4092
748
-14308
-776
20
-7662
-9188
-30
-15328
-4574
-3024
-757
-8164
2016
-7136
-2855
1052
3353
-5116
-2520
-21496
5875
-16332
-2524
0
-4591
-14276
1041
-20432
5106
-5080
1304
-10188
2604
-3016
9488
-3036
1010
-6100
5378
-992
-1554
-14312
-1738
1048
-2554
-7152
11528
-5084
-5357
-3020
-5115
-5092
4874
-15320
546
-5088
-3062
-8140
8693
44
-2578
1032
-8933
-11224
-20
-10216
-770
-13308
791
-10196
-2812
-13296
6415
-6140
-1044
28
-5611
-17396
-5376
-7096
-1522
-10212
2072
-9216
-9782
-1004
-3083
2300
2047
3096
-5880
-11196
9467
-5100
-5355
-7124
11280
1088
4332
-15360
-1322
-12224
5103
-7948
-3856
-2040
-11799
-7096
2255
1060
-6903
-3028
10228
-5112
-4129
-18428
1796
-7148
2021
-10212
-6155
-8132
1778
48
-5654
-4028
-1526
-3044
-8469
-3028
3073
-964
14609
-11236
5397
-5916
-3611
7200
-4593
-7140
788
-3896
7964
-8140
-4589
-10192
-4345
-11204
4597
-11240
-3581
-19436
-2826
-5068
-1009
1076
-1840
-5092
4874
-6072
-1023
-13304
-2560
-6112
3860
-14084
-4081
-17160
12557
-13304
4049
-10180
-801
-4044
2312
-3048
-754
-11252
1774
-11228
-8957
-5112
-1802
-8160
11274
-10192
-6141
-4048
3351
-7144
-7150
-10204
-769
-4084
3593
-9188
3051
-17396
7428
-3052
-1296
-13300
-3611
-3040
6126
-11252
5130
-3012
-561
-8164
2568
-3000
7155
-16384
-2027
-13252
-7169
-11232
3057
-13256
-2557
-3048
-2065
-10212
-1027
-5104
3876
-12248
9473
-1996
244
-7168
-512
-5896
8189
-14284
-2832
-15324
-1531
-5092
-8994
-6100
-4921
-8128
247
-9156
-1009
-11236
-4105
-6116
1529
1088
773
-11252
-11244
-24260
2026
-10232
-1319
-8184
-800
-3020
-8987
-13308
-517
-13236
9732
-10180
-4117
-1000
-3856
-10000
-4856
-1972
778
-7140
4340
32
-5656
-3064
245
-17376
-742
-10208
3580
-12244
-705
-772
2821
-4044
-6151
-1000
1505
-4056
-10240
-9152
-2540
-11244
-769
2056
2003
4
-1491
-13225
764
-5088
-2803
9220
-2820
-8964
-1794
-3028
-4835
-15304
5121
-15320
-7946
-7112
7972
-10200
3336
-10212
3048
3072
4847
-7164
-1014
-16344
-5328
-21472
-7949
2104
8216
-11232
1270
-7164
2797
-15112
-1280
-2012
-5870
-7140
8426
-13264
6895
-5116
-4585
-8140
-11263
-10180
4080
24
13329
-12036
3557
-10204
-3865
-5108
-1007
-10212
-794
-12224
1044
-10188
-1769
-8168
-2286
-2992
4342
-5036
1301
2296
-1029
-17356
-3580
-11232
3348
32
-4087
-11024
-20
-5104
-10469
-9172
2827
-8168
-5381
-20428
1029
-12252
-254
-980
4362
-7156
5892
-15344
5
-2012
-6908
-12276
3075
-6072
3852
36
-4590
-4068
4605
-4092
7440
24
4386
-2000
1509
1028
2289
-9212
2325
-7120
2551
-9180
7695
-10228
765
-11232
4080
-15352
1079
-6064
758
-6100
-8965
-9192
-6635
-13268
-4644
2088
3846
-10236
3053
-17356
-8676
-3004
-5627
-6104
14107
-1984
-3070
-5064
2548
5140
-4583
-7164
746
-3016
-1305
-9204
4627
-2020
-2809
-12248
-5121
-18400
2797
-17388
-8947
5152
7144
-996
-4081
-22256
2599
-13284
-3309
-15292
-2809
-11240
-3341
-15332
-1539
-11252
-15892
-11196
-231
-11192
41
-4044
-1043
-8156
-2535
-15336
1503
-18404
-6385
-12268
1801
-11256
-4622
7232
5160
3080
-3573
-12248
246
-3004
-6672
-20228
3046
-16348
-6909
-10232
3580
-13268
-1052
-13276
3078
-3012
2297
20
2866
-5104
1527
-17156
-3835
-13272
-5380
-4868
5139
-12256
6637
-11252
-4294
-6128
2796
-6124
7937
-11260
-5145
16
-4800
-21468
-773
-8164
9488
-8180
-6918
-11236
2022
-10196
5079
-4868
2040
-22224
-762
-12240
6672
-20460
13837
-13280
254
-1828
-6619
-2008
4355
-7164
-1262
-11200
2074
-7160
9227
-7112
-4565
-15336
-1815
-8164
-1521
16
3821
1068
-749
-4060
1502
-3004
-7933
-22260
-6937
-14320
2019
-9172
1262
-16340
-7688
-9184
-7953
-4072
1500
-12276
247
-15344
3824
-10228
3076
4120
2809
-4064
2047
-8168
-2300
-5096
4819
-12276
1799
6156
-7973
-12068
-7657
-7156
-1781
-3032
-2275
-7092
-1254
-16340
8440
-10192
-6929
-3024
-5633
-17336
-12801
-11232
-4359
-7132
9
-14320
10215
-3012
-3311
-2000
-7397
-4060
-3041
-17352
-1525
-2024
-5149
-11224
3368
-11208
8211
-13256
1516
1060
3360
4140
3564
-7128
-5130
-5048
822
8
-8730
-1000
-8660
-1000
-2054
-2000
-3613
-9160
-9188
-5100
3581
-972
-991
-10172
-2059
-2040
4875
-8176
-2826
-992
5885
-12232
6391
8260
1043
-3028
-5882
-2028
-3348
-2836
1043
-3032
2325
-10204
3593
-15320
-7657
-7112
-7944
-6088
-547
-11204
-8456
-4009
1552
24
2314
-13280
5349
-16324
-6425
-10188
5144
-1020
4382
52
7673
-10196
7702
-22200
-6398
-9148
5905
-13260
-6440
-10220
-2593
-5084
-9475
-9184
-2564
-5076
10723
-5104
1779
-7120
-780
-6120
-10770
-9188
-4592
-7100
-6673
-6128
5637
-9196
-11265
-20228
-6909
-4052
8727
-13284
1535
-5096
-13333
-14316
-2021
-13268
3577
-9212
231
-13276
2540
-13276
767
-1000
-5084
-7136
-5618
-5076
-2549
-11188
7713
-4872
-7156
-972
5347
36
-8711
-12256
-6691
1048
-3332
-10232
-14347
-1004
-1027
-1796
10004
1072
-7169
-11200
-781
-6124
4126
-10196
2044
-6100
1583
-12268
-5377
-2012
4352
-12268
-4373
-8108
761
-7168
3321
-7128
6158
-7152
-4898
-10196
-1537
-13260
497
-13256
-7649
-12256
5132
-13292
11517
-5096
-2810
1048
515
-6124
-1029
-12244
10230
-12036
4610
3120
-4851
-6112
-4628
2116
2839
-15340
2547
-23252
-783
-12272
9
2092
6394
2100
-7130
-4048
2305
-16344
-1717
-1004
4572
2068
4369
-11220
-10975
-14300
3618
-6924
5629
1084
-2063
-3024
-981
-6132
6390
2080
7702
5176
11234
-14296
1276
-6104
9224
-10220
4564
-6092
-1527
-7132
-274
-4056
-2311
-11236
-8199
1044
4858
-11232
7663
-10184
-6088
-4072
6691
-10224
6168
-9188
5123
-14092
-4369
-10224
-2045
-17156
12286
-19452
-2096
-11184
-12011
-6936
5159
-1004
2564
3080
-6404
-6136
-4108
-11212
281
-2016
-3293
-4036
1274
-5104
10244
-5904
-2567
-8160
-8422
-13300
-1523
-15112
480
-3060
42
-3004
509
-8188
7661
-13232
792
-12252
3318
236
1750
-4040
-10792
-13268
293
-11240
-7438
3088
-6915
-2004
5140
-3852
-1546
-13236
-10736
-9992
2039
-15312
-7686
-10204
-242
-8164
8436
-10240
6906
-9212
-9734
-13252
-7685
-7112
-1817
-18380
-1004
-2040
-1486
-2996
-5101
-3064
6663
-5088
3305
-13284
-281
-16352
-7658
-8172
-3086
-20428
-1785
-968
2
-15320
-6700
60
-1041
-13272
9457
-6928
-1518
-9152
1012
-4048
-1031
-1804
-3572
-1016
-4087
-13268
3041
-10224
-6894
3080
-7683
-5108
-5635
-4880
1503
-20244
-2036
-8176
4859
-6920
4347
-4080
4118
-8168
9435
-10196
8955
-7092
7428
-7164
1297
-24252
-1007
-14308
-540
-4092
10251
-7132
-229
-2040
-3072
-7077
1550
-3004
2575
-8160
-5347
-12228
-4
-11264
-1488
-6096
5617
-11216
5885
-8168
-1516
20
-8702
-7160
11006
-8176
2332
-8164
9989
-19440
-5642
-13272
-8988
9256
2054
-3993
-13239
-3020
-2302
-13264
-785
-5120
9478
-5104
6921
-9196
6406
-10228
-13798
-15348
-280
24
6928
-16356
2540
-7160
-7158
-8152
3096
2116
-1047
-988
-2551
-2820
-13586
-9200
4368
-5100
-997
-4068
-1833
-7132
-8681
3096
-17110
-9148
1535
-13236
-2586
-6916
7482
-8144
6922
-17384
256
-9180
1039
-11244
-4591
-15340
-497
-9188
-2833
-12268
-247
-5080
-242
-12044
8450
-14276
-995
-14336
-5391
-9160
1008
4096
3569
-9188
-2340
-3044
4861
-7160
9230
-8132
3083
-10168
-8706
-16360
3872
-4044
10784
-6140
6142
-7096
-2848
-10137
2328
1052
495
-8964
2813
-976
-1053
-11192
5371
-3024
1527
1092
-4900
