-6092
3619
-9996
-800
-17356
-3873
-20248
1529
-5100
5125
-988
-2064
-8148
6397
-24272
-3565
-7148
-260
-5064
6873
-24276
-6174
-6076
2806
-15328
3573
-5052
-2299
-15136
486
-6112
-7920
1080
-6399
-11204
-516
-4064
-4389
-17344
-4652
-11020
-2311
-9188
3098
-4052
6905
-1000
-2308
-18384
1544
-11240
-5101
-13272
7403
-7136
521
-20436
-4885
-17380
-2065
-12284
-552
-7944
7217
-6128
-4113
-2992
6401
2284
-771
44
2592
-5068
6143
-5104
3567
-5100
-2826
-15312
6432
-996
1289
-8172
-2808
-8101
12532
-2016
-4331
1064
12287
-14316
785
-7144
2530
-9196
272
-17360
7945
-14268
1822
-13312
-1290
-13076
-5903
-11264
-3833
-9184
3840
-984
-4097
-14312
-4363
-4060
-2271
-11192
765
-12248
1301
-14324
-7169
-15344
7681
-9992
7953
-9196
-1309
3084
1781
24
209
-7124
-6172
-8180
3340
-5904
971
-9196
-5116
-6120
-1016
-13068
2049
4108
-3314
-7140
-1814
-16336
-6648
-3856
6922
-7168
-771
-6132
-3074
-3016
-4335
-7124
-5681
-4052
-7393
-2012
5610
-4028
-6648
-8128
-778
-3040
-2566
-5092
-1535
-9172
10205
-6144
-2060
1028
4084
-16380
-5337
-8176
3345
56
-2045
-7152
9470
-5108
-3112
-4096
1322
-3020
3551
-8132
14080
-16364
746
-17392
-10473
-2016
11520
-4068
-10502
-18384
18703
72
-4597
-6116
-4127
-3048
-10490
-5108
12027
-12280
4356
-10216
255
-11244
-1538
-10200
11256
-3064
7667
10256
5182
-15344
-3585
-988
3092
-6132
-4591
-7148
-5094
-10240
265
-10192
-12258
-7120
-20840
-996
2792
-14312
-2047
3108
-5355
-6104
6900
-5116
4644
-15328
-2550
-1012
-2294
-1004
2819
-9212
9175
-2032
-13310
-8140
10490
-12240
-2828
-12244
7171
-5064
-2615
-11236
-13055
-5084
-811
-4092
3355
-1800
-3580
-10192
6904
-8972
3593
-11252
-31
-1008
3054
-2000
-7451
-11228
3590
-10180
5093
-5900
-7161
-11248
-10235
-4880
-8725
-12280
4607
-14316
3092
-3044
-4880
-18400
-555
-3056
-10262
2128
-4352
-2040
-3339
-17344
3840
-13312
-2549
-18392
5071
-1004
7942
-1972
-2801
-10208
9728
1076
-2810
-12260
3615
-12228
-2579
-3848
-5904
-7152
-9994
-12252
-4103
-13300
2529
40
-4324
-1016
-8219
-11244
-4870
-1020
-10001
-6136
-1800
-11200
-6888
-10220
7141
-12288
-14619
-2988
1281
-22240
-256
-18404
3375
-10200
6920
-7156
-789
-19420
-14816
-12040
7642
-2024
-4849
-19436
-6906
-8160
-1279
1084
6654
-11012
250
-6112
2796
36
2312
-6100
-10754
-14292
-3878
2288
6442
-8164
-21
-11244
7168
-14324
5389
-7136
3068
-14288
-7682
5148
528
-12260
2544
-8124
4858
-12240
-1793
-8184
-757
-9216
-8458
-8180
7919
-8124
-7660
-13264
1825
-3032
3363
-12272
-4120
-2036
-6419
-8144
-2013
-15328
4846
-8172
20
-7124
756
-4044
-12275
-776
4844
-8168
3834
2072
-12769
-8184
1041
-8152
7901
40
-4854
-3852
-3580
-5892
1019
3088
-8468
-11184
4099
-18404
6652
-3040
-3052
-3880
8718
-3068
-4840
-6108
4577
-13248
-2073
-11256
-1273
-2044
3343
-3036
6659
-16356
-5399
-5104
-2531
-10220
-4627
-9208
-13815
-10184
-4865
-19448
473
-3020
-3866
-11232
-3326
-5080
-2831
-3012
-6158
-3064
-6672
-9188
237
-5084
1051
-4068
-1519
-6100
782
-2044
-3569
-7948
-1056
-10192
-10491
-7956
1767
4124
-1536
-6136
2792
-5064
-6138
9460
-2291
-5088
9437
-11016
5112
-6132
-10741
2068
13565
-10012
-4327
-16344
1306
3100
-3329
-7140
1021
-968
3862
-7152
-490
-13268
5909
-8184
-4383
-14320
5169
-11208
7459
-5116
-5383
-9172
-533
-7096
-1309
-6116
-3587
16
-2079
1060
-9435
3104
9720
-10176
-1238
-15356
509
-4088
1770
3096
-11800
-14296
-2557
-8172
7667
-6100
-1269
-3040
4851
-6100
-2809
-4068
3085
2088
6625
-12272
4868
-12272
248
-12228
-9426
-11220
2021
-1016
-7142
-3048
-8715
-10212
7674
-10212
-1802
-9216
3333
-11260
2531
-2016
-3840
-3060
5888
-9176
-2010
-4064
13800
-3060
1553
-7108
-7667
-6084
-8965
-10008
762
-12236
-4104
-7140
-3569
-7140
3833
-11240
3295
-17376
-4341
-992
-3591
-4024
4105
2052
7658
-10224
-3044
-16352
2833
-1024
2062
-13292
-769
-4080
3085
1060
8196
4152
1811
-10216
-3607
-8148
4607
-996
-1021
1048
3067
-776
273
-7136
-229
-4072
7199
-15356
25
-18400
-1032
-12260
4073
-1008
5632
-10224
-12010
-12252
-232
5132
-4346
-14280
7179
-18412
-6401
-3032
2044
-4080
-3024
-7124
8206
-3064
-2853
-10216
-2047
-4084
-5919
-3020
-506
-3852
1573
-10220
-245
-20232
-527
-6096
3595
-10000
-8433
-11216
-9179
-3044
2297
-11232
-2808
-13312
11
-8160
10259
-12244
-5079
-16348
-2568
-3060
8716
-12216
-740
-16289
-5115
-11208
-6918
-2000
3078
-4048
746
-7108
2055
52
-777
-9192
2852
-7136
-4840
-6116
2305
-4044
-3078
-984
-5640
-6092
4109
-6920
2286
-5048
-7189
-5100
8467
-2008
-1541
-6088
-5346
-20448
5146
-17388
5661
248
2796
36
-4614
-2028
-7665
-7132
1509
-12232
4609
-14284
1029
-8120
768
-7100
3055
-7112
-2024
1080
574
-3060
-11802
-1816
-10510
-6924
5366
-7104
-3344
12320
-2306
252
-3053
-6144
2556
-12288
2007
2068
8700
-9172
-2558
-4080
1322
-5100
4341
-2008
-7720
-14316
5132
1084
-2084
-13264
3325
-13076
-1265
-2048
1542
-9196
-4632
-19388
-5369
6392
2581
-14264
-4338
10248
6682
-12284
-4108
-8152
5117
-3036
8963
-4040
-1015
-13292
-3576
-13264
9980
-7124
-5376
1060
-3064
-12260
1258
-7124
11772
-17360
-1766
-4076
-1300
-5104
-527
-5088
2862
-3036
2563
-10240
10508
-3028
771
-9140
-1526
-5048
12049
-8180
6649
-9188
-8719
3108
-2301
-4064
-2301
-8168
4580
-6128
5417
-5108
10242
-9156
4633
-3048
7677
-10192
8430
-6144
-9462
-13276
14323
-5116
9194
-1796
-2568
-1804
-4829
-18352
-1288
-12284
-4377
2096
-1038
-13276
-3085
-15324
8209
-5068
4617
-9164
8682
-5088
-3313
-7148
-546
-6120
5371
-6108
-11038
-11220
10741
-6112
1567
-10012
-530
52
1011
-11032
-7961
-7104
3319
-16344
2598
-5896
1764
-14336
-6668
-10228
7964
-13268
-7435
-6128
5138
-5080
8477
-16372
-1775
-8160
1041
-5072
-2287
-3032
-10254
-8144
-13578
-3060
4061
-6916
-1036
-11232
-4047
-16356
731
-17396
-1298
52
1807
-9164
-12581
-1004
-10516
-10204
8723
-4084
-2066
4144
2547
-16376
9974
-10204
-3104
-6124
4607
-6104
8498
4136
-3310
-9216
-6145
2072
1281
-2032
-5862
-4064
-1548
-804
7914
-8172
5074
-11256
-15817
3324
-4325
-1020
-5353
-12240
4610
4348
-5870
-8164
-5384
-13272
516
-19204
3594
-8188
-4860
-5116
3570
-6124
3071
-2044
7925
-14320
-10736
-14336
9479
-10204
-2250
-4088
4345
-5892
2543
-8164
4852
-16132
3086
-7128
4875
-3028
-1543
-5052
1033
2072
1815
60
-1006
-8172
13302
-8160
-774
-8168
-4359
-10208
10
-17408
2338
-6920
4359
-7160
5098
-10196
-12278
-9184
10460
4172
510
-4096
4378
-9988
-9232
-8156
2806
-14300
-2311
-15340
-2038
1252
3868
-6132
-501
-8176
-2807
-5116
-2026
-3036
2566
2096
-13034
-9168
1546
-12260
-1291
-8184
5615
-11256
-3565
-8168
-5643
-13312
5614
-9200
-15
-6092
-2305
-18408
4885
-4092
-3585
-4080
-2302
-12252
1028
2088
11224
-3036
-2003
-8176
-1006
-10216
6162
-10196
-1269
-5088
-1293
-5076
-2567
-13292
-3307
-4072
7151
-5100
5631
-5076
-11547
40
-16122
48
4804
1080
-7156
-1024
10497
-8964
2544
-7100
-9460
-12288
2049
252
-10746
-14292
7909
-3036
33
-3044
7682
-17356
-1008
-1980
4318
-11232
-285
-3052
1291
-10216
-473
-15340
12800
3092
4606
-7128
-5916
-14300
2803
-992
2557
-9196
-1522
-6092
10713
-13268
1279
36
-3837
-11256
4338
-18396
2275
-2008
3848
-9176
-2057
20
-5126
-14276
-3048
-2016
9966
-4080
-4838
3324
5130
-9204
1277
-8176
7657
36
-2342
-11216
-492
-776
1549
-15324
-4138
-16360
-9189
-11228
-254
-5088
11746
-8148
-3045
-13292
1011
-12276
3060
-7140
-4616
-1024
-4873
5144
-7972
-1024
6104
-4028
-3582
-11232
-13
-3068
9733
-8168
-5886
-11188
-4106
48
-2023
-6116
-2543
-6136
-3594
-1004
1525
-7944
8140
-12236
1540
5152
-5365
-11188
-3836
-3844
3572
-16352
243
-17392
-2310
-8120
-262
-8176
1052
-8148
11514
-13292
7399
-5064
12021
-7160
-3323
-5072
3080
-6076
-11498
-7092
7887
-17356
2270
-3852
-8
-16356
-3559
-5084
-1539
-780
6380
-7148
-1298
-4032
-5898
-8164
-238
-3068
4580
-15356
-1025
-2040
8206
-12252
-748
-6088
5647
-1976
788
-8984
3844
-6124
503
-1976
4632
-23060
2297
-5116
-2540
7420
-5131
-9192
-38
-11232
-10728
-4080
1027
-9200
7219
-12272
-1777
8240
-2013
-5072
5119
-1016
4090
-6928
-2826
-9204
2047
-1008
2287
-9216
-6656
-3012
6164
-14312
-1059
-17348
8734
1272
10270
2104
-503
1060
1007
-4076
8461
-18392
-5402
48
-6139
28
263
-10228
-4868
-5072
-4357
-6136
-3316
-9176
1016
-9188
-551
-6088
-6642
-4076
-5113
-8132
-7952
-11216
-6148
12
8431
-13300
-746
-8172
3078
-9204
-3073
-10212
4100
-9196
3819
-12264
3567
-3032
-10496
-4060
-744
-5060
6385
-8172
439
-16356
-1540
-6108
-2817
-11240
525
-8148
-1551
-5088
3849
-16336
13326
-2848
-2001
-5900
-753
-3048
-6923
-14308
4566
-7124
-3821
-14292
4107
-4076
5654
-1016
-5370
-7136
1293
-10240
7150
-14304
4087
21520
-2322
-11240
5867
-7124
-256
-5072
3114
-15332
-4386
-10228
-253
-4028
7708
1072
8732
-7156
12306
-3036
-3535
-17364
3814
-3028
-3872
36
-992
-6108
-273
-4068
-2302
-4084
9721
-12260
-1020
-10000
-9965
-5116
13071
16
-2558
-6136
2011
-8172
7183
0
7160
-5104
5912
-5112
-6110
-8164
4071
-976
11298
8232
6140
-3036
11801
-6084
-3305
-8192
-1277
-8160
-4620
-3064
-1022
-6140
-9174
-2016
9217
-964
-271
-15273
2840
-13292
5911
-5084
-1003
-10196
6141
-10192
4854
-8160
-4345
-2044
10509
-1004
-9231
5132
-2538
-4028
-2307
-7136
6900
-4084
-1306
-14280
-4350
228
-8501
-10196
-768
-11212
1789
-2044
-8204
5132
1088
-5112
5885
-1008
-1029
-7140
-4367
-11212
2071
-17404
8176
-11252
4082
-4068
-6672
40
-4607
-15360
3337
-5076
-3319
-7148
4879
-7124
-1809
-6092
-2045
16
1532
-14280
-3830
-4088
1779
-15112
-6380
-11236
5349
-1800
-534
-21260
-12038
-4044
258
-7136
-3865
-8180
-2570
-13292
-1032
-11264
-12833
-7140
524
-8984
3
-13280
5391
-11208
2554
-7124
2808
-18400
-1547
-15336
-1857
-15336
3859
-5076
-2827
-12272
-4612
-2024
-1781
-11256
-1514
-9168
-543
-3844
-763
-4076
2018
-14300
4860
-6084
-1538
-1929
-40
-5088
-4337
-7128
5887
-12248
-2867
-7136
5909
-11224
260
-9200
-1292
-17368
-6172
-9176
257
-12264
2032
-5056
-1555
-3852
-3349
-1976
1526
-15348
2305
-8152
-3880
-21456
522
-7132
-6667
-15300
11528
-6136
-4071
2064
4078
-12268
5377
-10200
-2083
-11228
2065
-16356
-4116
-4064
-3069
-7104
-8176
-6124
-4843
2084
2554
-10184
-16352
-4072
3812
-8172
481
-4092
-3610
-8152
-7182
-8176
9945
-2012
-2796
252
-1294
1048
-7170
-16312
8240
-7124
5884
1036
1039
-6080
-1294
-12268
8445
-11252
-1286
-13084
2063
-8172
2287
-8192
7144
-16336
-2271
-1996
4354
-12224
7156
3100
3587
-6100
4354
-7132
1047
-10216
3101
-3048
5352
-3024
1539
-19408
-1802
-14296
-4349
-3044
3582
24
-4612
-12272
8147
-9200
-2023
-15312
-1805
-2020
25
-10208
-2809
-13288
-5111
-13264
748
-17360
1812
-11016
767
-7160
246
4
8994
-1004
7416
-8180
-5118
-7940
-4616
-7132
5126
-13292
-2286
-4060
6629
-7140
266
-9204
4085
-11240
-3360
-2040
-5411
-4092
-15097
-9196
8977
-19400
6663
-10208
-8471
-12268
-1271
-9188
7443
-1008
9712
-7120
-5887
-18424
-3589
-9172
-2326
-10176
2817
-9992
492
-10200
7401
-2988
1325
-15320
6363
-2012
7885
-4052
-3294
-18400
-4882
-8144
2284
-14300
6618
-20440
3598
-7160
-4850
-3848
14593
-12256
4058
-9176
-2060
-5084
5360
-5048
-3070
-12224
3573
-1000
-1241
-14312
-3601
-9208
4347
-5096
-7939
-10212
-7443
-13308
10
-16368
3065
-12260
-8184
2076
6621
1064
6686
-2000
240
-5096
2544
-8164
3589
-9152
1021
-6112
8946
-14280
-808
-6108
2581
-4036
9202
-21468
5124
-10216
1529
-8152
-1544
-19436
3864
-7160
-2323
-15300
8471
-11212
-777
-6088
8204
-9188
7656
2296
-6953
-17384
-2023
-10224
5664
-18416
2562
-7944
260
-17376
4599
-12284
12
-7968
-5133
-12268
13250
-14292
1036
-12232
5379
-3024
5597
-7140
4333
-19452
-5870
1072
-6668
-8184
2823
-988
2598
-8140
-1541
2068
-4610
-5096
14345
-6084
2331
-7124
8179
-2000
-9725
-15324
2822
-16352
-9502
-17348
5140
-5072
795
-10224
2334
1088
-5621
-8172
7429
-10208
491
-10240
-261
-10200
-746
-6080
1310
-2844
-756
2052
4097
-8160
-15
-10184
-4865
-5100
-1529
28
2292
-10200
7950
-8168
10475
36
-1529
-4080
1564
-13276
231
-7116
-8447
-10216
3848
-7160
-6635
-4036
9958
-14328
1265
-4052
3068
-17380
-1260
-14312
288
-15336
28
3072
8435
-7140
-1812
-8144
-5371
-8160
2592
-7160
4118
-6920
3554
-12268
3599
-9168
1295
1080
-16638
32
6879
-6076
2584
-3044
-29
-9168
5621
-10232
-3566
-3064
6906
5124
-746
-8164
3059
-6084
526
-8108
-3345
-15108
-3837
-3036
3023
9252
-1557
-7120
-10991
-9144
-9727
-11236
5383
-6132
-4603
-7140
-4348
-13284
7949
-7144
-2864
-9148
7180
-6140
1572
-5076
4069
-18364
7222
-4096
-2550
-9188
3598
-10184
532
-5100
2259
-11016
-2358
-3852
4364
-3016
-7681
-5100
-7430
-5924
3605
-11208
-4355
-20428
13055
-3028
1240
-4064
-9485
-17364
3837
-15336
5914
-18380
2006
3088
-2029
-5088
6418
-11236
-3062
-4880
2073
-12248
3293
-14084
-4580
-6108
10
-12256
11540
-11224
-5637
-13256
-6122
44
-4307
-12264
2320
-17348
-4326
-9184
5342
-9160
5883
-16344
-6651
-10224
1282
-15292
-2298
-6112
-5630
-2012
-1228
-7152
-4833
-10184
4087
-13256
-1786
1044
-4874
-2820
-1312
-6088
5887
-16352
-6151
-8144
-9211
-11236
8176
-6096
-4861
2088
-503
-7940
3095
-2008
7695
-7144
-2561
3112
2545
8
-1
-1800
-2811
-984
3350
-10212
-4597
-18396
1237
-13264
-4820
-16352
-29
-11208
4369
-12252
-6156
-13304
12282
7208
2039
-12280
247
2100
3548
-11260
-2851
3108
6643
-8192
-5121
-6108
-9191
-7120
-19991
-2020
-22
-9208
6661
-11252
-3896
2096
-7985
-7132
4070
-5092
-505
-10216
-5675
-2840
-1547
-10204
1777
-6132
9242
3108
1544
-9192
-1056
-4064
1537
-8156
8181
-7140
2578
-13244
-6917
-6132
-6945
-4060
-1323
-9188
-13556
1068
13318
-19396
1801
-12264
788
-15336
4337
-7156
1331
-16340
-3866
-11208
-1506
-2048
15891
-15328
2810
-9196
2051
2068
4332
-4052
-6170
-10232
5125
-12220
9474
-776
5376
-11224
-4093
-9188
1263
-7152
509
-10196
-4366
-5120
2053
-988
3837
3088
-3572
-8136
3872
-3064
-9163
24
1277
-8164
-256
-8164
-2566
-9200
-6650
1048
-11258
-11224
-788
-992
-4851
-6920
-779
-9152
3613
-4088
-9744
-10192
1519
-9184
4375
-992
-5393
-2832
3578
-6124
265
8
2285
-10196
7175
-14304
5363
-14316
-1509
-5052
2066
-15328
-8983
-14336
-265
-1000
9205
-12228
-8170
-7096
3577
2076
-735
1032
6656
-11228
5643
4136
1538
-3048
1524
-9172
-3082
-4060
-2561
-980
4865
-13292
-2280
-12256
-3581
-14260
-5892
-8132
-6637
9448
-11006
-6120
6359
-15328
-793
-19204
-1764
-6108
-5380
-6124
-754
8
-37
-12264
4621
-10180
510
-9180
-2047
-10184
1776
-4868
-2071
-8176
7436
4316
-484
-14280
-1795
-9216
-1804
-7940
10211
-4084
5654
-6128
-7153
-4084
-6871
-7164
-2815
-12252
1758
-4084
5379
-13276
-2783
-1004
4093
-9200
5091
-9184
6139
-11264
-4648
-12240
2862
-16380
-5640
-10204
237
-7964
9989
4348
1279
-996
1778
-4080
-1523
-10200
252
-9180
-8428
-4084
-1049
-12252
-483
-3028
1283
-796
287
-14336
-6178
20
-3098
-2036
-3569
-4076
-769
-5112
-5885
8
3543
-5116
-11719
-976
-5157
8
-3582
-5048
-9184
-1012
5668
-5120
-5399
-12272
7177
-17352
-520
-6120
-6419
-11264
-2814
-10232
8
-4068
-4091
-6116
250
-976
-5652
-9192
6401
-10228
-3326
-10212
249
-10220
3291
-12256
-13
-3056
1820
-4068
8418
-14296
-3097
-8164
-4339
-6920
-3898
-18364
1793
-14272
-3840
-6132
-5349
-6136
4092
5152
-4366
-8172
2803
-7148
-4812
-3848
-2037
-6136
1779
-4040
1518
-11236
744
-1004
1549
-10196
-4863
-8976
-2848
-14324
4064
-15344
-6638
252
2522
-5084
1538
-4048
5643
-16360
-3344
-5104
1799
-10196
-4110
-12040
2554
-9200
784
-3028
-4612
-12280
4591
28
-4588
-18396
-4348
-16320
993
-9136
2023
-3024
-1527
-7116
-1503
-13300
6868
-5088
-2559
-16324
2301
-14312
515
-7136
3586
-7164
-3108
-6116
271
-2832
5880
-13292
-1765
-14324
1287
-13264
3059
-22185
-4605
-15360
8972
2120
762
-7120
-5105
-5088
10252
5140
3131
-15308
6633
-10236
1054
-6932
5881
-11216
-6888
-13280
-1501
-17340
-1040
-2040
6648
-15316
-9737
-5116
-3341
-16332
3087
-8172
-14372
-3024
-6395
-7144
-4860
-15288
4066
-14296
1791
-3072
-6144
-4076
-2591
-13221
-1030
28
-11274
-13288
7688
-13064
1570
2060
11773
-13280
2830
-15296
12018
-8192
-2290
-7140
-777
-26348
517
-12252
-2047
-14308
-3829
-2008
5154
-6136
8170
3324
-255
-10220
-2809
-12256
4084
-2044
-248
-2028
-3853
-12252
8210
-5076
2068
-4096
4356
-4076
17
-6100
1781
-7940
4604
6220
-3059
-11224
-261
-7108
-3551
-11260
6381
-11244
-241
-10188
257
-6144
3835
-20416
1016
-17356
4884
-6112
-4112
-13264
-5646
-14316
4631
-12288
4316
-2004
2819
-5100
529
3092
-4288
2092
3093
-17376
6399
-3060
-6956
-11012
4850
-10188
-16435
-11248
-1586
-15108
-2542
-11224
3587
-4028
-775
-2012
-4629
1048
-259
-16336
-2068
-21460
4278
-5044
-5390
-6124
3576
-14296
-17222
-12232
-8219
-10204
1525
-4868
-1001
-2832
-1260
2056
7151
-7168
-5406
7168
267
-4072
1577
-2820
2805
-7168
-3064
-3056
-776
-10208
-5638
-9188
4351
-5044
2244
-5096
279
-7140
6918
2100
-5881
-13284
-10502
-1988
7451
-17380
4105
-7132
-3568
-4060
2269
2096
2045
-984
1252
-3044
-6659
3120
8148
-17376
8449
-10236
-5636
-17360
3036
2056
-4610
-1804
-7176
-3052
9472
1036
-7960
-10216
2558
-9164
-4312
-8180
-513
-15108
-1040
-4076
-1071
-8156
5117
-10232
2766
-4036
4357
-7140
5914
3320
10226
-4072
-7712
-8144
-15349
-12256
-6116
-10016
3602
-7160
4349
-7168
4370
-6076
-4624
-3044
1272
2100
7680
-9992
-2841
-9192
5111
-5076
2832
-6132
-7152
-2020
5363
-7160
1029
-6928
-9723
-3860
6922
-19448
1242
-6120
-3831
-980
-5856
-1808
8709
-6104
-1748
-7952
-5385
-13276
-5608
-7948
-8934
-7112
5127
-6116
5650
-9172
-7428
-5072
-2562
-14336
-7437
-984
-1806
-7148
4101
1080
-5
1064
-739
-7112
10759
-9204
3822
-10236
10481
-17368
-2597
-7112
-10223
4128
-5596
-17336
5134
-2020
261
-11252
1265
-9212
1810
-5060
7171
-4056
-2526
-8148
4338
-5072
3850
-16332
-723
-7152
274
1084
3839
-6120
-51
-2004
1841
-9212
-1288
-2004
6133
-14292
-754
-11200
5831
-6100
-537
-5084
4622
-15312
5155
-9200
-7177
-6088
529
-6124
2549
-9188
3348
-9204
-6684
-5096
3600
-11220
-4355
-6112
-2833
-3024
7655
-8168
2591
-11236
8207
-4044
-4339
-7160
-2844
-13068
2289
-16344
-7195
-2044
2803
-10228
-13053
-3040
2058
48
2809
-9164
-9483
-4060
-5613
-10176
782
-1992
-11298
-11016
-538
-13276
7684
-988
-4841
-5060
-6411
-12248
982
-7164
6434
-12252
-8723
1276
-4631
-14328
11785
28
-5625
1060
-2041
-15300
-9718
-11244
1500
-13264
771
-19452
4102
-8172
-4342
-5088
771
-9188
1782
-11232
-12791
-20480
-4332
-7152
-7175
-9168
-6908
-5068
3081
-8152
3344
-6112
4387
-6136
1779
-6104
4122
-11016
4870
-7124
-1022
-13296
2052
-13280
9222
-7952
-5893
-8192
3589
-3008
9485
-19428
10490
-6100
-6678
-4084
9956
-3060
-274
-15308
-2290
-1004
-2505
-2028
5389
3108
-2048
52
-5633
-7144
-772
9284
-2582
-13248
2579
-996
3569
-3024
-2025
-12272
2801
-8172
-1261
-7116
-1804
-24068
-8171
-1008
2051
-13264
-2259
-4084
-1802
-12232
3588
-6104
-4848
4160
-5371
-12236
2557
-8116
-2033
36
-5348
-2020
3046
-14245
-1799
-4076
-3855
-3048
-523
-9196
-2804
-12236
3293
-15340
-3558
-7144
-12782
-9204
-1517
-6108
7961
-1796
2313
-10232
-4605
-10208
-998
-10220
-4110
-7116
4054
-8148
-7699
-14280
786
-1000
-8943
-14304
2808
-10188
-8394
-992
5145
52
11
-13260
6406
-7148
2609
-10200
-6901
-11016
-3833
-12228
6917
-16384
4827
-8152
-2563
-5108
-6900
-8180
250
-10224
215
-14328
-7911
-9176
-531
-2036
-8174
-5088
3072
-13264
2524
-2004
-5893
-9176
8719
-12236
-3077
-9180
12823
-6080
-1310
2068
3593
-2008
1064
-780
4131
-3020
-5662
4096
3883
-6088
-5880
-16324
-2846
-7128
-5875
-5052
4598
-5896
-2544
-13284
742
-13244
-6098
-15332
12242
5144
-6384
-13252
8919
2088
-4910
-12036
-5377
-9204
-4622
-8144
-9197
-18184
-8175
-11248
1295
-12040
-4376
-5108
3874
-10216
-3106
-8168
-5615
-8140
3332
-13084
-7452
-5080
2035
-6136
-3608
-10004
-5893
-4868
-3065
-7160
-5635
1080
1302
-1008
8695
-18376
5365
-3028
-1000
-11196
6389
-13276
2566
-13284
-6691
-4096
-2823
-11236
3855
-4052
1279
-14332
-217
-15324
-6380
20
2004
-11228
-1814
-4056
-2800
-3048
11775
-8136
3251
-5092
-9494
-7100
-7987
-7148
7151
-3072
2848
-10216
4892
-11236
-8436
-7160
-3563
-5088
11532
3100
4607
-18392
-1520
-2004
-10505
-6108
-3857
-10000
-3347
-3852
2620
-8180
517
-7116
-1042
-1016
1054
1084
-4096
-15320
1031
-9184
-6954
-4032
242
-5100
9021
-12272
6164
1072
-5137
-7140
10760
-3032
5094
-9196
3847
-10224
-6649
-14284
-1282
1264
2826
-5084
1032
-14292
-3832
-2992
7166
-6100
-3084
-5084
-7206
-7140
-1514
-2012
-8716
-9192
13818
-11212
-995
10280
-7136
-8124
5140
-9184
-7411
-11020
-6410
-12252
2563
-8140
-2056
-2020
3054
-18404
-10988
2104
-1835
-12240
1794
-8156
5381
1036
1767
-9188
2028
-9180
3283
-9204
-1535
-9216
-7186
-10208
-2829
-10196
-2812
-9200
5614
-15344
-7408
-14324
1522
-8972
-33
-6120
-1789
1048
-5608
-11224
-12043
-5060
6124
-11248
2065
-10204
3079
-6144
-8962
-8140
7672
-13068
6876
-7160
-12545
-9148
3110
4
514
-8152
8219
-8964
9970
-13272
2861
-11256
4869
-9196
13334
5156
-3826
-9200
-1550
-12236
-5129
-6916
-3082
-10236
4072
-10216
-5912
-7152
4119
-7156
6915
-4048
-7676
1068
-5388
-1020
-7972
-7132
1788
-1988
9470
-23296
10486
-4880
-3325
1064
1011
-8176
1769
-3044
-11273
-16340
-5881
-14292
-5903
-4036
5648
32
3306
-13272
16135
-7152
1287
-12224
-3294
-11244
-11795
-9208
4864
-7160
5645
2068
2802
-3020
-6692
-6920
-3261
-13276
-1563
-9168
-3859
-16336
-2534
-3028
-4335
-15356
1522
-2000
-6632
-3044
5634
28
2306
-12272
3851
-11228
-2101
-9200
-4596
-17380
-2321
-3040
1816
-5072
7160
-18400
-7
-6092
3575
-17388
-3826
-13296
-1532
-3044
2828
-5076
-5890
-17384
4095
-7120
-6669
-12252
-6422
-7140
2597
-6940
-1302
-7948
2783
-1012
3338
-15324
242
-7132
-13336
-5096
5404
-12236
743
-14296
2042
-8168
-4121
-10228
747
-18392
-3348
-11216
248
4136
1814
-10232
3602
-2032
1321
-6916
7682
-3068
8947
-7168
-5606
-1016
7414
-9152
1049
-11224
486
-5120
13556
-3044
-6390
-11236
10986
-2040
-3316
-3064
-1286
-9188
-2025
-10212
3103
-11228
4553
-6136
-2780
-12288
-480
-8160
-2566
-3016
-4327
-1008
255
-5084
-5879
-3040
-21073
-13228
3590
-6092
-1268
-7136
-6638
-6108
7923
-12284
250
-3856
2069
-10212
-5638
-1992
-775
-17356
7919
-2016
12
-3028
556
-16356
-5890
6156
3036
-11244
-1795
-1016
4855
-7956
-4329
-11256
8949
-10240
3581
-6100
6413
1024
5369
3120
-7180
1036
-3063
-8180
6945
-12252
7891
-2016
-11790
-17376
4061
2052
-2525
-10232
-1002
-11188
3078
-11228
6636
2100
6192
-8148
3830
-9184
-2577
3080
5110
-20436
-6643
1036
-7184
-6116
1283
-4052
-8202
-15336
1325
-10192
484
-9196
-3862
-5088
10005
-5080
4882
36
-2054
-8180
2811
-14332
-9495
-11236
1037
-2024
2027
-980
243
1072
2541
-6112
-5344
-4044
11260
-984
12218
-11236
5122
-11220
1533
-6124
3062
-3036
-4365
-11260
5372
-5084
-6693
-5072
-6925
-5096
7453
-4048
-3852
40
-5635
-6132
-1001
-3064
2819
-4084
-521
-6124
786
-8152
-3337
-9204
14312
48
4165
-1008
-3312
-12260
1230
-7148
7441
-21500
-529
-6128
5125
-13240
2523
-8180
2821
-9176
6
-7073
2078
-6092
-13564
-3004
3523
-18388
-6968
40
9732
-8164
-5871
-15332
7164
-20480
-5598
-20464
-3053
36
-279
-9212
2303
-6100
-9705
-14300
751
-5076
-2567
-1828
-3009
-2048
6869
-18400
-289
-5084
-3605
2056
-785
-4068
3580
-12048
34
-9168
-9142
-8176
-2044
-17384
2546
-2020
6141
-10176
6933
-11244
2051
-7136
-5387
-7132
-2591
-7168
-5898
-21500
4061
-8176
9748
-8184
1297
-8128
-6649
-4096
4094
-2824
-2827
-2028
-7425
-16372
1784
1060
-2503
4160
-804
-11036
7677
-4884
-1537
-9196
-27
4096
-10736
0
-2583
-8180
4814
-15324
5123
-6116
7668
-9192
2785
-5112
-1763
6392
2808
-9184
3308
-12272
-10771
32
-6154
-5092
-4088
5164
-10557
-16372
-6906
4140
-1804
-1008
-1275
-6108
12292
-1984
1530
1056
1786
4328
8189
-4072
6137
-12240
-2022
-4020
1766
-1800
-4366
-2828
5911
-940
-534
-12248
-4890
-10180
-8445
-8976
-1799
-6084
13
-11212
-8428
-3056
8194
-5080
6379
-956
-3811
-10224
-2552
-4088
2823
-13260
6455
-3028
3068
-12260
-2344
-7136
-2331
-16344
-3577
-10232
-765
-6916
774
-8172
9250
-5092
-12056
-10184
8422
-5104
7913
-18416
-5134
-7100
7222
-10200
1317
-6096
3838
-17376
6380
-1016
-1568
-9180
-8474
-2028
4095
-10200
1022
-11040
240
-10236
3275
-8160
235
-8184
-521
-1984
-1548
-13304
-496
-1800
10259
2064
-12025
-18420
-4618
-11224
7956
-13300
-258
-7120
-284
-2004
-4332
-5108
-2806
-9212
-2349
-6124
8441
-13284
-1798
-19384
7442
-3056
-13018
-12260
4611
1060
-3597
-9200
7932
-4060
1294
-10224
-2288
-14324
-2792
-17400
3329
-24304
-8221
-14316
5359
-5096
10471
-5064
-1009
-13296
3600
-9140
-3046
-7132
-5367
-8152
-3854
-8112
-549
-10208
18699
-9212
-13335
-10200
-3059
-13260
-3362
-10192
-1278
-15328
-5616
-6112
-1754
-7164
2580
-8136
5118
-10236
-4832
-14312
8711
-3012
-777
