2076
-3091
-11228
-1546
-8176
1802
-10168
-744
-8184
-2081
-9148
-5391
-10196
3092
-11204
6907
-3004
2306
3128
-5109
-15320
-1295
-8152
-3300
-5100
3843
-6108
-8931
-19420
-5640
-5092
2863
-12236
2079
-2004
-1529
-2996
8938
-9204
-3335
4
4083
-1004
7963
-12280
6666
7180
-11779
-12260
10235
-5108
-13823
-8184
2568
7192
-10738
-10168
-4869
-1988
3577
-10220
-4374
7240
3582
-19436
6382
-2012
749
-11216
-2797
-14272
4623
-11040
-5905
-3048
9779
-9176
-6670
-17328
-2842
-5044
-1519
-7120
5637
-11248
3293
-6128
-2548
20
-3342
-5064
2822
-16352
-6381
2076
-11820
-6132
-3588
-7140
4839
-12260
-7451
-5064
-1769
-15312
-3056
-5072
8477
40
5391
-12048
5119
-976
-10527
32
-7176
-2992
-7672
-5088
3893
40
-2296
-3028
1528
-13276
-794
-956
6406
2060
4158
-972
-6654
2100
5900
-6116
-1040
-8172
-11492
-5080
1294
-6124
3549
-2016
-2030
-1812
-1032
-8160
1512
-776
806
-11264
987
-4908
1782
-8172
5952
-13064
-2598
3084
3334
-13304
-263
-2040
-1053
-8184
5134
-7160
819
-16352
8727
-19384
-5120
-18388
2027
-3048
-2056
3088
9475
-4072
-4587
-5092
2324
-772
7194
-1008
2294
-5096
8726
-6120
-1303
1064
1051
-4892
3300
-9176
4876
-18376
3867
22524
3067
-7160
-6169
-4048
5343
-2016
7439
-2048
1531
-10192
-4633
-11012
-3327
-5072
10969
-4060
-8933
-18188
8691
4
-1308
-4076
-9188
-8148
6914
-1020
-5901
-11244
13816
-9988
-4850
-12224
17397
-6136
-3854
-9196
-3345
-3052
15121
-13260
-2030
-1996
3075
20
-2083
-15296
5357
-6132
3895
-7140
2297
-12280
-229
-7148
9480
13352
-4085
-18404
8424
-16344
-4871
-4052
262
-8168
1792
32
-6953
-6128
3062
-8112
-1816
-11228
257
-15312
3615
-3060
1522
-1808
3581
-996
7187
-7160
-247
-15344
-2799
10264
4094
-12208
-255
-3064
4351
-4088
-760
-2856
-4626
-13248
25
2292
-3351
-9208
-1285
-7152
4632
-5100
1254
-9200
5653
-13232
1539
-13292
8205
-11248
-11257
-15324
-2284
-11180
3878
-6128
-3114
-11012
6437
9272
-2325
-13264
3329
-10228
-8940
-3068
1787
-1000
4115
-5084
3343
-7164
758
-5112
2343
-15352
7178
-15124
780
-16352
6885
-8172
4631
-3036
5914
-8176
5357
-14300
-9494
-10240
4862
3088
6421
-9172
-6912
-2024
10733
-10232
9738
10484
-5930
-5120
9442
20
1785
-7140
-15128
-12044
-6884
-4088
2300
-980
-3560
-6112
6919
-6136
1812
-996
1053
-7120
-1523
-2824
6149
-2024
-3082
-7960
-7684
-11260
-525
40
-9241
-5100
6171
4348
-7201
-2004
3599
-14324
6925
-5080
-6349
-2032
4861
3128
-3558
-12236
1019
-16297
12546
-9184
-4373
-5112
6162
-9156
-5384
-1828
2276
-6104
1525
-13256
259
-992
-8432
-8172
-2850
-15312
-249
-13288
-5343
5140
-6148
-8140
1535
-8136
-10493
-11208
-15368
-11244
1558
-14296
-13335
252
-9224
-3036
-1018
-1000
6891
-17396
1562
-964
-3024
-2028
1788
-7144
-6683
232
3050
-7120
-2334
-10164
-3854
-11204
-4065
-14336
-15368
-6128
-771
-772
17905
-9216
-3064
-16368
1321
-8144
-5123
-3040
-2572
-4020
-5613
-2016
6409
-12149
8964
28
14355
-12288
-1743
-13276
-3331
-11256
8702
-11208
-7200
-1996
3069
5172
-4845
-10212
10491
-15112
-2842
-13213
1007
2064
-5383
-11252
3526
-13288
-7173
1268
2315
-7940
5395
-10164
1301
-12264
-1028
-2000
-1287
-1020
-5620
3080
-2808
-1976
-5672
-7136
7401
-3068
-289
-19404
3335
-15308
261
-14084
18
-7140
8719
-8124
-4363
-17372
-4865
2048
-4826
-10200
-8758
-13292
-6446
-7144
244
-7144
6653
-5104
5645
1060
-5647
-13304
1030
-11232
1822
-5084
-3632
-13264
-4909
-16328
-3070
-9188
-7709
-11224
261
-8180
-5896
-4064
6150
-960
4626
-8144
-2034
-2020
8730
-6088
-9987
-13296
-2314
-4076
-10506
-3044
2305
-10240
-1033
-8180
-3867
-14308
1050
60
-1533
2292
-5662
-5112
6107
-1800
3319
-12252
-755
-5092
-1524
-14304
-16154
-21417
10482
-980
-5666
40
1290
-9180
247
-6920
11028
-4068
4874
-7132
1798
-13272
-5599
-2016
-1558
-8168
2821
-10224
-1549
-11232
-3829
-19416
-4362
-8180
10466
-4056
-9755
-4072
-5604
-17400
-530
10268
-2848
-5084
2059
2080
802
-11248
2558
5152
16140
-4032
735
-13100
-4872
-8160
-3342
3092
-9214
-12232
-1794
5160
1796
-10160
5883
2048
-7949
-15348
-2274
-1008
3579
-13260
-2563
-12236
5626
-11228
-9238
-7128
9468
-21464
2499
-10212
-4366
-13308
-2113
-1800
7144
-15269
-499
-28392
1558
-18388
-7424
-5052
270
-6144
1037
-3008
-9471
-4096
-4103
5160
9987
-10200
-7909
-10188
5375
-6124
1275
-10196
-5390
-7148
-8201
-9164
6666
-6100
17986
-8976
-2544
-6120
1020
-14300
-2565
1068
-3271
-6112
-3090
-11216
-5376
-16340
-3306
-8156
3827
-13308
3041
-4072
-8224
5172
5162
-4044
11498
-11256
3334
-5084
-1275
68
-7435
-12248
-7437
-10224
-3333
-14308
-3315
-14292
13520
-7136
11534
-10216
-7172
-3064
2294
-6092
4090
-15320
-7172
28
18
-8184
307
-3068
2789
-9208
524
-11256
252
-984
-3315
-976
12743
-5048
-5882
-10192
746
-1996
7161
-13264
2029
-16352
-10225
-19208
-1278
-4048
10197
-14304
10252
-6060
3341
-2024
8181
-6112
-1296
-17372
5425
-2040
3303
16
12284
-11228
4636
-12260
10233
-9188
-7401
-972
-19
-12236
2291
-8156
5927
-9176
7927
-5072
-2532
-14288
1336
-13304
-3870
-6128
533
-10228
6867
-11228
-5098
-10228
6631
-20408
-15397
68
-6655
-18356
-7169
-13248
-274
-3040
4080
-9192
-13073
3092
5890
-2024
4607
-5080
10240
-8108
5107
5132
-3571
-12208
-236
-15312
25
-9184
8461
-12256
1522
-6916
-4129
-9212
-2321
-5116
1280
-8184
13293
-7124
-3876
-2824
-7090
-1996
4853
-13292
12020
-15284
-754
4156
-8482
-13248
6647
-7136
-510
-929
3813
-13268
3831
-5060
-1304
-15336
8471
-9176
-8475
-3844
-3794
-3052
-5643
-992
-496
-7116
2849
-4056
5848
28
4129
-12248
-13022
-12264
754
-19436
-288
-984
-4087
-6144
2025
3072
3845
-9208
-2819
2064
2094
-2008
-4316
-15348
9684
-12260
11814
7232
-6414
-14304
-796
-4036
-8680
-1961
5107
-1996
3597
-5025
1282
-11236
1568
-10208
16900
-22256
2294
-3028
10009
-10200
-1791
-8176
5896
-9200
5114
28
6908
-16144
-10979
-6132
-8443
2080
-3833
-7136
-2801
-10188
-3057
-6132
-501
-1000
11012
-3048
3088
-1008
-3552
-11244
-3570
-9200
-276
-9168
-1020
-1988
7928
-11016
-2568
-15316
3882
-12260
-4125
-12276
531
-11208
-2299
-3012
-282
-11224
1310
-15340
-2565
-10216
-3353
-11224
-2316
-9200
-269
-13268
-6905
-12256
-3058
10304
-4838
-13240
2849
-14336
458
-7124
-2000
-6132
1023
-14316
-3297
-2000
6372
-3052
2833
-10180
-766
-11228
2313
-8964
6387
-8172
4872
-5116
-7717
4324
-1303
-11224
1297
-12256
9204
10256
-6435
-13280
-8206
-23252
1000
-2012
-742
-6124
-11524
-2036
4089
-9172
8673
-6116
2594
3084
-2778
-7116
-10274
-9152
-481
-16348
785
-15308
1770
-16320
-5382
-7144
-803
-3016
1525
-9172
3597
-14280
1799
-10212
-4875
-10184
2809
-7136
-8714
-8160
-6938
2084
3345
-13252
-3589
-14084
-6915
-10224
-767
-1008
-3049
2080
9189
-13248
-2318
-4084
-1059
-9168
-7
-8136
1313
-16340
-10533
12
1567
-6124
-7424
-24264
8423
-2032
-509
-1980
-1826
-3028
-3064
-3060
-14617
-5096
-2281
-7156
-14
-18200
-1809
-6096
1540
-9180
6169
-4044
4357
3112
-7918
-5896
3864
-3068
-2599
-16380
-13016
-17376
8172
-13276
4318
-2016
-10976
-11248
4106
-8184
2826
-4096
-5891
-6132
-1537
-14336
-15885
-4072
5382
32
-11
-7136
-7129
252
-2551
-17396
-3566
-8184
-9247
-10236
1288
-6920
-3587
-9188
-5089
-5088
-5847
-1008
-2563
16
3839
-3020
-4590
-8156
7137
-12232
-5095
-7120
-2844
-7136
2058
-5096
1032
-11232
750
-13272
-3561
-21456
1492
-5088
-4351
-1796
-5671
-11224
-1781
-23248
-4325
-976
-5
-14268
5605
-10240
-10489
-9192
-5385
-16348
513
-12240
-1019
-7160
1768
-6080
-7939
-4076
5163
-4884
6653
-10240
-5907
-9164
-8951
-11244
-10742
8
-3586
-13288
7398
-8152
7170
-11184
-6395
-18392
-3080
-15308
3095
-6116
10475
-2016
-12028
-7108
-6662
-12268
4869
-4904
8471
-10216
-2547
-4096
221
-2012
-5352
-2020
-10739
-8120
10510
-12284
1020
-1804
-5353
-7156
-998
-12252
-4041
-11220
266
-13300
2244
-4076
-1305
-4060
-247
-17392
-2054
-14300
-4638
-15340
2062
-3052
1313
-5092
-8445
-4052
4358
-19440
-1549
-11256
-6142
-7100
2812
-12284
0
-8144
-1763
-8148
4303
-2020
-2584
-7128
-4335
-7120
-3333
-8148
-2335
-6120
3051
-1012
-1790
-4076
-1779
-6100
2558
-13280
5649
-12236
4078
-10188
-14088
-976
-2838
-12272
3593
-12256
-5096
-5096
-5919
-976
-6140
4160
5621
-8192
9208
-15304
-6125
-17396
229
2092
-9464
48
-1274
-16316
-9226
-14312
3057
-10208
-275
-3028
4076
-4072
12814
4148
-3
-11216
-4061
-18396
4363
20
-12800
-12264
-3300
-5092
-271
4176
-12008
-17376
266
1056
738
-5044
4348
-7148
-8676
-14328
-3838
-1008
6150
-12284
-11009
1068
2322
7184
-263
-7120
4875
-11236
5148
-4044
-3562
-3056
2579
-8164
1798
-5108
7694
-4068
-795
-7116
-2044
-27364
3574
-8172
-1038
28
-279
-11216
-519
-11208
13802
-4056
-7427
-17380
30
60
3807
3108
-3582
-12284
4068
-4064
-5890
-10200
6913
-15316
-6135
-7164
-4374
-4080
-3357
-6092
-1292
-8180
-4601
-12036
6653
-11016
2301
-10192
4110
3104
5899
-14296
1254
-6140
-9994
-8136
8909
-8156
6162
-6924
-4610
4116
-3100
-10184
5349
-12036
-2545
-14316
-1849
248
-526
-12056
5353
-13225
-4333
-7120
-2080
-8156
-997
-7152
-539
-6936
-1548
-10188
60
-2824
3105
-772
5372
-14084
-3848
-6096
-6693
-3020
1542
-17384
3615
-2004
4847
-7112
-14062
-10224
502
-14264
-4357
-3848
5123
2076
6679
-8136
4086
-13064
-6417
-11256
13540
4168
-5574
-12240
1047
-956
1266
-3048
761
-6128
8952
-5112
-1275
-7140
5926
-23276
5875
-9212
-7422
-9180
-7164
-11228
7186
-10228
2548
-17160
5103
-964
-17433
-5064
2036
-8140
-6929
4160
2802
-2048
4612
-16364
7427
-15320
4359
-9176
7686
-976
-3562
-9152
3609
-2012
5157
-15308
-1314
11272
-6671
-3060
-5639
-13264
3595
-4872
12772
-9176
-1297
-23248
-6671
-11012
-4596
-7116
5103
-10228
5889
1260
4128
-11204
-3851
-2016
4606
-3052
-4345
-15316
-2330
-3044
13034
-16320
-13569
-6108
-3330
-11216
6687
-7144
-5409
-10196
-2854
-1984
4
-13084
-1031
-972
6654
-972
8235
3072
-11089
-6120
5346
-8168
2068
-18396
-282
-11208
-4092
-14308
3317
-3012
6148
-16372
-7428
-14292
-1308
-6088
-1526
-2016
6405
-9196
6409
3112
-792
-7136
500
-16340
4871
-5112
3592
2120
-6882
-7124
1805
-23228
-1263
-6132
4854
-13264
-2566
-1988
-9696
-11248
520
-11232
7394
-12036
-4837
-14296
1299
-4036
-1008
-16332
-2591
-4060
-4084
-6112
6385
-5072
3574
9468
1022
-4048
-3578
-12232
-3040
-5112
-10764
-13292
986
2300
802
-25308
-2048
-3040
-11782
-4064
-2792
-3040
-3594
-1024
-18
-15348
-1535
-14324
-4080
-7120
-724
-7116
-7449
-8172
6114
-4872
-778
-6104
-10831
-3844
1795
-7144
-2307
-11260
2046
-3048
4876
-11232
7147
-14308
-3318
-4096
5129
-7132
7170
-15308
2549
-5116
4077
5128
4892
-18380
13329
20
-3324
-4072
-7678
2296
-775
-4872
1814
-12248
-3833
-11244
2565
-9216
266
-10172
2829
-988
1016
5368
-6658
-8140
7438
-11180
-1001
-9184
-2310
-3052
2024
-9216
5367
-10196
555
-8136
-4866
-15348
3593
-7148
-3089
-9164
-1496
-8980
-7467
-2028
-503
-3064
8725
-5060
2802
-7944
2064
1060
-4084
-6112
-2307
-6108
-8405
-5068
-1299
-11236
-7703
-1024
9430
-5068
-8974
-1008
2540
-7152
-749
4108
-3353
-8136
1023
-8160
764
-4036
-3339
-11196
-12299
-6080
-1779
-11220
-5899
4132
-1039
-9180
-5628
-8132
3327
-15336
4855
-10220
796
5168
8697
1052
-528
-8156
-7462
-5104
-9971
-11248
2791
-2036
-7699
-7092
-11016
-6120
1530
-4052
8420
-11224
-5121
-8172
5112
-4040
518
-9988
13042
-17340
5899
-7116
-2553
-5104
-13076
-9212
5084
-8148
-3868
-10240
-11268
-3036
4635
-5116
2805
-996
-8170
-3848
-4351
-15300
-1254
-21292
1743
-3048
-3105
2163
-9967
-3052
4343
-7108
3862
1032
-6927
-18404
-3088
-15320
-3358
-4052
-5622
-13284
1286
-12280
11782
-10196
-1003
-10236
10509
-8140
7216
-12264
-7422
-6100
-5634
244
-1538
-4064
-10273
-9156
-271
-10188
-3316
-9172
-6359
-10204
-4595
-6136
2794
-11232
2312
-14268
-3330
-13276
10255
-7152
-2835
-12268
6136
-4088
-1550
-12272
-4845
4112
5617
-12268
-8192
-6140
3307
-13236
-732
-6144
2560
-15336
12525
-15316
13067
-2016
-5361
-19432
-806
-12268
-1545
-6116
-464
-2004
-12809
-4072
-5631
-7144
-1809
-3056
-3067
-4056
-7171
-6120
-12271
-5104
764
-17376
-251
-8160
2800
-10216
-1293
-18396
-7407
-8160
1537
-8144
6661
-15336
2073
0
-5354
-7132
-4071
-10188
-4120
-9180
1527
-12248
-6937
-7156
-263
-14328
-774
-9212
258
-7112
-6364
-16376
2285
-17376
-1285
-5088
761
-8164
-8689
-7156
5855
-4048
-3819
-19236
-4887
-8160
3106
-3056
5902
8200
-248
-6120
-9240
-15348
7658
-980
-3561
-4020
1559
-12256
-2841
-15304
-4875
-5100
-1274
-5048
-3567
-9188
-756
24
1032
-12256
10483
2088
7161
-5092
-12291
-9196
-768
-1004
6438
6192
10533
7412
7676
-13292
1000
-15324
-12017
-7128
3602
-5048
-1782
-13296
3843
-14276
6154
-6112
4120
-1012
8220
-12280
-4120
-13300
-4118
6172
-6681
-3036
15615
-14324
-771
-21480
1554
-7156
521
240
3589
3084
-15891
-4056
4630
5124
-5126
-1964
6135
-11236
8991
-4092
9722
-5080
-764
-3044
-1505
-17388
-6911
1032
544
-5056
-487
-2048
-3104
-7132
7690
2052
-4375
-5108
1565
-5068
3331
-2032
-487
-11016
2045
4148
-9782
-11196
7951
-8168
-4122
-14308
-3573
1056
-3841
2048
-2023
-7132
-5358
-4052
3835
-7128
5389
-12236
-731
-3036
6431
5148
-8726
-7136
-2835
-9212
497
-8128
5374
-10228
5125
-11236
787
-2016
4834
-7156
-6
-7120
-1537
-5084
6419
-14328
-10780
-2992
2784
3112
2312
-3020
-2284
-12252
-4883
52
-10981
-10208
1564
64
2810
-3032
-256
-15304
3583
-6100
-3101
-5088
-4363
-7144
2565
-7940
-7101
-1992
8972
-5084
-540
-7156
1000
-5120
-4070
1076
-1527
-11180
-7184
-8172
2291
-6136
3079
-7152
-8680
-7104
-1245
-5100
7651
-14284
3840
-10228
-2549
-6108
-1046
-4044
-236
240
-1012
-5092
6628
-3032
12545
2072
2552
-11204
-9502
40
-276
-20452
-5094
-8160
-3350
-5068
-2302
-12224
-3833
-12036
-4094
-14276
-212
6152
-4332
-5084
4576
-8140
-7677
-10184
6913
-15344
-4394
-11224
-6116
1048
2572
2080
2866
-6104
8191
-996
4869
-6112
-2597
-1812
-6157
-7156
2814
3292
225
-16348
-4088
220
4144
-4068
-10535
-12268
1300
12
-3065
-13260
4061
-7160
1563
-14320
-3033
-5108
18678
-16360
-495
-10216
3590
-9176
-5083
-16380
-5642
-9184
3580
-6072
5109
6396
-515
-5892
2602
32
-5875
-11256
-274
-5072
-1520
-4868
-234
9448
-6437
-7152
3858
-11260
-12292
-1796
2349
8204
4064
36
-7694
-3056
6151
-13260
737
-2028
1323
-2000
3051
-976
5899
-7140
-4618
-4072
-13059
-9188
992
-14308
-6400
-2996
-2577
-2016
1773
4
2855
-9152
2343
-4064
-5082
-2040
-234
-6108
-2036
-7132
13041
-5076
-2035
2080
1785
-7112
2600
-992
1535
-9992
-8185
-14324
-1762
-8968
275
-10216
2038
-16384
4341
-13072
-6177
28
-2295
3296
-5138
-5096
-9484
5152
-8227
-14332
10255
-7940
482
-17372
2591
-7944
5372
-11016
6650
-9204
-3309
44
4375
-12064
2539
-6112
1576
-6132
9195
-5029
-1264
-16360
-7971
-6140
8430
-4068
-2829
-3876
6657
-5064
4649
4
2793
-1024
-14629
-20472
3345
-12236
3330
2108
5882
-4068
-5408
-3044
9480
-956
-11286
-3016
249
3140
6928
-9204
-3024
-4088
4882
-16372
-4082
-6924
3852
-13280
-3343
-3856
12260
-14332
2076
-10228
3320
5140
-8433
-5896
-3120
-8168
2081
-7156
262
-3036
1277
-7124
-6634
-4088
-2812
-12244
5356
-4052
-3080
-15356
-13834
1024
-6168
2084
2617
-14332
8180
-6132
10764
-6080
-3365
-9192
1025
-13292
1002
-2036
4109
-10204
-488
-8168
1513
-4064
7386
1036
-265
1268
-11472
-4076
8712
-13276
476
-9992
-8683
-8188
3064
-9196
4851
1084
-7186
-4924
-2525
-7160
-1765
-2004
785
2052
-2050
-13064
4609
-2040
-2316
-4080
-2315
1060
-1822
3084
-5639
28
2824
-14100
14079
2292
-6145
-19440
-2562
-5120
6175
-11256
-5372
-3044
-3337
-7104
2055
2088
-1562
-15344
13588
-11016
2028
-8188
-1043
-4064
2565
-4076
-6106
-5088
10508
-7128
-2562
1036
-5099
76
6598
-5100
-5670
-2020
1792
-6128
-3577
-15352
-272
-11012
-7188
-4096
1755
-2040
-1037
-12252
10228
-21504
5388
-11256
4346
-12177
-3593
-12248
1544
-15320
-6670
-18408
1766
-21444
283
-792
-4375
-2008
2290
-10196
-2317
-4072
2317
-14084
-2838
-996
6380
-7128
7423
-8168
2852
-7152
275
2080
-3823
12
-4574
-9204
-7906
-16336
5376
-6100
-6724
-7144
3836
3112
1298
-2040
11018
-10236
-11784
-3008
1509
-7152
2559
-7140
7976
52
-2560
-10216
-515
-18376
-1274
-12220
-2601
-14316
1542
-7972
236
-11012
4340
-11256
3068
20
-243
-7148
3825
-15340
-15362
-8172
2023
16
-1809
60
4361
-18380
12583
-10200
9205
-3060
-8
-12236
4886
-13248
4856
-11236
2765
2296
-734
-1012
1011
-988
1812
-11224
-3344
-14288
240
-6116
-12286
-7152
3323
-7140
-754
14388
2578
2100
-230
52
7185
3108
1037
-9188
4354
-11248
-282
-11264
5678
-9168
-808
-3072
6634
-6136
-3334
-8176
1258
-6128
-2804
-14332
5871
-10172
-3554
-7164
5654
-17324
7945
-10200
-9221
-3852
-4344
-8128
-8185
-5088
12798
-8172
-12517
-7156
7933
-12260
788
-1840
1279
-16376
-3287
-9184
7158
-8168
3356
-11184
-1543
-12264
4101
3124
-744
2108
-2044
-9160
4845
-7120
2811
-7124
-264
-7156
12559
-7132
7912
-13292
-1525
-9996
-10472
-3064
-9441
-4056
7679
-3048
-286
-5092
-6654
-11020
7172
-19456
7686
-14272
3300
-13260
5912
-24284
-6664
-9160
1292
-6124
3357
-12268
-1517
6196
9244
-5092
8955
-5068
1783
-2004
-1558
2288
-3053
-7156
-4858
-7144
-8965
-12036
-3839
-3068
5403
-12256
1562
-8172
11516
-2040
5612
-5892
-2822
-13264
5621
-16344
5884
-5088
5145
-17392
8935
-22264
-9166
-15308
3069
-10212
-1794
2064
4099
-2016
-2564
-13296
1297
-12252
4370
-7144
1272
2076
-2287
-18396
5412
-11236
4334
56
-12743
-6100
4331
-4056
-2564
-5064
-9186
-1020
3053
-7092
-8413
-6140
-2552
-16316
2040
-1008
5903
2088
2597
-16364
6688
-16384
2581
-5040
244
-13276
2828
-4072
11806
-16344
-1306
3096
9990
-2000
-3030
68
-4868
-11048
530
-13308
-738
-9208
7188
5344
-14567
-12240
-2845
-3052
-1013
-9204
-3565
5148
-745
-7132
-8147
-11256
3803
-8172
4851
-5096
1535
-14268
-7944
-5108
508
-3036
-1273
-17160
-6414
-2032
-4602
-7096
5629
-5072
2268
-8192
-6115
16
4597
-13276
-7961
-11200
-5624
-4084
-3602
-12276
-4091
-8168
-5396
-7108
-488
-20476
-1794
-2028
-5
-8192
6958
-6136
-8708
-10200
10271
-8976
5632
-3040
-6163
-11020
-1029
-7156
-3094
-10180
5893
48
-4876
-13256
8458
-12224
-2798
-9180
-256
80
3846
-8180
2629
-15324
-9734
-4072
-1538
-8188
6647
-4064
1029
5132
1283
-6108
-2543
2076
10476
-12040
1046
-4088
-1287
-10192
-7697
-12216
-2832
-4084
1526
-4068
-4886
-8168
3097
-11252
4115
-4076
1295
-14328
-8705
-5084
4578
-3016
-8198
3132
2059
-14288
-776
-13060
-3652
-6104
2258
-8188
807
-1804
-1298
-2032
-6127
-11232
8433
-11228
4646
-16360
5096
5156
-6643
-11256
-13071
244
-6160
-1992
-6380
-11216
-6125
-11248
242
-11232
3088
-15304
760
-7116
-6682
-8168
-4852
-11256
-2564
-5116
-3814
2064
777
-15120
-9252
-1024
-5083
-3072
-542
-16340
2
-7164
-7701
-5052
-4095
-6092
-1581
-7156
5897
3112
-8465
-15340
-4097
-4876
3823
-9208
774
-9204
-7166
-6080
1041
-10204
-5872
-5084
-4108
-7124
-4339
36
1552
-19216
1530
-4064
1018
-780
23
56
1001
-16348
2586
-8168
-4927
-7156
5854
-12036
8221
-2040
1780
-5108
-1027
-4080
7181
-2016
-7959
1064
2593
-18408
-3369
-2016
-1275
-4040
1297
-10224
-758
-8140
4597
5128
-3607
-11204
4845
-11204
2564
-10240
-9233
-14316
-769
28
5622
1260
-5595
-9184
-8992
-11260
-2601
-14312
5892
-19424
-1773
-10232
-2053
-10212
-3587
-7140
1771
-15324
1031
-8144
226
-14292
-1537
-25280
-8696
-15316
4355
-18396
-10734
-15324
14344
-11248
7749
252
-504
-3056
-266
-10224
-2307
-5104
996
-16356
4357
-7116
-5638
-10216
795
-7164
4335
-9200
2558
-10240
495
-4064
-489
-6096
5123
-7108
-3558
-9156
4619
-14304
-768
-15288
-5648
-8144
-5374
-1988
1307
-7120
2267
-5064
6355
9284
-4314
-6116
4110
-5100
20499
-5060
-4374
-14308
-6918
-9192
1039
-5092
1998
1072
1322
-14272
-15100
-4052
8450
-9996
-4373
40
-497
1104
-6134
-6100
-2552
-13236
-8942
-3008
-4586
-12044
10231
-15108
-2308
-13292
4354
-3024
-4101
-12272
4595
-7136
7994
-3040
-2315
-4048
-5611
-2044
-20025
-7140
10468
-996
6404
-18396
4123
24
6902
-4076
3573
-6136
2059
-11200
5394
-6136
-957
-8964
-276
-13304
5864
-10164
-17
-13312
3544
-3048
4855
2080
-1037
-7944
1803
-5900
-10509
-9180
-3589
-12236
-4878
2060
10479
10252
4061
-4880
533
-2024
-4364
5172
-2833
-9196
-3823
-4068
-10258
-976
6155
-4044
-17919
-788
-1293
2284
2294
-19440
4916
-4064
-5379
-3024
1538
-13060
-3853
-7140
2032
-968
2046
-5104
-1305
3080
2055
20
38
1080
-6394
-11240
3301
-5108
8673
-6124
-7937
-13280
3849
-18408
1532
-12276
1018
-17384
-7960
-16376
-6908
-14296
-1043
-14308
-1824
-11200
15098
-984
1800
-13296
1807
-7116
-6921
-10216
-5894
-10172
4584
-5116
-6128
44
3050
-8172
3315
-2820
-6184
-9208
-517
-17396
6657
-19452
-2811
-6140
-6660
-2012
7697
-10212
8198
-19432
-482
-7140
2802
-4088
1796
6164
-7146
-8980
-11525
-3008
-2545
-7156
-782
-7940
5611
-7116
1271
-11012
2061
-8184
6901
-13304
-6944
-7108
-15338
-3052
-4359
-3036
1754
40
-4851
-16368
7962
-2016
2576
12
-2310
-4876
2046
-13308
9498
-4020
-5410
-3060
-2264
-5092
-3073
-5068
-6148
-15348
-5111
-3028
6102
-4872
7970
-2032
16165
-4080
-1268
-15320
-6127
-11252
-4605
-11228
-10238
-14296
-2801
-8176
-2532
-6132
482
-6100
-2278
-11252
-2817
10312
-2057
-11020
-1293
10268
11523
-10232
-3580
-17372
-2808
-13280
1771
-13264
3055
-972
-2004
-7088
256
-20448
-35
-10236
-262
-972
-3051
-7148
2034
-3036
7416
-6132
-10493
-20440
10433
-19444
-5370
-5072
-5881
-2820
8978
-3060
4366
-19396
-3095
-17372
-242
-10212
10489
-4892
4366
-12216
257
-14284
-6644
-988
4624
-4076
-3853
-788
6663
-11036
7169
5160
7467
-13064
13044
-15304
-485
-6116
7931
-17392
-735
1052
-9977
-18412
1578
-5072
-503
4100
-274
-7160
1315
-15108
-8467
20
-266
-17332
-3350
-18428
978
5128
-6913
-952
3325
-13264
-3324
-5104
5139
-3048
9228
-7140
4353
-9212
-5620
-9208
1269
-5048
9964
-11244
1009
-19448
11008
-1808
-1522
-5084
8714
-2032
4873
6380
4868
-1012
10246
-2032
-3081
-13288
501
-4044
4104
-3856
-1016
1044
-243
-9184
7434
-6936
4868
-11232
-6670
1044
7432
-1004
-6123
-8184
7908
-5912
8688
-4092
-3596
-14284
5401
-7152
-6933
-11020
1021
-13276
1020
-5896
-1070
-3008
-1516
-5068
-1026
-16324
505
-9180
3087
-13288
-5099
-10216
4877
2056
1510
-11240
240
-12276
-6922
-1000
-4648
1036
2540
-10004
1019
1044
-5879
-5112
3330
-10240
4106
-11248
-5107
-7940
5916
-9188
1814
-13308
-4869
-6144
-12792
-7148
1013
-5104
2826
-9168
-4121
2092
3330
-18428
6707
2060
-1791
-10212
10012
-2020
2313
3116
-2802
-9192
-4888
-5080
5664
-9160
-3070
1048
-5646
-4088
-780
-8180
-2876
-2048
-5089
-1800
-503
-7116
4592
-4056
6425
-3040
-3828
-10224
9725
-15344
1344
-11244
-4094
-10196
-6417
-6132
-6400
-10216
7662
-7128
776
4132
-1797
-3052
3069
-3044
-797
-14320
1295
-4064
6923
-5088
-4617
-14088
270
-15320
2577
-8180
7968
-5108
7162
-9156
248
-2040
-2820
-5104
7180
-12272
1285
-11228
5163
-12268
-1811
-6128
6411
-9168
4601
-2828
-7665
-6112
-3066
-10228
-827
4096
-523
-8176
5644
99
0
-5088
1284
-7108
13565
-6096
5353
4132
542
-4092
1562
-16328
9197
-9184
-1766
-10232
-1504
-10212
-1275
-9172
1286
-9188
3583
-3848
-780
-8180
-17656
-8172
-5645
-3020
-1262
-7136
282
-9200
8959
-4052
3076
-5076
1757
-3056
1573
5156
6625
-11216
-485
-1012
13570
-10208
-537
-11020
-3344
-9164
8696
-1992
-13296
1036
2322
-9192
12302
20512
3591
-9004
-1226
-4084
-263
-6136
-4132
-7124
-4642
-4032
-10738
-1800
-6924
-5088
-267
-5076
2049
-11240
6391
-2032
1800
-4040
5878
-4064
-4343
1052
4338
-1000
-1039
-2824
-13323
-5068
-4346
-9200
-11254
-6124
-2571
-1004
-6361
-5088
2325
-8180
-7220
-12036
-536
-11260
1012
-10228
7960
-4876
-2310
-5104
-10472
-1800
-493
-10216
-3853
-16384
2022
-8968
-10769
-7164
-823
-5116
-1092
-4084
-735
-5896
2826
-5112
4890
-10204
2293
-9188
1260
-6128
-2029
2300
7660
-4080
-8235
-4092
7946
28
4586
-8180
-5340
-2828
1821
5124
11
-6124
-40
-11228
-7940
-6132
6431
-15296
-255
-9196
2341
-7120
-7444
-12244
-4669
-21484
-3577
-9164
733
-9192
-254
-20448
-9493
-11236
4630
-1020
-1788
10284
761
-20416
-5860
-5088
7445
-3064
-2306
-5044
-3590
-13084
2829
-3012
-3869
-5064
-3787
-9216
10509
-5076
-4623
-9212
6121
-7960
6136
-10212
-4089
-9180
6924
24
1497
-2016
-5362
3092
-8458
-8148
-3830
-7940
255
5160
-1766
-9176
-4869
-16308
-1017
-6084
4872
-13260
1815
-3048
-1531
-4068
-3329
-6120
9473
-8160
-10785
-996
8688
-17368
-8956
-5076
3585
-6096
10275
-6136
-7697
-9208
1531
36
-5118
-9180
2783
-13080
-5355
-780
9225
10492
3628
-11248
-11754
3088
-1784
3124
17383
3080
-12045
-8172
-3582
-10212
-10242
-4088
2274
-3056
-2843
-6104
-6383
-4048
258
-3008
2336
-996
2294
-5908
2092
-972
267
-6112
-17665
-6132
6
3088
-2322
-5116
-4083
-3008
-3586
-6096
1275
-5108
1014
-2016
753
-10216
-10786
-5088
-5654
-11252
7996
-6080
1305
-16376
-3595
-3016
-4084
-9216
-5126
-7136
-3606
3072
6900
-11236
4809
