-7148
3589
-4088
2560
-5056
-8721
-9208
-492
-11208
-1001
-968
1002
-6096
-2306
-14292
3861
-4056
5895
-9992
-2056
-4068
-521
3144
-4565
-6088
-2312
-14292
9492
-4036
1524
-4092
3064
-7152
-519
-14320
8213
-5120
3837
-5080
9987
-7156
2292
-9148
-3855
-12268
2543
-8156
1520
-6140
-2781
-12284
-8974
-5072
790
-5068
-2024
-5096
2571
-15348
3097
-5084
7182
-9156
1272
-15284
-9712
-12268
6387
-3036
6664
-11248
-11272
-10216
7150
-20460
-8206
-14312
2268
-11228
-7677
-8160
524
-10176
-11554
-13268
6858
-12264
2069
4
2809
-1812
260
-12244
-3570
-7160
-540
-4868
1286
-2012
-10197
-2048
-4376
-5100
2835
-13268
12038
-6128
7173
-1964
777
-10192
-738
-14088
3087
-8144
7394
-12260
-1323
-14324
1527
-8176
2284
-9164
780
-7168
-3595
-8136
-8710
4136
-3843
-9168
-7412
-14280
-3351
-16344
1596
-11016
-3113
20
-2016
-11224
-245
-17360
-8212
-16340
482
-4064
546
-10224
8723
-13312
-9746
-12256
-14863
-10224
14355
-5056
511
-11252
526
-11024
2061
-11244
-270
-7108
-1556
-13248
-2036
-13284
496
-15356
-6138
8
-6655
-14308
5133
-7140
-763
-14312
-5877
-16372
8694
-9172
4099
-6100
11756
-6140
3346
-7152
-6136
-1984
1300
-9212
1528
-22268
-10273
-10236
7404
-6104
-3347
-14300
-4892
-10236
-2034
2116
13330
-2820
1511
-1004
-6677
-4092
-1531
-9160
-12561
-11184
3094
-8120
-16887
-5108
-11531
-5084
-2029
-780
4614
-12216
-1318
1052
-5115
-13264
5368
1064
6901
8244
-8433
-7148
-7640
-17356
10471
-7120
-4085
2084
-7175
-8176
5637
-7152
4089
-10004
4589
32
2568
-22244
-3350
-5100
2279
1111
494
-5096
3865
-4068
1249
-7140
11021
-11232
6386
-14300
-778
-22260
-9437
-14312
1772
-9212
-4865
-14268
-4587
-14288
-9687
-15320
3574
-7940
15598
-9148
6396
-16312
7692
-18412
-4082
-26352
494
-14288
-1278
-13276
-2333
-3036
-4891
-12256
7153
-14312
6411
-18376
4877
-7136
525
-10220
-2869
-9188
2065
-7108
-3819
-12216
4645
-14320
-540
-3044
-5367
-6076
-797
-11240
4885
-4064
11
-7164
6866
-11200
1025
-6140
-6159
-5088
-2582
-15308
2337
-3020
-2321
-2028
-6363
-9176
4354
-15328
-2054
-12248
-2302
-5076
4346
-2000
-6156
-14276
-4845
-8148
-5393
-16332
-5625
-13300
1540
-16344
5622
-2004
2070
1028
4601
-7148
-8204
-8972
-10458
-5080
10247
-10236
2540
-20440
-3080
-4068
-4120
12288
-4860
-13300
18
-14296
-5899
2052
-5892
-9212
3849
-16344
3573
-7160
-6929
-8176
5893
-7128
9458
-9188
3331
-4036
5366
-13292
-10504
-2048
-15549
-3056
-2040
-6124
1795
-5100
5134
-5100
-2569
-4048
-4633
4116
-2018
-6084
4631
-6920
5158
32
-2034
-7160
-514
-17356
5385
-9208
-5134
-11256
4119
-11236
-6926
-6136
6381
-16320
8744
-7140
541
1024
8729
-9204
5905
52
-2587
-9196
3308
3288
8977
-1004
-6881
9252
-1717
-9180
4852
-9192
-235
8
240
-5104
1316
-13264
10517
-11224
4123
24
-11276
-3028
-285
-5112
4110
40
-5861
-9180
-10007
-12268
5126
-11240
6384
-6096
-8484
-11204
-1263
32
3861
-4076
4593
3124
5386
3104
267
-11248
2310
-5088
-4591
-8156
-1797
-980
-3070
-7140
7179
-2000
-7693
-13300
-50
-5092
2271
-16344
-17908
-4044
9716
-6096
5366
-13060
-11798
-9208
8185
-5092
3855
-772
-8976
76
-4884
4108
-8999
-4096
8199
-7136
2278
-4068
-10252
-13272
-10479
-7952
763
-5052
7402
-16384
-5092
-6124
2556
-9204
-3578
-8160
-509
-8180
-1048
-6108
491
5180
-2812
-2973
1531
-7136
-6678
-19444
6664
-9216
4326
-9172
2298
-3012
8207
-10224
-4842
-10200
8960
-4060
-2553
-10196
13828
-9184
-507
-15352
-5144
-4092
-2309
-4880
5390
-5072
1774
-8176
-6628
-13264
5105
-7108
751
-12048
-5131
-4056
-6936
-8184
-1264
-6116
2076
-11224
-2829
2048
9981
-7096
-23173
-7128
7657
-13288
-2030
-4056
5638
-11264
2527
-3068
3354
-19440
-4092
-12276
5636
-2020
5881
23316
-12518
-10196
-7925
-6124
246
-13260
-277
-15304
2592
-9164
4624
-15312
-1762
-8152
-7386
-8164
-8726
-17360
3071
-3844
-6130
-9164
8668
-8132
1802
-3856
12529
-11256
-6647
-6124
8432
-5892
-4
-17376
-6407
-3020
-4
-1796
-4106
-3064
2575
-15344
-3313
-984
-3335
-6116
-1541
-5096
2554
-5080
-237
-11060
1553
-11016
2575
-6920
3541
4112
-1564
-6124
-6375
6208
-1787
-10172
-9972
-9160
-752
-6140
-729
1076
-1263
-10180
5408
-5088
-1565
-10204
-3071
-1016
-7968
-14308
-7660
1052
-1031
-11204
-6916
-11224
-2065
-9172
9199
-8160
-15381
-16352
8715
14376
-517
-7148
3320
-13189
4077
-13284
1786
-6140
2043
-3040
-4340
-10228
-2549
-8168
2587
-11220
-4365
-18364
2338
-10192
-10000
-8172
-2765
-14088
-4118
-13280
-4879
-2012
-6438
-6096
-26
-5084
-3040
-6132
3594
-4024
-4621
-17380
8221
-12280
-1766
-10204
-3343
-6128
9962
-6140
-7165
2092
5631
-6120
-10732
-2008
-3080
-20472
-4126
-9192
9501
-4064
3055
99
526
-7108
4611
5160
1257
-3024
-2856
5140
-10477
-14284
-7169
-13292
12020
-7112
2565
-3056
-759
-10216
2821
-3028
-3575
-776
-2048
-12216
2538
-7132
-3546
-6124
-5094
6148
-6940
-10180
-14594
-18341
4342
-7940
-1785
1044
4364
-4068
3572
-2000
2811
-6136
-4846
-12220
-1
-3068
-6343
-5108
-251
-2016
-3557
-9184
-15083
-11220
-261
-7104
5658
-7132
-2286
-3032
2051
-8180
-3315
1076
-3309
-23056
12527
-16380
1804
-10216
12014
-3060
-6
-7136
9492
-9188
-1269
-14320
-3058
-9164
-6645
-9164
-5921
-7108
-4346
1040
-2798
3148
1990
-10196
-1020
-7144
-4330
-10232
-1297
64
-6089
-8152
15111
-6088
4886
-6076
-13704
-4064
-4352
5144
1318
-4044
4101
-1796
3599
-1996
505
-18420
1291
2116
-9198
-17400
9995
-8172
1515
-13060
-3063
-4084
986
-10224
265
-6124
-3322
-12276
-503
-17356
3282
-4080
8188
-19388
-6170
1072
1800
-13252
-7957
-4084
-6895
2084
5138
3100
-10255
-5068
2821
-10204
-999
1028
-1018
-972
268
-4044
-2309
-15276
1779
-9212
-4082
-10172
2056
-13312
-761
-14304
-2811
-11232
-2834
-9180
3344
-4048
517
-10220
10764
-9164
7391
-14296
766
40
1032
6204
499
-13276
-1248
1264
4387
-784
1281
-15356
-8665
-8156
-2844
-4876
10270
-5096
-5391
-15116
-833
-14324
-1292
-7132
-4888
-7140
6686
1080
9748
-15328
-8201
-12248
5079
-12276
5608
60
-260
-11224
2561
-12240
5410
1268
-4348
-10208
6666
-3032
-7406
-11248
-12806
-4872
764
-992
-1284
-7144
511
-7116
5129
-10204
-260
-12264
1057
-6120
-1285
-12252
2809
-1012
-7937
68
4639
-8172
-1805
10280
-9
-3068
-1983
-1984
-2839
-12252
8456
-16356
-4637
-7956
-2602
-8160
4098
-2008
-3567
2088
13308
-11204
-2559
-15316
11789
-5896
-1264
-12252
531
-11240
-1305
-11256
-1281
-12280
-2279
-6116
1804
-4076
-4358
2056
3564
48
-2791
-13276
-11282
-13312
-5095
-5072
6702
-9188
4629
20
10480
-4072
1281
-11208
6419
-9180
-6410
-9168
4091
-7136
-9987
-7940
-765
-5100
2570
-4064
-780
-6924
2073
-3008
-8724
-4072
-737
1032
6931
-2032
-5933
-5100
12279
-9184
-4606
-9164
3077
-2832
-9459
-3068
-1060
4096
4381
-7140
-1513
2084
-3609
-8180
-2556
5168
1793
-5112
6140
-7136
-3836
-4060
-1515
-11208
-4862
-7128
509
-21476
-8172
-12252
4597
-7148
3619
-3068
1031
-10224
-2355
-12276
-5090
1060
-3789
-10232
33
-7136
5906
-10196
-11002
-7152
-2311
-15328
-4134
-8132
2264
-3072
-1038
1044
765
-10180
-10519
-7140
-302
-9188
-8195
5356
7187
-11216
-2054
-17336
-9224
-11012
-4108
-5076
785
-16316
3577
-5072
-12312
-13064
4093
4096
6
-7116
22
2092
12588
-2048
11814
-17376
-536
-7128
7683
-7168
3553
-6092
3840
-7156
6420
-15320
-1799
-3056
3581
52
3065
-5096
-2079
-14328
-6380
-5120
4075
-7968
6913
6144
530
-9200
3598
-11256
-5128
-7944
4865
-21484
-3847
-8140
-11520
-7124
-1258
-11232
-529
3096
-1030
-11252
3339
-10220
11273
-4068
-2818
-992
-5113
-8144
13802
-6940
-9193
-10216
-1292
-5076
2550
-6144
521
-17396
-6909
-976
-12803
-14288
2285
-12272
13795
-5096
-2548
-16376
-4835
1056
5409
-5112
3081
-7156
-2832
-2824
4628
-4044
3354
1056
-4589
-9208
-5390
-5068
7157
-4092
-4328
-11228
-2807
-5080
-1025
-9164
22
-10192
2301
-1796
-7671
-13300
-5153
20
-1274
-20448
4085
-8152
-7181
-12268
-3896
-1000
8402
-7144
-6889
-2032
-1534
-9136
2065
-7156
-3302
3128
1533
-8188
-2832
-12204
-7652
-12268
2564
-11252
-5398
-8968
-13855
-9200
6401
-2036
2000
-11236
-6909
-4096
-4591
-16344
-3841
-16364
3585
-11224
-6927
-6124
6151
-12040
10786
36
9999
-3032
4345
1056
4097
-8152
5130
-14312
1024
-14328
-5917
-9196
5658
-20460
1274
3112
-2776
36
-3595
-8164
5373
-12256
-5901
-7140
1561
-14324
5086
-12288
-3119
-5072
-3089
2056
-8208
-8156
1830
-14264
11743
-6100
-4330
3104
-7443
-4048
2816
-13284
5374
-5096
529
-8128
-7136
7180
1560
-5088
1257
-9148
762
-6924
-3851
-1804
-6123
-3032
-1516
-9200
2320
-13284
20
-6144
6413
-11240
-1285
-5096
-5881
-20232
-3824
-8168
3343
-5080
10281
-6128
-1521
-6132
4380
-16360
-5094
-6144
-3550
-6140
-11253
-10232
-4311
-2048
-4332
32
8973
-11200
4860
-10224
3549
-2048
-1256
-3036
-1790
4136
-5625
4104
-3073
-9216
3073
-7152
-3554
-16332
6110
-7132
1292
1032
776
-3024
3827
-3020
3822
-8968
-3332
-2032
783
-5908
-4339
-12252
1796
-8184
-2831
-7132
-7386
-9172
8176
-7092
-6120
-18372
-8456
-14300
2780
-13292
-7929
-7120
8674
-4056
-5117
-11264
4091
-6108
6683
-7140
290
-6092
485
4
-7955
-7112
-990
-14312
10984
-6088
-3062
-9200
11007
-4016
-3300
-7164
-10000
-8132
23402
3112
-6402
-8144
-31
-10192
1270
-13244
-8673
-6112
-11780
-9184
1292
-11244
-6666
6168
-10477
-10236
4329
-2020
-4105
1084
-5120
4344
4592
-976
-7957
-11020
-226
-12268
14056
-12264
770
-2036
8204
-7104
1049
-9196
2839
-9200
4097
-15312
-11538
-996
7425
-9129
-22
-3072
265
-8168
-773
-6108
-1535
-5084
-2310
8244
-5836
-1024
-3315
-6136
3610
-13252
272
-10212
-11508
-7168
2311
-7104
-3320
-14320
753
-5072
-519
-784
271
-10204
-5087
56
-2081
-10156
4615
-8144
-2828
-3040
-1295
-15356
-1788
-22268
-13069
-13272
7170
-6132
-775
-2048
-3069
-8152
-4848
-10196
12538
-3052
1283
-8176
8220
3120
-753
-2012
-1518
-23288
3069
-8152
293
-8964
-3590
-3040
6
-15300
-6633
-11252
-3842
-5916
2815
-964
5630
-15356
-7422
-11232
2550
-7132
2562
-6064
-240
-8140
8688
-14280
2085
-13272
-3095
-4876
10233
-5104
-2566
-11200
544
-14312
2571
-1996
1568
-8172
543
-9204
-1787
-13209
557
-8156
-9237
-15328
-1034
5140
-3062
-12264
1503
1072
5873
0
6943
-2820
14
-6132
1278
-10216
-525
-4068
-6146
-6080
3362
-3036
-8462
-988
-7946
-8156
-997
1028
-8982
-10228
4868
-10188
-14643
-2004
-2586
-18408
-490
-2824
4088
-3040
-4872
-9184
4606
-11220
-2030
-5052
10002
-8160
-6170
-5900
546
-5056
-3869
-1992
27
-12288
7412
-1996
-13272
40
-7438
-13288
5660
-11260
-2826
-13272
-282
-13264
-3592
-6128
-7653
-8168
11238
-10220
3581
-12244
-2570
-6112
-499
2080
-8457
-13284
1050
-4016
-5623
-15340
-6930
-4080
5132
-2024
4837
-7128
2052
-780
-2800
-980
4596
-11240
1290
-12244
-3860
-10208
-1489
-4088
4135
-2016
9690
-11248
1275
-4064
-780
-7160
4876
-6116
1306
-12060
-5642
-11228
2310
-6096
5901
-9988
10997
-16384
-1784
-8116
2056
1036
2082
3088
-4857
2092
785
-5080
-2586
-18396
-751
-17396
-1769
-6112
-5877
-8168
-495
-8180
251
-7160
-3090
-8164
528
-14284
-1553
-6140
7451
-16352
-14098
-988
4330
-6120
-3298
-7944
1030
-8964
2837
0
6902
-9216
-1008
-988
3056
-4868
-6897
-6104
-7192
-16332
-1816
-14300
-11477
-4040
508
-19456
1835
-3068
1534
-7136
-6138
-7164
-6925
-4872
5871
-4088
-5110
-3008
-761
-8132
-2335
-6140
-5143
-6100
5367
3320
-1842
-1000
1772
-4068
6657
68
6906
-8160
-4345
4136
3813
1088
2794
-7140
-5660
-5056
-2555
-4064
2792
-6936
259
-8964
4864
-6108
-5644
-10216
5370
16
-5926
-9192
1297
-7124
-9432
-10212
5621
-1796
-3056
-15356
3361
1028
-6175
-11220
1522
-2836
-3054
-7140
-1254
-4096
12511
4344
-4363
-3020
-6399
-8160
-760
-3044
-241
-11256
4131
-9152
-2294
-15320
2544
-996
-4913
-4868
-3078
-8176
5913
-14292
-2568
-4072
3075
2052
2544
-6124
-274
-10216
-267
-7140
31
-3044
2577
-16356
-5886
-6120
-4073
-13264
2562
-6132
11488
-8156
6159
1052
-5612
-4072
5376
-3056
-3585
-24292
-20
-2028
502
48
-4858
3072
-8932
-14312
241
-5112
2826
-5108
3577
-12252
-1037
-4080
4380
20
-5584
-7140
8962
-5104
-12803
-10232
-513
-9168
-1800
-14088
-4
-11240
-3315
-8152
-5127
-6104
2808
12
1535
-16328
-268
2300
521
-2028
4092
-11224
-769
-13296
-12534
-6112
-498
-14292
4362
-10212
5135
-11260
3574
-10204
-6107
-11240
-239
-11264
1788
-12256
-1822
-10204
-12028
-15316
10997
-8968
-2296
1092
4099
-5096
19
-7124
2006
-3036
-5154
-8184
2539
-4092
-4072
-9204
-2790
-8180
-9727
-2856
738
-6128
3363
-11220
-8670
-6136
3585
3088
-1537
-14312
-4366
-14336
-500
-5092
256
-11236
3086
-14300
-1258
-7152
27
-24304
21
-7136
7413
-4072
2542
24
4348
-12244
-6669
-9192
3854
-9148
2640
-20432
5342
-10204
-2793
-5100
1297
-9168
2309
-3052
-1247
-9172
-2569
-2012
-2806
-5060
5083
-14288
-4103
20
-4858
-7940
5631
-6108
1771
1068
-3577
-7140
3572
-11256
38
-6124
-1281
-15332
12303
-8152
5116
-8093
-535
-11264
8445
-5040
-14845
-19424
8165
-2840
-1540
-3028
-3577
-13296
2592
-18192
5363
-7944
-6403
-4092
4380
-11256
3304
-9184
3323
-20476
10
-6116
-274
1024
-2069
-8184
519
-5068
2025
-10204
-8679
-13060
-3294
-15152
2543
-992
1508
-10184
-11760
-8164
253
-8156
1024
-15328
-4837
-20460
3327
1264
-6401
-8152
3603
-2020
-6130
-8188
2094
-13276
8430
-2028
-527
-11216
7
-3016
-1255
-4056
7175
-16364
10
-10232
-484
-5072
1788
-14276
10745
-13300
527
56
11249
-11232
5628
-9180
9968
-2032
8180
-11244
-7945
-7120
7957
-6100
1824
-996
-2810
1044
-3858
-6116
17397
-6120
1283
-13284
-5102
-16376
-3867
-5108
4352
-10212
2566
-5116
-4105
-996
522
-12272
9214
10256
-2533
-8128
-3294
-3036
3600
-10228
1775
-3044
-10225
-2024
-1790
-14300
5115
-2036
7700
-3068
7951
-7148
10738
-7124
4909
-8144
2562
-5892
1806
-10236
-2562
-5096
3604
-11016
-4581
-13268
2324
-10216
8695
-2828
7728
-3064
4638
-10196
-1810
-14312
2271
-3036
-5147
3108
-1763
-12256
-8468
-3004
1032
-11220
17927
-9180
-11261
-7132
3582
-11240
2826
-7944
-1537
-15340
12048
-13284
4074
-12276
275
-2004
11774
-8168
1280
9228
-1003
-7144
-1035
9244
-6892
-3064
6675
-1008
774
-7144
-2627
-11024
2587
-4072
-5853
-10216
5364
-5072
11745
-6124
-1482
-7116
-1271
2048
-1010
-5112
-14084
-6132
-4629
-12256
-12036
-3060
5374
-5072
-4603
-8156
5134
-8148
-4093
-6920
-1532
9252
8969
-6124
-3828
-4060
-1032
-12232
-1280
-22236
11759
-9212
-3317
-10216
-3330
-7132
512
-6120
494
-9180
4864
-992
-505
-18404
18924
-13256
-5631
3084
547
-14276
2300
-6928
1012
2080
-759
-27384
2309
-4076
-11788
1028
-995
-964
7165
-13312
4089
-11204
2834
6156
2
-12276
4088
-796
-1277
-8128
3580
-10196
783
-4892
14
-8164
5385
-7136
12070
4120
5642
-3052
-264
-3868
1547
-980
-993
-10232
-1018
4100
5359
-9172
3623
-12224
9476
4112
7418
-1008
1019
-2012
3599
-17408
2843
-5088
-6418
3080
-5907
-6116
-1866
-7960
-9195
-8192
-7177
2288
-2535
-5096
-531
-10168
-2764
-4072
-7196
9220
16123
-11240
2760
-12276
3837
-5096
3320
-1796
-1005
2088
-6165
-4868
512
-2836
1086
1056
4365
-6108
2806
-7948
8934
28
-4077
-8132
525
248
5109
1068
4596
-9188
-6950
-6132
25
40
-11535
-3040
-487
-2848
-22
-2032
-6672
-8156
9455
-6112
4124
-12040
-9732
-14324
3059
-12280
-1815
-10000
2044
-23064
482
-10200
4584
-5080
-9933
2056
-5381
1076
3322
-10208
1022
-18216
-1015
-12264
995
-3020
-1513
-944
-10248
-4876
-3557
-11208
7683
-18364
-13322
-13296
5611
-10232
490
32
2059
-12228
-6866
-6128
756
-12240
-262
-2036
541
-3844
-4621
-4040
-478
-17404
-4592
-13288
2585
-8160
-2810
-16356
-1038
-4044
-7659
-11248
-1286
-15316
3071
-18392
10493
-7144
-4326
20
-9694
-7084
-5679
-6124
2842
-5092
-9978
-13064
5097
-5076
516
8
6158
-5896
-7969
-4076
6653
-11220
-8201
8196
-1816
-13292
4098
-9176
-2086
-6136
-2319
-17388
7450
-3052
-34
-8184
-6142
-2012
-3550
-7168
8447
-4036
-2560
-13296
3331
-11256
6643
-3004
4083
5140
-1533
-8180
3583
-9140
492
2068
-1787
-6084
-9748
-5084
1540
-4884
-5113
-9208
2086
-17348
-1023
-2836
-1546
-9192
-1519
-7136
8187
-18192
500
-11264
-2793
5152
4579
-5900
6413
-1000
-1553
-2024
-2298
-5068
4095
-3044
-5348
-8164
-3857
-6124
-6120
-11240
-3885
-5100
-8924
-8184
2818
32
-237
1024
1281
-12272
793
-9180
4826
-3060
1542
-6108
8703
-15336
-8754
-14276
-7421
-6132
-2579
-5088
-1261
-9164
509
-10224
4860
-14304
4873
-17388
-1563
-8148
-766
-6116
2052
2048
2543
16
7445
-9188
9468
-5096
-2
-7136
2521
-13288
6154
-4072
-2300
-992
-1800
-6116
4625
-14304
-2064
-6060
-14329
-4096
3332
-9192
-6712
-6088
4617
-6092
5915
-18400
-1544
-10204
3352
-12284
2811
-8180
6938
-9156
3610
-2012
781
-3020
-1526
-8140
-7163
-10204
-1301
-12240
240
-12216
-1050
-12260
4094
-2036
1590
-7144
-1007
-9200
1794
-14304
-11800
-984
7916
-8168
4371
-9208
-3083
-6096
6662
-7116
-4613
-11240
-1786
1060
-1759
-15300
2573
-10149
6633
-10200
-2058
1052
-1793
-10156
-9237
-3052
-4871
-4052
-6160
-5052
-4842
-2000
3292
-10236
7881
0
-10756
-13252
8991
-22216
1064
-3012
10994
-6916
-4601
-4080
-4113
-7152
-6376
-9160
-2317
-8164
5607
-5096
-4873
-14104
8718
-4084
-4882
-3052
-1290
-7136
4620
-5064
-5077
-9196
-504
-16356
3584
1076
-6668
-6116
6648
-12256
-2569
-21476
-7685
-6132
7451
-7156
2817
-5912
3579
-5092
482
-2008
5895
-6112
-759
-5112
4648
-11228
-2835
1276
1495
-8192
5627
-6124
-3058
-22252
-9715
-16372
-537
-8140
7180
-6132
8933
-8964
-4110
3072
477
-11216
-2829
-9216
4342
-12260
-2303
-7124
-1557
-10184
1018
-6112
9194
-14088
3825
-8105
-541
1084
-3575
-9192
-2293
-9180
-4912
-15316
-3565
-18432
-7716
-7100
5628
-772
2602
-6120
7901
-8172
-2815
-6144
8191
-9152
-23
-2004
-1038
-12248
996
-12264
1009
-3072
-2779
-8148
-7433
-7168
-9183
-7140
3075
-24296
-512
-14288
7728
-4092
-3343
-8164
10771
-1016
4889
-5080
3285
-6096
10765
-10212
4619
-19444
4082
-15108
4370
-5080
-1784
224
238
-8176
2328
-10212
-3567
-13292
-3835
-1012
1037
-7120
4605
-12248
-2303
2088
1821
-6928
9709
-13276
-4356
-4048
-4362
-9988
-1006
-10164
4594
-12220
-781
-4096
5387
-1000
-266
1024
1283
-8968
-7943
5136
1810
-10188
2572
-20420
8489
-15328
-6149
-15320
-541
-7156
-4872
-5080
-6898
-10192
5624
-4064
5392
-9160
1011
-6108
3307
-15284
-6931
-4020
-561
-6124
-1049
-12256
-513
-1808
751
-10220
1263
-9188
2575
-5088
-8173
-18416
3619
-6124
1767
-6084
-6675
-11240
-1794
-5096
-2556
-13280
8748
-11204
-7707
-776
-1812
-5092
-4120
-7140
7717
-2016
-983
-980
5647
-17368
1767
-4044
806
-4868
-4135
-10196
-760
-8152
-3828
-12040
5111
-7144
-9719
-13308
3370
-9172
3833
-4080
-4085
-11236
-545
-3008
6394
-12264
5626
-7152
-767
-16356
4118
-16148
-1788
-5100
2854
-8980
750
-8156
5108
-8192
12545
-10208
2051
-12252
-5889
-14328
-3611
-1012
-4107
-3028
-1751
-7140
-4905
-9216
2006
-12288
3869
-6100
-8448
3096
-2058
-3012
776
-1976
-798
-4060
-2055
-18408
-501
-13256
-6674
-11244
-1279
-1008
4316
-3052
-6417
-9168
-6880
-23296
9728
-6100
-7679
-7156
5872
-972
6683
-772
-5393
-9996
2003
-3068
-16629
-1012
-2046
-3068
9506
3084
6123
-988
2804
-14320
-2518
-6104
12046
5176
3562
-7124
-4097
-8168
-4827
-20464
-3592
-984
-1827
-6100
-8703
-2000
-7704
-10232
-2322
-7132
296
-4048
6684
-17360
-1838
-7944
-1517
-10240
3814
1111
-4604
-9200
-13317
-3848
4105
-3044
1012
-6128
752
-5104
5390
-10228
-8997
-5112
4866
-4064
487
-5056
-8706
-7116
-8159
-3032
-3613
-3052
-2532
-2020
512
-13264
8239
-2016
47
7200
4085
-9192
4352
-8192
1973
-15308
5897
-7160
6205
-13225
12004
3120
1026
-5104
-5143
-15292
8706
-13252
-8962
-8172
-4313
-11248
981
-6120
-1826
-5108
-7933
-2020
11
-12240
12805
-7136
-1814
56
-5899
-8124
-2312
32
1501
-11244
-2803
-4060
1795
-10220
7454
-12276
264
-11228
6937
-7120
7432
-11244
8465
-11264
4842
-4044
-470
-8172
2562
-13272
-8972
-13256
-1025
-14296
1806
-11028
15883
-5904
780
16
4359
-18384
-16376
-19424
3838
8204
-2307
-5056
-10991
-13276
5881
-10224
-495
-13300
3299
-3064
-3340
-2048
-6397
-3024
6945
-9176
2597
-15360
2568
-11196
2554
-1004
-3600
-5076
3828
-14304
2017
-776
-11007
-2008
6140
-12252
4350
10312
-772
-8160
-7
-5056
264
-4060
-6885
-8152
6881
-4056
4347
-4052
9257
-14308
5668
2064
1792
-2044
-3078
-8980
2041
-8192
5652
-10204
3050
-996
-262
-13288
-799
-10204
-3854
-10220
-6934
-12040
-5365
-8156
1029
-2020
3855
-2012
-3344
-14332
-1820
-12280
-4595
-9184
3077
-9180
-734
-13280
1041
-7952
-4352
-2016
780
-14332
514
-6128
2553
-4056
6135
-10228
4888
-4048
12339
3076
5877
-12036
15315
-8148
-9697
-18184
-6666
-8176
-1296
-12276
-1299
-5072
1829
-11228
-15867
-18428
2033
-4076
-535
-1796
-4359
-4088
-7118
-18424
-2069
-6920
-1517
-6104
-1015
5364
3351
-13308
12316
-12288
5354
-7136
-7407
-6924
1781
-8168
-7965
-11216
-2563
-4072
7656
-5080
7147
-8136
1005
-772
-6932
-20476
-4642
-4060
-6898
-1808
-4899
-9156
-281
-1008
10762
-5112
-4610
2076
-5868
-6088
-3088
-5072
-4614
-4096
-11283
-4052
6680
-10216
5095
-7136
-5411
-3012
-2801
-7144
-2554
-11248
1029
-10149
4099
-8156
3844
-9992
298
-9176
230
-6100
-4125
-16324
-7679
-7132
792
-992
1507
0
-748
-10204
-10518
-14324
2561
-4096
-13095
-7148
756
-11252
-9514
-8156
10492
-12248
-1015
-12260
4876
-5084
3050
44
-7667
1072
-4334
-2024
-1039
-4048
-7399
-17400
-3336
-13280
467
-9208
6657
-11012
-3872
16
5108
-12268
-977
-4056
3589
-14328
2063
2072
8718
-5088
7692
-5116
9712
-3040
-25
-788
-4073
-2856
3583
1084
-7638
4132
-491
-10220
1268
-5108
5934
-10224
10748
-16376
-466
-7944
-3048
-4068
757
-14324
-1796
-14332
757
-11252
-4060
-4044
-741
-1000
-776
-10180
-2052
9268
-5885
2076
-479
-2032
-7705
-3052
6918
2068
241
-5096
7
-11236
15109
-12252
-11298
-7156
-761
-7148
-6924
-6140
-5376
1064
-276
-3056
10984
-8144
3321
5124
-6412
-9216
1816
-9164
-7403
-18392
12026
60
-1516
-12244
3595
-13296
3824
-9176
7902
-3036
-247
-7140
4108
-3036
1247
-3036
-218
-10196
5375
-9188
1777
-14300
526
-12228
-2054
-10216
-2560
-4036
759
3092
1555
-9992
1542
-9188
-1047
-19424
-6648
-4048
-5386
-10188
-2300
-7116
-1526
-3040
546
-16144
8906
-5096
-503
-4080
-1537
-8180
7476
-6124
-2801
-15348
5134
-2036
-5411
-3064
-1040
-13060
-4323
-7128
-2079
-8164
5133
-9196
1756
-12244
-7641
-8964
-791
-17340
-1289
-10240
7951
-2028
2066
-796
-1061
-6920
-3584
-5076
-2302
-7108
4652
-17408
-3114
-9184
10509
-3844
3068
-12288
-3836
-1800
2296
-4880
-3370
-15312
3570
-10208
-2329
2076
-12814
-7116
5889
-7124
-1538
-4080
1281
-7148
-10530
-6132
9476
24
2282
-5112
6135
-10224
-5618
-10232
-6366
-7128
3080
-7124
-3604
-10236
8954
-784
16643
-8148
-7143
-7140
-1052
-12060
7427
-6120
-6166
-19220
-6695
-9988
2068
-13292
1773
-2028
-506
-4080
2582
-8164
3558
-15336
11760
-10192
6158
-4060
-3584
-29928
-2550
-10228
7174
-988
-2057
-3848
1038
-7144
5123
-1004
3853
-16324
-753
-3056
-7168
-5084
-784
-4092
-5609
-7092
1997
-11036
1789
-10212
-5379
-13268
4856
-11012
1232
-4080
2565
-8976
2566
-5080
-5367
-3052
3069
-6124
-1513
-9196
-1775
-7152
-5628
-13292
-777
10276
5140
-11220
1536
9272
1789
4152
39
-14320
9
-10196
1775
-7152
2829
-11252
12042
-9192
1281
-1004
-3332
-3044
-8190
-15312
4093
-4092
-5108
-6108
3060
-13296
-1547
-17384
-6425
-6924
1064
5152
-4587
4144
-2798
-11232
-5397
-4020
-8700
-4092
-5116
1040
1315
-8160
-4311
244
2579
-984
1003
-10208
4583
-7136
8917
-3052
5331
-3044
6678
10284
4364
-12272
4091
-5096
4063
-12272
-1244
-11240
2765
-2832
2304
-8188
1797
-4048
-2032
-10160
6647
-8172
-5114
-3012
-1539
-9164
3841
-7144
768
-16356
7983
-11200
-6320
-8152
-8446
-10236
1070
-13280
5350
-9184
-1289
-5092
-9764
-4068
-2803
-7152
5342
-14316
2299
-10208
-2796
-3852
-4370
-7148
2049
-17392
9243
-7952
-7678
-5040
782
-992
3879
-5084
2278
-8964
-3557
1264
8217
-9156
3074
-988
-9754
-9148
-10735
-10212
-2833
-16360
3331
-1016
3872
-16352
3360
-22240
-3860
-1800
-2810
-13264
3565
-10220
2285
-14320
-248
-5908
7196
-5088
-12734
-14300
14077
-8188
-5618
-3844
-535
-10200
-2062
-1004
-22
-2024
4613
-2828
798
-15312
2816
-7148
-5413
-9192
-9991
-8972
-8237
-7148
2817
6364
771
-1800
1303
-5912
-2811
-13256
4364
-7152
493
-7944
2047
-1016
1819
56
-5362
-3052
-5392
-4060
-4082
-7140
12304
-10212
8213
-5104
7426
-13280
3834
-8172
-1543
-13304
-1534
-9192
-2834
7208
1025
-6136
-569
-14276
762
-8172
4602
-13308
-502
-9184
-1802
-8188
-1542
-4060
6110
-8160
-505
-1020
765
-14324
2822
-15344
-6668
-6112
210
-15332
-3313
-24264
-4115
-5100
4362
-9996
-3608
-2024
-10973
-9156
8972
-988
1292
-7128
3063
-4872
1019
-14308
2291
-2836
1010
-3040
6930
-3056
-2545
36
8456
-11028
1300
-6112
-3844
20
-5646
-3068
-3079
-1992
-3812
-13284
-3860
-10024
7656
-2048
-2600
4140
-2295
-9992
-5124
-20468
12805
-10196
1798
-3844
-7138
-2012
-4566
-7160
7926
-11236
-4619
-776
1534
-14336
2840
-7148
1781
