-10216
1008
1048
-6412
-7164
14891
-8152
-746
-5116
-255
-16348
-1831
-12256
5919
-12248
-2827
8408
2041
-12244
4614
-2008
2295
-9172
-6695
-11232
-784
-2016
271
-6124
5156
-17396
-759
-6076
-3083
-9156
4835
-8168
-2300
-9152
2522
-4040
533
-10220
4108
-15312
-3066
-8164
-3354
-8128
1295
-9208
-10273
44
2255
-12264
1794
-17368
-4870
-25332
2017
-5108
-4098
4096
-1259
-11244
-5891
-8168
279
-7120
-20
-8144
2256
-12288
4136
-7152
-4087
-17164
-1062
-5084
3885
-9196
-746
-3068
5621
-4084
-4636
3116
-539
1100
-3
-1004
-734
-8188
2591
-4084
3594
-2824
-3082
252
-7437
-7168
9448
-9164
-4617
2076
-777
-14280
3853
16
1509
-11240
-2775
-7148
8702
-6124
1286
-11220
-5852
-9188
-2820
-7128
4627
-12252
-4374
2132
-5123
-14096
-215
-3020
-2049
-12252
6679
-7948
9210
-8168
5132
-988
3823
-10180
2288
-6092
5398
-8124
-6374
-7104
-2301
-2032
5882
-8192
-1013
-14312
2574
-12272
259
-5072
8681
-18380
2292
-988
-2538
-14312
52
-4872
4862
-16348
-4880
-9164
-4360
-7152
6143
-6128
7944
-8164
-265
-10184
-754
-964
5882
-12256
-7168
-20440
4839
-16356
1260
28
-3535
40
-1002
-4076
1040
-984
-1508
-3068
8223
-12268
-1503
1052
2562
48
3067
-5052
2277
-6088
-4347
3120
-5917
-11240
6372
-992
1048
-9164
5889
-10192
3340
-3012
-1844
-14316
4067
-13248
262
-13312
-6413
-8140
8950
-2044
-4385
-9988
-2564
-15320
-1011
-4072
1548
-3052
529
-10228
1756
-9996
-7207
-15328
-3833
-5100
8473
-2036
4356
-15336
7157
-15108
-2566
-2004
-4346
-12220
-4110
-6080
752
-9988
4367
-6128
1805
-12056
9450
-8164
-11761
-6112
6913
-11208
-5356
-9216
1243
-9184
-7420
-11224
-5375
-12264
4625
-11228
-6140
-15288
4369
-12260
-2551
-10204
3556
-10188
9222
-2820
8711
-7160
526
-3052
14362
-14245
-1043
-8128
-1549
-7144
-3331
-12264
-779
-8156
-1029
-2828
-3607
-11208
-8960
-9184
5108
-7104
-3039
-6084
-2806
-14316
4361
-5100
2065
-2048
-5618
-988
-13
-12256
3815
-7104
4319
-4056
-9967
-13280
-2302
-3032
-4629
-15344
7403
12
3102
-11232
1306
-16348
-4127
-14272
266
-11212
7948
1036
-2053
-5104
-8714
-13288
-1523
-1008
4893
-5116
1770
-12248
-1282
-8188
3830
-4064
3076
-8140
2524
-7148
-2831
-2036
5400
-12264
2785
-3844
8467
1036
2335
-10192
-6126
4156
269
68
5621
1080
11011
-5088
-4109
1072
-1063
-14304
-5651
-11212
265
-12048
2567
-11020
3564
-13280
6391
-6136
7708
-16368
-2801
-12260
-8235
-9172
-3118
-9140
1035
-4056
-6188
-2032
-2018
-2828
503
-7136
-2564
-10224
-7696
-11236
-233
-9184
-12092
-10196
-3370
7184
3828
-15356
-2038
-10232
-3816
-18400
-7928
-11252
1786
-14308
10224
-9184
768
-9176
3343
-12276
40
-5080
3083
-12264
-3307
-14312
-244
-14276
3074
-14276
-3862
-14296
4111
-15344
-4614
-2000
-8206
-13225
2096
-8180
1048
-5088
-9250
-8964
5662
-5080
-3840
-8101
8733
-3028
1567
-4009
-6105
-13260
6908
-14304
6410
-15324
-1283
-5108
18455
-7132
-488
-10208
-2566
-7112
-6428
-9148
2052
-24276
-270
-12288
-969
-11244
-6396
-10176
-1255
-8164
3573
-4040
-5118
-8184
-282
-1808
-7390
-960
1583
-8972
8689
-8172
-1828
-13076
-1307
-19380
4354
-4036
7152
-12244
-1536
-10224
-255
-7140
4888
24
-10746
3144
1284
-6140
-8728
2088
-2087
-6096
-512
28
-1248
-10196
-1795
-3032
3580
-8168
4603
-9152
2795
-6104
-7198
-8172
12050
3296
1003
2096
-1511
-5116
-3866
-10192
-6151
-12260
248
3088
4359
-19432
1056
-12236
-1296
-10172
-247
-3024
-12309
-7124
-4627
-4080
-9212
-9172
-2359
5372
280
-3060
-13
-12256
3300
-2028
5880
-9168
-791
-5080
3306
2292
-11288
-12284
4347
-5068
3606
-9188
5872
6172
2072
1064
-22
-8148
1268
-17301
777
-5112
-3078
-10224
-1268
-15316
-14614
-10204
6145
-4092
11247
-4048
-2538
1080
1518
3100
-16680
-12260
2278
-9208
3562
-8188
6670
-19440
24
-7136
2559
1056
-9172
-11260
-3074
-21456
3345
-4044
-6140
-1016
-1014
-2016
-9715
-10208
5117
-6060
24
-3060
-4352
-8152
4345
-10200
-2054
-7108
6130
5152
-203
-16364
1762
-7136
-1273
-7084
-3618
-11236
-274
-9172
-532
-8968
7413
-992
-7430
-15308
-255
1048
3593
-4048
-1032
-8148
6140
-8160
11293
-3040
3057
-5100
2585
56
7418
-5088
795
36
-5384
-16356
3341
-12252
-4106
-6928
10231
-10216
-2299
6168
-6126
-976
-6111
-11260
4590
-4872
7698
-14312
-1057
-7136
2334
-2848
2058
-12044
-4867
-16372
-6892
-3032
-543
40
751
-11224
-5844
-5072
7951
-7144
-5649
-19380
-8440
1060
5890
-6136
2792
-18368
1791
-6124
-8973
-10220
-4610
-12244
2814
-20444
-5655
-12260
522
-13296
1821
-8140
6153
-10180
-2313
-11208
-4122
-4096
504
-14288
-5639
-15340
235
-15296
-5383
-21492
1292
-20428
-11522
-4056
3089
-7104
-753
-6124
-988
-9192
5638
-17388
-6700
-4076
-9436
-15332
8965
-7140
-1563
3072
-1275
-11177
-1524
-996
-1775
-8164
10238
-6096
8216
-6120
5643
-14304
-2287
-4084
1028
-7144
-3062
28
-238
-2028
-741
-14300
-1535
-12260
4333
-12260
-6424
-15344
4369
-11244
4336
-1800
-4888
28
-2061
-5080
6162
-5088
-12840
-10200
11514
-10208
-777
-2032
1814
-9208
-4133
-3044
1289
-20456
10756
-3048
-2550
-3852
2061
-19444
8957
-7156
-5340
5352
13868
-3016
8944
-3844
4102
-10220
9017
5188
2029
-4001
-5845
-8164
3299
-12040
-2840
-9192
259
-9188
10748
2084
-6428
-988
8172
-5048
-2297
-10176
2023
-10240
-2565
-2012
-787
-11220
11757
240
-5616
-13276
6897
-2004
4616
5136
-2043
-14328
6394
-4052
-3846
-11248
6670
-13252
12002
5168
788
-5088
-10511
-7132
-2295
-5096
3364
-11252
3102
-6132
7431
-6136
1814
-16364
4069
-7140
-727
-18384
-9203
-14292
-1552
-6112
-3367
-9176
6147
-12288
7414
-8144
2813
-16300
-5113
-9196
-1563
-8160
-18
-10224
-2592
-984
722
4132
1804
-7144
6919
-9160
2280
-11016
-5630
1028
2794
-18400
3071
-18408
3618
-13284
-780
-8108
-2343
-4868
-1794
-11236
5364
-9168
1056
-7940
1044
40
-1263
4136
1259
-4060
-1545
-17388
20
-5052
-1801
-3028
-3327
-7116
5122
-14324
2029
-4068
5402
-11212
-2293
-16340
3552
-8180
-3037
-12244
13576
-11012
-4886
-5076
2555
1076
5926
-16320
-253
-8188
6150
-8176
-6416
-12252
4342
-11228
-802
-12048
12567
-5096
-517
-4084
2063
-7152
8217
-6096
17660
-780
1016
-5120
-3078
-980
4880
-2040
-5318
8232
-7984
-3048
-3853
-6112
1034
-13064
-2804
-2012
1780
-2044
-27
-5076
7196
3112
-3570
-11224
1786
-12280
-5418
-6136
-22
-17368
4143
1076
-509
-8132
-6125
-12056
1253
6180
-3019
-8168
7651
-11244
-3591
-1796
4814
2056
-1042
-13284
-14317
-13288
-8427
-14284
-9221
-10228
11254
-10204
-3057
-7152
532
-18392
-501
-7112
4855
-9216
1819
-1796
7957
-5064
-526
-11256
-8952
-3068
2284
-8156
2796
-15292
-11301
15404
4629
-10160
3617
-16368
776
-4072
-291
-7160
12818
-9168
1544
-18412
-4339
-3048
-8202
-2048
4599
-11256
-3825
-13296
6412
-7168
-6936
-4060
1763
-14316
269
-9196
-7422
-4052
7683
-4076
-3369
-6100
-9189
-6140
11030
-4076
-9480
-5896
4863
-4032
-9486
-9136
-753
8440
-1038
1068
1332
-3064
3587
-5896
4349
-4036
-1812
-7152
-3041
-5080
4077
-8156
1292
5136
7661
-5116
-1019
-12284
-2279
-13304
4083
-11012
-3823
-6096
-1808
-13252
3331
-3044
3822
-7156
2540
-7132
-6166
-10200
6161
-6916
-9477
-972
9
-1984
5124
-12248
-3567
1044
8464
-9200
8435
-10196
-2827
-6096
-5608
-25296
-7421
-7952
-9031
-4076
9
-9176
-1035
-4080
-6885
52
10470
5360
1017
2092
3317
-2824
7681
-13256
521
-992
-4084
-6092
2560
-5104
-9713
-7096
4836
-9996
4892
-4060
-4855
-12036
2043
-9196
2061
-6116
7932
-11232
-1021
2060
-9714
-4084
10459
-14316
-14344
-2032
4910
-1800
-4108
-8180
6158
1032
-4563
-14308
-2583
-12224
-9491
-19412
8170
-9216
-24
-10204
-2552
-9160
7158
-5100
-1278
-9208
-533
-7136
3280
-10228
2580
-9168
1306
-12240
791
-13280
-5902
-11180
272
10248
-498
-16336
-2788
2084
1265
-16356
-2812
-9200
1015
3088
-4864
-5076
-775
-4060
-9982
2092
-1779
-1976
3564
-19456
-4095
-10212
2031
-10004
-12782
-5116
-2051
-13276
1277
7204
3879
-13272
1536
-2824
-3868
-1024
3842
-9184
-1778
-7144
-2292
-11220
492
-13276
4609
-2016
-1820
-5088
2534
-9180
2283
-17160
-750
-5100
4602
-5104
2288
-13060
991
4148
-3867
3112
7431
-11236
-7925
-4088
-508
-5892
-502
4
-8640
11284
2558
-11236
-13643
-2820
-4598
-2024
1829
-5104
3065
-4072
3864
-2040
-3574
3324
8186
-2000
-1553
-22224
-2779
-3856
-9212
-14296
3064
-12216
11776
-12260
-1510
-14288
2787
-1020
-12296
1060
-996
-2008
4106
-10220
2543
5136
-2353
-8160
-6146
-9152
-2814
-6112
1819
-4048
-4622
-4088
-6657
-11228
2304
-6120
-3070
-4048
-2052
-9172
3863
-3052
-4330
2100
1018
-13300
-533
-11236
783
-12044
519
240
-4359
-4076
4616
-10208
2316
3108
-26381
-14320
16625
-18404
7194
-15356
-6413
-5056
-495
-9164
10272
-11252
215
-7152
-1783
2116
-1530
-13276
14578
-984
-1311
-13272
5370
-6124
746
-13228
-1029
4124
-1512
-10220
2541
-964
-527
-23248
-7438
-4868
4097
-13276
259
-796
9744
-24272
2042
-9200
1779
-11036
3863
-13312
-2596
-9156
299
2052
4602
20
9476
-9172
-5348
-10208
9764
-5100
7911
-1004
-9967
-10164
-797
-8152
-7685
48
-1800
2076
6869
-4068
-6926
-3024
-206
-11252
-1330
-16324
510
-16356
250
2064
-233
-988
-7899
-11248
-5625
-7120
13809
-7940
-9755
-5064
-2537
-10208
-2273
-15312
-2818
-3856
3841
-12264
4651
24
-4601
-14312
-2824
-4876
2827
-7148
3596
-9160
-2852
-9200
-7476
-1988
1022
-5080
-275
4340
3872
-5112
-1531
-12288
3617
-2020
-21
-10228
2070
3112
1564
-6116
1525
-6096
-2526
-8160
6897
-14300
-8199
-7140
-277
-10220
4862
-2973
-2822
-8136
-2841
-8144
1558
1064
-5137
36
2536
-5084
-7188
-11200
-2044
-5088
2557
-976
-4084
-6112
3847
-15324
-8697
-976
-15112
-13256
266
36
1262
-5076
3836
-2004
-5870
-7128
-227
-6080
743
-9200
262
-13260
750
-21492
-535
-1996
6910
-2000
759
1060
-2028
-12276
-1289
-11240
-1549
-7968
-1548
4144
2497
-7152
-9189
-9152
7710
-2020
-3557
-4052
238
-4096
-516
-11240
2320
-7132
-1791
-11220
1279
-5096
-13049
-12248
-3050
-16300
3055
-15324
7403
-12276
10752
-14316
-2836
-2012
-5901
-8136
-5393
-17360
1804
-14328
6447
-6124
-7412
-984
4075
-11228
5384
10488
8736
-1000
-11012
-5100
-6156
-15332
2303
-5920
2269
-5120
3845
-6136
-213
1096
-2066
-4036
1791
-7968
520
-2024
4843
-5064
-731
-16372
-1087
-14316
1565
-9204
8955
-11256
7667
7176
-3817
3084
3850
-8136
-6402
-7104
-5073
1060
1264
-6096
7656
-11228
8663
-9156
-3816
-5896
7154
20
1004
-13268
-1275
-972
-4067
-7124
3850
-6096
-5895
-10216
9695
-8164
-2815
4
-14355
-9188
2567
-7148
-7943
-12248
-1287
-10208
2563
-4080
-4890
-7148
1775
2072
-1803
-8192
2566
-7160
4357
-20448
-4113
-11252
2812
-8964
8208
5180
1305
-11252
2305
-11240
-3595
-10220
8945
-7940
520
-10204
-3846
-14284
-1521
-4096
-3065
-4872
6648
-11212
-8179
-9216
4321
-8140
-8419
-9160
5393
-19432
7696
-5100
1765
-5104
3335
-13288
3364
-4072
-2325
6184
4136
-9212
-3548
-8168
-6368
-4060
3585
-980
-1492
-7152
1787
-5100
4341
-4084
-5135
-3072
1291
-5092
-750
-7948
5152
0
2047
1068
7982
-7136
2287
-11188
4087
-9204
-11
-7132
9731
-6928
-4594
-10180
-4846
-10200
-2323
-10192
-4884
-10216
-5895
-7156
-5668
-10184
15138
-6112
24
-2024
3046
-6136
-6921
-8148
1274
-4052
3881
-13312
487
-4080
-752
-7152
5890
3076
7974
-7948
1062
-9176
-1067
-8168
19962
-6108
9205
1068
-260
-10236
4631
-4056
277
-5108
10005
1036
3333
-4068
2575
36
9985
-6132
1551
-5904
-9711
-4076
-2297
-5096
3834
-9184
2574
44
-5925
5132
1794
-16368
4081
-5112
2031
-4064
-2047
-9180
-17
-3064
-2538
-3052
-2835
7184
9455
-7160
-5147
-15300
496
-11216
-5368
-10212
2576
-20452
-1822
-11264
-2783
-8172
537
-9156
1304
-5104
-8474
2076
9713
1076
-2557
-10240
7180
-8160
5619
-13256
47
5136
5157
1028
-7197
-3040
-6138
-8168
3351
-4072
-6405
-2044
3359
2084
1821
-12252
-1999
-10196
2034
-18380
3850
-6088
15911
2068
-6643
-12256
6126
-16336
-8688
-5072
-5876
2296
-3821
-13292
3558
-8148
1298
-10204
3330
4
-1522
-6116
5101
-7152
10779
-8184
-2799
3084
2283
-7164
-3569
-8140
2849
-1992
-1024
7192
12776
-9164
2546
-12272
-6915
-16372
-529
-8148
2334
-15296
-4102
-9136
-6651
-3040
4046
-3028
-213
-17164
-3337
-12244
3876
-3020
-13
-7144
2296
3104
-4320
-1012
-5349
-9168
2075
-7164
-1771
-14272
-2085
-7144
6662
-9160
6118
-5108
-5878
-7120
8190
-7128
-7147
-11184
-2551
-7140
-5621
-4056
8209
-8188
1306
-14316
-3552
-2028
-2073
-4048
2327
-14300
2549
-10188
1555
-13272
6633
-8164
-7438
-11173
-6150
1068
7189
-7156
-2340
-3064
997
-5096
-2346
-10196
3106
-7940
6906
-8124
6420
-4872
-5381
1040
6651
-14296
-1268
-15308
1810
-5060
5639
-13260
-1535
-11264
255
-5896
-3843
-10204
1252
-2036
-3316
-4084
-4331
-964
-3078
-4096
10819
1068
7731
-2036
4882
-4056
1255
-8144
9972
-9184
6129
-7100
-534
-9176
2027
-5076
-5411
-6108
771
-5096
296
-10204
2822
-11244
9688
-1000
-759
4
3313
-3024
-1754
-8176
2292
-13288
-7447
-3016
-2059
-5064
-755
-18412
-22
-6120
6946
-4088
4386
-3032
4849
-10196
2546
-3052
-1022
-2024
9177
7204
-747
-7156
-7422
-5056
4065
-10224
1806
-8976
4847
-8968
-7954
-6092
3557
-2036
505
-7152
2015
-4044
7649
-4024
-2037
-15308
983
-9192
-2549
-14100
-5878
-15352
12028
2048
772
-16136
-7164
-12284
1065
-980
-1292
-9208
245
-13312
-2551
-8964
-14575
-6104
-5134
-7156
-4084
-14304
4069
-13236
-7914
-4044
-6135
-996
5384
-3040
3563
24
-3033
-10216
-2327
-6144
7972
-6120
-760
-11208
515
-10192
1274
-13240
1041
-10164
-12008
-3032
4341
-4084
-1288
-15348
-1018
-5056
493
-11232
-777
5120
-25194
-996
-479
-7128
-770
-4088
5435
-7112
6669
-13280
-6182
16
-5378
-13240
-766
-13312
8430
1272
-259
4348
-256
-14308
2800
-4080
4860
-5108
4053
-7952
4878
-15112
4849
-6092
2840
-4068
1021
-5112
2316
-12040
5665
-10192
7422
-1824
9720
-10232
-8671
36
4868
-6112
4134
1028
2027
-10212
-2055
-13276
3372
-10236
-503
-4072
-8964
-8168
-1791
3108
4863
3096
-472
-9168
4339
-5052
-1819
-8172
6884
-3000
-5609
-5100
-527
-7096
-6938
-4080
16405
-4020
10767
-11216
-5083
-16316
1053
-2012
-2551
-2008
-3829
-8964
-2
-6128
2537
-2036
5083
-12272
-749
3132
3596
-18372
-1519
-15320
-4094
-6120
4598
-18384
-14824
-9164
11796
-14256
-2060
-9196
-2812
2052
3077
-11252
525
-3044
10512
-6920
7702
2068
2047
-4072
-2059
12
5128
-8124
-9724
2068
6354
-7124
1297
6184
-4851
-11232
4339
-3072
-1798
-980
-4882
-7132
252
-22224
-4591
-12276
-6876
-9188
-4586
-5088
-1030
36
-254
-7160
2316
-7148
7426
-4036
3590
-772
-1551
7188
1286
32
12029
-14328
-2053
-12236
-8983
5136
1281
-16364
-3300
-11236
4357
-12036
-5597
-5104
-1300
-1796
6373
-6100
1286
-4076
4628
-5076
-7162
-11224
-1041
-16332
3863
-13280
-5338
-9196
2282
-15352
1768
-4096
3346
-4056
3087
-9204
19985
2092
-1280
52
3323
-4032
2070
-11012
-3096
-7081
9186
-976
-5902
-12232
-3851
-15348
-3317
-13264
4
-3072
3301
-9188
-4880
4348
4063
-1968
2581
-9204
-2549
-17400
1276
-14296
14068
-7148
-2025
-2040
-1524
-3032
769
-2828
-4622
-9208
-5084
-10196
3291
-7144
6913
-984
2021
-8152
-22
-3036
-3352
-11228
-1801
-1008
2797
-8176
-7942
-9208
-6933
-6124
10240
-2044
6650
-9196
1296
-18424
-257
20
773
-13272
-5360
-9200
-2508
-8136
-2311
-5104
3040
-1796
-545
-20444
-1548
-7120
762
-3068
-751
-6092
5629
-9188
4636
1064
-2826
-960
-515
-12240
-1037
-15328
-3098
-3044
-4105
1060
19
-15332
1045
-7152
-6877
1264
-1852
-2036
3341
-9176
-1037
-10220
5156
-6104
-243
-7084
-1303
-7152
3362
-12236
7693
-14332
6947
-7140
-2847
-12244
8234
-11244
-758
-6140
1541
-12072
11244
-9164
-8210
-13296
-1322
-8156
3817
-12276
-11510
-16352
-2565
-18392
-1797
-11200
-967
-15328
-8237
-17360
-5867
-10208
2040
-12288
5360
-15340
3837
-12248
20
-9144
-2310
-8176
6420
-3072
748
2080
3836
-6100
-6664
-8180
1285
-14288
-6673
-12252
-7458
-11228
3804
-3072
3585
-7096
1051
-10216
-4625
-9156
-1786
-14308
2554
-6136
1781
1052
-4386
-15304
-4862
-3064
-3081
-16320
4352
-4084
529
-15352
-4577
-3048
1528
-12252
5936
-10212
-1787
-8188
-2008
-11232
-6641
-10192
-4092
3112
-5621
-10216
3306
-5100
-5118
-2024
-1803
-5084
11796
1052
-2297
-14308
2827
-13060
2072
-10196
-2562
-1016
4094
-9196
-3323
-22192
-6154
-5104
6176
-18428
3825
-4048
-7412
2096
-1549
6180
-4873
-17344
221
-5084
2039
-8184
-6419
-8172
-1799
-9172
-1071
-19432
-9222
-12056
-3090
-13292
2034
-9988
6878
-6140
5154
-6132
3334
-7132
-3068
-14100
-4625
-1988
-5395
28
1795
-2024
-529
-1820
-1516
-10212
-3591
-16324
-730
-11244
9737
-5033
-763
-3048
5138
-7152
-1029
-16344
-4105
-23280
-8442
-4080
-6661
-4052
4903
-12264
3557
-15328
-1051
-6124
-1513
-7160
2282
-12252
-1289
-3036
9241
-15320
4890
-12256
1781
-1992
10474
-6132
-7202
-11244
-3816
-7136
-464
-1992
3613
2080
-1539
-4076
10223
-18412
-7712
-11204
-4601
-12280
7680
-19416
-825
8
-10216
-11264
2308
-6140
-237
-1004
16374
2076
-7418
-2024
6427
1032
1535
-15316
260
-2988
-497
-8152
7403
-9180
-5343
-992
-1275
-19420
9464
-1004
1255
-9988
-3075
-7124
-1
4096
-6913
-6080
754
-2004
-2320
-6100
1539
1032
7
-3048
267
-9196
-10271
-10176
3594
-18424
1281
-8132
-10522
-9156
-240
-9180
264
-5056
7193
12
7932
48
-2562
-2828
5108
-12252
1802
-992
16120
-11212
1245
-3032
-469
-12260
1774
-6140
-4078
20
8957
-3000
-6931
-16328
-2099
-10168
2574
-12280
-3332
-13284
2025
-12240
-3088
-7160
9452
-16348
1050
-4052
507
-4056
-5641
-11232
-1277
-1800
3328
-8156
2825
-2996
-1529
-9196
6935
-12276
6639
-9196
5611
-2024
-9448
-5096
5147
1068
1504
-15296
-1026
-8172
-11275
-5072
5865
-13308
-2051
-9196
5664
-7092
-10746
-12244
-4371
-11224
4618
-9180
1551
-13248
5351
-15296
-7198
-11212
4604
-11228
-3086
-14288
6455
-8192
2841
-7136
-1307
-12280
-1499
-2008
-5098
2108
6172
3092
1321
-11252
-6404
-2004
8457
-17380
11242
-9200
-2801
-5108
-5658
8
4065
-7132
17
-12276
-3080
-12268
6654
-12252
6428
-5072
1837
-10192
-4625
-4096
-11263
-19456
758
-6948
1232
-1024
-7420
-9184
-5387
-14320
2539
-3004
1534
-10212
-1037
3316
1012
-8176
-1541
-4092
-992
-14324
2524
-16376
-732
40
-3364
-10220
1065
-3036
486
-14292
2046
-4072
8959
-6936
3058
-4868
-10490
-1808
11005
-5072
3344
-9192
4351
1064
252
-13272
6403
-11240
-2319
-11216
-3824
-5080
-8191
-4044
1522
-7144
-255
-3044
-987
-7092
-2819
-18396
-9228
-7148
9990
-15316
-1795
-4060
5621
-11216
-1018
-3048
6132
-14336
2327
-4048
6117
2064
-269
-13272
1025
-5112
-3341
-8184
-7410
-11016
-999
-6104
-1290
1052
15841
-10228
-8228
-11244
1766
-11244
7196
-20444
-10192
-4084
2050
-19369
-5383
-6116
-3305
-17384
-5127
68
751
-15336
10499
-14292
-1279
-12212
12556
-10216
718
-19416
1305
-984
-5147
1056
499
-7148
-2809
-4092
-5132
-8172
6409
-5116
1019
1032
-11276
-7136
3095
-7128
-1518
24
-495
-14308
460
-14304
738
-16352
1799
-3024
976
-6128
4853
-10220
-6619
-1800
8705
-12220
-3084
-16368
-2300
-1988
-5364
-4020
4101
-12252
-2308
-3020
1536
-11248
3076
1040
-3828
-17364
6146
-10220
-7163
-15312
-753
-18424
9228
8224
-1517
-7132
-8177
-9192
10224
-996
-478
3136
-487
-3060
-7644
-12260
2326
-8176
1007
-11248
6380
-6088
-7155
-4060
-7962
-5112
-2787
12
-3840
-6108
-2796
3320
-1806
-9192
740
-10228
-4631
-10236
-6877
-11216
-5075
-9996
3103
-15316
-4078
-2828
-1029
-5084
-3835
-4884
9411
-18416
-5893
-8156
-6134
-11224
3329
-9172
-7655
-23256
1021
-976
-1058
-15344
26
-15304
-1046
-7140
1000
-9168
3079
-11260
-3068
-8156
-5161
-10184
-736
-7160
4832
-11204
4911
-9208
-2267
-8172
2573
-11212
-233
3324
-3860
-11200
-760
-10204
791
-7148
3052
5144
6922
-5084
1545
-17340
1007
-2832
10246
-11200
-3859
-8148
2568
-6132
499
-7148
-8185
-11256
-2051
-11208
4908
-10204
3339
-11192
1532
-11240
7409
-5056
18
-18432
-5368
-1012
-1026
-5100
-512
-8964
774
-9180
-3330
-9188
-13852
-6100
9484
1040
5381
-17340
3034
-12248
-6387
-14300
6931
-17364
-3591
-11220
-2306
-11220
-2066
-16320
-3083
-4076
3348
-18396
-9966
-11212
-2551
-6096
-4875
-17380
-2325
-13308
2582
-7140
-3826
-3044
4588
-15288
-1290
-8164
-5618
-17380
4106
-16328
1822
-13296
4071
-9188
-326
-8148
4076
-5076
-13033
-7128
1046
-6136
-1814
-7152
3586
-14092
527
-16368
11026
-4072
-1319
-4080
-2341
3088
3298
-11216
-796
-12232
5579
-18392
-10742
-13260
15887
-9196
2790
-10184
2300
-5076
6642
-7132
-2284
-14308
2023
-5072
3589
-12220
5645
-7112
9194
-12232
-2290
-3036
-768
-22244
-3575
-11256
5135
-8180
-4331
-11200
4059
-12264
3842
-8148
1768
-11244
5618
-11188
7145
-2012
8173
-5056
-4342
-4064
-3272
-15304
-1537
-8124
1537
-9188
3868
-12256
-1746
-9192
9960
-22236
-9730
-12264
1009
-8180
18690
-4064
2319
-16324
2038
-8116
-230
-9212
-3338
-14324
-13541
-2020
-7930
-15352
-4368
-13292
-1279
-12276
2052
-3052
-748
-9200
-8739
-11252
-3561
-11224
8943
-5033
4615
-9208
-528
-14284
-7185
-10208
-1032
-13308
3838
-11236
-4352
-5064
-1061
-4012
-4368
-10212
4347
-5908
1037
-12264
-14867
-1008
-3102
-7156
-2297
-10212
9259
-14276
4302
-14304
-5129
-10216
-2593
-11236
-5103
-8164
-8244
-14300
9467
-11232
-13083
8
-5364
-8128
6157
-9196
2535
-7164
3067
-7148
-3325
-3056
-2318
-10236
-2805
-9216
-2315
-8160
-525
-13284
-1282
-10224
6151
-5056
-4834
-11236
6
2080
-4072
-13260
-2305
-15316
-794
-4040
3362
-16332
-9722
-18404
6187
-10220
2317
-12284
4379
-3036
3812
-10232
7447
-6092
-3599
-5100
1340
-8972
5103
-2008
2305
-7104
-267
-15304
4121
-7940
3334
-15320
4642
-4076
-8688
28
3542
-5092
-1515
-2840
-6939
-4060
2327
1036
-979
-8148
-5907
-2040
6368
-1004
-795
-9200
2797
-3072
3361
-14288
10745
-14300
1048
-9180
8180
-10168
5144
-13272
12306
-12272
-781
-10184
6929
-1992
-1038
-12264
-5926
-12268
-512
-9188
3330
-1020
3366
-4068
2552
-9208
-2011
-984
6360
-14276
13588
-6144
-12507
-988
6907
-3044
-7973
-14320
-3309
-8980
-2041
-14280
7943
-5084
-5602
-12048
-5361
-12232
13563
-8128
-4068
-9176
-5097
-6116
1043
-10216
-4852
-9188
3095
-4076
783
-7132
1780
-7148
-2036
-9176
4859
-6924
1314
-13288
-2806
-10188
-519
-4876
-10766
-1004
4631
-5916
5376
-9184
2565
-12232
-7920
-12268
1269
12
1576
-984
5649
-8180
1810
-7120
282
-7140
-7152
-5120
2799
-6112
-2565
-10208
-4597
-10232
-5128
-5084
-13578
-9176
-4114
-776
2299
-4064
4847
-6924
-6105
-7136
-5392
-6100
8940
16
-4904
-14292
8472
-7940
10283
-10192
-4087
68
248
-12048
-5378
3116
13076
1028
-998
-10196
-1500
-13296
-1563
-10240
-280
-8184
6166
-11232
-5375
11316
-478
-14312
-4065
-10216
7717
1072
9249
-12044
-2029
-5076
12804
-3868
6397
-13292
-5867
-10160
5874
-9196
-6674
-9192
6130
-6076
12297
-984
-542
-7144
-6140
-5088
1773
-7940
-532
-13284
2055
-5052
520
7196
11265
-5936
-258
-1000
-10773
-6108
-2829
-21484
-767
-8164
13564
-16328
-12542
-1804
6625
-9212
5092
-8180
-4059
-7128
-3845
-6920
5681
-10232
5392
-13260
-498
-5092
1271
-12248
-5893
-13268
-5592
-11208
-2275
-5092
3561
-7108
8197
-4044
210
-7144
-4840
-8168
8411
-7136
-1804
-11232
6975
-3048
13031
-9172
5883
-7092
-3825
-14308
-12850
-15312
4603
1076
-10239
-9156
-7475
16
2849
-12276
-2559
-14304
-3054
-8164
-519
-14288
1781
-5892
2775
1032
7180
5364
250
-7148
-1256
-6092
-1275
3100
5870
-4872
1042
-7168
5867
-8136
-5354
32040
2820
-984
-5377
-16324
3842
-19420
-3566
32
-1297
-15320
3870
-8188
3828
-14308
-1314
-14324
6406
-7132
-774
-9196
-1526
1100
9470
-5092
2033
-11228
-7657
-4020
4342
4156
4854
40
-3602
-2012
-2541
-10236
-7178
-6088
8965
-8148
-2056
1044
985
1276
-7925
4
4617
-12040
8986
-8192
1537
-3032
-7187
-12260
-6376
-11228
-4348
2056
-6142
-8972
-9211
-5096
1516
-17380
-20256
-7124
-727
1032
-6621
-3032
2535
-11240
3385
-3848
-3071
48
-6658
-16356
-1547
4160
-2297
-18404
-826
-22264
-3379
-8172
7464
-13280
2547
3124
2322
-3068
1319
-7148
9748
2108
6126
-13280
9224
2076
5925
-3020
8691
5120
-11234
-9164
11789
-9156
-4875
-18404
-5091
-7164
6665
-2004
1033
-7144
-5114
-4092
-6382
232
-2793
1056
-8197
-8160
11489
-17348
1263
-14316
5843
-11228
-8706
-8156
-8727
-17372
1801
-16340
-5875
-8136
-5639
-24312
1292
-2036
6646
-4076
8173
-6136
2595
-11020
2849
-7944
-4067
-11236
4103
-14288
-5384
-5112
-1551
-5100
-2053
-19420
-8190
-11244
1787
-8968
1815
-11256
-3809
-2000
769
-6116
-4869
-13244
-8456
2300
5622
3076
4374
-5064
9247
-16344
-2083
-17164
-8195
-6136
-12022
-4064
3604
-4096
2848
-4040
-510
-14276
11263
-16368
-3089
-4060
1031
-14304
-7923
-19432
1750
-14320
5638
-5080
-2820
-9176
3045
-12260
5099
-4880
1057
-4084
-7979
1048
5642
-10224
-5353
-13308
3591
-2044
1056
-12044
-7441
-10212
-5136
-10220
-1311
-11252
-2329
-1016
-3061
-19444
-6658
-11224
7915
-5096
8463
-5088
9678
-10172
-2827
-18416
-4349
-8120
3094
-9188
7206
-12252
1015
-968
-1778
-11264
-2575
-19448
-12539
-14324
-794
-12268
-530
-18404
5911
-8160
-3028
-5064
2320
1060
5881
-8180
1268
-11244
-4835
-3044
-6884
5120
-4127
-988
-8685
-9200
9764
-9152
11513
-10200
-7135
-6080
3865
-12264
11216
