-15344
-252
-17400
10
-8156
1306
-21496
7431
-1000
-2566
-3032
-3865
-15332
-3612
12
5660
-12268
-2296
1052
6629
-10208
4867
-5056
-2535
-6096
-15131
-15300
1585
-3068
7408
1052
-6367
-10196
-7939
-7128
-3339
8
-40
-17364
-305
-7136
5155
-5072
-2082
1064
4095
-12260
3571
-7136
-3321
-16352
-2061
-17372
-4900
244
-3613
-14320
505
-5096
-3578
-2000
-11284
-15340
-2313
-6124
-4593
-14288
289
-17392
-2255
-4092
-33
-2040
-492
-7128
-12301
-8172
7434
-14320
-524
-21284
500
-13296
-2828
-8160
5928
-15352
-247
-8192
-1796
-11244
2550
-5084
-5403
-9180
-35
-8164
14620
2064
-1296
-6116
3581
-4076
7421
-10196
8956
-2824
3821
-4068
7400
-7116
5371
-10188
-271
-7128
-781
-19436
6401
-11044
-4324
-7940
-5903
-5120
-4086
-6104
-2802
-21476
746
-7140
4349
-7124
5397
-8972
765
-2040
2793
-2024
-6420
-10168
1784
-4084
2069
-8164
-3598
-5088
3554
-13300
8155
2064
4892
48
-2036
-4080
-8189
24
2290
-6916
17149
-5100
-11793
-8968
2342
-10216
-2547
-12256
8445
68
3842
-3052
5625
-12244
3827
-6132
5340
-6104
-2529
-14276
-4081
-3044
814
-10208
-3333
-5068
9482
-3044
238
-2832
-21
-13264
7966
-7144
11217
-10192
-1015
4128
1291
-2008
4624
-3060
-793
-6120
-7949
-3020
-1000
-6120
-4366
-13284
4093
5172
-11550
-11256
6140
-5084
6353
-984
4831
-15328
-6407
-7061
5665
-6112
5104
-9152
-6890
-4028
5867
5164
2284
-7960
-2852
-4060
-6147
-18424
17592
-16328
3095
-1020
1283
2132
4333
-22248
-506
-10196
4080
4108
-12834
-12284
5360
-13300
-8158
-9164
-4325
7188
6149
-4072
-4092
-8156
-8183
-9160
-4139
-6108
8205
-5076
7744
-5908
2072
-5080
-17146
2116
1267
-7092
1543
-19436
2527
2132
-12284
-24276
-1269
-2004
-287
-5100
3336
-6120
-1000
-9160
-1262
-2048
-14
32
-9984
-2036
746
-5080
5113
-7116
4589
-8156
2811
-8192
541
-2028
-3596
-19428
236
-5068
-9731
-3060
3837
-13296
-7926
-9188
6404
5172
2034
-19420
5121
1024
7443
-6140
12029
-2000
-5916
-2820
8156
-7944
-12802
-7108
2841
-12264
6131
-2044
-2571
-10180
-10247
-14308
-780
-6124
-11219
-4048
-4855
-5092
5126
-6096
-2600
-19408
-9226
-6136
-548
-6124
16114
-12236
-1805
-1992
13328
-11212
3547
-10216
1785
-11236
-4881
4132
3660
-5900
13813
-8168
6658
-3068
-3067
-3864
7682
-14280
-5104
-6108
-10000
-8156
490
-16340
8192
-2000
-7445
-6124
8161
-4060
4358
-10208
5346
-18416
1796
-14312
4647
-21448
-6373
-14308
7447
-4068
20222
-14276
9493
-11196
240
-15116
8958
1036
-8670
1052
-1312
-6120
-7136
-2024
2256
5152
-4322
-15352
1296
-9204
-1261
-8136
6379
-15336
11300
-15324
2783
32
-2829
-10192
-8165
-16328
-4343
-15332
-5630
-7144
6172
-9216
-245
-996
8212
-3036
1813
5364
1775
-24260
274
1272
9460
-8140
3298
-8116
-5083
-13308
7409
-11240
-3111
24
-5377
-6140
31
-9212
-6404
-992
-2037
-4080
-2817
-5100
1321
-6088
503
-2004
-1552
-12268
-3572
-8168
7139
-7132
-12034
-15332
-766
3088
1787
-18428
776
-13304
-3026
-10200
5630
-8136
-996
-10000
7923
-18364
-5124
5132
12286
5192
-4598
-4036
1273
-8176
-5589
-12252
-3826
-14328
-6410
-4024
2797
-5896
-222
36
-6411
-7116
3065
-11012
-3103
-11260
4093
-6120
6123
-9168
-5649
-10212
5412
-14316
2829
-1980
20975
-5900
-5428
-12240
32
-13288
-9463
-9988
-9473
-2012
-1789
-2004
12295
-19208
-1026
-8136
-7451
-10204
11285
-5080
5612
-6924
-3839
-2044
-3837
-12220
2774
-5064
-6884
-8184
1020
-14332
3601
-5092
7458
-4072
5578
-10224
-1030
-6100
6118
-11264
8225
-9996
534
-11012
-2058
-21464
7421
52
3078
-1996
6129
-7148
-7648
3084
-4048
-8168
-2308
-11200
-3343
-15108
1028
-4080
-8704
-14316
5346
-11212
4286
-10204
-9205
-7120
2026
-5084
819
-20432
261
-5088
-4100
-6104
-3387
-3040
3588
-10220
-4376
3116
-1525
-2004
4315
-12284
-3586
-28388
737
-10216
6943
-16380
9726
4
1796
-1972
6122
-12268
-4654
-4036
-2797
-10196
-526
-13060
-8718
-3020
6619
-14324
773
-6116
-1298
-16352
-1549
68
12549
-7116
-3577
-17408
-5869
-2024
-10748
-7136
4121
-1804
-4358
-6092
-8172
-5096
-11268
-3036
752
-10220
-6919
-8128
-2051
-2020
2039
-11208
-3042
-5076
10279
-10176
4366
-2020
1009
-14320
2832
-4088
-5618
-12236
-4625
-5096
-14564
-2012
7688
-5072
13317
-8168
5647
-6064
-5098
5128
2838
2080
5141
-3052
-5359
12
-1784
4128
-989
1068
209
-4048
-1772
-996
1825
-16348
-3811
-4068
-4369
-14300
-6639
-5892
10737
-11236
-1033
-11264
3317
-20436
-6123
-6120
-1031
-5052
-6201
-10232
-2269
-3860
-9451
-17384
5116
-7124
-3333
-13280
-2806
4152
8955
-6116
4605
-7156
1274
-23228
-7456
-18408
4920
-15312
-5078
-19432
-3291
-6136
6372
-13256
1511
-22252
-1039
-11212
5107
-14268
14031
-1796
-2535
-2012
-6393
-8144
4850
-21468
-1014
-12248
-1539
-11260
4076
-22248
-5352
7192
-478
-6100
-6656
-2824
-3575
-11260
1270
-9144
-2294
-5104
11258
-7140
2556
-7156
272
-3044
7430
-17356
747
-7128
1538
-5892
5649
-6092
-1844
-4068
1817
-3056
-1036
-3056
237
-15308
530
-8164
3565
-9188
5109
-13264
-7438
-9212
-1788
-10196
791
-6100
1042
-6132
-1277
-8148
4869
-10228
-5359
-21256
10227
-4088
-2615
-10176
-13812
-10208
7176
-8136
-8169
-10228
4617
-13260
4088
-8168
-6631
-7128
2276
-15316
-6387
-10216
-1062
-9212
8965
-11232
255
-12252
6923
-9180
3880
2076
7
-13288
7418
5144
11539
-3040
6389
-13064
-3572
-8172
-3882
-17404
6136
-5088
2097
-4036
2795
36
1314
15400
-3612
-5100
-487
-4028
-9505
4116
-521
-3852
3066
-14320
1049
-6132
1802
-9168
-2288
-1024
-5409
-9148
-997
-11012
-7929
-14300
3073
4168
1552
-7144
3849
-5036
9758
-7152
-1551
-13296
-6875
-11016
-2047
-13296
-8962
-9216
-3110
-1996
-2524
-18396
5365
-2008
12802
2060
-12305
-4056
-997
-15352
-5647
-9212
-5119
1044
3847
-6112
-8931
-1800
2057
-4056
11487
-14320
-3282
-13264
-2831
-14324
500
-16372
4064
-9164
8925
-13296
-1009
-9164
1289
-12040
-3352
-13264
5912
-8988
-277
-11012
1014
1064
-6931
-20412
6877
2088
-523
1032
-10518
1032
-2101
-9176
-5894
-6112
3043
-6120
-3819
3120
-5610
-8168
1311
-7124
3301
-7136
254
-11212
4915
-4092
260
-6144
1538
-2048
-5395
-6920
-2520
-5120
5144
-968
11258
-8152
-9728
-984
3861
-12236
8200
-20448
6139
6164
6665
-9180
-509
-8148
-5110
-5076
4907
-9184
4568
-11232
-4347
-7136
-5892
-7144
2797
-16384
4610
3080
12264
-6928
2295
-4024
25
-5104
-3332
-8168
-6644
-772
-4621
-6116
-250
7408
12537
-16372
3348
5164
3332
1028
758
-9156
4846
-6108
1039
-988
-5352
-9996
-9227
-10204
14854
1068
-4920
2060
0
-10196
790
-972
8459
-6112
-4592
-5088
-6914
-8152
-529
-6108
5378
-8148
-5915
-8184
-4356
252
-2297
5372
1016
48
-5085
-8988
5387
-8164
2555
-10216
2313
-11024
2555
-7152
-968
-4076
-1274
-16356
-4093
-8140
-7926
-8192
-3055
-11248
-6669
-7112
-5381
-4084
-6950
-16168
9445
-11180
-3838
-7160
-1050
-9172
1252
-8128
4106
-9196
-7916
-7116
-1305
-14308
-10777
3096
4853
-5064
-495
16
-513
-7088
1806
-9208
-9488
7180
-7149
-5068
8945
-13280
6410
4152
1813
-16380
-7182
3112
1544
40
-4592
-12244
-1555
-14288
-767
-10212
-755
-13292
-3281
-8136
-2595
2052
-6646
-11248
2541
-10184
6889
-7140
1811
-14312
9713
-13312
-4324
-6136
-1799
-19400
-5626
-6116
-2814
-9204
1028
1032
-1533
-1016
4103
-14249
-3624
-13296
5128
-3016
4368
-12248
3826
-13300
-2295
-11228
5136
-10184
3543
-15108
-9472
-5088
2297
-10196
4880
-11012
1279
-7112
-4114
-1000
-1821
-12236
-7667
32
3854
-7124
-2322
1064
-2825
1048
-6637
-4024
3351
-7156
-2845
-10208
3629
-5104
7143
-8140
-5925
5148
-2569
1108
7715
-6936
4345
-10180
-2314
-14316
-781
-12232
2809
-9184
-5627
-12240
-4858
1264
10239
-9192
785
-10212
-2593
-5080
-4606
-4048
-5616
-5092
4839
-5112
9
-1820
1545
-988
-2314
-12232
755
-7148
8204
-3020
-4357
-1008
9739
-3056
-2802
-4092
-1802
-4064
-1516
-2012
-5356
5140
-15348
-5112
3109
-21440
-5628
-5072
-4349
-6108
-1271
-7096
1555
-12264
3562
-14292
-6393
-16352
260
-9180
764
-13284
243
3159
1516
-6120
-3815
-2004
2061
-3024
-2307
-14320
14827
-17328
38
-10228
-3325
-4064
-4325
5144
6136
-17396
-3055
-11220
5103
-5092
512
-15300
-34
-1016
-4626
-12236
-2554
-5096
1507
-10204
2065
-17360
-2795
-992
25
-19420
-257
-16340
2589
-16304
-4898
-6140
264
-16336
2337
-11216
-1567
-8172
5110
-10240
-3084
-988
3348
-11220
-6631
-15284
-4343
-776
240
-7144
-6404
-6132
-2316
-988
-4595
-2032
1517
-8160
-527
-18396
-1549
-6112
5892
8
14397
-2040
-1793
4128
-1303
-9168
4100
-2024
-2546
-8184
-10741
-7156
6157
-7148
2070
-1796
3106
-4052
4118
-968
4360
3080
-14848
-8172
-10473
-7140
-4372
-7096
773
-11216
-5124
2080
-6389
-8188
5652
-4056
-3344
-996
-534
-6132
2828
-6112
-7663
-15320
-4369
-5056
1265
-3052
4339
-1020
-6357
-6924
2
-3020
-3569
-17396
-1052
-3056
-2791
-2036
1492
-7120
-246
-7136
16
-17356
-4847
-11252
1761
-16356
5096
-10224
1276
-15348
4865
-23256
-547
10256
1770
-1796
-524
-8964
1549
-8984
-6145
-2832
5873
-11260
-7434
-3048
-6383
-1988
6646
-12052
-3824
-992
-4824
-2036
-8981
4
3867
-8968
-2020
-18388
1782
-8972
28
4140
-5883
12
2570
-3072
1030
-6088
-1266
-8184
-3299
0
-2038
-2820
-1026
-5084
4615
3092
6374
-11240
-3326
-2000
5325
-6080
1500
-996
-10201
-14308
6405
-3848
-4112
-9180
4841
-2012
2277
-7132
-3859
7188
-9235
2088
6411
-4072
1292
-8188
-7689
-13252
5634
-13300
4331
-10212
2813
-5080
270
32
520
-3012
-6401
-2008
9758
-9204
10018
-2016
5639
-17396
777
-8168
3823
-3016
-4598
-3056
-6430
-2024
11092
-14324
-7420
-7112
-7438
-12040
-7419
-5120
2529
-968
-1597
-15348
-6394
-6116
4832
1060
-10489
-9212
-786
-19424
-1032
-10220
-5890
0
-3598
-5112
-2028
60
-2259
1104
-2597
-4084
-225
-12228
-8268
1056
-2817
12
225
-12248
-13081
-8168
-1237
-17404
4101
-15356
3574
2108
5174
-2008
-2301
-996
2011
3088
-5612
-5080
-6911
-2044
37
-9184
5081
-2044
-1805
-5068
8227
-968
4861
5176
-4067
-11224
-5117
-20464
2544
-5080
1799
28
767
3096
11024
2068
-1517
5172
7434
3112
7656
1068
8713
-15112
-7134
-7108
258
-13060
4852
-3068
-5625
-1024
2576
-13260
-2861
-780
-17963
-12236
-3838
2084
-11738
-8176
1523
-11244
-2302
-9200
-6606
-10008
1013
-5104
-8423
-4868
-11812
-5084
-7187
-3024
-3359
-14288
-2014
-12268
5568
-5104
1282
-6033
-6149
-11224
1797
1064
732
-3844
3266
-14312
-5369
-6104
4099
-17364
752
-5092
-7402
-10208
-10489
-12288
3307
-17372
2022
-3068
-1511
-9208
2263
-14296
5623
-13072
8182
-7152
-3590
-13252
-1039
-9184
-4896
-10216
-5613
-7120
6149
-2020
4101
-5112
-4641
-20396
-5621
-9164
241
-3044
4146
-13308
1802
-3044
3575
-13308
-5642
-3044
4115
-2040
-731
-5072
8224
6156
3322
-14272
1308
-11232
4077
-6124
3608
-16376
-7698
-6100
-2874
-12220
-2058
-1008
-12
-6108
2303
-10228
-1001
2084
5101
-8156
6673
-7156
-7163
-10200
7949
244
8441
-14336
-5886
-6116
775
-8156
4642
-13284
7165
-18420
-793
-13308
5365
-3044
4638
-1004
-6894
-3060
2829
2096
1033
6172
1037
-1012
780
-12236
-1574
-10208
2603
-11216
755
-7136
-4071
-8172
-3093
-5088
-1273
-16356
7718
-11248
1044
-10232
3591
-968
3864
-12256
-3313
-11252
8456
1040
2811
-10196
-6661
-4872
3560
-14320
4650
-12272
-11013
-14324
3083
-6120
-6862
-4088
14358
-6092
-1278
-3072
-2308
-3848
3854
-8164
-5343
-10004
-280
-12040
-8161
-992
-1781
-11244
2548
-984
2533
1056
-9696
9256
-3091
-11232
6405
-4052
4338
-5116
4846
-12264
6167
-1024
-300
-10216
-3302
-16320
780
-8168
7458
-5904
2826
-5112
-2049
-2864
-4368
-7140
1574
-6108
2556
-3852
2050
-16376
9005
-8968
-4647
-15328
508
-8160
-3574
-5080
5358
-7140
-7695
-11236
-6428
-8156
-2322
-988
-4334
-1996
2559
-7140
-10747
12
6137
-9184
-3837
-6144
6411
-3024
-6853
-5120
-6387
-6144
-258
-6128
-2051
5148
1280
-2040
2056
-2020
-4085
-4044
8207
-5080
4104
3156
-5378
-6112
4081
2060
2843
-6096
-2316
-8164
293
-5060
-4078
2300
-2064
2060
-5909
-2004
-775
6172
6671
-16344
9238
-3048
6137
-5060
5350
-15360
-3054
-5108
23
-5064
9455
28
3060
-3024
-536
-13276
16646
-14320
-761
-1004
258
-4032
-6407
-4076
12828
-9156
7907
-14320
4113
-10192
-4838
-11252
800
-15348
7422
-964
-7666
4
-7409
-8976
1538
-10216
4
-2044
2560
-10236
3057
-4868
2088
-15352
-5084
-3052
-1540
-1988
2062
-11192
-3099
-9156
-13550
-8152
6427
-7128
2811
-7952
5088
-12268
762
-13292
-8447
-9172
3832
-8144
-4342
-8164
6939
-8172
-256
-10168
3051
-5112
-528
8232
1248
-8128
757
-8148
-5106
84
-9
-5072
2546
-12248
1533
-4044
539
5148
2308
-2820
-3846
-9144
-240
-7132
-6181
-16344
3304
-12268
4645
-12232
9999
-7144
1776
7180
-2072
-10228
5397
-17396
6661
-14308
7
-4080
-7972
0
-1307
-17172
-32
20
5641
-9184
-15
-5900
-1769
-12272
4096
-5108
8436
1084
6645
-7952
7397
-11252
2800
36
11814
-3044
-9732
-2012
6903
-11216
-6661
32
5609
-5056
4323
-10188
1298
-8172
5882
-6112
-3040
-6128
-9220
-9204
7671
-9168
-256
-11080
-250
-5100
995
-6116
-2322
-3012
1011
1084
-513
52
2548
-6104
7437
-10220
5624
-15320
8701
-2000
-4869
-5120
-2089
-9196
2020
28
-1284
-11177
11545
-7108
-6924
-7140
-3066
-14280
1817
-5948
-7682
-10232
3327
-9188
242
-8164
-231
1076
-453
-1000
-6938
-3072
1000
-8148
8675
-10216
-4617
-15348
-2540
36
-7
-5076
-3840
1040
3858
-23048
2000
-21484
-1018
-11240
-6658
-5084
-9492
-10236
1505
2060
7905
-20456
2806
-10228
749
-12256
2820
-8152
224
-7088
4868
-7144
-17
-11252
8940
-10224
740
-14308
-4830
-7112
-3870
-7144
-2520
-13276
-6678
-7144
-7193
-9204
2318
-988
-1044
3108
-7670
44
-1289
-5080
-3836
-12256
-5393
-11196
-4883
6152
-1284
-15332
-1787
-6088
8219
-10188
759
-12252
2055
-9176
-1577
-9216
-2834
-17380
10484
-14308
-2295
-5044
-4885
-10224
-4376
-8140
-12
-10240
273
-13292
4070
1068
5166
-16340
3554
6156
-3848
-12252
-3055
-9132
7400
-8972
3307
-5120
-3565
2284
3821
-15304
-11242
-7140
-3080
-12272
2573
-3852
-4106
3096
12802
48
1824
-10212
2011
1052
6136
-3064
-3565
-2824
-32
-8964
-8464
-3052
11284
-1984
3580
-6064
3332
-16376
5132
-7132
-12290
-6140
-3354
-8168
14379
-5080
-471
-11240
-7405
-14328
-1549
-12260
4891
-7164
-3356
-3040
6629
-15340
-1780
-6112
3344
-5104
-1031
-8968
3309
-14312
-39
-980
-1022
-4032
-10248
-11240
3354
-10240
-3789
-14272
-9189
-6096
-8967
-7144
1046
4128
-14
-1000
8686
-3040
3346
-15304
-5612
-11252
2027
-8148
8972
-5096
-6637
1068
4091
36
8749
-7144
1297
-8132
19
-15320
-5887
-17156
-6660
-9180
1515
-4096
3062
-10168
768
-8172
-4384
20
-4339
-6120
15602
-8188
3071
-5912
6688
-16360
-33
-2836
-9733
1048
-1287
-2000
-7666
-8184
11552
-10196
489
-984
-4619
-13304
5406
-11252
-5920
-3848
-5093
-9216
-1793
-15332
-7182
244
-11262
-10160
-8966
-7156
3316
-4048
763
-19436
-6127
-6108
-4104
-6120
8429
-5096
-5094
-1004
-2822
-10208
1781
-11204
-3595
-6108
1539
-14312
284
-4048
2075
-8176
-2562
-10176
-278
-22244
2601
1100
7666
-1992
4633
-9208
6408
-9180
-4846
-3844
-2041
-7956
2313
-10208
-1054
-10228
-2311
-9148
21251
-16132
5646
-8160
-2824
-10216
1018
-2020
-3829
-20432
-2274
-11240
-2550
-10220
4092
-10172
5372
-10172
-7668
-4068
-1790
-8188
6903
-5076
-5404
-7940
-1810
-6108
12278
-10180
8186
-7136
1272
-6072
2568
-13296
5126
-18432
-8966
-9188
-3370
-13268
-4612
-10192
-284
-9172
-4646
8
-748
-15360
-1562
-9140
4375
-4868
-7184
-12232
-2063
-2008
2327
-23244
-1041
-9180
4133
-3032
-1552
-9188
1550
-17388
-4624
4124
-6137
-10240
-4105
-20472
-10226
-11244
5646
-14328
6149
-11212
7396
-1972
3857
-11036
-776
-8184
4612
-9204
-1533
-6088
508
-11216
8955
20
1264
1064
556
-6084
-9701
-15336
-2815
-16380
-553
-9184
-9483
-4884
7954
-5072
520
-7140
-524
-10208
7430
1060
6641
-12264
2026
-5100
-11779
-1800
6155
-14312
-6671
-9196
2565
-13260
-4104
-14292
468
-12244
-4114
-7116
8679
-12260
-8436
4120
2030
-7160
5384
-9180
-4358
-12284
4065
-14332
8715
-8160
-6162
-2848
-9483
-2024
-1799
-15316
-5131
24
3585
-1988
-7165
-2824
8429
-8172
-11511
-11188
-13876
-16380
7721
-6100
-5655
-4060
-3082
-11260
8233
2084
-5098
4144
4066
6180
759
-9196
-1280
-10212
4615
5176
1805
-15316
2525
-9208
285
-10212
3598
-7132
-2294
-10184
-2807
-5072
8944
-9192
-1001
2064
-1563
1032
-1784
-11024
3085
-3040
3103
-10236
-725
-11248
4579
-7160
-1820
-5116
8983
-22240
-2831
-3032
2810
36
-9221
24
-3078
-10204
-4618
-10196
3317
-976
-5898
24
12064
-3048
-5604
2068
8219
-5060
2297
-6940
8192
-14304
-4332
-3040
6885
-960
-3083
-9200
-14326
1100
-3294
-7132
-3059
-16364
-5338
9268
504
-15324
4615
-18404
2030
-9168
2559
-17396
7429
-8148
-1774
-9164
3299
-13296
6411
44
-6915
-14092
-1516
-16356
7152
-12252
4
-6112
266
-7156
-789
2072
3572
-4876
1511
5160
3319
-4060
2571
-6112
3819
-7144
4344
-3064
7411
-10200
7434
-14324
-6672
-5080
-229
-10220
-10754
-996
2839
-11248
3839
-10200
-9180
-5080
-5373
-7112
-3071
-8172
-266
-14245
2568
-6100
13066
5136
-12057
-1000
5129
-3048
-9444
-9208
-4113
3112
-1259
-6076
-2082
-1808
6154
-9168
-12031
-11244
-3621
-5088
-274
-1020
1803
5164
-5635
3080
2818
-12232
4883
-5096
15
-12288
7467
-4076
-787
-6088
6936
-2028
-5092
-12224
-6438
-17400
-5917
-5088
-1039
-5084
2044
-960
4101
-1016
5368
-1000
-3591
-992
4098
-3048
-5378
-10232
-3820
-14316
-1758
-9152
3101
0
-27
-5088
-5356
-7140
-33
-15328
33
-20436
-2274
-7944
-6904
-14272
2809
-952
-3837
-8180
-1026
-2828
6890
-5944
-1751
-12244
5374
-3864
-6915
-980
-7189
-5080
-3885
36
-4320
-3064
5109
-8172
4077
20
-3305
1044
6615
-7160
-1281
-9192
4880
-2992
2854
-5100
-527
-10200
5615
-6088
-232
-1000
533
-9188
-5626
-9176
-3829
-12244
-3540
-9204
6407
4
266
60
-715
4144
-259
-12256
-4085
-8172
5894
-15352
-3057
-1008
14578
2076
-4861
-10212
2037
-6116
-2536
-11036
4092
-12272
7663
-17372
-3271
-11244
4609
-18412
-9171
-7140
-275
28
-6175
-15324
3089
-9992
3319
-4076
-294
-15304
2308
-11220
498
-8176
-524
-6100
-8953
-16340
7162
-14304
9993
-3060
-543
-12284
4088
-18432
-3807
-15328
-4335
-9988
243
-7112
-8987
-17380
-276
-4084
6660
-2012
-5840
-8160
7680
-8140
2065
-3048
7919
-2000
-1545
5148
1543
-4028
-2556
-16332
-5668
-5104
2577
-7108
-11269
10260
7410
-5088
-3080
-4876
14811
-12224
4617
-11228
-494
16
-11774
-13284
4592
-8148
11521
-7160
-1071
-8164
2056
-15304
8165
-5076
-7134
-8176
-4085
3140
777
-5108
276
-14280
-6923
-6124
5927
-6076
-2818
-7120
-4303
-8156
-1271
2084
3073
-1016
-3843
-6140
-2803
-4088
1055
-10208
3827
-13060
-8195
-13312
-494
-3016
7435
-9000
-5095
-9184
-15365
-1000
-15613
-14320
3313
56
2857
-3016
12070
-4084
-2285
-16356
-4345
-2012
-1517
-772
3343
1036
9457
-10236
10975
-13232
6934
-16336
273
-12240
-2
2084
5632
-3044
-7438
6184
-7161
1056
-5611
-9172
8982
1068
-1547
-3044
2050
-8148
-4342
-6096
6149
1272
1268
-11240
-4298
-988
2824
-3044
8180
-8156
-502
-10184
4124
-8156
1049
1032
2065
0
2840
-12236
1042
-14276
-1525
-8176
6116
-6124
-4840
-4880
-491
-16340
8684
-11256
3064
-9180
-5134
-2020
-11789
-10188
-3883
-21472
5889
-4068
1274
-8136
-3337
-9216
9726
2300
-7
36
2070
-3024
-3587
-6932
-3820
-11224
3322
-996
263
-12268
258
3308
-2272
-10208
7420
-9184
-5401
-6100
-3833
-6112
-1283
5132
15341
-4084
-7946
-23256
9196
-4088
6136
-988
-7422
-13260
2589
1060
-8241
-10220
5887
-11228
-6917
-8164
2023
-8116
3845
-11248
6668
-5068
1786
-5896
-1282
-8144
-15098
-7160
-6138
-16356
7690
2276
1503
-21252
-5337
-1980
5641
-17360
20504
-984
-1033
-4064
14877
-18396
-3590
-8184
-17
-17380
2571
-25308
9215
-13248
2035
-9168
-4630
-5072
4597
-6144
5862
-17352
4844
-9168
3808
-3028
7657
1076
-16134
-13296
-4866
-8180
-521
20
-5403
-26364
59
-9188
-1786
-9176
6157
-13296
-2343
-5112
-4358
1068
4060
-11224
8733
-6084
9219
-21264
-5117
-6128
-5103
-9196
4089
-8144
-7674
-8172
3849
-3032
-3307
-3064
8218
-10208
-2829
-11228
-2559
-3004
4639
-15320
-8173
-11232
2590
-1012
-2528
-8972
-3328
-11228
-1304
-6916
4880
-2020
-5132
-980
4104
-6108
-7434
-7168
489
-7132
1051
-10204
3059
-4092
-5631
-7164
5131
-20428
4855
-12256
10500
-12260
-4081
-14088
6950
20
-4629
44
748
-6072
-8437
-984
2309
-12240
1772
-15336
5654
-8180
-2289
1080
7936
-23264
3034
-4072
-2083
-10236
-737
-8184
5128
-11236
1555
-12228
3057
-12264
6661
-13280
-1300
1064
-537
-9172
7407
-13284
-1537
-3040
5900
-14316
-5114
-9208
7182
-7160
6148
-25092
3086
-5096
-2814
-12244
4854
-11220
-6661
-10216
4349
-12228
4636
-9180
2041
-9172
4920
-8176
2040
-12252
7449
-6120
266
-8140
-13072
-5100
8423
-2992
-7639
-9140
-9746
-8132
2776
-7124
496
-17344
-7929
-10236
3840
-20456
1774
-7136
-515
-5108
8449
-3028
8445
-1996
-3054
-3056
7185
-6952
-1519
-1988
-4385
-7116
-2870
-7112
-5649
-1004
-1815
-1804
1554
10472
1242
-9204
3345
-3052
-10803
-2004
11254
-11240
-2551
-10200
1799
-10208
-1790
-3036
-7415
28
12508
-14272
3568
-5088
-6670
-7108
-2571
-12044
4321
-7128
1023
-14108
-5868
-8124
-6399
-7128
-6937
-4064
14841
-1016
1806
1060
-4867
-8984
-1047
240
5072
-10224
4071
-4880
3
-12264
4578
8204
1019
-10232
4917
-3056
4850
-4088
1020
-14304
3326
-10236
-13815
-10220
-4376
-2024
-1759
-24260
-2275
-5104
2515
-6092
2316
-9216
9164
-18412
-17641
-988
-516
-10240
-8719
-5100
7389
-11204
274
-8172
2301
-5072
-1015
-15292
-1299
-13072
3842
-8160
7447
-5116
-2588
-13284
-6935
-16372
-8214
-8140
1023
-15328
-3075
-11240
7154
-8124
-14067
-3052
8199
-15356
-276
20
1539
1080
280
-6104
-2013
-9180
4349
5372
7156
-8972
-7678
-12236
11538
-780
1290
36
-12553
2096
-11495
-12252
-2079
-14104
-2066
1028
-3823
-8168
2065
-10212
-6163
-1020
-1795
-19408
10462
-20468
6412
-3032
-8422
-3048
-2569
-4044
3586
-8144
5377
5152
-9226
-956
-776
-6116
10991
-4032
2299
-10216
-2786
-5108
9465
-9168
-7938
1080
1597
-6112
1250
-9192
-4085
-13276
-6122
-14304
6650
-2020
4103
-3040
295
-7128
2279
-7164
-4381
7180
262
-11228
-4622
-6120
-796
-9996
-4623
-11024
4878
-13064
-2531
1052
5886
-996
1282
-15300
-3299
-10000
-2564
-12256
-511
-6104
-5410
3324
-8925
-7128
6908
-6120
-2051
-18412
13333
-5112
-12
224
-4623
-14260
-4598
-13292
-1261
-3068
7963
-3000
3602
-8172
-995
24
-2596
-4032
-12800
-4048
-6635
40
5668
1036
10196
-15340
-1547
-13272
2058
-1796
224
-8144
4880
-3004
7695
-11248
-273
-14276
474
-15280
-2556
-11236
-4358
-8176
-9953
-14284
3789
-976
-4084
-7136
5088
-8172
1073
-8164
7203
-9184
-2533
-7152
-2037
-7140
-3047
2084
-11520
-9192
-1293
-1988
-5636
-9180
1809
-15320
-4603
-1996
10998
-11248
3584
-8156
-8205
-6088
1025
-8144
9983
-15324
6125
1056
4135
4120
3812
-3056
2785
-10212
-5335
-9200
592
-5076
-1547
-15324
776
-4056
-4316
1060
-7929
-6112
-7930
-6116
-1004
-5084
15
-10188
6106
-5088
-13032
-8164
4586
-3024
3316
-6084
-2028
-13284
13825
1056
-5867
-14284
-5656
-17372
4572
-15344
5870
-3052
4647
-10196
-5353
-19448
-1262
3120
793
-14256
7907
-16380
-2297
-21492
-2316
-14316
2059
-15320
-3294
-9208
-561
-776
-975
-8156
-5634
-8132
2331
-6100
2814
-10204
7956
-1016
-4612
-12256
-4148
-10200
-6667
8248
-6896
-11204
-3020
-8124
6430
4116
17154
-17380
-3087
-11264
3108
-19420
269
-9192
-3310
-11212
270
-10004
1785
-10204
4061
-8164
9197
-13260
-5105
-11248
-4597
-7152
2505
2052
-1018
-13304
2803
-9188
-6677
-2848
-12249
-5108
10
-6140
1245
-9184
-6891
-5100
-2812
-6076
4311
-10196
-2858
-8156
-5892
-11236
-4599
-6104
-7945
-2028
-8959
-976
-750
-3032
-4616
-11236
2549
-9168
-2294
1076
-44
-16324
3095
-10216
2563
-8172
-2849
-14284
-3367
2060
-1268
-5056
-4620
-3040
11280
-3064
3576
-11228
-1813
5136
-10
-8156
-10507
-12256
-1045
-16372
-3082
-18384
3066
-5088
-5119
-8160
-13295
-9176
-8444
-10240
4072
3084
-4567
-14296
-791
-2040
-5121
228
-5877
-8136
8198
-11248
-11026
-13276
-771
-5100
2036
8
-796
-9192
5390
-9164
282
-8116
-2288
-6088
3592
-10204
7139
-7112
-1803
-17372
-7980
2048
10005
-8144
4154
-11224
8149
-13304
7194
-7164
7696
-1980
3050
-4072
1270
-10228
-6665
-8184
-1243
-1984
-3057
-9184
2553
-12040
1
-5052
2574
-13292
8199
-15352
2548
-5084
-4057
-12248
9995
-6140
1005
-10000
4067
1064
762
-9216
-1798
-6124
-8948
-4068
12550
-2024
-9223
-980
-2816
-9180
-5682
-4868
-4904
-9204
-3864
-5048
-3829
-8180
-3067
-22240
-4869
-12236
-2802
-18396
8478
-6124
-3587
-6124
-1528
40
-25189
-9192
-537
-8156
1
-5120
2578
-7132
-4354
-5096
10244
4312
6138
-6084
15395
-3048
5127
-988
-3355
-7140
7406
-9192
-3842
-18392
3059
-6092
504
-10216
-5132
-25324
-15833
3100
4581
-11252
-5646
-7164
-1034
-12208
5393
-13252
773
-18412
-7688
-20416
-457
-4056
-4595
-8152
8458
-9125
3557
-13272
6420
-10200
550
-10180
-519
-11248
-1276
-7944
-11013
-3056
-10486
-8013
1004
-17400
5371
-5100
4124
-6108
-6440
-8184
23831
-8144
-766
-5104
733
-7132
6092
-8168
8228
-3044
-8210
-12276
-749
-11220
11232
-4048
-8194
