-1000
2334
-3852
-2823
-984
-4074
-3064
2021
-3048
-9254
-2016
-271
-4880
7196
2072
9523
-3868
2557
-5076
-755
-1008
-3330
-4068
10246
3076
-760
-6116
1272
-6100
-3090
-16352
-4323
56
5614
-11256
-6939
-9160
10039
-9204
-1021
-1000
1532
-6128
244
-9208
-3324
-6140
787
-12260
4317
-2020
-3869
1064
11763
-2836
-484
2068
3082
-7156
-4604
-5096
4873
-15112
3283
240
-768
-9172
-2845
4096
-6675
-20456
-1495
-9172
6422
-7120
3831
-12252
1051
-13292
-8457
-11244
8729
-5084
12284
-15348
500
-16344
3619
-11240
-8158
-2036
7429
-10228
10204
-7156
3575
-9156
5117
40
-2598
-10212
-15160
-8152
-3573
-7136
-4351
-11224
13278
-14328
-2618
-7128
-3573
-10236
-9259
-9212
3580
-5892
1287
-7140
2576
-7108
5101
-960
1781
-9196
759
-3048
1283
-11260
-2053
-27344
1023
-8164
-2010
-16328
-3624
-9156
-3810
-10200
11297
-7092
2566
-6140
-11773
-11244
-5142
-15336
2801
56
13590
-964
2272
1084
2839
-3064
-1831
-9200
-2812
-13084
2033
-18420
1555
-9988
7439
-5080
1530
-7140
-2340
-5092
-3584
-6120
3340
-17164
4619
56
3336
-6112
3099
-2016
12546
-11260
-261
2120
-2833
-6104
6927
-2032
1541
-20476
2040
-1012
-9739
-14324
1275
-1012
-8935
-9212
-7174
-6108
-1540
-12240
4077
-14316
1783
-3048
-7398
-5100
6403
36
-3576
-9180
-2777
-7128
3284
-9168
-5341
8220
7685
-13292
-7691
-6132
-1273
-2036
-2558
-13288
-13581
-7112
-530
-4072
2854
-5900
3318
-4084
-1305
-11260
-2323
4108
4107
-14300
-1530
-3032
-1551
-19396
-531
-9200
-7907
-7136
1822
-992
-7664
-10192
5826
-10192
-3124
-9168
-3316
-18388
-1543
-5904
5918
-3876
-4564
-13284
2629
-8164
8387
-7128
3303
-17348
-9446
1272
1284
-11224
-3071
-1992
-14823
-10200
8446
5364
233
-8156
-3847
-2016
-4598
-11208
-964
240
-545
-3844
4399
-7088
249
1052
-3819
-10220
-7977
-3020
-1542
-7124
-6671
4168
5399
6380
-3058
-6120
769
-10220
1023
-2040
-1026
-8144
-4371
-5052
-1013
4144
8446
-22212
3598
12
1276
32
778
-11244
4601
-16344
-8475
-9192
-12316
-8152
-13088
-11244
-4388
-9200
11250
-15124
5388
-8188
5354
-3064
-1528
-3028
512
-10212
260
-2020
4088
1100
-5359
-16144
-6904
-9129
-5896
-14308
-4645
-7156
-13
-4076
-5396
-3844
10988
-20412
-6123
-12268
3807
-12232
5344
-20420
-4859
4120
-13073
-13292
1533
-8156
4076
-4048
-9461
-5084
-7929
-3028
2336
-3048
258
-6116
6924
-11240
-6432
-3032
-9423
252
-4059
-14284
6320
-11212
-1010
-9180
759
-16360
-985
-5084
-1511
-6116
-1312
-7128
13072
-3028
-3042
-2008
4322
-18408
-5382
1032
-6128
-2028
4884
-11216
12821
-784
-7949
-2828
-4329
-7940
-12309
-980
-8156
5196
-2316
-12264
-3859
-7124
-8447
1044
-3593
-1012
3319
-6128
5667
-13276
2839
-9204
11
-9164
-5644
-2008
2795
-9192
1516
-16352
3071
-14324
-1541
-984
-8696
-11240
3339
-13308
1280
-5904
-2520
64
-3861
-9164
4344
-12272
-4928
-5896
-5649
-7140
3817
-14288
1255
-14288
-989
-3056
-32
-15344
-1274
-7136
-16872
-20460
6429
-12264
515
-8168
2840
-8172
-1033
-6140
1547
-9200
6892
-3024
752
-10204
225
-3024
-241
2048
-4614
-9164
-5405
-7956
4355
-8176
8194
-8144
-748
-8176
-9979
-5096
-1059
-16344
2045
-18352
4615
-8168
2825
20
-36
-1020
10740
-7144
8705
-6928
6150
-11240
-2276
-1020
-4386
-7148
-1562
1060
1536
-3048
2820
-10172
-9481
-12284
6140
-2036
3841
-10232
-10259
-6124
-3322
-6116
1261
-1008
-524
-19424
-1559
28
-4907
-3040
1554
-8176
-1030
-14288
7964
-19452
8992
-7132
-3615
-12272
-6896
-10164
1331
-8128
4618
-7148
-8199
-5056
-7211
1076
-1008
-9152
2052
-16360
-12286
-19424
-746
-9988
5110
-13296
6878
-5896
-1256
-14316
1518
-1004
515
1032
-7114
-5068
8643
-11240
8180
-10196
5378
-14276
-8698
-17380
-2037
8204
-2058
1068
-16894
-9196
-2014
-11192
-6152
-3036
12552
-8168
2826
6208
-2046
-16372
2053
-11248
-1788
-6116
-4394
-7156
-277
-5112
1050
-14328
5344
-17380
-5907
-9176
-6620
-5108
3045
-4068
779
-10220
-1772
-4036
1774
-12244
-10245
-8192
-10998
-3004
-3864
1076
-4117
-12036
-6405
-12284
14334
-16352
4613
-7128
-777
-7128
-5116
-5060
-2547
3108
-2802
-8184
7420
-14328
-3089
-4084
751
-8184
6157
-6940
11002
-7132
-4906
-3048
10252
-13248
6913
-1992
536
1268
-2279
-15352
2580
-5104
-3381
-5104
-4112
-4084
1797
5128
5375
-10240
6895
2068
5654
-11032
-5112
-8120
9498
-4040
-4896
-11212
800
-6128
-3580
-3048
5096
-19408
-8197
-9172
9991
-4096
-5147
-6092
5378
-12252
11768
-7104
-14350
-1004
5627
-14308
-8692
-10212
1531
-15356
4598
-12248
-11539
-8144
-774
4152
-4659
-6916
-5384
1064
1823
-5088
5638
-5916
5914
-8192
-4341
-10220
5875
-6064
-3065
-4044
-13827
240
-2574
-1004
3613
-11028
-1241
-12208
6134
-6088
-1025
-4868
273
-12284
-758
-14284
7671
-6124
10023
4124
4841
-10204
-6409
-10172
-1295
-3852
-1529
-13280
1034
-10240
-9965
-16344
719
-7100
4645
3100
2532
2072
-2541
-5084
-4351
-8172
-12537
-2004
-1536
-13304
5663
-4032
7913
-11236
-6887
-3028
-10271
-5904
6154
2092
-9961
-11240
747
-996
6885
-6916
-9459
-2012
2297
-3048
291
3100
-3092
9228
-2564
-3068
5114
-2024
5116
-1020
1780
-7112
-3572
-5068
-3052
-3004
-7171
-5084
3338
-2044
-1542
-14300
2327
2092
14
-8152
3617
-8144
6420
-13284
-3035
-10204
-3601
-5084
4847
-3848
4062
-7136
-2587
4108
-528
-5900
-3871
8
800
5368
4353
-4060
5113
-9196
-4116
-6140
-4088
-14300
260
-1008
5632
-6104
11998
-3856
-8966
-6108
-1046
-8176
1556
-11024
-6389
-5892
2269
-5096
8200
-10220
-3309
-776
2552
-9196
1265
-14324
-3334
-17360
-2345
-988
1809
-9212
6106
-4088
-4344
-8184
-1532
-6116
7894
4120
-1018
4340
3325
-18368
11242
-10204
-6677
-10220
-8700
-13288
1733
-5116
-5649
-14328
-4363
5144
1812
-16364
-2283
-13280
-4874
-8152
3086
-11248
5863
2056
3346
-9188
-9453
-9192
9951
-10232
-2320
-11224
5623
-5100
5639
1060
-3298
-6100
-1550
-13296
-4607
-20444
-734
-10228
4094
-1984
6135
-8164
2503
-8120
-4911
-10196
-4356
0
242
-16344
3589
-1996
-7403
-16308
6121
-10220
3834
-18380
-1256
-9164
8193
5360
-482
248
-8485
1032
-7674
-1992
-19
-13292
-5410
-13288
-3086
-5112
-2090
-2016
-7463
-8164
-4598
-1996
484
-4080
-5335
-9196
-11
-2020
4604
-9208
5871
-14296
8416
-13248
6912
-6108
1288
-4064
-2298
-5100
1050
-5896
-12300
-6136
2562
-4084
759
-9192
4091
-4036
-1529
-5068
7929
4336
-4328
3088
5937
-10184
-11286
-3012
-1019
-6108
269
1048
-6911
-4056
-7659
-11232
-5185
-13284
-8241
-15320
-6943
-4072
2296
-13260
3054
-7108
2076
-9168
-2028
-13084
-4905
-9216
774
-3848
-1035
-5084
-6407
-5064
-7916
-12280
-983
-2032
779
-3856
-4362
7204
-5338
-10216
-4872
-15352
-2259
-8164
9725
-8156
-528
-12276
-5627
-13292
6626
-3036
-8928
-8188
-4355
-7940
-6168
-6120
-6905
-8172
1513
-9212
-3295
2104
-787
-5104
3861
-13064
2791
48
3836
1104
4638
-5064
-4329
-780
7426
-20420
2799
-2000
-2566
-8140
3050
-4040
-3816
-6124
-2805
-15316
-5121
-7120
-5888
-15320
3578
-16356
-754
-8152
-2814
-5104
11
-2036
4816
1056
522
-8184
-4600
-5116
-2581
-5060
8709
-9180
-2580
-12252
7985
-7156
1516
-5076
5884
-6140
4615
-8976
11477
-9212
-9724
-1012
434
-8140
5655
-11016
-1538
-6140
-6422
-6120
-493
-15316
4357
-15320
-993
-13272
-2576
-4044
757
7408
2341
5296
-1235
-7156
-3813
-6096
-6445
-6092
-739
-9212
5625
-15108
-5886
-7136
-4096
-5060
6984
-1000
1286
-3860
1544
-5092
-1313
-4088
1
1276
4071
-3852
-4119
64
-6894
-9208
3036
-11236
-1290
-5084
2796
-5108
-6713
-3028
-7391
-4068
16604
-11236
-2040
-11012
-7665
-5084
-3847
-16384
13087
-11212
-3634
20
-1507
-9196
1301
-13209
-7943
-7124
14634
-6128
-700
-3004
-3305
-8124
8415
-8172
-2838
-17356
-286
-5080
3096
-13296
2
-13264
3838
-4028
-6166
-9164
-2589
-15344
9491
-6116
-246
-10180
-3325
-2836
-1531
-8152
-518
-3032
-4853
-996
-3557
-984
9469
-10216
-2555
40
1274
-12284
4591
-12048
7692
-16360
-4582
1084
273
-10188
3562
1056
-8479
-7940
3828
-11248
-6905
-10200
4609
-4060
-5899
-16360
2307
-8184
-3850
-9176
4616
-6116
2804
-16356
9725
12
-531
-8976
-6157
-17388
-4063
-3044
-2578
-7120
1788
-1012
-6154
4128
9496
5160
5611
-996
-2029
-4076
-1258
-7124
9466
224
-3086
-5092
-4839
-4048
1833
-11224
3549
-5072
1828
-8968
1266
-13308
-1022
-6104
-3868
-3044
3582
-4096
10009
8192
-7194
-7120
4848
-3044
-10762
-5096
-518
-8188
-4353
-5112
-1258
-11236
5655
-19456
775
-12232
2824
4
-1033
-4068
-11534
-3020
8192
-10220
11254
4348
11516
-15292
-7153
-7152
9
-14308
-1547
-19440
4356
2068
-3830
-16368
6635
28
-547
-4064
15352
-9204
-3612
-13288
-3299
-4064
-11279
-7120
776
3112
2016
-14312
-2278
-20444
-9235
-6108
6933
-9216
3587
-10208
10749
-10224
-2564
-8192
3072
-7120
7922
3112
-3101
-1796
-4105
-21504
2803
-6136
-227
-4904
-1809
-1992
-5625
-13280
764
-4072
8222
2120
3831
-8148
6373
-5112
-5875
3076
-4884
-2044
3340
-13300
-2789
-11024
791
6388
1047
-12252
-3324
-9196
1813
-8176
-7390
-2044
7178
-9184
-4604
3104
6391
-12260
-1302
-9188
-9988
-2032
-5153
-14332
503
248
976
248
12
-8192
7186
-11256
-3091
-17352
-1785
-8160
2267
-6120
-1019
-11224
5344
-10228
7420
-21468
-2819
-11236
-742
-12260
-9496
-2004
4086
-15112
-2309
-3044
822
-10184
3565
-9204
6664
-12197
517
-4060
-4368
-13264
4870
-12252
-4854
-15108
8981
-9192
1530
-8184
-10274
-3044
12533
-14324
-1260
-16356
8674
-10200
3830
-3048
-5105
-6112
1014
-12232
7679
-7152
-4904
36
-775
-13260
4587
-16332
3069
-12236
-8725
-5088
-1546
-11232
6912
-10188
-7676
1048
6374
-2985
3553
-11196
-7
-7132
6626
-2004
-1774
2064
1266
-15348
-12294
-11236
8187
8
12249
-9136
11025
-17364
-2009
-13252
-289
-4092
-3333
48
3344
-16344
1288
-22256
8699
-5076
-3043
-5072
4397
-12284
-510
-8984
-2302
-7132
-4047
-14308
786
-17336
6926
-14336
5371
-9216
-9446
-8192
-2066
6208
-4856
-10216
-5104
-5104
7660
-7140
-1519
-19404
-264
-4072
-1057
-16356
4085
-6924
8650
-2028
516
-3036
1282
-21468
3070
-12260
-2293
-6128
-249
-6920
268
-7148
-1552
-13280
-2051
-8188
-8964
-2036
-779
-15332
4108
-1992
1285
-3052
2030
-9200
3843
-18376
4352
-6096
-2537
-9200
-1295
6208
-1567
-4028
-4862
1092
493
-5080
-3342
-14308
1768
-9216
3120
-3064
1774
-9188
6161
-15292
-9695
-7136
539
-5112
1536
-788
7958
-12252
-766
-4068
-282
-6092
3299
-14320
-4834
-9160
7638
-10224
1310
-3008
-8442
-4068
3339
-8164
-755
13340
-1786
-11228
3332
-3040
-2064
-1800
8963
-6924
-4358
-16332
3847
-8184
-8262
-11020
11761
-16332
534
-15320
3815
-14304
-4659
-7952
2578
-7148
8941
-7160
6463
-2008
-1797
1072
-778
-7096
1014
-10208
-9704
-3024
-4852
-4036
-4665
-3040
-7187
-3856
5125
-13272
-1276
-15308
-998
-15316
14129
-15324
1807
-9188
1531
1056
2061
-9148
-2023
-13280
2022
-9188
-480
-19424
1789
-1992
2543
-5084
-2315
-6092
-8685
-3848
8197
-11212
-1021
-11232
6370
-4868
-5365
5156
-3887
-8172
-1
-21456
8685
-7132
-4579
1068
-5152
2100
6144
-5120
494
-18376
-3041
-9188
-11022
-18400
-10263
-4056
8988
-13264
772
-5068
12835
2060
9968
-13276
-5390
-9216
-5878
-4020
-3547
-4084
4351
-2012
-767
1028
-9205
3116
-1542
-16336
4077
-3044
-803
1052
-2801
-10232
8459
-9208
1
-8136
2322
-13260
-1251
-7116
-2837
-9204
-6133
20
2026
-7164
-1044
-7128
4370
-15308
4382
-1012
11525
-9216
8467
-14276
792
-3016
7155
-8152
1005
-8156
-7199
-2036
-1072
-10192
4110
-6920
-3068
-8172
16
-2832
-762
-8176
4366
-980
-285
-9144
-4142
-13080
6881
-11204
-1797
-5112
5613
-8144
-5637
2072
5870
-6120
-12066
-6092
-521
-9196
-3328
-10224
4860
-13292
532
-7148
1260
-8188
4891
-9164
-1261
2300
2078
-3044
-1563
-3068
3063
-16360
-8430
-8184
-2303
-19400
1019
-13264
239
3136
1569
-18424
-4859
-4076
-4081
-3044
-5874
-2044
3073
8
9271
-13272
-1535
-13292
-1555
-13252
-3314
-12288
-1792
-8136
-8686
-12216
-4076
32
-4380
-3044
-3364
-10196
-4114
-9176
-7449
-4868
-11795
-6116
266
-14316
1535
-8168
506
-5064
-1305
-21472
217
-13280
2024
-10216
521
-3048
6632
1044
4602
-7144
-6123
-7148
-519
248
6889
1044
-4366
-1996
-2818
-15296
5888
-13272
10248
-3024
3561
-3036
5642
-14312
-1327
-6104
-481
-4068
7714
-11256
741
-1008
-8181
-7124
3840
-7104
3855
-12256
-12022
-1000
3541
-1012
464
-17400
-5891
-3044
6899
-2016
4636
-19369
-24
-13288
-5113
244
4582
2072
-17953
-8180
3104
-12268
-5646
-9216
-3818
2068
-6160
-6916
-4876
-13240
-1804
9240
7725
-7952
4583
-16332
11261
-13288
-5893
-9172
8706
52
-4330
-3020
-260
-4080
5077
-17392
1239
-12252
-2829
3116
-2824
-7120
294
-15340
3853
-15324
2059
-1000
6168
-10188
-8671
-8164
-2557
-14300
-7945
-9188
-8458
-10220
-3067
-9168
750
-23060
7904
-7136
-1259
-11240
5626
-3012
-2001
-2024
525
-9172
-5401
-3052
2581
-6128
-4389
-7140
503
-960
-12017
-5076
739
3116
-6416
-14276
3833
-7144
7461
-20476
-9708
-11220
-3836
-7108
-6953
4176
-13776
-12268
11479
-1000
9715
-10216
-2001
-11224
3876
-17384
5912
-9152
-5903
-15316
-5617
-15300
9509
-8168
-5879
-7156
2819
-5084
3834
-2996
754
-5088
-4317
-10176
-5627
2096
9707
-6092
-7401
-780
6384
-8156
5379
-11236
-1260
-1012
-4612
-8172
17650
-3008
5616
-3048
5867
16
6933
0
-6893
-11220
1537
-6144
-13078
-6916
11793
-12248
-1515
-14288
7416
-5104
-3297
-12272
4612
-3032
-1795
5160
-9225
24
12252
-9172
-14850
-3032
1533
-4056
7423
-12248
1775
-7112
3618
-4060
3864
5152
-750
-5092
3040
-13248
4885
-3044
8714
-7136
4351
32
1556
-4044
-3605
-10180
3069
6188
-6435
-8152
-2286
-2008
4341
-15340
-4627
-13272
8462
-8152
-492
-4012
-4080
-15344
2564
-14300
-12533
-6120
733
-13304
-1826
-6116
-3572
-13256
6153
-8152
761
-2012
3839
-4048
-4395
-16352
2324
-6096
-11820
-6100
-3318
-11228
-2581
-10208
-5607
20
7175
-3028
3288
28
-1286
-13292
-6647
-4024
527
-13276
9234
-16376
-4344
-14332
12275
-13288
-11759
-18416
-2593
-10240
-1831
-4044
-6419
-11173
4357
6188
-9726
-9136
1780
-17340
524
-1800
5102
-7940
-2834
-7148
-1550
-4064
1820
-8144
6140
-9192
1538
-2856
744
-6104
4116
20
4899
32
260
-8184
-2331
-4064
-4369
-8980
-4598
-2000
512
24
13549
4132
-6387
-7944
2036
-10216
5618
-16372
9737
-1012
-6403
-4088
13571
-5072
2038
4148
-8951
-7168
-12
-16336
2075
4132
-7183
-10224
2037
2068
6419
1040
-6403
-15308
-7384
-4052
5858
1092
-770
-4032
4364
-11016
-2810
-22220
-520
-7007
-5646
-3040
8985
-8184
5353
-11184
5640
-10208
-2053
-7144
1302
-9204
5400
-5072
2056
8220
-9509
-8176
-5380
-20448
-2320
-2016
-4106
-5100
3117
-13288
8439
-6112
3833
-11212
-1564
-14324
-2823
-7136
-266
-11216
5384
-7124
-9492
-13288
6153
-4056
-3070
-12268
5638
-9172
-3069
-14312
-1526
-9160
-5117
-14308
-5391
-9196
-2308
-7112
6376
-14288
-1541
-7148
268
-7100
4606
-6108
-519
-29392
7408
-2024
-5368
-13304
-15897
-1804
-2805
-11236
3888
1088
3862
-18376
8195
-9164
11779
-12256
-6893
44
6152
-4056
-1279
-9204
4080
-5120
-1811
-11240
4602
-3044
5373
-1812
2018
-6053
-5937
-1008
-3308
-8164
4582
-11228
-10735
-10204
6379
-12244
-1268
-10196
8964
-1992
-6639
24
-12012
-996
-2292
-12044
1807
-11236
-762
-5900
-6391
6144
-6876
6164
-9986
-10004
8669
-13268
3104
-8152
5395
-3044
-5362
-18180
-3108
-8184
-269
1064
1001
-10236
3866
-6128
5395
-10240
5649
-16328
9782
-7140
6151
-9208
6401
-6100
-1529
-8144
2823
-10192
4081
-5072
-6414
-10236
511
-13304
1308
-11240
5361
-1008
13064
-15276
-255
-12256
-5381
-17352
7166
-10212
2836
-4876
-5398
-5092
-2087
-8140
5
-3048
5883
-9216
3082
-10236
6165
-5056
-2288
-13288
4343
-1796
-3614
-11196
2562
-6088
-2058
-8168
8425
-1000
9463
-10232
-5375
-8176
-6131
-9196
-4060
-5088
-20
-11200
-2788
-6112
-8194
-4068
7658
-2044
3837
16
-2518
-5076
-3573
-14292
5645
-23216
8202
-4072
-4059
-7148
4330
-12256
-5366
-5072
-9716
-9148
7170
-4056
998
-14292
4874
-1804
-1307
-5072
527
-12272
-238
-1000
-1506
4144
9952
-15360
-2287
-1804
10238
-9216
1306
-7168
1280
-964
3034
1056
547
1036
3570
-8144
1568
-5092
3612
-12252
3075
-8164
-3089
-15324
-1031
-6116
7946
-11220
10770
-11264
-6874
-9176
-7670
-7944
-12791
-10204
1516
-10216
3841
-17388
2037
-8192
6123
-8176
-1538
-6128
3374
-5096
5645
-1808
-3801
-6096
15875
-4040
-267
-21472
1835
-6128
-1808
-9200
4842
-9200
5417
-6112
3080
-15316
5618
-8136
-3381
-6096
5871
-6136
-5860
-10216
3324
-11200
-4608
1040
1802
-7944
-2547
-11212
-503
-8160
7184
-4068
-4624
-14320
7713
-6112
1809
-5048
-9493
-7136
-7169
-10216
765
-9168
-7153
-12252
-3108
-9204
-1041
-6092
5642
3108
2069
-6096
2297
-11232
1807
-7128
253
-15308
2825
-10192
-4122
3100
807
-3036
-1027
-15352
8436
-4052
247
-6092
9718
-6936
-6377
-3048
-4362
-2012
20457
-19420
-7938
-22200
9494
-5092
2555
-2016
6119
-4064
-1274
-13272
994
-8968
-24140
-3064
-5099
-996
5360
-8176
-12260
-16360
2551
-8136
-8946
-13272
-1542
-6096
-3825
-5092
-8729
-12272
2333
-8164
2550
-6112
-5331
-18412
-5886
-15280
-5370
-3044
-2040
-992
8971
-10180
-3600
-14272
-3341
-11244
3302
-13304
-5116
-12036
-3
-7112
7417
-10212
-1010
-10224
9972
-6100
-507
-2024
1276
1056
-3833
-5064
-9259
-17348
1294
-13272
-1777
-10180
6395
-8988
5660
-6084
-4585
-10220
3596
28
3852
-16340
6391
-6132
2565
-2844
5611
-7136
4349
-5092
18
-9176
-6898
-17352
11753
-8148
3569
-3032
-1273
-14296
-7929
-16344
5391
-13300
-4884
5168
3877
-7108
3838
-18428
7934
-14308
9207
-9164
-2038
-12084
-7171
-11240
-508
-8972
3062
-9148
531
-9168
13776
-20444
6664
-6104
-2843
-11212
-1547
-2044
6363
-972
1584
-9196
1282
-3024
243
3320
1331
4096
-1009
-7120
-748
-12240
560
-10188
13601
3084
-5382
-3024
-1802
-4072
-11542
2064
1004
-5092
2825
-5108
-6649
-10176
-7425
-4084
-1806
-12248
9217
-13256
-2059
-1020
8970
-6920
7673
-5084
-1775
-12272
1271
-16368
-10989
-5088
-1545
244
-5663
-9192
-1287
-16340
6401
-7148
-2041
-15296
17190
-10176
1250
-10188
1766
-13252
1270
-15332
-1281
29992
-2800
-3052
7654
-12280
2554
-7120
4379
-8180
2562
-7120
6930
-10200
1781
-10224
2310
3116
9982
-9196
-3330
-7124
-5637
-6108
-4572
-784
-2034
-4084
-1573
-10220
-502
-10180
-8181
-12284
-8470
-19416
-1277
-3072
550
-4048
5649
-8176
-4880
6396
-4345
-8156
-10205
-17376
-245
-5108
1761
-8144
1026
-10220
-2289
16412
6678
64
8705
-20456
10490
-6140
-1530
-7144
9442
-3004
-517
-6080
5640
-11200
7453
-8140
-9225
-10192
-2049
-4088
-999
-4072
-1491
-4048
3077
-8192
-259
-12212
-4875
-3016
2805
-4064
-246
9280
-1784
-8140
-2066
-6108
10736
-3044
3052
-4060
4602
-2028
2587
-2000
3054
-12256
2552
-6124
3876
3104
4081
-8152
-2312
-6084
6619
-3024
-5401
-12268
-1806
-1016
-4093
-5100
-6636
-8972
-2819
-17392
4380
-5108
-3579
-6084
4332
1244
5125
-9212
6662
-10216
-2527
-10232
1020
4128
-819
12
1278
-3020
2069
-5100
-8188
-9164
-7456
-5084
6921
-6080
1261
7188
-5115
-5080
-1307
-11024
-11016
-14292
7433
-6120
3314
-14288
-3561
-8132
-6121
-15348
4383
-9176
6394
-3040
-4359
-8124
774
7192
-527
-1012
747
-2036
1259
-13252
2285
-11216
5908
-12236
-6907
-6108
5089
-6088
7140
-8164
1291
-6084
9231
-17364
-3809
-14304
2794
-9168
-1058
-14280
3874
-11212
-7399
-968
7720
-2032
4113
-12236
-6640
-2008
2063
-17352
10
-8156
-3559
-10172
-7179
-6072
5112
-20412
-4904
-10196
-2003
-12216
-3043
-5084
2291
-9168
3088
-18180
5647
-9164
-5856
-8188
-243
-1996
-2285
-9172
1540
-11252
1042
-2044
2293
-12252
8976
-18420
2553
-964
2011
-12232
557
-9192
6924
-18384
9546
48
3806
-6112
9219
-7092
9487
-3060
4585
-12244
2022
-11216
-6396
-6108
-5399
-2828
2031
-9156
3594
-17340
1525
-6092
9195
-8176
-3845
9224
2565
-9208
6667
-10224
-5123
-9212
1530
-3032
2803
-7140
-10241
-7940
2027
-9184
6685
-14096
2827
-964
2810
1084
-3576
-19208
-8964
-9200
-2283
-2004
7953
2084
-6644
32
-3052
-10212
2561
-4072
3069
-6108
-2828
-13300
3847
-3872
-3296
40
8435
-11220
7954
-11220
9219
-7144
-4372
-12272
2839
-3072
4367
-13268
-263
28952
-4363
-5072
3819
-13272
6392
-8156
2310
-7168
-2319
-13272
6625
-16352
-201
-6072
3581
-9164
-2795
-16336
-8686
-12212
-2057
-6108
-4595
2104
742
2064
-3587
-6104
8200
-14308
2293
-10192
-3085
1268
-3331
-9200
3315
-11232
-3087
-3060
-10992
-13284
6644
-4068
4095
-16352
15632
-6120
-4341
-12040
-13322
-2040
-1053
-2008
-4326
-2004
1246
-8152
-4872
-15312
4838
-4072
3311
-7136
2806
-1008
-2023
-5096
743
-14264
-1515
-14288
-3600
-11224
-5107
-17360
3579
1036
-1805
-10156
-4375
-980
-5382
-8152
-2290
-10176
2030
-10216
489
-11216
-11757
-11256
9197
-14320
-233
-3032
-7
-7136
6888
-6140
500
-23284
-1034
-19376
-509
-2016
-26040
-15320
1514
-9152
10744
-15332
1766
-6116
261
-11244
9722
-8152
5612
1024
1294
-9176
-5115
-9172
1048
1208
-9475
-9192
-2291
60
1297
-3016
-1522
-7124
-3863
4096
-3085
-15340
3587
-1020
2782
-4872
-2021
-7956
508
-7096
12604
-11224
772
1276
-2834
1048
-3063
-8184
6136
3092
-1250
-8172
2056
-17160
-5376
-12036
1031
-8160
484
-11256
-254
-18412
-4399
-4072
-2520
-1000
-510
-11220
760
-10180
-15110
-9196
-6393
-3016
3127
-9188
1571
-8184
3811
16
-2544
-9988
-1030
-5088
35
9256
747
-6080
1509
-13264
5124
-8176
1022
-4052
6391
-18372
-3361
-2840
4364
1032
2055
-11256
7437
-8152
2280
-3052
-3042
-9184
4877
1032
-3318
-4068
-10740
-12268
5105
-6112
2047
-6132
1521
-968
-992
-2028
2556
-5896
8158
-13280
-8
4140
-5871
-11260
-2302
-10216
2319
-6092
-240
-10168
499
-17408
-2809
-11216
-7122
-1984
-5864
-11012
5909
-4892
1783
-3056
1497
-15352
-2040
-12260
-7196
-8188
-7175
-4088
-1562
-3036
-5153
-13252
8198
-9204
1019
-22216
-2579
-11216
4858
5148
-3062
-12252
-6656
-9188
1010
8196
-1295
-9188
-1039
-14096
2311
-13292
2535
3108
-500
-5096
9245
-6049
540
-5036
-6440
-4048
-2038
-5092
-5392
-15324
-5384
-9208
-1275
-9184
-4607
7412
8697
-7128
-4618
-7148
2536
-7948
-15627
-4868
-1815
-8152
4350
-10204
9955
-7152
4128
-4092
803
2052
767
-2024
-2071
-4080
3376
1068
2313
-12248
8654
2080
527
3100
-25
-968
5128
-4052
1754
-7952
-11485
-5112
3311
-7148
-2566
-21484
-8973
-9144
9223
-9164
-1779
-2012
-1010
-9160
-1296
-5092
5381
-7956
5362
-5056
3069
-6092
-6123
-4052
-3284
-13252
2057
-18392
4605
-16140
534
-3032
-3589
-14312
-10248
-14332
7132
-14324
-3103
-14292
5123
-20436
9484
-2024
-10014
-13304
-2820
-4068
-284
-8176
6897
-8192
2574
-15328
5106
1256
-5344
-9180
-2793
-3036
1512
-12036
9731
-6124
4603
-12236
-16378
-6100
2566
-11200
-8
-9184
-5392
-6124
-5890
-10008
6684
-15320
-3319
-6068
-3842
-2820
13066
-4868
5657
-6120
-9
-5064
-1522
-14328
-1291
-6104
5348
1060
5625
-9184
-1822
-1992
-13066
-11256
-1322
-6144
-2294
-6116
-545
-8124
-8976
3136
4882
-20476
982
-8160
491
-14336
3878
-10172
-748
-12040
6633
-5112
-507
-4076
-2094
-5088
-233
-9180
826
-4076
-1523
-13288
-1808
-14332
516
-2836
-23
-6092
-1822
-5092
-2602
-4092
6702
-5120
-520
-972
-1009
-5088
752
-976
11005
-984
-5375
-15340
-5902
-996
3610
-5068
-3860
-4080
-7654
-3032
-10522
-2012
-1023
-12260
3887
2088
-251
-16352
3033
-7160
-3842
3084
2564
-11236
4082
-9200
-789
-18364
-6658
-4092
-4576
-7112
4337
52
-1031
-5025
5666
-5092
5387
-16356
-3099
-5104
-2549
-11220
-2536
-1796
-1022
-10208
-7425
-16336
-6151
-18412
-774
-16368
2806
-1004
-1773
2080
2286
-12052
-3588
-3036
9241
-11012
2795
-7140
7159
-7116
-2812
-11248
3828
-3064
-1305
-5080
4837
16
-1029
-5088
-1504
-3024
6661
-16352
-2321
-9200
2334
-12248
-9240
-17332
-7142
-8140
-6183
-13292
8461
-5080
-1799
-7160
2293
-10240
-789
-18408
-2
-14276
550
-7132
1001
-16320
-8196
-12048
6186
-9164
-2534
-26320
4565
-992
-9419
-2012
3311
-4052
14077
-22020
-3853
-2024
-4582
-11020
6441
-19208
3574
-9176
-4095
-7148
1805
-4072
-4615
-13312
-5097
-1008
4609
-5092
3068
-7120
-4868
-7136
-8430
-16324
-2532
-9192
2054
-6136
7167
-23280
4080
-3044
-1056
-11228
3308
8208
-2758
-10196
-7197
-7140
-7399
-4868
6926
2072
-1297
-6112
-9223
-9180
5173
-10200
-1578
-10192
550
-12240
3601
-5120
3856
-984
-5126
-10212
5146
-7128
-6665
-14316
5377
24
-5118
-4888
-5866
-8140
7178
-1984
-2326
2072
-2284
-8172
1306
-3024
2596
-20444
8445
-19448
5364
-15332
4069
-6120
6404
-3064
4093
-14092
5623
-2032
-2527
-12264
4089
-19432
-4881
1040
-757
-12248
1781
2064
-27
-4052
2324
-16132
-8438
-8160
7420
-12216
1763
-17356
-4120
-14288
4366
-5076
3583
-15288
2823
-8148
-5911
-980
4625
-15320
-9491
-27324
-989
-13256
-2036
7200
-6161
-3032
2038
-18396
-4355
-2008
-5114
-9172
527
-2012
-275
-10212
5636
-13288
-772
4140
3115
-28380
8485
4116
-6390
24
12040
-10204
-3372
-9188
-2286
-3036
-6370
-9192
10716
-7140
-9478
-1996
7669
52
2585
-2000
-6410
-14296
-541
-6116
1781
-7116
-9954
-21464
2773
-18360
4825
-10200
-3603
11328
-227
-2016
-743
-15296
-252
-9188
-6158
-5120
-3849
-6120
7181
-9164
-1785
-8136
3337
-13264
7158
3324
-11010
-9212
-10728
-9184
-3835
-1004
7931
-1992
7172
-7108
2534
-9192
2316
-10188
-5378
-12244
-3339
9224
6366
-4060
3060
3124
-8453
