-17388
7698
-11264
-1012
-7096
-3087
-7144
1767
40
2306
-16340
11797
-11200
-2804
-12268
-7929
-1796
2302
-9180
-3859
-10220
-7938
-12240
-2828
-20444
791
-9184
-506
-16364
4329
-20444
1545
-9188
250
2068
779
-6112
3563
-5092
-1002
-19436
521
-1996
-11523
-11188
-2579
-11224
-7418
-10208
1279
-7164
-5140
5128
11014
-13304
-5172
-784
8679
-17352
1283
-2024
-5888
-11264
4087
-14296
-1523
24
-7168
-10240
-6151
-13276
6431
-9172
2027
-9196
5342
1044
-1289
-6108
-3574
-9144
-7205
-8116
-1499
-9204
4354
-4052
-2050
-10200
-2543
-3000
-2541
-17380
3083
-15332
-245
-8156
4878
-20436
7709
-7952
4082
-9156
8720
1111
-12033
-4072
4840
4108
-1518
-14332
-5125
-15316
4614
-7136
5912
-8148
-2821
-1016
519
-9180
11497
-8116
-16348
-10212
10272
-12264
-6130
-4064
-3567
-3056
-4883
-5072
-7144
20
-4368
-976
-2080
-15288
3074
-9176
1254
-2032
-2302
-4064
-8937
-10216
-5139
-1004
-2803
-11240
2816
-6100
2578
-8124
3053
-9192
2796
-8132
9478
-11232
20
-13284
2817
-7148
-7930
1064
-268
-5116
-26
-11200
-2575
-18400
8211
-8176
263
-11020
10459
-5120
-4585
1068
505
-7100
-1527
-8140
-7917
-8156
-1762
-8156
-4331
-2832
11295
-7144
1760
-2012
-3609
2096
-2026
-2040
255
-6916
-9705
-8140
-6896
-3060
-5353
-5104
7937
4132
10781
-5056
-2076
1036
-6356
2292
2040
-13288
7683
-5056
-1
-3048
6394
-5892
-2071
-12264
6616
-4048
758
3120
3836
-6108
-785
-11208
3341
-19404
3836
-10228
-5121
-3004
4871
-7120
-2799
7200
-1038
-9204
2027
-13260
4621
-12256
-4611
-6116
2048
-7108
4856
-5108
-7159
-11228
-5616
-9176
5635
-8184
1532
-13260
7421
-5072
-6393
-11216
-530
1076
4097
-5076
-7975
28
-4111
0
3047
-8160
3060
-7136
3099
1092
6402
-984
-1542
-11248
7168
52
249
-14328
16355
-6096
1569
-6120
503
-7144
5389
-8108
-5645
-14264
3053
-3024
10235
-8168
-4859
-13296
-1523
-8168
-6091
-3052
3813
-21456
2543
-14308
-5379
-11212
4106
-1980
233
-8148
2334
1084
-6639
-9208
-4089
-11228
12535
-10236
-760
1040
-5153
5148
513
-16132
1285
-10200
-1577
-17352
-5639
-19432
2302
-2012
-2584
-5104
7459
5136
-4364
-5100
-9754
-16364
-3067
-8176
4076
-6120
-15380
-6092
2300
-7104
4653
-19452
1527
-9196
9231
-18380
-5342
-10168
4848
-1016
6
-3044
-3848
-13296
-802
-2044
-1286
-15108
4639
24
8691
-13296
-3635
-5080
534
-16372
-9212
-11240
-10233
-4868
1021
-9208
2262
-10200
-2025
-5072
-541
-8152
9008
-5056
4587
-9188
-2557
-12260
-201
-17392
-4339
-7144
4623
-5100
4349
-3040
7154
-3064
-6934
-4040
-2290
-10228
4123
-10172
-3112
-12197
4105
-956
-4069
-17360
-7207
-5108
-3855
-15312
-5398
-6108
-4394
-16324
15324
-7156
7663
-3064
-6655
-11224
-12038
-5076
5894
-5080
2807
-2012
282
-2016
5861
-13300
-1234
4136
-1816
-10204
-1789
-10212
-7172
-3048
-3574
-11232
6954
-4076
-770
-7144
6141
-9200
1273
-4048
8443
-6128
4649
-3020
5105
-10240
1282
3312
-11744
-1996
13329
16
1523
-9208
-253
-7108
6906
-12288
-3062
-10176
-1516
-13260
-288
-7136
2286
-8168
-1024
-9188
771
-4064
-5105
-11040
10721
-3044
-5883
-3036
-1294
5372
3859
2060
6843
-11032
5649
24
-3829
-9188
-6398
-8168
-1251
12
-5128
-14288
5633
-12284
-1260
-14328
-7673
-5116
4634
-15344
-1760
-3056
7656
-3848
-760
-6092
-4858
-2044
-1784
-7136
14333
-3024
16381
-3044
2871
-2036
8940
-10208
769
-15300
4892
-9188
513
-2824
-7918
-11200
-1800
-8120
4597
-5084
-3578
-6124
-1826
-1020
5143
1056
1527
-1020
2295
-5072
-5873
-5064
8178
-14312
4103
-2040
-2314
3300
6133
-14324
-9232
-7952
542
-8156
-5370
-6100
-2045
-2820
527
-9192
-2530
-4056
12798
-3052
3831
-4084
5874
2076
-6134
-14320
-1784
-4084
-499
-4052
-9474
2104
1266
-11208
-791
-2848
262
-8128
-9242
-8160
8446
-4064
2005
-14312
3366
-11220
-21731
-8188
1296
-12280
-1248
2260
-3298
-3844
11801
1052
-6177
-15308
-7691
-784
1539
-16328
8438
-5896
-7151
1032
1798
2096
1055
-7156
-6674
-3032
4844
-8176
3056
-11252
5634
-4056
-1287
-14276
-3319
-6112
-3864
-7148
14132
-2000
-7685
-3024
253
-13276
8948
-6936
14116
-11236
2334
-988
-2320
-11240
3342
9248
1291
-6136
-2807
-5108
-1557
-16320
4089
-9176
-1759
-11232
5630
-6108
12777
-6108
744
-16316
7932
-7156
13050
3124
6143
-12060
3066
-13264
5662
-2048
-2305
-8180
10497
-5072
-766
-9184
2070
-6120
-522
-4052
11002
-7116
-8433
-9168
9729
-3872
7449
2084
-1001
-8160
-222
-17404
3824
-4056
1532
-18368
-8960
-3860
-5874
-8136
-3889
-4060
8702
4148
-4344
9228
-1524
-12252
-4870
-4032
5101
-15348
-2572
-14328
-3867
-10184
-6940
-1796
-4602
-4056
6410
-4096
-187
-16320
-10481
-18412
5646
-6132
1484
-1012
-10525
-2000
-7681
-12268
9204
-8160
-291
-8136
1521
-11224
1524
-24312
1577
-16372
-7667
-7140
9994
-8132
3865
-8152
496
4100
751
3088
249
-10188
-4851
-3028
3313
-5088
-11541
-8144
-3887
-5080
-3057
40
-515
-2040
8428
68
2334
-9176
2039
-12240
-3331
-15332
-3863
-7120
-3831
13320
-5127
-7992
7392
6392
-5389
-1008
-7926
-5072
-4092
-16328
3103
-14316
-6905
-3020
1011
-8184
11778
-30948
-7406
-4056
-2779
-18380
-1036
-12268
-1805
-2832
493
-13308
-11797
-8968
-258
-8140
3337
4116
268
-8168
-10496
-8148
5431
-13060
-4074
-3060
11761
72
3889
-8132
-3586
-14316
-4583
-10216
-10774
-12264
-3347
-16360
3067
-15328
10232
-7168
1533
3092
-283
-8180
2282
-10153
-1283
-5116
1802
3072
-4357
-992
-7441
-17408
-2321
-4052
525
-10204
1316
-948
-6411
-12040
-8716
-10204
-5137
-12080
-8915
-11216
3051
-7156
-1280
-11248
1005
-15320
-3131
-10200
8201
-7128
3588
-11240
-7447
-3052
3600
-7956
-761
-17360
1791
48
-8194
-10236
11475
-4868
7947
-11216
-6648
-11224
7409
2084
2048
-4092
3288
-9200
-7674
-1020
6392
-6928
-3833
-11244
-3043
-5060
13528
-10228
3582
-8164
556
-8180
-9950
-988
1245
-8184
-1794
-3060
6121
-15324
-6892
-9196
-21
16
2811
-12248
5153
-4068
1805
-6096
8421
-17360
1289
-7112
-481
-19208
7428
-12256
-3083
-5076
4370
-12036
6670
-11244
-9007
-8964
-261
-7156
6955
-988
12533
-4044
-1554
-5116
-3852
240
3850
-7140
-3055
-10000
-13551
-7136
-3853
-14304
-7190
-14300
7652
-7152
1529
-972
7123
-7156
4885
-8180
9987
-2008
2060
2064
531
-1024
-8417
-7108
11488
-7124
4095
-2028
6666
-2004
2857
1028
-9491
11280
4629
2048
4368
-14292
3318
-8120
-2581
-7120
3851
-6108
-3845
-7164
1790
-5080
-4594
-13300
2279
-14288
-6424
-10172
-3109
-2020
6389
2068
-3843
-15292
-2302
-10180
-1289
-12240
9216
-7128
3367
-3860
-1515
-9208
-1779
-8968
3341
-3064
6659
-3048
-6384
-3060
-3824
-10240
5896
-8176
-2768
-16348
1017
-20428
3345
-14304
2079
-10196
-4855
-7940
6128
-2028
-3074
2080
-9222
-5896
464
-6120
4083
-12272
6896
-2008
-2556
-14304
-12557
-1800
-5092
-1816
4836
-7148
5643
-4076
4861
-14088
3315
-9208
-1049
-8160
-5386
-5100
2307
-7136
-2547
-7152
251
-6132
-2559
-8968
4064
-6120
-782
-14084
13058
-7152
-3540
-13288
-3332
-15360
4337
-5088
-8693
-11216
-3334
-1016
9480
-10220
248
-5116
2068
-3016
-225
-2820
-8460
-6924
8468
-7112
48
-13272
3053
-4080
9773
-15324
1765
-3064
8474
-3048
10230
-21496
4322
-2024
-4095
2300
-2041
-15304
-1289
4120
2043
3104
-7437
-15320
-4876
-3032
12798
-10232
-6
-3012
-4120
-12232
-11003
-6116
-3845
-6104
5651
-5104
5610
-5108
-4862
1024
1021
-12260
-4091
-11184
8443
-6124
-3075
-13260
2555
-5088
-2809
-13080
-3323
-3028
6677
-2028
-7917
-980
-1036
-14316
9740
-5116
-1746
-1008
2583
-11028
3068
-25320
5940
-14312
-5138
-19420
-1801
-7128
-454
-3040
761
-1812
254
-5056
2550
2084
3815
-14324
3867
-5096
-5384
-2032
-2799
-14312
5372
-5080
3826
244
1279
-8156
-10500
-10204
-6400
-15328
1269
6152
-7411
-6092
1035
-5076
-5888
-11236
-6415
-17356
7893
-13276
10230
1048
5155
-5068
2584
-4872
3835
-5092
12768
-4072
4366
2084
9983
7232
6383
-15336
-3040
-19452
11026
-10216
-2278
-28392
9183
-7152
5934
11288
2856
-6104
-14862
-8144
7694
-5104
2784
-7160
2780
-18420
2281
-4084
-1764
-9204
-7684
-4012
5088
-968
-3538
-14316
6391
-7156
-6896
-3072
3828
-15356
-14853
-13060
-4367
-6124
-3287
-8160
4595
-9196
1287
-15352
1536
-12284
7908
-10224
-6670
-7120
-7924
-12272
258
-6128
-282
-3028
-1525
-6936
4648
5124
10800
-6120
4105
-3032
4878
-7088
513
-5092
1786
-6136
2547
-7124
-6425
-7112
5112
-3848
-1541
-11220
-2067
-2016
-3621
-7112
7441
-14296
-3056
-12284
7422
-4048
1800
-8112
-5124
-9176
265
-6128
5627
-11208
1039
-6116
-4844
-8984
-3834
-17404
-781
-10216
-6417
-9160
-2794
-5096
-6435
-11224
4101
-7120
6390
32
7445
-8964
3854
-12236
-4072
-12256
-7415
-11248
-4074
-5080
5378
-18404
-10495
-16328
-3853
-5104
-7428
-6128
5892
-6120
-2581
-3000
-4871
-12044
8450
-976
-4067
-5048
-9
-11208
-8666
-1988
2560
-5084
4066
-11256
-3595
-11244
-1807
-16364
-554
-15356
-4388
56
-3563
-6088
-3825
-11248
-4581
-5108
5900
1064
-3345
-2048
6152
-15344
-7923
-10236
-2556
-5088
-3577
-13288
-2568
-6096
-527
-5064
3859
-6080
-3079
-3040
-3338
-12232
1527
-9200
5118
-11244
-7933
-5068
3839
1076
2298
-15257
-5917
-7156
-2311
-5120
4323
-12256
-10477
-6120
3583
-7116
5416
-5092
-8691
-10188
-3592
-11248
3339
-8164
15615
-5104
2853
-14296
4628
-19384
5908
3076
-8229
-5100
-5416
-4052
-2833
-11224
-6670
-11012
-4366
-14284
1290
-8180
10721
-4068
-2818
-11260
-4109
-7116
7
52
6165
-2981
3846
-7088
-2333
-13256
-2550
-12244
-481
244
8172
-3852
4332
-12256
-2306
-9200
-11522
-5096
-1251
-10228
1831
-7148
-3306
-8184
11514
-4056
2288
-9176
-10486
-10204
3606
-11260
-6905
-8968
1806
-7140
216
-6144
29
-18400
-6397
-11248
-1306
-8101
7958
-4064
6901
-19400
-7691
-984
-10769
-6096
764
2060
3841
-13284
-759
-9168
-10748
-4068
6664
-13292
-2815
-7092
1538
-4092
5409
-4048
1010
-3044
795
-19212
759
-7140
9989
-3072
5349
1060
778
0
7435
-12276
-3375
-1004
-2550
-1016
-2543
-7128
9435
-10180
1794
-6100
519
-12264
6657
-3024
2839
-964
-4103
-14084
-5118
-7128
6128
-12264
-6654
-3060
-1548
-6924
-241
-776
1747
1068
7431
-14316
4083
-12260
6929
-6108
-5622
-7132
9984
-6088
-4365
-6076
-273
-9192
5643
20
6651
-9164
23
-8108
-1748
-11024
-3826
-10188
-1813
-8964
2560
-14292
-4636
-9168
-518
-4064
2804
-6132
3054
-3060
-7387
-10188
-3840
-8176
-4854
2072
6933
-15320
-6911
-12288
2580
-6104
6377
-15332
5187
-8144
6393
-9164
3327
-10220
-3051
-4060
1532
-9216
3593
-17301
-2545
-7164
-1788
-5064
1288
-8136
5118
-14300
266
-8180
2556
-15312
5131
-7128
-6902
-3028
-1027
-9164
-2072
-5108
4114
-6108
-2548
-4068
-1015
-6100
-7916
-13296
-765
-9164
-2569
-9160
-3588
-10184
-3576
-12280
3602
-10216
240
-3024
267
-9188
26
-8160
-2313
-12244
-1283
-992
6390
-18352
3844
-13280
2557
-13236
-4348
-18180
-8466
-972
-2784
-16380
3083
-13260
13817
-11248
-6151
-11208
-256
-12236
2560
-6128
-4086
1024
13082
-16340
-6663
32
1258
-19444
-3085
-10212
-289
-8136
-2549
-14304
1777
-18392
-2799
-9204
-2306
-8164
3080
-980
1317
-5104
-4368
-3064
733
1040
1029
-7168
-10769
-5108
545
-10168
1497
-2016
4874
-10196
-1795
-8172
-256
-7128
-6680
-12252
-1815
4120
-2302
-11224
4636
-14108
503
-4076
775
-9192
-538
-12280
1301
-15356
2003
-3024
1547
-8176
4896
-19424
-2024
-5088
7170
-15328
4589
4108
5377
-7132
-3822
9284
-6368
-11244
227
-14320
-7662
-5108
2018
-3020
4312
2064
-4592
-1008
-3047
-14300
-13340
-7948
-3307
-4064
10980
-3040
-2828
-13276
258
-12268
-4339
-8176
-1257
1068
-1797
-14308
-9977
-8136
-5382
-15340
5128
-6120
-512
-8156
8725
-16348
-5632
1040
-5639
-8132
763
-12268
-1053
-13288
12803
-12272
-6395
1032
7403
-5076
8699
-11220
-7625
-8980
-1277
-964
-979
-7148
-4109
-9180
7684
-9188
-5934
-5108
3558
-8980
7425
-12244
5891
-13268
-6668
-14324
12522
-8168
2824
-8148
453
-2024
-4609
-16344
-5108
2096
3387
-6104
-8416
-7128
-2024
1064
-2800
-6120
16374
-25320
-771
-13252
6423
-15324
1807
252
-254
-5084
3839
-12264
-247
-15344
3291
-7108
-242
-10164
1005
-10216
-6155
-9180
-2054
-9208
-9252
-10228
3832
-4088
6145
16
253
1036
-1578
-10192
1793
-8160
-2840
-996
-9219
-10232
8414
-7956
8679
-16380
7680
-12248
-1827
-14276
4860
-2032
-5112
-7152
7961
-10240
8955
-8176
-6647
-12276
-3595
-6116
1802
-2044
6635
-11208
2046
20560
9208
-12141
-2000
-3020
-1822
-17352
-5612
-12272
-7720
-7132
-4137
-6076
-5115
-20444
-2819
-9164
8700
-18400
5617
-6120
16
-12252
3572
-9196
4671
-4060
-9977
-3072
1275
-8176
-768
-8156
-5621
-9144
2287
-11228
6656
-6084
-1273
5140
4341
-11232
257
-10212
-2317
-2012
-2561
1052
-5620
2104
6155
-13300
-980
-2824
-1012
-12264
5663
-9176
10239
8
-6148
-6128
-3569
-8156
-15105
-21484
-3068
-11016
-752
-10216
15637
-4056
-14866
-15328
-789
-13280
991
-14324
6636
-15308
-2293
-7144
15359
-9180
9699
-16352
-3837
-5056
8459
-8160
14823
-16332
-5152
-8188
-250
-15308
-15605
-12208
-5064
-11220
3611
-4072
-7650
-3012
3329
-972
-2346
-6120
-5373
-15340
-7455
-12276
9471
-4096
-5905
-6076
3294
-13280
-495
-10180
246
-10192
1005
-14304
-4337
-3044
-5116
-8140
4605
1056
-2565
-6108
-8440
-13276
-1561
-9160
-1542
-11220
-4618
-11252
8956
-8152
4065
-16160
-6916
-6124
5640
-8968
781
-9188
2538
-3072
11262
-6064
-3576
1064
8976
-12252
4641
-5104
268
-19424
10218
-4044
-7145
-11192
-12053
-5100
2272
-7140
52
-2004
203
-6080
6894
-10220
4607
-2008
7427
-9204
-6147
-5084
-2788
-7152
-9515
-9156
3581
-11228
1728
-16140
3828
-10200
-2312
-7088
-2810
7200
-3063
-12248
2304
2088
2564
-20456
2305
-8140
4616
-21460
1839
1036
7202
-14328
1546
-2020
-1566
2076
5636
-11264
-5366
-9176
4865
-8148
13358
-8176
3077
2096
-564
-8164
-3065
-8164
7929
-9188
1288
-15316
7724
-2012
-3549
-16376
9721
-17360
7178
-1972
-4906
-13300
-4661
-13272
4870
-8152
5422
-4040
2580
-9164
5866
-17352
-2586
-976
-1567
-17376
1782
-17344
-6429
8212
-6123
-3020
739
1040
7113
-8144
-5913
-5892
-250
-3036
-6167
-6140
-5110
-6092
5897
-17348
-7699
-11216
-8684
-9212
-2277
2076
-2793
1200
-2792
6176
10483
-5076
-5367
-14328
3587
-13240
-2063
-16312
486
-2820
-1797
60
-6378
-5076
-3079
1064
-6638
-3048
3317
-11236
6151
-6100
-6379
-16384
4056
-12288
8176
-5084
-453
-8180
8951
-8156
6390
-8172
807
-10224
-6103
-16148
10245
56
-1264
-20436
5140
52
9496
-7092
11527
-7140
-1015
-6080
6629
-9212
1793
-3044
-6159
-4064
-3356
-11224
4862
-14320
-5365
-20452
3320
68
-15349
-2028
-3060
-4056
9731
-13280
4911
-3028
-3560
-9988
7180
-12276
1031
-3044
4344
4156
6940
-7164
-6887
-16336
7136
-20424
-1527
2068
-1045
-3848
-8494
-4048
-5897
-14304
-4360
-8144
14057
8
-6205
-8112
285
-4032
-4341
-9172
4605
-18412
6897
-8168
1800
-16360
522
-2012
-1274
-10224
-281
-1988
-21
-5096
-14306
-3024
13566
-13272
-2853
-3020
2063
-12256
3594
-17364
7927
-8184
-803
3108
-5625
-12244
-253
-980
-1303
-11228
2799
-9996
-1548
-13284
790
-10224
-4866
-3020
-2829
-21472
-6411
-3040
-3589
40
6666
-5112
2570
-5056
-3329
-13292
11522
-4052
-6894
-2012
-504
-5080
2033
-4052
4614
-3044
735
-6068
-6692
-4088
8690
-3052
2322
-9180
-8177
-16380
-16140
-7152
-2814
-14296
4880
-7136
2278
-6124
-8467
-15332
-6418
-10216
5913
-7144
-10795
-13288
1531
-5080
1547
-14312
-8462
-7144
-499
-10172
2305
3104
1807
-10236
-5099
-8144
1773
-7077
1519
-18188
-253
-5916
4089
-12268
-3584
-15316
4363
-7940
-8460
-11236
5119
-8184
-3864
2068
-1041
-4072
8469
-980
4646
-10212
3807
-1804
1255
-4044
-6911
2076
13847
-7144
-5932
-12260
11548
-11220
-1242
-17352
5634
-5112
-2820
-8136
-1001
-12244
6134
-9200
-5091
-3856
-4344
-3044
-15
-13252
2560
-6124
7196
-12268
3577
3320
7924
-3068
-3836
-6128
-6391
-5092
2539
-15316
1765
-7960
5619
-5076
-7701
-10200
4858
-13276
2292
-1984
3329
-13268
-530
-16364
-1026
-8172
-5663
-10212
3367
-12268
-275
-15320
3584
-5076
9487
-10184
-5374
-13304
-5092
-15356
2325
-2032
-1828
3324
2069
-15332
-1508
-11224
7
-15324
-2014
-16340
-5367
-10208
4109
-5100
-3846
-10180
-8448
-9121
-2281
-4072
1011
-22240
4346
-18420
-8423
-19448
11527
-11024
-788
-8148
3310
-10192
2054
-3060
763
-3016
3607
-3040
-6390
-9188
13288
-10004
2033
-14312
7914
-7124
-3624
-8136
-8472
-5076
-6632
-7100
-3045
-8976
3848
-8168
3330
-14245
-2295
-8972
-13040
-15332
2525
-9184
-6395
-7944
4652
-4060
10
-13268
764
3324
-3583
-12248
-4110
-15332
-1021
-5088
6926
-3032
-239
-12248
4873
-4048
14334
-1824
-5130
-968
3332
2060
-12309
-5108
-2333
-12260
2322
-5088
516
-5080
-4580
-14312
8936
-17400
-4573
-5108
6120
-3032
-1250
-3024
-10227
-7944
-7961
-6092
-1783
-3052
-521
-4080
1562
-8968
-13835
-7168
4873
-16376
-11800
-5100
11536
-5088
269
-968
2555
-4072
5350
-17380
-7174
-10196
-3326
-8164
-8469
-5100
6140
-4080
558
-10176
-3316
-11208
8704
-9148
-4577
-12272
2308
12
-3606
-9212
-3089
40
4351
1052
-3055
40
4356
-9196
2322
-4068
6640
-8112
-5376
-3056
11018
-5072
1021
-9208
-1836
-15332
-1496
-14284
-22134
-9996
7155
-6124
-9450
-17368
-2301
8
-15
-5072
-6885
-2008
-1548
-11256
1066
-7140
-1013
-1000
12309
-2044
-999
-4048
-1511
-21496
1059
-5080
11748
8
10249
-13268
2573
-12252
13055
-4068
1774
1064
1034
-12260
2827
-16348
-5349
-9184
5122
-6096
-8199
-8148
4369
-9160
-6689
-14304
5378
-15308
3336
-4040
-5887
-11256
5370
-15316
4587
-10145
4588
-3048
-7658
-2012
-6419
-12224
280
-10232
246
-14276
1819
-10192
-2322
-1796
5641
-8132
-484
-8164
-5410
-3060
5376
1224
8188
-6128
254
-12244
-7948
-8148
11271
-13272
-2022
-7128
-8984
-12183
3584
-2996
-4096
-9172
-3332
2300
-1547
-5100
4115
-3040
1810
-7128
3042
-7124
-9711
-12244
286
-6100
-14333
-6140
11722
-6116
-6652
-996
42
8
-6659
-1000
5888
-16348
-7172
-20460
3054
-4040
-3333
-6108
11042
-4048
-7941
-16344
-10511
-14300
4350
-19432
12277
-14296
-1300
-13280
-3598
-13284
-537
-5076
773
-11212
3825
-7136
1267
-9180
3573
-10232
-3571
-7128
-5401
-3844
-230
-2016
2831
-12248
2334
-8168
-762
-6100
-1551
-5084
-2271
-964
4613
-14260
4379
-4096
-4896
-11248
-6110
-7168
8205
-3052
503
-8168
6419
-1024
5627
4164
-223
-3848
-1295
-2020
11778
-15320
-11262
-11220
1990
-7112
-4060
-14336
-770
-5104
7436
-2040
3586
-15112
3618
-8156
-6385
-10208
-1002
1036
-793
1068
13829
-2008
-3055
-9200
8955
-11236
2302
-13084
-773
1272
509
-11228
2540
-7144
-4631
-3004
-2564
5144
-2569
-10204
544
-6104
-8690
-12256
500
-12244
-2285
-15360
-9207
-11012
-1849
-8164
6122
-7116
6407
-13276
5411
-10232
-3055
-6108
1301
-3844
-753
-12268
-2581
-4880
2022
-6124
-220
-10212
-4076
-10212
-2346
-7940
-2266
-2848
-3298
-772
-28
4132
-4103
-4060
-781
-5100
-10751
-2040
8213
-14296
-2046
-7120
-2852
-9988
-14854
-10188
5849
-8156
-5652
-4072
2792
-19432
-745
-2000
-3319
-1972
1816
-7136
1282
-7116
-1795
-10204
-6651
-2044
-7944
-11228
-1007
2076
2529
8228
-5401
-5076
777
-2000
-5414
-11228
-1289
-8156
-1791
-8168
8968
-16352
-535
-8156
-7407
-4040
1565
-1796
-3591
-2028
6678
2088
14338
-16300
-10233
1268
-1233
-13284
-12827
-10236
6369
-14272
-3037
-9196
-3587
-9216
-12535
-15324
7151
-6100
-8444
0
4586
-11228
3607
-12252
-6675
-11204
6113
-3036
13601
-6116
11816
-15320
3011
-1988
-1
-15312
-781
-7128
-5901
-8148
-8745
-8964
4875
-1984
230
252
7958
-13312
8938
-4068
-3555
-7152
-242
-10224
-1278
-23276
-6114
-14312
2076
6180
-6158
-15320
2543
-11228
-5115
-11224
-539
-11228
21
-8968
1052
-8172
7177
-7144
-2310
-3032
-1040
-12040
3058
-8156
10225
1052
-2527
6164
-5347
-16320
7663
25412
2806
-19440
-7
-7164
-9700
-12248
-2046
-6116
3285
-11204
-3592
-8148
-3809
-7120
14793
-17396
2801
-15348
3616
-7156
-3076
-5096
2288
-6104
12573
-10232
-3877
-8164
-2096
-5108
768
-10212
-6634
-19428
-4916
1024
-6137
-3044
9457
-10220
2812
-4012
8675
255
269
-15348
-2107
-12244
-1549
1044
-2532
-11212
-2782
-9164
3378
16
-1037
-9129
-4356
-992
1756
-4080
-3083
-9188
-277
-13264
-7921
-2032
-299
-22248
5366
-10232
2552
-14324
3057
-12212
-8419
-12224
276
-3032
-7
248
-4901
-12264
-8939
-5892
-9478
-17376
-5911
-4052
-1767
-12208
4633
-13272
-7156
2072
-507
-11224
10015
-12244
2580
-13068
-3069
60
-5629
-11188
-8425
-13292
9720
-14292
-9248
-11244
-1293
-3020
-10010
-4068
2033
-9180
3597
-16344
-7932
-12284
5115
-12272
9737
-2012
504
-3040
4083
-12264
773
-10240
6911
-9156
3590
-11224
-3058
-8168
2578
-992
1803
-12264
7408
-8972
-3840
-5084
-792
-11248
3871
-12264
5134
3100
-2792
-16356
10472
-12256
1015
-7077
4857
-16297
-10258
-10212
252
-16340
-8997
-13300
-11012
-12224
4062
-1000
993
-6104
3313
-7144
-2811
48
3028
-8184
1795
-6932
1525
-4096
2295
-6112
-9486
-15288
-1576
-3012
-3366
-8140
7637
-20452
-4347
-7148
-3306
11328
6662
-1996
5672
-15316
-2029
-7940
245
-8164
-3821
-996
-16400
56
-4618
-8144
-12055
-10016
-278
-6112
3089
-16340
-10994
-18416
3106
-8144
-1539
-13284
-8452
-6140
-8699
-10012
2066
-6068
15081
-7128
-5671
-8172
1298
-12268
-1296
-772
-3328
-11204
-7652
-9188
-780
-9168
15113
-3008
-5621
-9196
-6930
-14320
1244
-7128
2799
-3020
-527
-2820
3575
-16308
1528
-3036
-9730
-14260
6913
-12056
-5114
-2020
-4092
-5092
-1293
-12280
10733
-5088
4101
-13268
2808
-4092
6672
-12236
1783
-12256
4642
-3028
1263
-4064
3586
-6924
7374
-14308
-508
-8156
-4081
-6104
7685
-18420
4059
-4060
-7679
-8188
5910
1052
-6651
-7128
-10999
-9988
7419
-6112
-1812
-7096
247
-8164
-314
-17344
-2566
-11228
-1571
-9168
8466
-10232
1795
-13272
-538
-15308
718
-5076
-3319
-13276
1277
-7108
2559
-12220
-2066
-19452
-10476
-3036
1290
-13308
1290
-23044
-6143
-1812
-14346
-5017
5624
-9208
6117
64
4350
-18432
9723
4136
-1529
-13260
2813
-14300
-4149
5148
8710
-3852
-3547
-2044
-994
-8172
-6433
-5084
-7400
-21484
1509
-10188
-3829
-9180
2031
-17160
4587
-8160
-2541
-9184
2314
14340
-2289
-11240
11261
-5072
796
-12260
1279
-11196
-11791
-12228
1281
5120
-4106
-7960
-1271
-7148
5380
-6124
-4852
8228
3062
-16376
11498
-19396
1812
-8164
-540
-4084
11786
-11236
-5631
-12260
-508
-5108
5110
-8152
-2848
-9164
-10493
-2028
1010
-3040
-8201
-5088
-534
-3036
-3077
-10224
6887
-12256
-10
44
-6870
-11224
-1559
-18408
-4617
-6144
2320
-7128
-1791
-6124
-4874
-10200
-4832
-1024
6868
-9164
2077
-7136
-511
-1988
4360
-12240
-525
-10220
-1554
-7084
3573
-17396
1300
-4024
-3064
-14324
-563
-7108
8186
-12280
-10517
-13296
6646
-10192
-501
-20432
-1528
-3020
8685
-13260
-775
2092
8474
-1020
-11566
-5044
-4859
-9180
2050
-2024
3352
-18388
-520
-10200
-3817
-4028
10
-19408
6900
-14260
-4865
-15316
-18
-6144
-761
-8160
11259
-8140
521
-10240
-2040
-11208
-506
-9196
6126
-7156
-6131
-10200
1053
-6108
7670
-5072
1532
-6120
10495
-5072
2575
-12220
6364
-8160
-3351
-1988
7662
-1996
6172
40
-5896
-17388
11546
-18392
-4103
-14304
1553
-11208
-10736
-15108
1511
-4044
-3300
-8964
5643
-5104
7175
-10196
1559
-15344
3851
-5068
-528
-972
-1779
24
-3100
-13280
-12
-13308
4113
-11012
3830
-19384
-4837
-16344
7217
-14316
2080
-15360
-6613
1036
4090
-3028
-2835
-3024
14874
-948
2332
-9200
4330
-4064
-1244
-11212
-6652
-20476
-2084
-9180
2047
-12216
-5631
-6928
7940
-12260
-5113
-8152
-263
-10196
240
-17360
7970
-10188
-2288
-3068
4131
-7112
-754
-7944
-9756
-12276
10749
-4080
-3324
-5092
-1281
-17372
-3835
-2020
3816
44
-1025
-7160
-781
-15348
-9195
-6124
-3334
-1992
-1523
-4005
13103
-3020
1051
-8168
537
3080
-5638
-21452
-754
-3044
3098
-1996
-1317
-21492
9477
-8164
-2036
-4056
-526
-6100
7165
-14312
-7447
-15320
-1038
-6112
2588
-9216
3350
-1012
275
-10212
-1776
-7168
-1804
-11224
1035
-14308
1324
-10180
-3093
-5108
-6381
3108
-541
-6100
3059
-10188
-8166
-13300
3032
-9144
275
-19420
-517
2056
-6414
-10212
6660
-6088
-9211
-11260
-3300
-6096
-5607
-22228
546
-17372
9727
-17392
-7675
-5104
1512
-9208
-5362
-11196
2043
-13248
250
-12248
9983
-9212
258
-6096
-1247
-13264
-1005
-1984
-3852
-4056
3857
-5892
-1823
3080
-268
-8164
-5630
-13312
-3604
-5096
4595
-6112
3596
-13292
6147
-12212
-260
-18376
2047
-4048
11526
-5100
-2314
56
529
-7112
2058
-2008
5359
-10224
-4607
-10212
6129
-11240
6924
5368
8681
-17404
7133
-3060
-8176
-13256
6114
-5108
-9779
-4068
4113
-3028
1301
-5116
-3594
-7152
-2573
-7140
-2561
-10192
5604
1036
3557
-16316
-11263
-5100
-6427
-2004
9984
-12268
5140
-27340
-5112
5140
1008
-3020
-455
-2044
4109
-6124
-5892
40
5637
-10240
3252
-14264
-15886
-15320
-2554
-3020
2573
-3036
4880
-14300
1085
-10176
-6640
-2016
-4892
-7108
4860
-2000
4376
-13280
1551
-19420
1267
-9168
-1308
-2044
526
1072
9449
-16316
3586
-8160
1804
-5076
526
-14284
-3309
-5088
5393
-6112
-3826
-12240
5384
-10208
8200
28
-1518
-10204
10508
-17380
-1272
-3020
-7896
-12064
6636
-11228
-9734
-776
-4319
-7940
-4871
-19416
523
-12240
-8220
-17376
7887
-6140
-2326
-5096
-4354
-18404
6682
-2969
-529
-14320
-226
2096
-3581
-7124
4886
-5100
-4091
-1000
6413
-6144
-4323
-8116
-1230
-8184
-261
-6084
12568
-15348
4892
-1964
3561
-6108
6698
-13276
-11020
-992
-5615
-2032
9717
-7132
3875
-15336
-1046
7228
8689
-3012
5124
-10184
-2791
