-2000
3608
-1796
519
-4056
-1806
-11248
275
-8172
5111
-4044
-5339
5144
1272
-4072
8161
12316
10002
-8168
-12020
-6108
6638
-6084
-2046
-8184
1013
3320
-5601
-12248
15852
-7112
270
-1008
2796
1040
-2031
-2008
-5379
-6132
-8973
-2036
-2071
-10224
6642
-13292
-1019
-3060
-2277
-2028
-2311
-4080
751
-4064
11280
-8120
8196
-3060
-4111
-4056
1823
-7168
3846
-11212
-2051
-15328
3330
-13272
5140
-9216
-3610
-7116
4094
-3060
518
-9208
-5856
-3844
8163
-4056
8413
-21488
4073
-16340
-10224
2096
2559
-6128
4083
1276
-9
-9168
3296
3072
10200
-3048
-8967
1272
2280
-3064
-4582
-3040
3334
-8164
5832
-6112
-11757
-11228
6643
-6928
-4362
-16372
12807
-6112
772
-9180
-2544
-8148
6155
-7116
3841
-7160
-520
-3040
5130
-5116
3076
-24300
-1267
-8164
-4873
2056
5340
3088
2286
-8132
-11251
-11260
1264
-3040
9496
1252
3845
-2000
6952
-6928
9992
-9212
3084
-10192
-4296
-10220
4860
-10236
10998
-13256
-3803
7204
-3871
-12252
-2553
-11016
235
-17156
17142
-3056
-4102
-1796
20
-2012
-4629
-10204
-13602
-4872
-12
-19416
-4581
-5092
1265
-2044
4090
-16344
6147
-5076
-2824
-4020
48
-4060
-11527
7200
16117
-13236
-11752
-7112
5413
-12260
5348
-10008
2062
-988
5881
-4032
-1533
-976
-5148
-12256
5622
-12280
1284
-9192
-9748
-15316
4085
-15320
-2005
-15328
6175
-13264
-10511
-3056
-3854
-4072
-3598
-992
-6632
-11220
4348
-4068
4386
-3000
5890
-7112
493
-9172
1784
-2820
-517
-9196
-774
-3052
-4128
-6084
4611
20
6664
-10228
3333
-16348
273
-8148
-1520
-7148
-1740
-8144
-6685
1088
-6126
-11252
4866
-5112
-18
-16372
2084
-8168
3599
-10196
4878
-6116
-270
2092
-6418
-10216
-1768
-8180
3078
16
6182
-3060
-3816
-6124
1769
-3020
-6687
-11244
254
-11016
-275
-8184
8959
-1016
-270
-1992
-5383
-8140
-2035
-3052
4121
-6132
-2563
20
4349
-12264
-2541
-9172
2567
-15336
-5605
1068
-7149
-14296
2818
-7140
-291
-11232
6654
1064
508
-6124
6156
-1804
2574
-4092
-1527
-5104
-7702
-12236
3858
-8164
9209
-984
-5123
-5896
6701
-7144
-6179
-8172
492
24
-1757
-11240
10738
-12272
-3803
-5096
4100
-12248
-7689
-10208
-6411
-4036
-4811
-6104
-536
-3056
-6396
-16352
8998
-8164
-16388
-1000
4336
-6084
-971
-1988
-4870
-13268
1783
-3000
-6898
-980
-1570
-6120
6660
1032
-47
-10180
-2516
-9164
-1020
-13288
4079
-3856
3342
-5900
-2025
-11184
-12517
-12244
736
2104
-5099
-17388
748
-1992
-5101
-13312
7190
-7956
-9998
-8180
3531
2300
-8172
8
-5371
-9156
4113
1024
8179
-8184
9218
-11224
4600
-13296
9227
-5080
-13559
95
10725
-4064
2051
-6108
-32
-11232
4108
-6104
8429
-8128
5109
-4080
12563
-5052
-4327
-992
-6672
-3032
11511
2171
-10775
-10208
7419
-11016
13570
2100
1522
-2824
9982
-15360
1017
20
-9235
-4056
10734
4100
-2533
-8148
-7178
3084
-1591
5136
-3847
-12248
-2827
-8168
-5153
5136
-2056
-23276
-2851
5132
-3329
252
8194
-4060
516
-13296
-268
-3048
-496
-13064
6161
-7100
-2559
-8136
-5380
-9204
-17453
-4076
511
-6096
534
-18372
-2027
-6916
-4103
-14324
9696
-7140
-2858
-8176
-12021
-9168
5357
-13304
1800
10492
-3291
-14324
3615
2056
15121
-5072
3615
-4088
4347
-1808
7694
-12284
1554
-7124
-1
-1996
4318
-16380
1539
-12252
-2040
-14280
6686
3100
1290
-11240
-1781
-5060
-5100
-11240
-3091
-5064
3068
-7112
4325
-8152
2588
-4876
-6962
-12236
2319
-14312
-6928
-6120
4602
-11252
-6908
7184
-996
-4036
-5093
-7168
3822
-11224
1781
-3012
-3849
-2040
-239
-13308
-3509
-11236
2308
-10168
-3079
-6096
772
-20452
-3085
-12252
-2046
-2024
4099
-16356
5116
11284
2568
-13280
-18
-9152
-2045
-15292
1800
8
2311
-15312
774
-2044
-3015
-6124
4097
-7156
-499
-5088
1524
-18392
-1006
-11216
-5888
-6136
-11527
-5100
-772
-16352
9733
-18412
-5624
5136
-14867
-14316
-452
-4872
238
-9216
-512
-7140
2571
-8180
5888
-4072
8198
-4084
7455
-16372
12782
-4868
4648
-5060
-10740
-9164
-12331
-7148
1257
-11240
-2042
-8160
-6900
-11232
-4854
-8176
1568
2088
-4862
-9160
-1563
-2024
-4076
-7132
-559
-2040
-3546
-13276
-8460
-7132
781
-10192
4574
-10200
-523
-19220
-780
-12256
-1000
-3016
1747
-8160
-2284
-13264
-1817
-5084
4856
-6112
-1786
-12264
-4628
-3856
2312
-13276
9703
-7132
463
-5908
1279
-7144
-1549
-3016
8677
5156
-1296
-972
-6369
-13284
1517
-9200
-6645
-5092
-1801
-9180
-504
-5112
465
-16356
-5167
-10220
-10492
-10224
9686
-1992
-3059
-4052
-2314
-9200
-9989
-3844
3824
-9200
-486
-11236
-5117
4140
-530
-1016
-3065
-19388
3834
-13312
1996
-9988
-1784
-12256
1811
-8168
2316
-2040
5901
-9164
-994
-3012
1794
28
-2050
-8148
4308
-11240
-16
-4052
-7701
-15348
-5893
3092
-8960
-6128
-4085
5128
4853
-7140
-5152
-19436
5143
-14308
-4642
-3064
8197
-5120
6891
-8180
11009
-4064
-261
-3860
-536
-992
-2534
-13280
5657
64
-2081
-8164
482
4348
-806
-6108
-5597
24848
6883
1028
-3565
40
-14584
4
4323
-1004
3618
-6924
-771
-5112
542
-4048
1264
-6132
-9747
-6100
8153
-11244
264
-14328
9479
-5068
813
-11236
6893
-10228
-7176
-6108
1028
-8156
1283
-4076
764
-13280
240
-11232
5658
-7132
1510
-11236
-5664
-10228
5905
-13268
7415
-16364
1241
-13236
-2573
-3060
1749
-10200
244
-7156
-5902
-5104
-4599
-1000
12779
-5896
-3597
-5092
-538
-18392
-2008
-8172
5634
-13260
-6408
-16376
-2572
-7116
970
-15332
10254
-9188
6399
-19440
-1532
-14320
3366
236
1561
-14304
-4890
-11212
6383
5372
-3556
-13272
-1001
-10236
8436
-15296
6928
-11236
-11738
-10180
-8750
-5072
-1514
-19408
-3608
-17392
-5623
-7168
-3279
-6112
5127
-9176
-5885
-1008
-251
-7108
3360
2080
3845
-10216
3062
-21500
1523
-11228
-5634
-14312
8441
-3032
-4616
-8124
4290
-7152
4075
-1008
-4109
-9200
11798
-4076
-7991
-6120
-5370
-12232
784
-10196
3828
-8180
1306
-16356
4345
3316
3328
-15324
-1802
-10204
-3069
-2036
1027
-4060
-10986
-3040
-3360
-3048
-1293
-3040
4320
1044
2061
-11208
5128
-16348
-1809
5136
-2062
-5100
-4120
-13284
4391
2076
1301
-10192
-8194
-7112
-6182
-7952
3334
-9168
-2570
-14316
988
-3044
3056
-5096
12042
-4076
-1542
-11216
-6111
-15340
-2835
-9176
3342
-6128
-2842
-1808
10487
-5064
-493
103
7160
-4064
-9726
-9168
4396
-2016
-2070
-2024
-1016
-772
4354
2060
-3815
2132
-3348
-13280
-4089
-1004
7416
-16368
3603
-13240
2824
-18404
-9998
4108
-4600
6192
-3598
2064
-3057
-10240
-5605
-7980
1789
-2012
1550
-7944
5130
-14320
-3322
-2020
1554
-10200
-2581
-14284
1799
-20448
-4849
6172
5596
-8160
-3836
-7160
734
-984
-7929
-5084
-8220
-7156
227
-9164
-8952
-9180
1
-2020
10745
-6120
3335
-5068
-1514
-11240
-2590
-17348
6395
-14092
-2307
-8152
3591
28
4354
-10216
4882
-12240
-1049
-7124
-4383
-2028
-5898
-4056
-731
-4036
-2019
-12232
-792
-7128
7175
-6104
546
2084
-11268
2092
751
4148
-4079
-8156
9472
-11240
-6156
-7108
-7639
-9204
5656
-10176
-3576
-2012
-1011
-13252
5133
-9192
8203
-8192
-3873
-2828
-5382
1064
-1526
-8168
4066
248
1798
-8136
-9732
-11224
-3329
-11248
4350
-9160
12550
-10204
7677
-17372
-253
-8188
-7218
-3036
-211
-8152
1512
-10216
3341
-8180
-2611
-3012
3818
-5116
-4888
-6068
-11051
-4044
5
-8164
-4619
-11220
-8992
76
-2293
-7128
-4618
-14280
-231
-2028
-5150
-4052
745
-11236
-239
-996
3079
-11196
-774
-11248
-1
-7104
4630
1056
-8223
220
-248
-9988
-6928
-2044
-4072
-8164
-6935
-13292
5898
-17356
12217
-9180
4601
-996
-5130
-5092
10236
-18388
-9997
-4092
6882
-6088
6151
-3844
3594
-4072
5659
-3012
8188
-13284
-9539
36
2797
-9208
5898
1052
-1520
-5100
4348
-2008
-9516
-4096
-5620
-13296
6409
-8108
-470
-12280
5659
-1988
4820
-9176
3108
1252
3593
-6128
-2055
-3036
-2062
-10220
-3831
-4036
5882
3144
-1511
-11020
-1835
-5096
3833
-6100
-6647
16
8460
-10232
-510
-15324
1497
-4060
4612
-17388
-14847
-12252
-4390
-7136
-1291
1044
-2289
-9192
2042
3080
-533
-1808
-1009
24
2300
-14292
1069
-980
3050
-4892
2800
-10204
1812
-2020
773
-6136
7682
-11236
-3080
-7116
-4637
-20472
1032
-1004
2588
-8984
3817
7212
7705
-7140
8697
-5076
-1522
-7148
-4885
-13308
-777
-12036
-791
-2016
-5099
-6080
6402
4128
-3867
-8184
-9444
-788
2053
-3016
-8730
-11208
10475
-7124
-46
-2032
-1793
-7120
1033
-972
-1022
-1980
-996
-4032
1769
-11264
-492
-18360
-225
-9208
-5632
-4036
-3091
-6112
5621
-13268
-6656
-9212
-10745
-10208
9211
-9988
-1547
-2036
7167
-1800
-11536
-4096
-2289
-14296
-9215
-11220
6889
-4052
3366
-6104
1036
-984
7
-776
2580
-17376
1325
-11220
6636
-6944
2315
-12036
-10496
-2016
-5651
3104
1089
-4072
-1028
-8168
3040
-772
-1516
-3056
-501
-12284
-5386
-18376
-4855
-960
-784
1044
-1775
-11212
512
-12276
-10247
-6132
7127
-8192
-5359
-1992
1808
-8188
-9495
-10204
-2829
-7092
-746
-5076
-6906
-13252
-5657
-7956
9159
-3004
3104
-10192
-256
-5092
-3851
8192
-4610
-17376
9987
-1988
-8976
-16340
766
-7152
-493
-4080
5129
-9180
-3839
-13272
-1313
-8144
269
-6136
-6651
-12280
1531
2112
-5106
-6100
4117
-13272
-7931
-9180
6677
-8152
-2805
-5068
3842
-7164
11
-10176
-1816
-4092
5339
-15304
2531
2084
3353
-1992
1027
-12288
-5887
-12280
-2297
-7160
5628
-16348
4867
-5100
5118
-13256
-4343
-10200
-1018
-6096
8697
-16356
-9235
-14324
3821
-7120
1281
-15324
1008
-8160
1243
-15320
2556
-13272
-4106
-4068
5644
-3072
5624
-5080
-5871
-10228
-1287
1040
-4355
-18396
4142
-9176
3814
-7128
-5086
-12256
8435
-21264
-11548
-21488
-9200
-13272
3606
-6104
297
-3048
3664
-7124
1532
-3064
1276
-8120
-3059
-10200
1282
1084
-5385
-16289
4355
-12244
-1294
-13264
-1518
-17372
-5370
-13304
-2357
-9180
8967
-6128
2311
-5108
-5115
-5096
-748
-9208
2840
-5088
-9979
-5896
1265
4128
4856
-14316
-751
-11260
11034
-17368
-6181
-6128
-9729
-3024
-1279
-13292
-23
-4068
-3127
-14304
-7157
3088
3067
-6116
14
-10164
5382
-7148
-4091
-8172
4601
-11256
3814
-8984
-2556
-2996
1550
-22208
-8216
-16384
-7681
-16364
-7700
-7100
-36
-15332
3828
-12268
-1242
-7148
-1766
-16364
5126
1076
-1289
-8128
-12269
-7148
-2302
-6916
3560
-10216
8217
-10220
-2834
-10220
-4573
-5080
1790
-14296
-8225
-11244
3596
-3036
-3349
-7164
2808
-13300
-260
-2992
1286
-12232
2314
-15360
-1277
-4060
5609
-980
6160
-5025
8958
-6120
4359
-5080
-3360
-3028
2793
2084
-4619
-10232
-462
-11252
2832
-17376
-34
-9168
-3604
-9180
4863
-12252
-1043
-12240
2277
3096
-5923
-7160
-8176
-8156
-1312
-9172
-3110
-7132
5910
-7136
3625
-10228
5
-8156
-254
16
-8453
-8180
-2035
-12232
-3338
1084
-3561
-5068
6937
-7156
5658
-4072
11007
1080
5922
2068
-6384
-15292
1268
-12276
507
1040
742
1028
10477
-9188
-7161
1056
2822
-2020
-4602
-7148
-15339
-7132
1500
-9204
-1024
-12264
-8956
-9156
-28
-6092
-2818
-11236
9735
-1012
4607
-10180
-6411
-10208
4598
-984
5350
-12280
-5138
-10008
1037
6144
2804
1060
1562
-11180
2289
-14280
-8459
-10200
2807
1080
-6143
-6136
-1549
-3032
-7725
-17400
3825
-6124
-4371
-10192
521
-4084
520
-18412
6104
-7120
3567
-5100
-285
-6104
-4587
-7112
-1522
-10188
1280
-9208
-1550
-4068
-6377
-6924
5129
-15340
-8210
-9180
-753
32
-2818
-10192
7378
-10188
-3309
-7116
-1262
-10236
-3587
-7128
-1295
-11208
-5112
-15324
-294
-1988
-3353
-11240
5165
-4060
5887
-6092
3305
-10188
-23467
-18208
4356
1056
-6410
-10216
-1314
-15336
1314
-1012
2290
-22240
3578
52
-13310
-4052
-788
-11224
-2050
-20452
-1500
-4868
5637
-4052
-8947
-12280
-757
-5088
-1551
-11232
-1001
-9188
5365
-9140
-9213
-6104
4311
-4052
-1776
-10192
257
-10220
4363
-4876
-9466
-13268
9466
-2048
-7697
-9204
778
-5052
2007
-2828
-4348
-3020
4379
-7124
-7444
-5048
-1049
-10188
2817
-11016
4612
-7104
-8997
-11224
8183
-6108
7202
-13264
2810
-20452
7420
-4020
276
-24304
-992
-10200
1998
-6088
4063
-7156
3327
-4056
-5632
-5072
2558
-5080
-1503
-8164
503
-4072
788
-14292
7699
-5104
-8928
-3028
2014
-5892
-5444
-13244
-4851
-10224
-8499
-7148
3365
-7140
-6945
-12276
-2293
-21488
5418
-14300
8955
-13264
-7467
-10220
-5882
-988
8493
-13284
1525
-6112
7201
-26308
-5371
-3072
1789
-7144
-4352
1272
3572
-9164
-539
-11220
-11278
-7140
-6416
-8184
4603
-12256
3313
-10228
-11030
1096
1279
-6132
-5631
0
-9473
-7148
792
-5120
1545
-5100
-293
3076
-504
-10220
3338
-7116
-1553
-6140
267
-5120
-5880
1276
9193
-780
9714
-8184
518
-18180
-3611
2068
-502
24
519
-976
-4078
-6100
537
-1996
2310
-8132
1038
-1012
13591
-6124
-3570
-6124
5144
-9996
-1578
-5088
7433
-13272
8718
-5092
-738
-6116
-7689
-6112
6413
-7144
-5904
-15324
7334
-9172
795
68
-15902
-8168
242
-2996
7951
-10228
-7684
-5072
-3812
252
4850
-14336
-498
-6096
-2334
-8176
4370
-23272
-12573
-6104
1544
-10224
-3313
-12252
-2078
-7164
5094
-7116
4877
72
2069
-5116
-3589
-17384
-11270
-9180
3595
-7104
2332
-6116
-7190
6168
-748
-7096
-1235
-8144
-3815
-4052
-3074
-8124
-32
-988
279
-4048
7172
-15352
-4083
-18388
-5641
-14284
4353
-4060
-5864
-12240
24424
-6120
5894
-11248
-2053
-8972
5879
-11260
-6391
-4056
-4073
-10208
8412
-7128
5392
-11240
-5634
-9204
9696
-3052
2578
-11220
-493
1040
1234
32
4116
-10196
-1544
-13304
-1566
-16156
517
-6132
-492
-8192
2054
-17396
-1023
-3028
7429
-11248
-2576
-9200
9460
-3032
-2273
-17364
8196
-8188
1018
-7152
6114
-10160
4581
-6084
-253
-12244
-1038
-9136
-8973
-12272
-2571
-2000
10284
-10204
7464
-24268
-2572
-13268
518
-8156
1779
-17368
-3843
-15320
-6891
-18404
-242
-6116
3602
-4052
-1518
-10232
1278
-18424
9725
-3024
-1295
-10200
4590
-11228
-3558
-5088
5409
-13252
15330
-5064
11261
-7132
-1287
-9176
-3578
-14288
-13898
-9188
7130
-4064
-4390
-12256
4112
-11240
4357
1096
-2806
-12244
1279
-7120
4873
-18352
6683
-11212
-4655
-14288
4600
-10220
1521
-19436
2039
-20444
781
-5096
-17
-10196
2843
-6132
1002
-10216
-1793
-12256
-6899
-12248
-7933
-11228
-2311
4136
1044
-12256
2280
4136
-1786
-15324
3580
64
1796
-7104
1805
-8168
7450
36
1019
-9164
-5078
1080
-2576
-10176
-6139
3100
-7699
-5104
-7394
-6136
9499
-17388
6394
-988
-2300
-1992
4083
-5916
2058
3324
4618
-7124
3035
-16320
-253
-11216
-12327
-9180
-2537
-12244
797
-7100
789
-5100
3062
-7124
-41
-4044
-6132
-3036
10494
-6104
-3835
-6920
12022
2072
-1287
-12252
8219
-16348
-2075
-13264
6156
-5112
17
-14328
267
-7120
-8707
-12228
10214
-11236
-268
-9168
-1565
-12284
-12308
-3044
6148
-12220
-3368
-7156
-1301
-1976
1558
-9168
-530
-9172
-8999
-13284
-4853
-2024
-4112
-7164
-3563
-10172
-1016
-7116
-2329
-13264
2597
-12252
4393
-13292
11508
-3052
1275
-5068
-1033
-18368
748
-10160
2827
-19396
5645
-16352
-259
2084
5407
-15312
-264
-9212
7440
-2008
-2787
-4060
2536
-9172
10507
-9172
-3592
-10228
-2567
-14312
-5882
-8132
-37
-5100
295
1036
-2836
-16312
287
-8160
-5370
-1804
-5648
-3856
8191
44
3586
-12268
-4086
-10196
4332
8208
-499
-7128
2061
-13292
-1278
-11204
-237
-8164
6435
-12044
3319
-6072
4576
-8148
-4587
-5088
3830
-9192
-3318
-12256
-1776
-9184
-3056
3088
-473
-9176
-6144
1092
-743
-10232
-6641
-6120
-4087
-7168
3811
-11240
-3579
-15320
3342
-11244
-2321
-10216
1316
-9180
4598
-7944
-1277
-15292
5111
-10216
5082
-7956
2057
-5092
6670
-12252
3356
-2024
-2013
-12224
10478
7180
-2024
3316
-6137
-11020
9984
-11232
1778
-3060
8702
-9180
-1543
-6132
-263
-11149
-1013
-5112
-6191
-15128
2796
-16148
-6943
-15360
-6432
-7108
524
-11216
6140
-8160
-1315
-6124
2056
-4068
1816
-8132
2530
-2020
-7922
-5072
-33
-10216
-1777
-20428
-4096
-4056
1288
-18380
9192
-5104
6673
-7136
-754
-7128
-9996
-16364
475
24
3602
-2012
7166
-9144
-9199
24
2858
-2048
-3096
-13268
8448
-11248
1521
-4048
-3847
-8172
-10990
-9152
8432
-10192
4597
-2040
-5115
-7096
-1296
-9196
-13567
-4096
-4599
-4092
3290
-4084
-2305
4096
8196
-6104
5631
-15332
-2563
-13260
-2094
-10164
6890
-7140
-9212
-2040
3856
-12240
-3052
-17392
5904
-13244
-3347
-4032
-7157
-980
1274
-11240
-4897
-8132
3603
-23264
-13318
-10220
1313
-6136
-7657
-4044
757
-8156
3307
-15356
-3321
-4868
-210
-11184
7410
-4096
-797
-9164
-3085
-21484
11778
-976
-3063
-12256
-1788
-5104
-5654
-9184
-6888
-22240
8434
-13272
-1260
-4048
5646
-9200
2527
-14328
-10742
-3044
-7635
-8168
-8976
-5908
6650
32
779
-13312
5115
7220
1301
-6116
6384
-19444
-7163
-7140
-7150
-5096
5367
-12224
-1540
-9192
-14066
-14300
2826
-12252
3852
-6084
5914
2064
3345
-3048
-3593
-4080
-3544
-5052
7663
-17368
-9971
-4872
-7185
-8164
10258
-12256
9452
24
-249
-6132
6395
-2004
2314
-12252
-4110
-15308
7961
-7148
5370
-12232
-2266
2096
469
-13256
770
2084
3842
-5104
8735
-11248
-1533
-3008
-8207
-4056
-2261
-6132
-9235
-9168
-526
-7140
-4368
-15340
-4880
-17356
9222
8232
1817
-7140
-7670
-11208
6405
-2044
3826
-3012
-3047
0
5109
-4064
8427
-10208
-2018
-3032
12809
-5068
-1786
-4052
461
-6080
-3061
4148
-2026
-9176
-743
-11196
-1004
-6104
2065
-24248
-272
-15308
-1010
-17364
-5621
-1008
5359
-10176
-3551
-10220
12558
-2040
-1791
-16348
-5104
-6128
7440
-5120
13
6156
1300
-17388
-5394
-15108
-4092
-3020
-2537
19484
-3561
-15316
4088
-11224
-7928
-11196
1814
-10196
2278
-24288
2049
-7112
-7438
-3892
-269
-9184
-3591
-2000
-509
-11232
-10487
-1012
-4105
-13304
7929
-15332
-3855
-10200
-9992
-15308
-2058
-9192
3045
-14268
3072
-14324
3852
1068
-4914
1048
5899
1040
-6432
-4064
-1540
13396
-6679
-16360
-1257
24
-9210
3136
-11010
-6140
4105
-4868
-20
-17332
-6177
1048
-1844
-14308
8174
-5108
-3565
-7144
-10784
-9188
-4380
-9204
-2601
-2024
-5634
-13292
6159
-2828
-2558
-2020
-8976
-20464
14340
-7116
-5154
-18368
-7161
-2020
3824
-8168
3065
-7136
1030
-3048
10740
-9204
532
-2000
5109
-14292
-6162
-10228
-3307
-1000
-7933
-3056
-1523
-6057
-1793
-19404
-4355
-16340
7902
-9216
-518
-11236
-3613
3092
3602
-5104
4349
-14320
4593
-9172
1789
-1988
4850
4124
-4328
-4896
786
-4868
-3831
-5100
6944
-18380
-3871
-12268
259
-10172
7192
-1012
-7650
-13272
22249
-10204
-8948
-8156
5111
-18408
4607
-8180
-1781
-7116
-15085
-11248
-7197
-4056
-6634
-8180
3571
-988
764
-9180
6648
-6128
6672
-3068
-2307
-9200
2278
-6084
7679
-6140
773
-4080
43
-3052
5654
-4068
-3353
-7144
-8166
-3848
4601
-7136
-4856
-1820
5378
-15328
-6129
-8176
1275
-12240
-2035
-6072
-3597
-16136
-297
-10129
7199
-7136
-2830
-5096
-5396
-6112
-1280
-8164
5166
-7160
-4562
-9172
-560
2068
2058
-6076
1805
-12288
2599
-11260
3842
-2012
6390
-11157
-3319
-9212
-1042
-11228
2002
-9996
4592
-9188
3823
-13284
2330
-2028
-1772
1248
6945
-11232
-3074
-4096
-1306
-12276
8479
1044
2087
-8148
-4866
-12276
1555
-4044
-4612
-8144
-1518
-9212
2026
-20460
-11281
-6100
15620
-7132
-4596
-13228
-4331
-7160
12803
-7120
5877
-2048
-4349
28
5137
-5084
5422
-5120
4375
-7140
-7405
-6120
3305
-7944
4099
-1020
-9215
-6108
-11271
-3072
5631
-9184
-445
-2832
-10
-996
-770
-12060
3580
-8097
10000
-8140
-2819
44
-473
-6124
-527
-2036
3826
-10212
-8739
-8172
5406
-12288
-6920
-10216
2291
-12272
1801
-18404
-3610
-3860
1491
-12244
-9996
-8136
-3103
-3064
2043
-6096
4871
-8188
-256
-20452
-1523
-10216
-7909
1076
1265
-2028
752
-4060
-6639
-9208
-2053
-9180
2549
-9176
-8959
-2024
5393
-12280
3567
-12208
10512
-5072
3589
-7128
1039
-988
6379
-948
-497
-7132
-510
-13272
3906
-9148
4061
-6128
7454
-10160
-11522
-10212
6161
-12268
1303
-8148
1055
1256
2333
-8168
-7676
-12284
7200
-3028
6403
-8972
-6912
-13272
-2047
-1016
9458
-6092
2553
-8156
-205
-1800
17371
-7132
1263
-16140
2541
-4880
-7164
-4096
4575
-12240
-4109
-9180
-2306
-3044
-5879
-9180
2775
-7140
-7890
-17376
1290
-6140
3587
-19204
7944
-7128
3115
-2820
-4381
-8108
3338
-10220
-5081
-11212
-17180
-13304
1000
-11256
-1031
3100
-3337
-7112
-4080
-8132
-3307
-10204
-3330
-14296
-4143
-1004
1043
4148
-3052
7228
8169
8
5116
-3024
-1819
4124
-532
-1996
2066
-13308
4349
-6140
1004
-7104
-4076
-4064
-2552
-5076
-1239
-3044
2075
-6104
-5359
3104
4083
-4068
-1514
-16324
-5129
-6124
-246
-2016
5348
-15320
5114
28
1033
-10180
-5619
-2828
4615
-5064
-3041
-6104
-468
-1980
-2846
-9168
-267
-7152
7657
-11188
8450
3104
-4867
1036
-793
-12244
-534
-7944
4860
-13272
-7178
-3048
4609
-6096
-4065
2132
12049
-2040
-5875
-15320
-2839
-6096
7417
-9200
4079
-7144
-3604
-6132
-2823
-6116
-783
-15324
246
-4080
-4124
-2008
1761
3084
-1498
-11216
2548
-10204
6397
-8148
-3805
-6120
3850
-15340
-3089
-3040
-4340
-5088
-4321
-10224
6652
1068
9756
2088
-4103
-14272
-5375
-6144
11795
-9216
4109
-8172
9214
-13312
-1001
-17364
-12553
-5072
-1014
-8168
-236
-10188
3068
-13272
-2312
4
-1312
-3844
-228
-7164
-750
3163
2027
-16372
7162
-5100
4870
-6088
273
-9212
-6674
-10232
-2842
-6112
10771
-2044
8145
-14288
-2569
-7148
-4598
-2824
6657
1096
-3596
-14288
-1798
-9184
292
-6924
-2059
-6124
-2560
-19444
1008
-2020
7183
-4056
-2800
-12256
-4834
-5052
521
-6088
8434
-10216
0
-13256
-4298
-7148
9221
-8132
-11773
-16348
-2836
-3004
7441
-3044
3581
-10188
-6158
-3036
4378
-8176
1539
-8164
3618
-9180
3817
-960
-3310
-8140
1783
6204
3065
-20280
2587
-992
9981
-4080
772
-10156
5113
-976
4889
-8156
-8148
-5896
4854
-12276
12042
-6108
-9470
-4084
1250
-18388
-2545
-12252
10012
-7152
514
-12040
-8171
-11216
2834
28
1021
-2020
2552
-11248
-8722
-3848
8742
-11196
-1526
17480
-11003
-7148
-3608
-10196
-4101
1056
-7409
-11248
3825
-5080
-8224
-5096
-6381
1028
-8968
1060
2585
-11212
2291
-12260
-3577
-5100
-2810
2096
7934
-12220
1541
-9168
-6410
-4080
1026
-9172
2268
-14316
-11275
-6120
-6355
-10204
1506
-5100
-2838
-10228
2541
-12252
-11776
24
-2070
-4076
9206
-19400
-2845
-9188
-2038
-4048
-5114
-11224
-6889
-6076
1784
-12256
-2032
-5088
-2553
2048
-743
-15340
6610
-18404
-5629
-996
-7185
-7144
2295
-7140
-9451
-11264
7951
-15280
18942
-6092
-3106
-2012
-8688
2068
-8692
-10240
1250
-8980
2560
-5100
784
-10240
4358
-10220
-1064
-11232
4627
-4056
-264
-7116
-5864
-8180
4099
-17392
6389
-4068
-30
-11248
6934
-14292
-2309
-11200
5063
-11248
-8426
-4872
1039
-9176
5656
-2020
4600
-8128
3087
-3036
7674
-8188
7396
-14288
734
2056
775
-19432
-1806
1032
-5590
9228
3062
-3020
2846
-3020
3564
-6088
5879
-8176
-2019
-5092
-1510
-2020
1514
-6108
-257
-7168
243
2064
-11007
-5084
6145
-5104
-9718
-12220
1769
1072
2874
-18396
6635
-3060
8242
-17400
6410
-2008
792
-10224
-1004
-9192
-2545
44
-11498
-13272
-7167
-5104
-4653
-9176
-8950
-7160
-2832
-6096
-4598
-16364
6918
-15356
3646
-1016
-2307
72
-1559
-4068
-4836
-8184
-5651
12
4081
-9208
-3580
-2832
2560
3136
-8455
-1000
1038
-1996
1515
-12268
2810
-12040
15097
-16344
-7949
-21496
-517
9220
3850
-6084
1303
12
7142
-3048
-1019
-24268
-4629
-7108
-4098
-14308
3308
-8184
264
-10208
2051
-14300
503
-7132
-14849
-10168
5897
-4096
-512
-804
247
-20404
-3529
-6092
-8676
-3064
-308
-10220
4099
-12244
-15598
-3993
-3553
-11228
-2028
-12193
-514
-16348
4099
-11228
1278
-1988
7686
-14336
-498
-17376
4325
-3016
6915
-12052
-2546
-4016
-534
-8164
9458
-9216
-2045
-10184
13022
-14300
995
-11248
5366
5360
6170
-16136
-545
3108
-6892
-2012
5885
-7168
3369
-11224
6129
-5084
518
-10196
1797
-14276
-5851
-7140
-1043
-7108
-7179
-14320
529
16
-9239
-8140
7942
-14296
4881
-11232
2010
-2016
-253
-8160
-1808
-8192
-2847
-10204
-779
-16320
-245
-16356
11287
-8152
-6369
-10208
1280
-3032
6943
-19432
9234
-12256
-3066
-4005
-1
-11228
-4367
-6132
-3279
-9212
-9948
-13272
-32018
-4028
9977
-11236
3844
-11212
-3360
-10188
-523
-16372
275
-3060
-3611
-10188
1271
-4088
4106
-5096
14858
-8184
-9161
4128
-284
-9156
3595
-11244
-1011
-12240
-1297
-7152
-249
-8144
12043
-7112
-4870
-12236
11518
-12248
4351
-11256
3872
-988
11516
-3020
-2844
-4064
-2813
-7132
2828
-9192
-522
-6108
-7189
1064
-2839
-4036
1325
-3020
1567
-11208
-3873
-7132
283
-4876
-5
-5096
-4626
-12248
10007
-8188
-8668
-6100
6633
-12240
9214
-13272
-3575
-15288
1259
-7132
227
-9192
9475
-14288
1778
-3048
-3064
-10224
2038
-10212
-3301
-9200
-1808
-7120
-7400
-14312
-2537
-12260
-10029
-8172
6887
-10188
-16
-6124
-8205
-9196
-14608
-10180
12521
-20452
-4586
-12236
1564
-10208
-10508
-12252
-3851
-968
-3857
-6112
-1045
-15344
-5080
-11248
-499
-20436
-3056
-14288
1810
-1968
4095
-13244
3613
-18368
-2014
-11260
748
-3040
2282
-9196
5366
-996
1301
-11208
-4837
-8132
10788
-7140
4073
-7120
5
-20468
11520
-5116
-2067
-11232
259
1056
1252
-11024
2826
-9148
1284
-6132
1816
-3032
1016
-7136
-4368
-14312
-3332
-14280
-23
-8152
-4101
-5072
-2593
-18420
3546
-18412
-5891
-7124
-8954
-10176
5362
1084
-10516
-5112
6427
-15316
-789
-11248
-1501
-12260
4093
-11244
-3352
-9144
-9452
-12248
4147
-988
-4077
-12036
5576
-9152
525
-8180
4626
-11216
-518
-13264
4870
-4072
-5355
-944
202
-4056
10
-12248
1522
-9168
-8187
-1824
-4095
-6092
-5
-14312
7678
-5064
2349
6231
-5420
-5080
4871
3084
-2583
-2044
-6127
-20452
-13
-5108
-11026
-4048
-1520
-8184
-282
-8136
-8942
-4068
-6360
-15328
-1320
2068
-7919
-7140
-2329
-15328
-4345
-2028
5382
-5088
468
-5052
-13082
-25300
6906
1028
809
