1272
-7964
-9192
1300
-9196
-10477
-10188
16335
-7100
-10731
-2032
-11025
3144
2561
4128
-815
-4080
-13337
-5104
304
-13264
5086
-21472
-3599
-6084
1529
-12280
11296
-4084
-8
-4072
2828
-6108
6892
-7148
-9453
-8144
-3116
-10240
503
-3060
2810
-18372
8944
-15340
-1473
-13268
-1799
-7108
1303
-6128
-6127
5172
16359
-9204
229
-10204
-4410
-6140
-518
-10180
-6156
-15316
-1822
-4060
7427
-15312
-4556
-8152
1028
-4052
-1784
-14260
7408
-7104
3062
40
-2313
-9184
-2008
-6116
2079
-17388
10213
-10172
-9447
1072
-267
-19404
-2795
-14304
-2275
-6120
-11786
-6116
503
-9184
2329
2128
5355
-9196
-8179
-10224
2018
-2008
2271
-18380
1768
-3032
3823
-5120
-12301
-9216
9
2104
-12787
-5120
1505
-12272
4137
-1016
-3579
-2996
20
-9208
4124
-13300
-1532
-5068
-1792
-11224
9691
2088
-1549
-2000
-2052
-13312
1295
-11256
1787
-12236
-10750
-14300
-788
-15356
13540
-2012
-801
-3056
-2577
5140
-4635
-1988
1275
-3040
-4344
-13244
4063
-13304
-8981
-4072
2564
-8132
-4897
-5100
8462
-2028
-1281
-1016
4104
-20400
7415
-17364
-5105
-2012
11030
-5900
2815
-5092
-9490
-3028
13266
-1008
-9229
-13304
4852
-5088
-519
-10236
5632
-10180
766
-5100
3617
5156
-2542
-7120
-7930
-7088
2582
-6092
3857
-7160
6406
-9196
2791
-8168
4602
-3036
-5619
-4044
-4604
3128
8457
-9180
-262
1096
-6133
-7140
-4068
-8192
4076
-11232
24
-7132
-55
-5080
-3069
-8168
-3277
-15308
-4331
-8164
1034
-10216
5391
-6128
-1510
-7164
-3077
-8172
-5363
-7148
-5408
-980
3590
2068
1515
-2828
-1527
4132
-2815
-10184
9483
-10212
1314
-12236
-12806
-1961
8934
-10196
-1783
-3044
8444
-12272
-13281
-7132
-7166
-12260
2549
-5112
-2311
-7152
13336
-6080
-6903
-7120
10293
-6116
7697
-13304
1298
-2828
-6164
-14296
8462
-7132
-7967
-8168
274
-9188
-3333
-8176
1537
-2020
-3354
-11232
-1026
-10212
3336
-5116
2824
-14320
765
-7112
219
-4048
1481
-8144
-11258
-11208
1809
-2032
1801
-10172
6399
-11224
273
-11232
-1548
-15312
3585
-6108
-5389
-4084
-3367
-12252
3316
16
-4837
-8172
-1568
-15344
-4632
-6104
6117
-8160
6425
-7124
2001
6156
1297
-9184
-7907
-8160
2555
-12244
-8205
-8980
304
-9196
3070
-12248
5648
12
9738
-8144
10
-2008
767
-6076
3524
4
-4592
-10184
3573
91
-11799
-7108
2853
-12256
1535
-15320
13301
-6120
9173
44
7643
16456
-7687
-11248
-4890
-3068
4334
1032
4583
-15336
-9506
-13244
4331
-2024
5132
-10224
-6673
-9160
1565
-6136
766
-19404
6725
-10188
817
-9184
1003
-6136
-1545
-13280
13825
-9212
-2010
-6096
5898
-5076
2023
-12232
2837
-11228
-767
-9988
240
-4060
-8196
-14336
-6614
5132
3350
-23280
-1800
-1020
-9742
-17156
-3621
-5112
-1289
-20460
503
-7940
503
-6084
-1547
-18388
1813
-11012
-1512
-11204
-2778
-12252
-6390
-8156
6409
-5080
7430
-7112
-2076
1084
-223
-4096
2023
-772
2045
-7124
556
-10216
10234
-2016
-5889
-7136
3314
-7160
-9731
-14308
-780
-14296
1296
-6096
-6409
-2016
-2835
-6100
1247
-13268
-9
-5892
729
32
-5145
-10204
8985
-4888
-1797
-7128
737
-3044
-4085
-16352
-5608
-20468
3551
-19396
-2035
-10168
-14836
3104
493
-3848
799
-16348
-5889
-2012
-1532
8
12016
-6068
1834
-4052
-3337
-776
4086
-5104
2801
-8172
1049
-17356
-1509
1052
11719
-7124
-8495
-10196
-7448
-7108
5902
-9176
4082
-9160
10754
-6140
-766
-4092
-1237
-5048
-8228
-10176
1555
-16316
12562
-8152
-2067
-21417
-3592
3096
-785
-18416
3588
-4068
769
2084
-6359
-8180
740
-14332
11779
-16308
-5909
-980
2295
-15312
7684
-1996
4877
-12256
-4636
-2040
-480
-772
-6669
-6124
1531
2056
1513
2088
-7436
-11244
-2567
-7168
-497
-6140
-6435
-14308
-1246
-8144
11256
-6072
-2265
-9196
6158
-19404
-5358
-5892
-8949
-3072
6392
-12288
6120
-11200
6362
-12240
-7947
2088
3325
2052
-6402
-13248
-1288
-7944
1550
-11204
-6143
-14336
-5371
-10216
4573
-18432
-9457
-9196
5859
-9200
-1533
-12268
-264
-6120
-8693
-6144
-544
-9196
-4612
28
6407
2068
2540
-3056
6176
-9988
-3075
-3052
1550
-11228
-1284
-5088
3593
-4068
-6910
-6100
-1825
-10240
-10762
-6144
6383
-15308
-13572
-12240
4333
-16380
486
-4092
510
-17372
-5135
-9192
9222
-3036
3337
1060
6413
-8176
-8980
-5076
1271
-11240
5387
-14308
-1005
-4872
8940
-9176
-4822
-10240
2827
3088
4067
-3040
-530
-16384
-3318
1048
-11234
-14288
-2040
-8164
-771
-7152
-7945
-13252
20228
-2048
-7435
-6132
774
28
2353
60
6911
23548
-2073
-16332
2576
-4096
7206
-4084
-801
8
6437
-988
-2047
-20432
-1288
-18380
-485
-5096
6625
-12264
-1018
6160
241
1028
-3348
-11204
-4084
-11248
-1035
-18420
-1285
-8136
-2036
-9164
3314
-10212
14087
4132
-2820
-4056
-1806
-11212
-7184
-5100
-12
-5048
-4083
-13236
10999
-10184
-6131
-9204
6873
-13284
6116
-7148
4868
-4092
-2807
-4060
3093
-8136
1521
-2044
4330
1056
-5848
-8176
-17
244
-2537
-13312
-6935
-8164
8214
-4040
2790
-3052
-2561
228
-4061
-13288
-4114
-9176
-6895
-5088
3560
-12256
-1822
-16332
5098
-6112
3832
-9204
-6393
-4072
-1569
-11012
-6102
-6096
-15
-11244
-13241
-9996
5376
-12288
-2281
-10212
-6636
-9192
-2294
-6120
11305
-3024
-6665
-9992
8706
-7156
-5863
-10232
7407
-7108
256
-3008
-4362
-8136
1515
-12272
-18
-6112
0
-15300
9482
-12244
-5873
-5076
2826
-13272
16135
-5076
-3088
-4092
-255
-984
6396
-996
8963
-5060
-2292
-13268
-475
-8180
6911
-15348
-2550
-8164
2287
-17388
-570
-11248
-1767
-8128
-2307
32
3082
-7140
-4100
-9192
-3610
-9184
-1541
-8136
-4869
-6100
5611
-11236
1045
-15344
-1240
-10216
3046
-4076
-2806
-15336
-8932
-11232
3066
-11216
-2346
-13288
-3053
-6100
-5404
-4048
1032
-10141
-1252
-8180
-6153
-7116
771
-6053
2319
-10240
-4082
-5088
5366
4140
5120
-7948
8501
-6144
-7923
-10200
241
-9184
-2588
-12228
6411
-4048
8702
-3024
498
36
274
16
-1306
-17396
11748
-7160
-3068
-4060
-4585
-16352
-13
-8172
-4323
-5100
-4338
-18396
-1777
-10212
-2583
-11020
1282
-11240
-2071
-6136
-9157
-19416
7929
-4056
-3860
-2012
-3072
-10232
-4112
-19444
7671
-6116
-2564
-4048
-226
-11184
6402
-3064
3588
-5096
3549
3108
-475
-8968
-1276
-5096
3306
-12056
-4570
-13292
-3861
-9164
2312
20
9917
-5088
-7136
-12040
1045
2084
3592
-7136
-5131
-3020
4115
-8176
-7637
48
-1779
-6092
9219
-14332
5137
-9152
-1799
-15340
8218
-964
1018
-11240
-2303
-3852
10478
-6096
-9218
52
-538
-9156
4331
-4068
-4599
-10224
-4611
24
-5631
-11228
-245
-5108
-20291
4
729
-17364
8205
-2000
4104
-16376
7958
-17380
2594
-9992
-2303
-8160
3367
-9192
3078
-1008
13587
-4064
9747
3128
13537
-20464
-4630
-8156
-5592
-5068
4593
3104
2839
-3044
2825
2064
7448
4
1287
-9196
-6129
-1004
-2037
2076
-4606
-16356
8466
-2020
-6384
-9176
298
-12276
2513
-11256
-2038
-4072
308
-996
5630
-9996
7161
-1992
-9235
28
3065
-3040
-776
-14316
10983
-7164
2806
1036
-3526
236
5372
-1016
2595
-14328
3334
-3860
-3048
-7152
10733
-10204
-785
-14296
6157
-10196
6166
1147
12305
-13300
1270
-7132
-13309
-11200
-240
-2016
3331
-8140
-6449
-2028
796
-7168
-4091
-2040
5123
-8156
-2020
-6092
5642
40
-5888
-5076
-1773
-8152
1554
-14300
4370
5132
3608
-4048
-1318
-11220
518
240
513
-3024
3052
-13264
8923
-3020
-9746
-14312
-6116
-17396
4649
-5064
-40
-8168
-9755
-13240
-8781
-4076
-6650
-8172
-6153
-10208
-754
-10224
5131
-9176
-4385
-3028
-7184
-12264
10484
-14304
2602
2084
501
-2024
-6932
-9144
-241
-19444
-8452
-6120
-6655
-9192
-1019
-11216
2075
-11200
-3566
-6120
-5095
-1800
14310
-10208
9460
-19420
1009
-15332
-768
-21492
-246
-11252
5819
-4080
-4318
-5108
8195
-6096
2578
64
-1530
-12256
1536
-12264
-2547
-5092
-13292
-3028
-5108
-8172
-2290
-13272
-12793
-4068
-3862
-2016
2577
-776
-1252
-1996
-2053
-9176
-4357
-6120
-5400
-7108
7
-16324
218
-12232
-4870
-13292
-236
-7108
-2799
-4064
-5362
-9992
4583
-5060
-3847
-9200
757
3312
-705
-6108
1785
-10200
-6121
-9184
4340
-6120
-4124
-10228
286
1068
6428
-16136
4105
-13304
3807
1052
-3538
-2036
743
-5072
-2807
-20448
3031
-16356
6435
-22236
-475
-17380
-9704
-13296
5632
-976
4859
3136
-3562
-8192
15099
-12284
-3861
2048
6398
-1796
-7148
-3028
536
-4076
2809
-5096
-6152
5176
24
-9192
-1781
-12044
3624
-2016
-3586
-16340
530
-32472
-764
-3032
-2292
-10204
3879
-9136
5886
-8152
1812
-12248
2558
-2000
-1025
-4072
-7683
-12240
6404
-9216
-2862
-12240
-10243
-12208
-8438
-13260
10475
-3064
2270
-8144
3595
-7152
-744
-14284
-7386
-9180
-6164
-4084
259
24
5892
-7160
7956
3080
-6165
-11012
1282
-12252
774
-10212
3350
-16348
-9421
-13292
-5662
-3008
-2834
-9172
5927
-8172
-1819
-15356
-7439
-6104
-2064
-4048
9224
-5056
11775
-13248
7973
-12256
8229
-13288
-1736
-10204
8676
-8172
17434
-10188
1554
-2032
2032
-2020
246
-8164
-2809
-3056
6409
-8120
2315
-7124
-9487
-10208
6924
-7132
1532
-4084
-9479
-3064
15088
-17384
5117
-11196
10724
-8172
266
-24276
3844
-10216
-7468
-4024
-5861
-15340
11253
-5104
-1275
-12220
-499
-10224
-2546
-2836
3065
-6124
8464
-9192
-1539
-14312
-985
-7112
10479
2056
3080
1060
3809
-6112
-2308
-7148
-3093
1272
-1547
-4096
6915
-19416
-5629
-8132
1550
-16297
501
-8976
-3567
-8144
-11044
-10184
2571
-5092
6417
-11252
-2052
-14292
-1023
-13304
-1542
-3028
1045
-13300
-1060
-14308
2275
-6100
-6411
-19420
-3629
-5068
-8448
-8116
-2047
-10220
4649
-6132
3322
-7152
-3595
-8148
-6125
-9152
12560
-18372
1537
-3044
3067
-12280
13280
-8148
-234
-13236
775
2112
-7240
-1012
-6394
-15324
-7419
-10220
6134
-8144
2798
-7116
-1803
-12264
-7924
-3848
-10011
-7136
-1841
-16352
-3584
-12256
3862
-6100
-2543
-21472
-11821
-6080
2288
-10188
-14613
-984
3842
-11248
1504
-6132
785
-14108
-9228
-7132
7702
-7168
-7173
-20420
-5627
-4064
7715
-6132
301
-10172
-1526
-8180
1531
-2012
6398
-10204
-6445
-4064
-27
-8172
6159
-4036
2571
-2016
-4080
-9216
-2802
-9168
10462
-2820
-1284
-4096
-2294
-5104
-3054
-10196
5637
-10196
-511
40
1033
-8160
16
-1012
2013
-1796
4856
-5092
-775
-10208
2061
-5084
-7393
-4048
37
-9192
6884
-11248
-3335
-6132
-4077
-780
730
-5060
-496
-8188
10758
-8128
1022
-5076
1576
-11212
-9776
-11236
-11006
-21420
503
-4872
-2295
-4040
-1808
-11240
2560
-7132
5885
-14312
-243
-8140
-3309
-14304
2825
-5112
783
-4048
4105
-11236
2534
3084
3111
-8164
2553
-2028
2822
5156
10499
-8140
3828
-14332
5113
-9164
-2061
-10192
1004
-9168
2043
-4080
-10960
-6124
-7674
-11228
-806
-1992
7467
-16368
3852
-13256
7426
2072
9979
-17344
-1517
-14316
-7181
-5088
4109
-6916
-1303
-4072
2056
-10220
-5394
36
6891
-5052
-4595
-9192
-4825
-6100
-2825
7200
2804
-1008
-2540
-11248
6687
-12248
4658
-8156
9980
-6952
1289
-6104
3832
-5088
-2550
-7148
6423
-9208
2574
-992
-11471
4
7195
-2016
-5418
-17368
-5885
-3068
-4343
-9140
-2346
-4060
-2574
-12252
1300
-3028
-3847
-11224
-9724
-22244
8198
-8172
1510
-14328
1787
-5072
1027
-7164
2056
-17356
10998
-18428
5129
-6920
-1543
-11200
-16881
-6072
9431
-5080
2050
-2004
1031
-6108
2620
-10196
243
-11232
4076
-8984
-3581
2064
13570
-20404
2823
3072
-5154
-11220
2781
-5076
-2821
-1996
-10245
-7112
-8950
40
3079
-18412
-10781
-4076
11267
-16376
6647
-19404
-7638
-10168
-5355
-11240
2333
-17388
7468
-11244
-4063
-13296
7679
-9121
-1753
-13092
1520
-4084
1789
-7128
5368
-11264
1323
-12264
-2313
-3000
252
-9160
519
-3044
244
-4068
2025
-9184
1261
-9188
-9701
-14316
3065
-12236
3286
-13248
6890
-968
-2008
4132
-7446
-19392
9983
4140
-230
-5080
235
-9160
-1775
-18388
4641
-2016
2818
-2004
-2294
-4868
-3608
-5080
-7941
-18404
-7938
2120
5414
-4040
2541
-4056
526
-12276
-1021
-4092
-10769
-14308
3820
-2000
-2319
-12284
-17953
-16344
3062
-13276
2836
-8168
-2015
2100
-3094
-5060
1295
-19412
-2297
-4068
4572
-10216
1292
-12252
-805
-10200
7138
-10200
2798
36
2815
3092
2547
-8148
-2293
-16308
-9966
-8180
8650
-11220
5607
-5900
-5111
-3040
-4385
6152
6130
28
2526
-14296
-1539
3092
1770
-2040
-1538
-2996
-4618
-13060
-2777
-12260
9973
-14296
7458
-9200
-1261
-12248
-9
-11236
56
-8140
13070
-6076
-2289
-17408
735
-14249
-3340
-3028
-2557
-11232
258
-5100
5390
-15288
796
-2000
4400
-8964
786
-11232
-2313
-5096
795
-6112
-5347
32
-7700
4136
-1551
-10228
-5106
-13272
-6682
-7116
4366
-5100
502
-8140
5382
-16336
-8437
-3036
-3836
-10153
3874
-5112
1285
-13280
-2304
-13256
467
3092
6941
-10216
7424
-18396
7947
-8160
-6684
-6092
5389
80
-2814
-12232
7186
-15320
4105
-3016
-7185
-6136
-8687
-9156
1283
-1000
-1309
-6124
-3858
-19416
6394
-8168
-2292
-15324
-2814
-12264
-1037
-10192
-1026
-11216
-7405
7188
-497
-9196
6904
-3032
1795
-14292
-6909
-996
-268
-8176
-3606
4164
2532
-10196
-4096
-3032
1028
-9180
-2553
-11260
7680
-1020
6
-9180
-1519
-8964
4092
-13244
1536
-5892
-1043
-15288
5163
-2012
1804
-6128
-8475
-1972
-5615
-3052
-10736
-10204
12546
-6116
-299
-12252
4380
-8168
-2298
-4060
-9734
3104
2560
-8980
2319
-7952
-7932
-7952
-3549
-3032
6393
-13264
775
-988
4584
-8160
-13045
-6124
2308
-10184
7409
-9172
-11246
-3020
-8206
-25300
-2316
-14245
-1035
-24264
-2054
-17156
-1043
-9172
-1003
-13296
-257
-8136
2054
-8156
11520
-1800
11265
-15344
-8449
-7136
-252
-10228
-5649
4
5882
-7160
5365
-23292
-3300
-10236
-8487
1052
551
-2820
5886
-3040
803
-3012
-8667
-11208
-6888
-8160
1024
-6076
8676
-6124
-3579
-984
-2786
-6120
-8238
-11204
-4881
-5084
-2037
-3020
3872
15584
-11
-10212
6399
16
2563
-10180
-7461
8
4332
-5112
9203
-2020
-7159
-12268
-1282
-5100
-8213
3100
-1754
0
-3865
52
-2008
-7144
-4603
-26844
5344
1040
-1786
-8136
3311
-16356
1030
-6120
8181
-4080
4825
-9172
-501
-16364
1549
2052
-2538
-4052
1512
-21476
-2818
-5068
1009
-16152
10741
-1808
-2001
-4060
1780
-9176
2569
-14284
7419
-8188
1517
-12264
-5889
-17164
3548
-7108
-4068
-8156
-9998
-11012
6440
-10184
5088
1272
1259
-5068
9708
-12244
6633
-10232
3593
-3064
-3298
-14312
-19
-2000
-4890
-14312
3838
-9164
-3364
-9172
8678
-2008
-6961
-21484
35
-3052
-2327
-17384
-751
-14324
-8213
-7112
-6927
-8168
8177
-976
-6118
-11220
2090
-13288
8429
-7136
-4821
4144
504
-16316
-2279
-9204
-1042
-16356
4089
-9148
-2293
-11212
-7166
-10220
-6679
-2840
2281
-10176
-759
-4880
1077
-8144
7672
-3064
4102
-11248
-3035
-16376
3028
-5904
2044
-21464
12048
-11240
-2293
-7112
2295
-7168
799
-18416
-2558
-13236
1027
-8168
2555
-22248
-3321
12
5623
-988
3853
-4084
-3325
-19424
-7940
-4084
-2897
-16368
3869
-13292
-7689
-7124
11810
-12240
-4070
40
8474
-16328
-6408
-13284
-4374
-5096
1546
-10236
2833
-2016
-1053
-10220
3608
-13260
2300
-4064
-2778
-11264
-1036
-5092
2041
-1996
1013
-3044
-226
-7073
-4868
-8184
-7127
-17344
7149
-10192
7956
-9204
-7180
-18432
-2031
-8176
-2525
-5080
8963
-3028
5375
-6088
3296
56
501
-8148
-3065
6144
2064
-9196
486
-6072
1531
-9192
-2819
3104
-1281
-5096
1777
-1016
731
-14308
-753
-6140
-25
-2020
-248
-10168
1040
-15340
-3348
-5896
-1277
-2828
785
-4088
1292
-2985
-4579
4128
1219
-6108
-11255
-5892
5603
-7152
-8687
-5896
1527
-12244
6
-6108
8718
-5076
-3584
-11240
-12281
-7148
1762
-15308
10739
-772
6435
-12232
-4073
-11248
1561
-9180
5638
-968
-3591
-12264
15347
-5068
-4870
-4052
-779
-8176
6419
-14304
3328
-9192
-4576
-8136
-4064
-5092
-2298
-9192
-4594
-3016
15107
-7148
10999
-16348
-752
-5060
2309
-5088
-3837
-14300
243
-996
-8450
-992
9213
-6104
-1269
-5100
1
-9113
-1806
-11248
-5887
-4084
-9228
-8180
-6164
-4076
4380
-17396
5875
1068
-6173
-21468
-28
-1008
-717
-4048
5621
-7116
516
-4072
1011
1048
8239
-3064
-9028
-17380
-2047
-8192
10775
-4060
5891
-11260
6909
-6092
-5385
-13272
-7665
-8112
6898
-11248
10777
-6080
7177
-7104
-3869
-6116
260
-8160
-2024
1036
4115
-16360
8187
-10208
532
-7136
-4364
-14292
6143
-10184
-2031
-15304
-3872
-14316
-4352
-4088
-4852
-16332
-259
-8148
1049
-4072
-6162
-5072
3085
2300
-1065
-7956
4635
1076
-3046
-9204
-747
-5896
11229
-7120
-1509
3088
-22
-4080
3102
-8124
504
-10192
-2050
-7124
4360
-2032
7443
-17344
-749
-8164
-9487
-980
6384
-10188
3303
2100
-5585
-3048
-3836
-12264
-10769
-7156
-4365
-10184
5663
-20420
-7409
2276
3310
-13300
1303
-4036
-3330
-12268
-2558
-6100
4589
-8180
-265
-11228
3849
-11177
503
-13296
-1826
-7136
-3577
-1012
6655
-11260
2297
-13280
2299
-5060
5119
1056
1783
0
3843
-2016
1756
-10196
-3068
-20448
1051
-15328
7453
-14320
-752
-6100
4081
-10232
7157
-16372
5919
-15108
6162
-9208
-2837
2092
-2031
-10240
-1562
-3072
2588
-4048
1281
-776
5095
-6120
-5125
-5900
765
-5092
-18426
12
-1053
-7124
8212
-15340
-485
-4048
-255
4164
-3575
-12272
-3585
-12280
3863
-2004
3367
32
3830
-2828
-8207
-9184
8966
-9196
2049
-5088
8
-9188
-260
-6092
13816
-13068
10022
16
6400
-8168
-1048
-9204
6915
-13292
773
-2032
-6170
-1984
5878
-1012
5879
228
2573
3124
3588
4112
-1013
-12244
-5126
-12252
6147
-8164
-5635
-3032
5124
-4068
4845
-6104
8176
-4052
-1772
-5088
-10530
-10224
-5142
-5080
516
-2008
2299
-13280
2297
-7136
-1782
-772
517
-29341
-9737
-10196
-8961
-11220
3031
-5072
979
-4044
-5563
1048
10217
-1016
-278
-3028
-3319
-9192
-5644
-976
-1034
-6112
1008
-11212
-6412
-15340
-10218
5152
6168
-4048
11760
-10220
-6947
16
-6177
-6140
-12817
40
-7169
-16344
-2296
-9192
-1246
5180
8698
-11224
2292
-5100
3631
-7124
2048
-8168
-5617
-992
10210
-13300
-2567
-2036
6659
-15308
2834
3308
1046
-16372
11505
-22244
5622
-7160
-2309
-13260
5917
-15116
-5109
-5112
-4654
-5112
-1503
3100
-5383
-12212
5856
-7140
3608
-14312
8179
-10208
-1807
-8176
-561
-2012
2560
-7132
7940
2104
-5642
-4068
-5141
-8184
-4867
-2024
-243
-8136
5915
-9168
-509
-2004
2551
7208
10978
-3032
3860
0
-6384
24
-1842
48
2341
-8148
14580
-8144
-253
7248
-6425
-7168
10489
-7104
9752
1092
-5637
-7940
1263
-15128
6416
-3048
-7742
-13280
-5199
-1012
2083
-5120
9192
-5052
7950
-6132
1542
-12220
11755
-7132
6674
5136
4348
-3064
-4903
-8152
-1041
-5088
3588
-10184
2300
-2036
-2542
-16372
-13316
-12272
6669
-1008
-2265
-6144
-2813
-988
-2805
23308
-758
-15332
-2045
-6124
5648
-4080
-3294
3140
4571
-8192
-4357
-6932
7380
-7136
-6637
-12288
-4372
-11208
1287
-17376
-1820
4116
-525
-2008
6950
-13068
3548
-10184
-3349
-18412
-1518
-7148
498
6188
-9993
-6100
-4096
-17164
764
-7136
-4650
1092
-6139
-6924
4596
3080
-8755
-4064
-5643
-5112
-4132
-21460
2046
-8120
503
-16368
-4303
-22028
-8471
-15112
-8919
-6140
-3805
-1012
6931
-11240
10482
-3848
2842
-1796
6665
-3024
-3818
-3020
-2551
-12280
-1577
-8148
-2057
-8180
-14602
-15352
1309
-2024
2296
-15136
4853
-2004
-9960
-19436
-3873
-4048
9930
-9176
-5389
-6132
12036
-11240
3608
-7108
6888
-12268
10758
-12232
266
-4084
3581
-10200
-4619
-8172
-9454
-11256
5371
-8184
-1291
48
-1541
-4080
4862
-8160
-2571
20
5364
-5092
-10245
-14300
4097
-2820
-3294
-6104
1249
-6136
-6125
-8172
9195
-9208
4848
-4084
-6376
16
-8194
-13280
-4377
-4096
-3368
-19452
-3312
-8980
-1587
1032
-2274
-2020
6891
-4040
-764
-7120
1831
-5120
-3607
1044
2555
-13280
-1793
-4032
-7912
-5072
-1527
4128
-5377
-5076
-2792
5144
-4869
-14245
-3576
-10180
-4601
-16368
3275
-2012
-3066
1032
4867
-7116
2831
-15328
-1309
-2008
1557
-4068
8953
-4016
12827
-5116
-6374
-5096
-8746
-3056
-6666
-10028
6904
-7940
10970
-5048
-2005
-7120
2784
-14328
487
-3036
-8980
-15108
-3590
-9184
2552
-8156
-7179
28
-2555
-8144
1245
-7160
-3071
-984
-4890
-11240
3846
-17400
-512
20
-4368
-13268
4123
-3032
6200
-10236
6399
-5904
4075
-3052
2056
-988
1522
-4080
1836
-16356
-12274
-12284
10733
-10192
-5621
-18424
-5087
-7940
9461
-6920
-2290
-1008
-18683
-1000
5852
-7964
-7874
-8168
-1067
6144
6136
9220
517
-7156
492
11508
-6682
-8168
-1821
-8116
-1039
-15340
1535
-11244
-221
6384
12535
-10228
-3330
-8192
4083
-6132
4127
-2036
-5113
-9164
9482
-6132
-5398
-2020
5622
-9208
1511
-980
-2309
36
-223
7200
-1809
-4060
-2561
-9180
5424
-8168
-9217
-13060
2799
-10204
-4336
-14088
-3103
-12284
3092
1060
-1534
-9140
-9701
-5092
2299
-10232
-6427
-16132
1524
-6104
-1780
-4096
5102
-13268
-2589
-13296
-2806
-7136
6401
-25276
-3336
-7144
9986
-11264
-761
-6100
3113
-12276
6198
-12264
3100
-7152
6413
-10236
1785
-2040
-2523
-14276
-6409
-7144
-6666
-6144
-1775
-7128
5883
-12260
1780
-14328
-3844
-7144
-9984
-8168
8718
-3044
-6436
-2048
4116
-13284
275
-9200
5368
-8168
2080
-9188
240
-3072
-545
-7112
-6659
5156
-259
-10188
198
-7116
-5400
-2032
11508
-4900
799
-6120
522
-9160
-795
-17392
2773
16
-4360
-9188
-1278
-4868
-3624
4
-5374
-992
-3049
-9156
3586
-16344
-4578
-9208
3556
-7160
4334
-972
7916
1052
6665
-4088
-505
-2024
1997
-20232
-3
-9200
4639
-1004
4357
-3028
-5632
28
-1522
-12288
2292
-1020
1559
68
3577
-16364
-4082
-11012
-14319
-9192
7436
-8980
3088
-8176
10987
-9180
756
-8136
-1014
-11232
4826
-9156
-5128
-19408
8738
-7108
-7157
-3036
3070
-9196
3349
-23244
2285
-3032
-11018
-4092
-1270
-7156
-2059
-14336
-1558
-10224
4848
-4076
1039
-14100
7700
40
28
-5068
4831
-7160
-1253
2064
-3592
-13260
-2313
7188
-7404
-3040
-3844
-4072
2032
-4084
3072
-17388
1792
-1796
2826
-13260
-3875
-15308
-6121
-10228
-13
4140
1533
-8152
-15626
-5060
3576
-12272
6437
1048
4608
-17364
-1249
-17388
-4325
-4060
2283
-5052
5879
-20420
11514
-6116
4343
1028
3051
-10232
-1018
-5096
3847
-8168
4077
-13276
-6141
-9216
10988
-14332
3330
-20428
10447
-5088
-3790
-5084
6106
-9188
9461
-3044
6390
-15352
3097
-13304
-1558
-6092
6407
-6132
-757
-12212
-3601
-964
13083
-15360
-4351
-16352
-8234
-4048
1055
-10208
9191
2092
-4106
-6124
-8974
-6104
2556
-6112
11250
-8156
4622
2096
4086
-9156
-7129
-3064
-1538
-18428
3099
-9156
762
-11252
3572
1044
-1278
-3852
-3316
-9192
1028
-9996
976
-15344
-1782
-11232
7917
-16136
-1020
-10220
4588
32
5159
-14332
2795
-13284
12328
-11264
-6644
-10204
-4389
1040
2501
-17376
3860
-10212
-9968
-6108
-6383
-17372
-1551
-13276
4854
-12252
6129
-13296
-2331
-5076
-8970
-9188
-4358
-2004
-9478
252
-6406
-14292
4628
-6116
1569
3084
4358
-13256
6139
-9160
770
-9176
-782
-11220
2813
-11260
3060
-9176
1345
-12088
19696
-11220
3586
-19412
5900
-8152
-8178
-4060
532
16
757
-9200
-2834
3112
-1548
-8180
-1287
-9200
9964
-4880
-5136
-9204
6180
8
9721
-5056
1034
8
10991
-11212
3060
-3028
-8227
5172
-1775
-4068
-3601
-2020
-4599
5148
3596
4148
-5367
-18408
-2030
-15348
3632
-13272
-3067
4348
7656
-8968
4056
-5088
-1260
-8964
-11556
-13312
-4075
-5116
8433
-2016
9991
-5096
3328
-9216
-4856
14368
8451
-2008
7662
-7148
-5644
-2028
-2532
-10220
-1302
72
-3070
-11248
-9741
-8188
9463
-6088
-493
1040
1534
20
5625
-6092
-3588
-4872
9972
-2000
-10525
-13300
-3088
-1004
3043
-1796
-13849
-7124
-3054
-4080
3587
-18424
2313
-4068
-2827
-7128
5100
5160
775
-6924
6893
-21484
-3856
-13300
278
-20440
244
-2012
-8217
-4052
-2583
-10176
-5852
-2004
1006
-17360
-2299
-5108
221
-2024
6900
-968
-9690
-18380
-2095
-11244
-6418
-7128
257
-8152
514
-3012
-13342
-15320
2048
-16344
-3803
4120
6911
-6104
-2030
-1996
8958
-2832
6438
-12244
1514
-5104
1516
-15316
3029
-4068
1555
-13272
-767
-1808
9456
-6084
-8963
-13288
1312
3096
16117
-14288
-1022
-18420
-5631
1108
3574
-15336
-270
-11208
-8715
-9208
13542
-7120
-6907
-26344
-2806
-4080
7196
-13252
-6455
-14336
2545
-2028
-5355
-11216
-1526
-11252
-7666
-7140
-4110
-10212
-1034
-9160
-2823
18444
-13058
-3024
-7899
-9180
4602
-13296
7175
-12276
-4827
-13264
8961
-11260
-11287
-15108
-245
-12248
-2357
-10196
268
-7952
2068
-5088
-1308
-6100
5115
-13284
5113
-4868
1789
-6092
17190
-8152
4351
-9196
4359
-9188
-3561
-19204
13801
-11248
-1041
-7948
5642
-6088
-1518
-6140
-530
-5092
4074
-6124
-1278
4
2324
-13256
-753
-14292
1786
-16356
-5914
-10216
1046
-8160
9751
-4092
-2062
-9176
-4354
-18188
-1015
-3048
1277
-4060
2310
3076
6905
-4056
-4605
3092
499
-7156
-494
7192
-1524
-4080
2290
-18396
3
-2020
4912
-4080
-2547
-2044
4590
6152
-1273
-12276
7686
-8192
-5388
-5108
2036
-4064
1
24
-6670
-15344
-5165
-9200
-2299
-7116
3071
-1020
-279
-14324
-524
-12264
-6414
-16340
-6648
7232
-6665
-2004
1286
-12236
3586
-13256
2283
-2020
5100
-6112
-1815
-2004
4837
-6096
10000
-8184
-3595
-5092
-8209
-9212
-1525
-988
-7953
-5104
-7966
-1008
-2835
-11248
3577
-5080
-8464
-2024
2572
-9196
-10495
-7116
7960
-15328
9217
-5104
-7148
-8160
-1325
-10200
-9980
1056
-1291
-12264
-282
-10200
-7935
-4048
2840
-10220
-787
-10220
-1035
-22224
6135
-12276
-4625
-13268
7676
-10208
-772
-7124
-5886
-12264
4879
-2008
1781
-15328
4124
-2832
-2829
-9216
-281
3120
-7161
-15324
-1546
-15340
1787
-12216
4113
-10208
2603
-5108
-6628
-6064
-1281
-24084
489
-14088
262
-10196
1811
-9148
-4630
-4064
-2074
-11024
-5370
-16352
6371
-6140
3582
-12268
-8193
-11236
-1567
-13284
1779
-13280
3845
-10176
-8963
-9212
-5132
-18388
5108
-10188
1546
-13300
-2784
-10008
-1288
-7124
7921
-11232
-763
-6108
3326
-13304
5913
