-3060
-775
-23256
-8465
10284
-4109
-12244
4609
-7140
519
-12044
3855
-4060
4123
-9180
-38
-8144
-7202
-9144
-6111
-3072
-7148
-7128
3357
12340
496
-17400
-5326
-6128
512
-5092
-1223
-8108
-4590
-3040
-1814
-4040
-9731
-14272
-3810
-19376
-2539
-15336
-6337
-11240
-2311
-4072
9219
-17348
3871
-5080
5375
-1988
-3057
-7116
-501
-6096
2787
-8168
4615
-5076
3560
-9196
7963
2076
-7160
-16352
5678
-4068
7442
-23248
4357
-12268
748
-4088
-3838
-6916
1073
-11184
17659
-7156
-11730
-3052
2555
-7156
-3091
6168
3086
-3072
7665
-8972
3871
-988
-3595
-10208
-5863
-6128
-5143
-7124
6161
-2040
4339
-6144
-5133
3324
-13332
-6144
9464
-5060
1578
-18420
1020
-7156
-2793
-15320
-4609
-980
-5643
-6104
-6654
-8188
6890
-3064
4587
-7168
-9744
-10164
-1823
-7948
2067
-10212
-4571
-5084
3094
13336
-4098
-1000
-6138
-19440
6184
-12264
6934
-9160
-2270
-4036
-5381
-4060
2052
-3068
255
44
7448
-5076
-2822
-13248
-527
-6092
6134
-5104
5090
1080
-4860
-17368
999
2088
755
-3020
2582
-3024
1017
-11216
1072
-11240
-8662
-7140
-2592
-6116
6885
-8140
3610
-6932
-565
5136
1519
-2012
-2051
-4080
3848
-4064
-14616
-12260
7164
-11260
-5649
-5100
4607
-9176
-3333
-5108
786
-17184
4607
-4072
-4105
-8156
-2826
-9200
-16371
-7124
2054
-6144
-1033
-4056
-6399
1028
-9246
1032
8690
-2032
-1053
1256
-6648
-9208
2323
11304
9949
-20480
-10216
-8972
8732
-15344
4577
-4064
4857
-7140
5848
-8176
1335
40
7698
-2012
-2543
-11216
8428
-3056
8706
-3056
3854
-8176
-6887
-1004
2840
-5112
-6461
-2040
5898
-12244
2590
6164
-4351
-11224
6409
-9172
-1837
-6136
-4343
-10224
1000
-1996
-512
-11208
-2828
-2032
5382
-964
746
36
-1478
-10180
2308
-5104
15891
12
4322
-9188
-4108
-9164
-1535
-3008
3897
-12268
-10495
-8164
-11533
-976
-285
-15340
-4622
1040
-6663
7420
8462
-3056
-285
-12244
1543
-6132
-1531
-7948
-1529
-8140
2039
-7136
9
-4088
245
-10204
-4124
-9204
-3065
7176
-259
-4876
2058
-10212
9721
-10204
-17881
-7940
-30184
-964
-2048
-2032
1531
0
-6909
-5036
-4078
-4060
-3074
-5072
-8710
-9180
-1520
-13312
-4593
248
5124
-10240
4077
-8168
6397
1024
-5653
-6116
-9249
-11264
-1777
-11220
-736
-7168
4093
-1008
2805
-4036
18732
-14084
-529
32
-8699
-9184
-479
-14324
1318
-9188
-3051
1240
9751
-7164
2052
-14304
-2038
-3012
509
12
1269
-8188
-4093
-4084
-6903
-12060
-781
-6096
8920
-996
-2290
-1000
1766
-3040
-3331
-12280
1064
-6084
-778
-10208
2063
13356
-3805
16
2311
-5088
-1306
248
-4093
1272
-3845
-976
-3049
1060
8454
-1000
-260
-15348
8660
1036
-3087
-8148
6644
-6124
-5
-4080
1560
-4056
260
-11224
-3606
-9200
-3566
-4068
-2832
-9188
-786
-2016
-1284
-5096
4565
-18416
-9193
-13292
2113
-3852
7446
-7160
1808
7212
492
-10236
-6223
-7120
-3575
-2012
3571
-5092
-1780
-1012
1797
-5108
6906
48
8940
1044
3320
2060
-728
-9192
-12012
-5108
8438
-10216
-784
-11216
4600
-10220
-8702
-6132
1763
-11260
-3342
1056
-1580
-5100
-4116
-3068
-248
7188
1554
-4096
-7402
-6132
-2057
-976
4389
-10184
-5362
-5076
221
-13288
6374
-956
-8441
4124
8204
2072
5170
-5084
4115
-1976
3311
-3016
-2846
-10184
1532
-9196
-7663
-8164
-1567
-8168
-1546
1052
-1048
-2044
-1536
-2832
8469
-992
2030
-8164
-2793
-16368
-15678
-12284
-253
-11264
3273
-6124
4873
-17384
-7175
0
4601
-996
25
-6916
7939
2112
-9984
-13276
7180
-5064
760
-7160
-512
-4068
824
-6108
6139
-4060
-2028
-8168
-9736
-9200
-8429
-10212
1300
-14328
1496
3076
4067
-13264
-3823
-1016
-3836
-9184
1769
-11216
4121
-5112
-2849
2072
-2278
3096
14882
-13264
2329
-11240
-1285
-13264
2291
-9192
-1041
-12048
3073
-20416
-2058
-12264
5
-3000
-753
-9156
-12316
-9180
-5142
-1008
-5912
-13076
-2527
4096
-1008
-13072
-3593
-6124
-1300
-8116
13318
-8132
10252
-13312
-14839
-4096
5600
-2020
-2321
-7108
-2801
-988
-3576
-16368
2033
-5100
4350
-18384
1528
-3016
-10000
-7164
-5888
-7164
-506
-13272
-5641
-3048
3584
-11264
-6395
5168
-257
-7132
2799
-5112
9454
-13280
-1005
3088
-9205
-10196
1301
-3020
-6401
4152
4385
-8152
-6629
-8192
291
-9196
-262
-4096
-6174
-10192
-511
-11236
-9003
32
-1071
-2004
1789
-1972
-754
-16384
1772
-5892
3048
-6916
-13548
-4048
2307
1276
-4595
-1024
-6163
-7168
7418
4108
2018
-2020
5851
-12256
-248
-13308
6412
-10224
-12571
-6100
-5642
-11180
-5592
-10212
-1304
-8188
-243
3112
1008
-10216
6401
6388
-11003
-8156
4345
-6108
6194
-11228
5634
3120
-252
-5108
992
-8140
-2522
-8152
258
-10176
2294
-4032
7677
1068
4598
-10200
2052
-980
-2521
-10228
4590
-12264
-1767
-8152
3823
-14264
7417
-5092
3051
-4072
9200
-21464
3584
-5084
2335
-3848
1796
-11240
-756
-11232
1781
-8972
1791
-8184
-5892
-4072
3846
3080
12534
4128
1546
1056
-265
-6916
551
-7940
-1805
248
3585
-2012
4617
-4056
4398
-9164
-784
-948
755
-4024
-13848
-5892
3348
-992
-11006
240
-3365
-9176
-2308
-6116
9767
-7092
-2082
-14300
1789
-25316
-4599
-6108
-4880
-5060
-5903
-5080
-3309
3324
1506
-8136
2294
-5076
-2047
-984
-1296
-7124
1050
244
-248
2060
-1989
-2004
4873
-7152
7158
-29380
-5663
-20464
-8446
-11232
489
-13260
1311
-5096
17424
-8172
-6669
-14308
10004
-8192
-1005
-11212
1819
-7128
-6682
-5920
-5611
-2008
-497
-12252
6908
-16364
-9701
-3064
-240
-3040
-1016
3080
-4362
-4096
1497
-8132
-1285
28
3061
8260
2607
-3032
-13315
-9988
1054
-7956
5592
-9152
2562
1100
2809
-5892
-4054
-11236
-764
-3020
4362
-9184
-8482
-8180
1294
-7964
4615
-11240
1515
-13300
3864
4116
249
-1980
6403
40
-7195
-8176
3047
-7152
-7433
-7164
520
2068
-2082
-12268
987
-3060
-6927
-3044
-2795
-12040
1001
-6092
791
-3060
-2609
-4068
-3603
-8140
7438
-5092
6429
-8128
-1048
-4072
-3082
3312
11029
-14308
-13054
-6128
5644
-5908
5612
-7952
-9200
7176
-5902
-4088
5074
-13076
8959
3128
11023
-2008
534
-15348
-2310
-10196
14060
-9200
4634
-18188
3825
-17376
3303
-8984
4078
-6136
-3826
-11220
-7170
-3024
8992
-9180
-734
-8984
-3599
-8180
-10494
-7144
-53
-14324
1777
-19432
4361
-7152
4111
12324
-266
-9204
-3577
-10220
9221
-7120
7934
23328
-1022
-5892
-2334
5156
7711
-14300
-1271
-15324
7670
-12272
-1515
-3068
-12051
16
1260
-7148
-5628
3096
2799
-2048
-4827
-12268
3580
-6116
-6915
-5100
7957
-15320
-3589
1276
-5659
0
6395
-8192
4103
-3040
2032
-7156
6925
-6124
-5157
-11264
-1291
1268
1808
-6132
-2080
44
-1276
-14284
5370
-12236
-6153
-19440
-8949
-5912
4362
-11244
-9462
-15328
1544
8212
-2825
-6136
6399
-9148
-5942
-5072
7934
8424
12829
-11236
-2061
-2012
4128
-5112
7159
-1020
-5638
-6140
-6403
-9992
8681
1028
8450
-5104
-2305
-5088
-8970
-9196
1822
12
-2307
2072
-5114
-17156
8417
1036
-532
-11208
2042
-13288
-5643
-5096
-1816
-5100
12826
-3044
-1567
-9172
-4897
-11228
7162
-4036
3875
-6128
-12818
-10216
4313
-3044
2030
-2036
3061
-5112
-10753
-9172
7186
-3056
4898
-2008
-1017
-14324
5609
-13288
-8690
-9176
-14842
8244
-4082
-11232
8174
-8176
-5418
-13280
-3307
-9192
-1797
-8180
1510
-5908
-506
-3060
-2593
2068
2830
-13064
-9470
-1016
4079
-6916
-5867
-3068
8998
-7952
4618
-5068
12798
-5072
3351
-9192
6086
-10208
1813
40
5856
-16140
4635
-18380
-3837
-6104
4374
-2024
-9240
-13284
1541
-11224
508
-9176
6162
-6088
7715
-4076
12321
-5084
12294
-8976
1
-5100
-756
-16376
-5418
-4060
-1763
-9192
-3359
-1992
6890
-9200
-1307
-5112
5615
-10236
252
-16332
781
-11232
520
-2024
9202
-14304
-990
-10212
-1774
-12272
-10788
-13244
-2818
-12280
-2022
6160
-1796
-3844
761
-15324
-291
-2836
4354
-13280
8961
-12256
-8181
-7136
-250
-6120
-5371
1044
3298
-6924
4873
-4088
-1526
-8152
5654
-7164
-22874
-5120
4598
1096
-2589
-13280
7678
-4028
-2316
-7136
-2019
-5096
-9492
-7120
3555
52
-7162
-13280
7420
-18404
-1773
-6080
9235
-3000
3601
-16356
-2316
-3844
7975
5144
-4860
-3044
3582
-7940
2811
-15269
-3573
-5104
4606
3112
5373
-8184
3023
-4068
-14602
-22228
-2810
-16332
-8463
-6116
2263
-14328
4595
-8148
-736
-4048
1050
-6144
-1528
0
2073
-9180
-2058
-5084
-1816
-4880
-7912
5140
-40
-12276
8467
-5088
1009
1068
3335
4348
5139
-12252
-6402
-11212
1281
-2028
1532
-4064
-1819
-5060
-6910
-4088
1842
-17204
-3336
-12252
-1785
-6140
-4336
-3012
-2844
-7128
4875
-10204
21470
3112
-4358
-2040
2826
-1004
11239
-18408
-4332
-9196
-738
-9992
1794
-8108
-2337
-3028
-764
8
-4
-5904
-10986
-7960
7430
-22232
-1063
-6100
-1554
-8156
-8170
-11244
12806
-5080
-14833
-2020
6654
-6124
9000
-5892
1053
-7120
5652
5364
-452
-11216
-2573
-11260
6425
-11236
3559
-11244
2022
-4084
-1797
-12256
-2029
-12236
-4083
-12244
9982
5140
-7642
-14280
17663
-12280
740
-15328
7166
-7148
2550
-14308
-6
-12268
17
-7132
-2060
5148
4849
-4868
-5407
-10192
-1551
-10212
5607
-8984
-6113
-11240
13308
-1016
-7158
-13268
2801
-17408
5871
-16368
-1532
-6104
750
-5068
-7190
7208
-3840
-16368
-6161
-10224
5838
-10196
-7944
-10212
-11040
3076
-2561
-17392
-2075
-5892
2326
-11248
-1793
3108
-8436
-5120
-3613
-8148
3595
3100
-4336
-12268
1531
-12280
-2835
-5072
-7971
-3060
-3574
-1992
-1266
80
8191
1056
3
-9192
-3346
6368
4361
-9172
1254
-5084
204
-3068
-1005
1088
-2554
-12052
518
-7077
4587
-4068
2603
-956
-3053
-9125
7951
-13284
524
-9164
-4354
-4092
5342
-10153
2044
-13272
-6888
-9180
-8940
-18428
-10762
-16380
-7444
-1800
-5609
-12248
-4084
-13284
-3354
-4076
-5154
-11252
6693
-18420
-2850
-3028
8725
-9200
-4113
-13296
-525
-11240
5617
-11212
-4327
-4052
6919
28
-3331
-9180
-1764
-8176
6659
-3020
1273
-12280
-509
-11248
4856
-14300
-1314
-8148
3582
-5072
-8208
-6128
-3566
-12264
-1294
-12252
-1041
-6096
-7421
-16340
3592
-8164
8952
24
-4105
-12272
756
12
-7400
60
2317
-2044
8726
1024
8752
-14324
-1276
-2820
1557
-2040
-2044
-10204
9460
-14312
-15887
-6100
-4609
-8168
-4617
1040
2808
3092
-4336
-5100
5365
-12228
-7
-12280
-8202
-7944
3088
-16368
5368
-10212
-7696
-2016
11006
-10208
1041
-6124
-10224
-3852
768
-7960
13036
-6120
-190
-4076
-11025
-13308
735
-12236
8998
8200
-6695
-5100
10266
-4080
4882
-6104
9986
-1812
-1818
-10204
-4898
-12060
-6387
-4076
6385
-12256
537
-7120
5615
-11204
-7411
9264
-554
-9200
-1276
-9172
7951
-10220
2333
-15320
4058
-14304
-5864
-14092
-2557
-6120
4357
-15296
8723
-7116
1504
-3036
-6161
-12268
-3608
-12236
-13312
-10208
-5389
-11224
-2018
-13221
-12860
-11224
4123
0
-1574
-9184
2560
-2040
3330
-13260
2833
-8172
3854
-8144
-1041
-6116
4864
-12268
1777
28
-7952
-6088
-793
-10232
-4618
-5076
-4358
-8168
785
-18432
4380
1076
1534
4136
9231
20
-6141
4156
-4365
-7144
3828
-18404
3841
7228
2534
-6096
-749
-9196
-3338
1036
-5867
-7148
-17109
-996
3099
-1000
-4885
76
3093
-14292
-8983
-15308
3865
-6144
4340
-20444
2011
-16336
-787
-6124
-9514
-9208
-8947
-10204
5145
-1016
-1496
-9200
2034
-9180
1306
-12288
-1804
1272
-2035
-2040
3067
-12232
4870
-7132
-4836
-14328
-1007
-8172
-8455
-6100
6901
-6916
-13
36
-3020
-9156
5326
3088
7427
-8164
681
-7128
1059
-9192
2273
-26352
-5656
-5932
-7105
1028
748
-16372
-3111
-4040
-5131
-5104
1038
-5060
3325
-8980
11260
-12256
-5874
-9188
9686
-8168
-288
-14280
1505
-5084
-6659
-14324
8442
-5036
10496
-10204
-1802
6160
-7679
-5080
3332
-10216
-1767
-1968
-2818
-1984
-5116
-11212
4353
-9204
-2848
-2036
3571
-3044
-4148
-12248
1274
-4072
4115
-3844
-1759
-6920
1793
-5060
1258
-12224
-2563
-13256
5630
-8160
-7190
-13292
-8450
-9192
-2797
-11236
-510
-4060
-1317
-5096
-2313
-9184
5123
-8168
-3568
-14336
2020
-1796
-1027
8236
4350
-18392
-5617
-7120
14850
-12216
6899
-14276
2321
-9188
6911
-6080
-4375
1032
1550
60
1018
-6116
-3812
-1016
13820
-5088
-7164
-1000
10752
-4084
-2830
-1016
2798
-5076
-8938
-14324
1539
-1000
-6180
-4036
4083
-4064
-3563
1080
7918
-9988
-1292
-14312
13872
-22256
5894
-15296
-2844
-12036
-10769
-7152
-3094
-7140
-4884
-19436
6117
-4868
6945
-20424
-6164
-8164
-775
-6124
-1001
-12252
4851
2060
3
-13280
5904
-7136
1028
-15112
-1519
-18376
3583
-10232
2054
-7952
2531
-3024
-1283
-14324
10234
-7164
9248
-16376
1294
-1988
-3586
-9192
-3040
-4040
-5119
-2000
-2047
56
-5879
8
2045
1076
2829
-4888
12790
-10212
-3308
-9156
-7433
-6100
4077
-15332
-1789
-18376
-6662
-13260
-1550
-5084
-2807
4128
-2824
-14296
31
-1016
8192
-14328
1246
-12252
-1302
4096
-7121
-9160
2587
-13264
-1027
-12276
-6381
-5072
2039
-4096
8715
-9196
-32
-6132
-7162
-16364
-12819
-17384
10469
-5112
-2310
-9208
-5131
-4092
1499
-12264
-15106
-4068
-4642
-1008
5869
-11260
534
-12264
1837
-2024
4336
-10000
11232
-7132
53
-8188
-2052
-1004
12553
-20452
3336
252
3071
-16348
-1008
-3008
10237
-10216
3884
-5112
8207
-9196
-2035
-8168
-12846
-15328
-1285
-7104
-8188
-3036
4102
-1996
-278
-7136
-8992
-11204
-4064
-10212
-5899
-6096
-5140
-8168
-10522
-12232
5607
-7128
2805
-7132
8952
6372
-2047
-6100
-4386
-11169
-776
-10208
7400
-5084
-2582
-11216
7954
-2048
232
-2016
505
20
3084
-12280
-5919
-7128
-9751
-14268
2794
52
-3585
-4056
259
-5080
-539
-10149
2867
-13268
-5347
-3844
-3574
-8160
6924
-4076
-998
-14324
-742
-10216
7674
-7152
10731
-1008
6914
-10204
9974
-5036
-2319
-7128
267
-4052
4352
-7116
4368
-7092
-5611
-13260
-13015
-7164
13062
-13068
7670
-6080
3090
-7140
-3053
-5064
-10746
-8184
-6402
-1000
5607
232
-3316
-6084
511
-7160
7403
-7140
-8450
-8188
-751
-8180
-1316
-9168
-2525
-11208
-8451
-12268
-1545
-2016
-1076
-12272
1779
36
502
-15308
2287
-11208
-6980
-3016
-4089
-12268
-1048
2076
1513
-7088
10502
-9208
-3858
-5076
8199
-1996
3577
-11236
-8974
-6124
1022
32
5421
-7061
3309
-7940
-471
-6088
-3849
-17396
7408
-11256
-5401
-12252
-1770
-6108
-11752
-15344
-1024
-14088
1761
-5072
1252
-10196
12018
-15312
-5109
-12056
7207
-11032
3814
-13256
515
-6920
2061
-15340
-229
-5052
8968
1048
-5361
-9188
-5865
-5088
-3598
-1988
-3099
-8148
-11283
-7124
-6694
-8152
7426
-1000
-7681
-9204
-2290
-10232
5878
-9172
4340
-8996
7934
1048
-2596
-13288
-215
-3064
-1531
-13312
11493
6156
-2321
5368
-3074
-8164
11030
-7164
783
-3060
-3350
-9176
7981
-2016
5878
-6120
2321
-13264
3284
-7168
-2
-11216
8418
-17384
-1817
-4092
2858
-4064
2818
-6096
-17
-6116
3613
-19428
-5595
-9152
8195
-4096
3855
-2000
14
-14312
-7703
1032
-1788
-10212
-746
12
-765
-7156
-9007
-9172
1024
1040
-4089
3108
-2851
-5100
-6897
-12264
5438
2092
1275
-1004
11270
-12036
-1029
-2824
3845
-11204
5614
-2016
-4847
-14288
3346
-9156
1753
-7940
-1539
-14280
-8413
-5096
-1539
-4876
4
-13256
8684
-804
-2800
-2024
10235
-6104
-2826
1044
-7930
-8136
1032
-7104
754
-6100
-2532
-8172
-3585
32
-5845
-1996
-3312
-3028
-3092
-5116
6419
-7940
-2035
52
6134
-11184
6136
-980
-4087
-9216
-2575
-4044
-4100
-12244
-2020
-4880
5621
-2032
2846
-10204
2812
-10208
2298
-6144
-3821
-10149
-3814
1048
1014
-6128
-9742
-6108
-2277
-12240
7885
-5112
8415
-5116
-493
-1800
-813
-17384
2585
-7132
769
1044
-3838
-15352
-4375
-7160
8194
-4064
3064
12
3345
-7164
2565
-3048
2089
-10204
3585
28
-2577
-4060
1286
-12256
-4381
-3072
-2780
-9208
3330
-6088
-10251
5144
-2308
2084
-5362
-11180
-7400
-16364
7947
-12212
2789
-6096
-6
1048
-6939
-2012
-2798
-3004
1808
-4056
-4105
-13292
13581
-7164
6381
-12280
-2537
-6112
-1244
-5116
-3091
-10208
-3594
1032
3074
20804
-10513
-6124
15095
-7168
-2076
-5088
8957
-6100
-8179
40
1288
-17376
-13057
-9176
2050
-7124
-769
-8976
3073
5168
522
8
2014
-8168
-279
-12260
5395
-6120
3590
-2028
3838
-7092
-999
-8168
-3315
-984
-1296
-11024
1276
-13292
744
-11200
-4116
-12252
-15
-8156
-1272
-8160
-3093
5168
-8941
-7164
4089
-6916
-13555
-6116
8682
-8140
-1542
-3036
1311
-10212
-9241
-8152
6682
6152
4140
36
-1297
-13280
16156
-13256
787
-10208
-253
-4056
5651
-6096
-1284
8
3880
-2040
-15907
-13280
3816
-13276
-2571
1024
-771
-4076
-1799
-14316
3598
-10200
2564
-4084
-514
-5104
4319
-9168
8190
-8176
246
5128
-492
-3060
14858
-8168
-4878
-7104
-2561
-8188
-4101
-10232
4084
-2824
1789
-7152
-7433
-996
3830
-6108
-13067
-6916
6956
-7108
-1022
-8148
1284
-8180
8689
-19444
554
-15348
-7692
-18364
1032
-4068
1552
-12268
9721
-11224
-9180
4104
9193
-9164
-7933
-7112
-2089
-15344
2043
-11212
5655
-19384
-739
-4096
-5663
-11236
7160
2052
-1797
-1980
-8467
-7116
-1798
-8140
-2073
-11220
-499
-5080
1279
5124
-2343
5120
-4325
-10228
5905
-14300
-3
-2040
-2799
-4088
5121
-6112
-2327
-4052
-9218
-8128
-1813
-6124
250
5128
-2787
-13280
-2290
-12252
5103
-10232
-3330
-6128
6889
-10232
1309
-14288
-8449
-5036
-2323
-2040
2538
-10208
1565
-5052
5619
4
-5383
-12248
-9257
-8152
6901
-8156
-3074
-4052
-11047
-9988
-7909
-11248
-6645
-976
7141
-8180
-7689
-13308
1278
-5112
5906
3116
-5898
-15356
6159
-6140
10440
-10168
-777
1048
-7937
-9180
3576
-11228
4126
-992
9971
48
-7652
1092
-4622
-6104
-15
-12036
7937
-1004
2314
-10200
-5160
2060
-266
-4060
-3839
-7148
-6385
-992
-3843
-7112
-250
-2852
-753
-8164
4100
1032
5418
-14284
5869
-12240
-11510
-12280
8172
-7108
1001
44
2552
-9208
232
-11224
-1557
-2988
-1537
-17400
-3554
-3064
10522
-17388
1546
-16340
4546
-16380
-3775
-5896
-5113
-8156
10499
-14252
7960
-4048
-3810
-11244
-20
-6920
-8
3096
-5406
-8164
-6907
-4044
1781
-17400
2281
-3064
3576
-10208
-5361
-3056
-1528
-2004
2522
-2828
9975
1048
291
-12276
-4348
-7136
3577
-11200
1800
-12036
-527
-17160
248
44
8946
-2828
-19
-9996
-516
-15300
758
-8164
5366
-15348
-13051
1044
4118
8220
-495
-4080
2811
-6120
6420
-9184
-5651
-13276
-2559
-8180
4110
-12256
5117
2064
237
-13064
8712
-14084
-8708
-3040
779
-11232
4358
248
4064
-8160
-2058
-8168
9
-3040
489
-18420
-1012
-6100
3842
-16336
-1564
-12256
3113
-10020
3833
52
-741
-9196
3076
-4036
759
-11236
-1028
-13272
14859
-8188
-5912
-972
-4603
-3044
-1018
-10200
1266
5172
6633
-1004
-18237
-11204
-5877
6220
-1753
-2032
-6963
-12276
4869
-3036
-4100
-1004
-765
-6088
-2307
-8184
7451
-6100
-11261
-10188
1552
-19428
-6124
-9160
6676
-7140
4343
-2836
3338
-11256
-10000
-5092
2040
-3052
6155
-6144
2030
-10196
782
-2988
2282
-1024
-5618
-13296
-4598
-15324
8975
-11236
-258
-5120
8712
6376
-3836
-3004
10463
8
-6172
-9188
16142
-8144
9218
-15352
7
-7120
1007
-5104
2789
5368
7702
-7140
-744
-12236
11784
-10208
-254
-21472
-547
-11220
1314
-9992
-1575
3076
-4352
-3048
9268
-13292
5633
-6088
4598
-5100
33
-13240
-12037
-20440
7458
3112
-5396
24
7944
-18396
4087
-1012
-6895
-5104
5628
-6116
1772
-10008
1542
-17388
2307
-12276
-6140
-9172
1556
2088
7667
-9176
5095
40
-8188
-7148
-2559
11512
-1806
-15308
-7161
-4092
9703
-8172
-1793
-19400
5115
-11252
315
-15352
3296
-19456
1818
3100
3841
-6116
-4110
-19424
-11013
-4072
1553
-3044
1286
-4076
-5638
-13288
-2334
-8124
4837
-8180
-4618
-1008
-523
-3028
-4842
-9188
-250
-12272
-11527
-10204
2579
7172
-4613
-1972
-6386
-11212
-1770
-15332
-5891
-8964
1750
52
-1529
-2824
-7448
-8168
-6934
-7128
5103
-1000
2577
-8164
-8966
-6136
-6666
-8192
2580
-6104
2011
-9200
-4577
60
-3588
-15340
7714
-4060
7400
-9200
4077
5136
-2829
-9196
-4870
-9992
525
-11248
4347
-17368
-8242
2088
-4860
3120
4354
-6128
787
-10212
-6615
-4088
-8459
-9148
781
-3032
2334
-10192
1769
1036
-4349
-15332
9979
-10204
2376
-17396
-2297
-2016
2104
20
-5600
-7156
2817
-8132
6376
-12272
-2824
-12268
-1314
-13240
3861
1048
-802
2064
-2805
-8172
-3367
-13252
-5359
-13284
16105
-8156
4585
-6120
-501
-11260
-3579
-19220
1777
-4096
2022
-10216
-9235
-4060
-5373
-14332
-6625
-3072
2805
-3036
1528
-13304
4598
-8148
6369
-1800
2341
-7116
-7163
-2028
2288
-3852
-2589
-1804
-1525
-18368
-1007
-15304
-11271
-7956
13292
4168
1010
-6088
-6151
-8112
7396
-9172
-2278
-9200
-15
-10212
7180
-12248
5917
-9192
-1012
2052
5906
-17356
-515
12
3079
-5112
2813
-19404
7732
-4868
6421
-14308
6388
-15360
2055
-7140
-6186
-1000
3848
-3052
3585
-2824
-3839
-7140
-4341
4156
-277
-6116
3300
-7164
-6686
-3852
-1006
-14296
-5883
-5088
7164
-11232
-5351
-9176
526
-15356
8971
-9168
-6398
-10208
2580
-8148
2061
-4872
-5373
-13292
1793
-7144
-3327
-4040
-484
-4032
6375
1052
3858
-13276
1262
-4084
-4106
-5892
-1572
1068
-3322
-1980
-8726
-6128
2040
-5044
4598
1068
9206
4116
-3615
-4024
11277
-19428
-1790
-5916
-7407
-6100
508
-12244
5646
-7144
-2818
-4036
-5886
-10212
-2061
-1800
-7926
-6100
4616
-6120
-9706
-13072
4108
-4076
-1254
-6072
-2295
2104
-2572
-15360
-5398
2060
1769
-5912
-1277
-4076
3566
8
-2273
52
1802
-11216
-3350
-6120
-15844
-4072
6634
-10176
-2853
-9180
1013
-4056
3561
-3060
1287
-2996
-5878
-4080
-3593
-12288
13325
-3048
-4884
20
-4395
-2004
-21
-14316
-4119
-8120
-7933
-6120
4589
-10196
-3588
-14316
-5617
10248
13
-3048
4864
-3020
-6681
-7120
-3287
-11240
-1292
-9196
789
-11228
-13767
-12240
19182
-10208
12534
-5904
4630
-11232
-1795
-3016
5379
-4032
-6665
-15276
-8975
-6144
6917
-16356
2822
-6104
-258
4128
-6137
-13248
1005
6192
-4341
-13076
1249
-4068
-4844
4120
-2012
-6084
-7699
-15112
-4910
-13080
5126
-7164
8190
-8164
-15620
-14272
-298
-3060
-2292
-4064
-1045
-11224
7394
-6116
-7410
-9176
-3397
-5092
20
-9200
-249
-10236
-253
-5068
-3608
-8136
-11538
-10184
-9471
-15280
11771
-17368
5381
-5092
-7166
-13284
5622
4108
17127
52
1810
-19420
4089
1076
5883
-9212
-2554
44
-4361
-2044
13812
-12264
773
-8120
-6936
4132
-1257
-13288
2544
-15340
5852
-9208
4087
-10228
-2050
1040
-4909
-5084
-6188
-1020
5357
56
250
-2044
2561
1068
1806
-9184
-6155
-14316
-9229
-3068
-2292
-8184
-1250
-9152
7660
-5120
-1284
-5084
802
-5116
-1753
-8144
2308
-11244
-7430
2300
4123
-4060
226
4112
4872
9460
-778
-6144
-7418
2056
6156
-3036
-4577
-6124
3325
-8176
2564
-13276
-3839
-12036
4605
-15352
-1035
-11232
-1007
16
1277
-5096
6095
1032
4608
-7144
4331
-7124
12
-984
-4889
-6092
12522
-10236
-8974
-8136
-8714
-5100
504
-7156
-3101
-7120
7186
-4052
4360
3104
1819
-2040
1022
-4048
-2571
-7148
6661
-6916
11006
-8156
-8728
-10200
-5662
-6932
1281
-9996
761
-6108
479
-7156
-2572
-10200
9227
-10168
3608
-2004
2554
-5072
766
-10216
4351
-2020
-231
-13252
15
-4064
-3324
-13264
4888
8440
-3311
-13284
-3832
-5036
10234
-12256
-8189
-11028
10248
-2008
764
-5048
-1030
-4896
4587
-3064
-8498
20988
-1791
-4084
-1542
-10240
2563
-1008
-4605
-5116
4843
-7164
-1248
-17360
-513
-18392
-4555
-8136
-6121
-784
1776
5364
-2582
-2044
-17
-7128
6648
40
1563
-8164
-267
6144
280
-8148
10756
-8180
-506
1032
-757
-3028
11531
-6120
6409
5124
5936
-6116
-4845
32
5121
-11236
-5121
-15332
3110
-6112
2595
-15276
4858
-8164
5643
-10224
532
-2032
-5131
-8968
5913
-15116
-776
-10184
4867
-4092
4606
3088
-2040
-10200
-259
-13300
2533
-952
-2799
-6136
-10
-9172
-7401
1048
536
-17408
-1288
-6128
-7937
-14324
-1056
-8168
7162
-7152
8686
48
-5401
-6084
492
-4088
7196
-9172
2035
-4060
-3601
-10208
1489
-3020
-2293
-17380
-10762
-10200
-5398
-11256
-4656
-12272
-1016
-6120
16423
-17368
-10760
-4072
-3855
-4040
759
-16356
-3549
-5892
3027
-8144
-801
-5104
-4060
-4084
-10283
-9148
5630
-12040
3606
-980
8434
-9176
-293
-2016
2316
-7944
-4589
-8176
5924
-6124
1024
-23068
-4598
-2036
4334
12
-2801
-8972
8690
-15324
1522
-4088
4112
-14312
-3867
-6144
-13302
-10224
-4592
-10212
-2545
-3064
7666
-20236
-1510
-8172
4347
-11224
-8931
-11216
8194
-12248
2555
-3008
3589
-7088
-10783
-17164
-240
-17344
-237
-4068
5651
-9168
-6376
-11264
5959
-4068
-3323
-10228
8467
-7108
-8226
-996
6656
3120
-781
-2012
3059
-9164
3582
-15332
3570
5148
-12033
-4092
5875
-4088
-8927
-6124
6374
4172
-6446
-15144
-11244
-6096
-9226
4132
-13281
-6112
773
-13292
3091
-5104
24
-5104
-10776
-6124
-1816
-7112
-1283
-4884
-4898
-11228
-8443
-5088
-1048
-9144
-2543
-11020
4359
-8164
1293
-8192
-1042
-15332
-5109
-17305
-1019
-8168
2570
-10212
9203
-2020
-4638
-5092
-6136
-11220
-12545
-8972
752
4152
778
3076
-2058
-3052
2288
-14316
793
14352
-13844
-8180
3066
-8180
3849
-9172
-2562
-14328
5087
-6104
12820
-11196
-4606
-4088
2286
248
-275
-3044
2512
1064
4314
-8164
2558
4104
-4332
-18400
-11009
-6116
-751
-10192
4865
-2824
3075
-6136
-2278
-6120
-5116
-8168
1303
-5900
-11496
-6916
1524
-1004
1256
-6108
-2808
-17368
2026
-2012
1268
-7164
-2547
-4020
8684
-5892
4081
-6116
-5605
-14084
6140
-18400
14332
1276
-11783
2088
-4588
2068
-1033
-13288
-4322
-8148
7166
-5112
7691
-21476
1754
-11208
-278
-13300
-3838
-14308
3094
3120
-12538
-6132
-3868
-19392
-4331
-10224
8417
-10184
2564
-7156
-4896
-8192
-10010
-12212
-3092
-4032
7703
52
760
-14328
10262
-10232
7662
-21468
3854
-11248
-4620
-10204
9480
3072
-1335
-9164
2539
-8140
2819
-6072
-769
-7108
0
-3040
-8187
-17376
801
1048
1817
-9196
5102
-10184
4638
-19416
-6654
