-13268
-4611
-1008
-2578
-5900
-498
-11240
-3832
-2024
2049
-5029
4106
-6100
12033
-10216
2039
-9176
-5619
-10188
7670
2072
-56
-7144
4103
-20460
1517
3092
-1305
-11212
4360
-11244
5162
10244
-6907
-16348
1519
-7136
-2812
16
4605
-8156
2816
-12280
2574
4336
8450
-5108
518
-2012
14376
-3016
4324
-8172
2807
-3040
4097
-5104
-5381
-3012
-10533
-15348
-503
-13072
1531
-11012
-785
-4056
-8948
-14260
6923
-10220
-2543
-6116
1521
-2016
-11736
-14280
2015
-11240
5365
-5892
3076
-13288
-4134
-5112
-6146
-5120
-238
-10200
8717
-23288
-4330
36
11751
-12280
1786
-3032
2787
-4064
7943
-5056
6662
-16376
-5130
-19428
-9457
-7164
-270
-17388
8677
-12272
-1770
-4072
7404
-7140
4624
-6136
-2061
-15356
5108
32
-4601
-6088
-2544
-1012
-4092
-8968
-5581
-11236
2020
-9176
-2025
-13284
4635
-3072
4845
-9188
-14068
-19424
510
-17364
6
1084
3837
-6112
5387
-15352
-1527
-16324
8200
-10232
4596
-9184
5395
-9180
-5408
-9216
-2569
-5088
7702
-4080
-487
-7132
-3567
-14324
7934
-9988
-3025
-8144
-1275
3124
1272
-4088
-3827
-11264
-5651
-2032
-7650
-9132
3811
2104
-5121
-5100
-7704
-6112
3350
-6132
4607
-6096
-240
-22244
-258
-7136
8713
-12040
-5143
-15296
-280
-6108
8465
-7140
-1554
-16372
-15
-2008
-7689
-7084
-2568
-8132
-9480
-16368
1043
-7144
-3827
-8172
-6145
-8188
2570
-7112
10223
-3040
4887
-7956
6650
-12280
1274
-6144
-1038
-14300
5642
-8180
-2329
-12256
4357
-10232
-4097
12308
987
-13244
-3306
-5080
1531
-5048
-781
-7156
-3352
-14316
-9202
-8124
489
-7164
3620
-3012
1043
-7124
5884
-5108
-250
-23256
5387
44
2071
-6140
801
-11232
-6137
-10216
-6930
-16360
-781
-17372
-2245
-13288
8186
-8132
4125
-972
5868
-8132
279
-6096
3063
-7124
-4876
-4088
-2801
-11236
1806
-10176
-5635
-2020
5124
-5100
-3320
-3028
4100
-9196
8412
-14280
5381
40
-10988
-10220
-5070
-11216
3094
-6092
5901
-16140
4611
4140
14101
-5092
4659
-7152
-3119
-12268
10252
-7148
2560
-4060
730
-3844
-4344
-9172
-1785
-14320
2014
-6136
-4552
-10228
-3314
-14096
1795
-6124
5873
-13284
9492
40
-4849
-11232
-2817
-14312
-13544
-972
4609
-5088
267
-2036
-5122
-980
-12855
-14296
10212
-21468
-2573
-12040
3032
-9188
1793
-8152
2825
-14332
-1802
-15320
-2784
-13256
15067
-7144
-6150
-17364
6122
-4052
5627
-13280
-13562
-9172
-8982
-5068
-1801
-9988
-2827
-11224
1790
-8136
-4375
-6100
-5665
-7140
-4616
-19404
-5161
20
-517
1056
-1045
-7120
-7928
-6124
14325
-7136
2312
-7096
1264
-11228
2815
-980
1293
-13260
461
-12244
2588
-3036
-5362
-3020
-4107
-9988
1277
-10208
251
72
-8457
-1984
3841
-15316
755
-12256
-502
-13268
4597
-7160
4083
-8128
-1251
-6128
1284
-8168
-1031
-12248
-3296
-1800
-3313
252
3605
-11224
4603
2084
-3086
-3068
6170
-3024
11
-3036
-8723
1040
-5141
-5088
-2847
-11260
-1263
-980
7456
-12272
2035
-12264
-28
-21476
-6406
-4076
757
-4052
-511
-9164
-2048
-4080
-10999
-3012
-8936
-10208
10222
-9188
-6911
-14328
-2553
-19424
5088
-4084
-1281
-5084
235
-10204
-15605
-2820
-1017
-3052
-1540
-13060
-3594
-3040
14847
-8176
-8223
-13284
7936
-5116
-275
-13308
-6670
-7164
3820
-7132
-3347
4096
5896
-5064
6652
-14320
4110
-5092
-758
-10184
-3609
-9188
3310
10244
-991
-2880
1017
-9160
-6380
-14288
2058
-8968
9703
3084
-3064
-7160
-5100
-5900
1781
-9168
-2006
-10228
7149
-13260
-1549
1040
-3046
-10220
5604
5156
3569
-8984
4880
-4040
-2053
-12252
-7193
-6080
984
-17368
-750
-9196
773
-7148
2027
-1008
2014
-8156
-7118
-9164
3322
-5892
-8233
-14300
-3587
2060
1290
-15332
-3584
64
-4855
-3028
8451
-7124
9223
-5092
2797
20
9220
-13292
-6132
-15340
-277
-2020
8967
-9200
-12833
-7944
-502
-9160
-12321
52
14590
-3032
-6122
-6100
-4348
-10020
6413
2048
5674
-1012
-4600
-6096
-2061
-17340
-2551
-11208
-5917
-18388
11484
-7156
7427
-1984
535
-14256
-224
-3068
8714
2056
4092
-5080
2091
-1012
-7644
-1004
246
-15336
15604
-1992
-3309
-5068
5111
-13268
-3318
-15348
-1533
-12248
-3315
-8144
-6159
-8172
3066
-4088
6134
-5096
12573
-12040
5910
-11216
-505
-14300
510
-1804
-2531
-9196
505
-6120
-3553
-12268
-8969
-8964
-7194
-4044
6918
-3052
-6423
-12276
-4862
-12248
6358
-2032
-7712
-8152
-4399
-4072
7416
-20436
11789
-964
498
-3024
6898
-4028
3032
-19432
12549
-8148
-10732
2104
4864
-17384
-4605
-6080
7669
-992
-3044
-12252
1251
-17372
4092
-17356
-263
-4056
-4821
-13272
1263
-13248
6939
-5100
-2276
-11236
-5936
-4052
1788
-8172
5889
-5040
3586
-8156
1798
-4064
6136
-10204
-3356
-20428
-7180
-14332
774
-6104
15354
-14296
-2028
-8156
-7686
-11224
4660
3084
16413
-8152
5095
-8964
-505
-4052
-1022
-10216
-5113
-5080
-24
-11204
-4853
-10200
-1034
-6116
-1003
-4048
-9485
-996
7713
-12068
-6417
-14300
4347
-12248
1844
-12272
-2289
-4048
-3583
-15352
-10787
-20476
-1257
-14336
3307
-5068
266
-5056
-1769
-12280
-1531
-13280
-7471
-12272
-1272
-4076
750
-11180
-778
-7116
1802
-4056
-1294
-8148
1536
-5072
6933
-19416
797
4148
-6639
-5092
4875
1272
-5652
-9192
3616
-8160
-3541
-4060
-6135
-10172
12029
-8152
-3565
56
2285
-7952
3848
-8184
-8732
-7164
-6220
-4020
-29
-980
-5632
-7124
-7965
-12256
5131
2072
4576
-7140
4879
-5076
-3604
-9196
-7919
-16340
1799
-3032
-10752
-3856
-251
-10200
-3552
-4076
11033
-6060
-2562
24
-1536
3088
-3588
-19404
-1788
-8168
10481
-2024
-1542
-7160
-3081
-11236
4316
-5100
-2039
-9212
-23
-1808
-5
-11224
-7670
-1008
-4123
-6144
-2577
-2040
-512
-968
-2773
-6132
6661
-14300
182
-10204
-4063
-4076
-5123
3136
-780
-8172
-1833
-11244
2817
-7112
-4636
-11240
13036
-3040
-967
-9168
-1313
-19400
-4876
-12224
-5118
-1968
-5395
-13292
-254
-3028
3313
-11220
3037
-6124
-1268
-3844
10000
-12248
1790
-8152
-245
-9168
-1791
-13213
-7170
-6140
11555
-16372
2309
-6080
-7677
-3004
7731
-4868
-4606
-9988
-4356
-8128
-7918
-5892
2038
12
7698
-964
4614
8
-3585
-8148
-1247
-5096
3866
-5040
1539
-16152
9217
-2016
223
-6120
-5386
-7148
-503
-772
-3074
-4024
-10989
-11232
-1782
-4068
6195
-4072
3612
-10232
-6656
1068
-9972
-780
3066
-3064
-764
-6104
-2858
-13260
13
-12248
-2793
-6084
1013
5176
2299
48
-5404
-3016
12785
-12264
13818
-8176
-6152
-10208
5905
-10192
-6670
-8140
-7694
3324
-209
-11212
-7443
-6120
3372
-6104
-5372
-9168
2054
-8964
3854
-8176
-238
248
8478
48
-5130
-3008
-6125
-9164
-2044
-2028
-2295
-4068
-4871
-4084
4884
-14300
-2076
-2008
-1775
-6116
-5914
3092
-2809
-14284
7131
-11020
1324
-8144
4597
-5044
2556
-14304
2042
-6092
10454
-9192
5843
-1008
-4092
-11244
777
-16348
-1289
-5100
-6390
-16332
3310
-5088
4593
4348
501
-2024
-3320
-5104
-8727
-17368
2569
-8144
3063
-12252
7685
-12252
4106
-10188
-18
-8192
27
-5104
-3314
-15344
758
-3056
-2051
-7152
4129
-12240
3052
-3004
-7687
-20448
-505
-10200
-6404
-9152
-4110
-12260
-3289
-7144
-4603
-8168
-1281
4128
525
-7096
-12304
-4060
786
4140
3356
-8968
4377
-3016
-1782
-9156
2558
-6076
4298
-3048
3852
-968
-8710
-5072
-2546
-4084
-758
-21448
2045
-13280
-1504
-4092
-1804
-4088
-1765
-8176
2577
-8160
5151
-5068
2563
-8180
6686
-11236
-756
18644
8987
-6928
-221
-7160
-3114
-14288
-6150
-2824
-6143
-8156
5913
-4052
-10456
-6100
1231
4152
-2574
-11240
5368
-3048
1029
-5088
-1819
-10220
-10482
-2044
-2807
4348
277
-6116
271
-10200
5362
2068
7707
-5120
2818
-6104
1534
36
-1532
-16340
-1810
-10216
-2521
-9196
-1245
-4084
1782
-1000
4367
1264
1812
-5048
264
-8140
-2823
-3848
-3571
-19440
-2585
-11252
-2306
-11240
10774
-8188
-1040
-9212
3857
-3032
-3635
-7168
4870
-13308
-1776
4128
6906
-10200
3083
-10184
-6124
5152
5366
-7100
-4339
-3044
2795
-17156
318
5196
-2291
-19444
271
32
-3568
-13256
6426
1052
-5889
-10208
6145
-19444
-2063
-2008
-519
-3020
4373
-7116
7699
-5084
-2304
-1012
1779
-14300
-6636
-7156
7954
80
-2037
2076
-2834
-13272
-2582
-2012
-2251
-7108
268
-15308
1542
-17396
-13521
-4068
9692
-7152
3601
-12252
5197
-8172
3039
-968
4624
-24288
-2810
-3064
-9178
-13248
-8924
-9996
2806
-11196
5413
-16144
-1257
-10184
11537
36
-4083
4
13323
-10196
-1269
-1992
-994
-14260
-4352
-4044
1282
-12288
-2836
-11236
2033
28
2551
-15288
-2816
-15340
-737
-12284
8445
-12048
1781
-21472
-2546
68
-8201
-11200
534
-9188
15881
-996
-532
-9208
-749
-11256
5139
2300
527
-13280
5117
-5084
-5589
-10240
-528
-1988
3827
-10196
-288
-13280
1032
24
-284
-8156
9448
-7092
-2037
-15360
1272
-6124
-562
-1012
-2577
-11024
-5877
-13288
-4072
-10208
-2053
-8136
2056
-14284
-3825
-7132
1802
-7128
-2537
-2032
-1024
-10220
1803
-4084
-781
-17396
4110
-10188
6926
8
503
-8188
-7431
32
3342
1084
-6892
-9192
-5368
-1016
6170
20
8450
-4868
-5360
-3008
-7167
-1012
6143
-7132
-6129
-6092
4641
-12256
509
-4052
7415
2076
-2594
2092
-8688
-5092
4644
1080
-2812
244
-8947
-12284
1286
-5068
12035
-3040
3355
-6940
2546
-7128
-1789
-6144
-3562
-5060
4888
28
2572
-13264
2787
-11016
-2017
-2044
1815
5132
2283
-964
3322
-15320
6381
-15288
-5382
-14084
7405
-18424
-25
-6072
4106
-13248
-2530
-7148
1291
-7104
8159
-5896
-2837
-9204
-4872
-12232
-3308
-5072
-2330
-6120
10216
-6100
3837
8244
2821
-3040
2819
-16348
-1774
-776
0
-6116
7175
-996
4855
-10196
-5140
-9184
6383
-8140
5879
-11224
-3304
-19436
2564
-7136
-8170
-8152
2293
-9168
-11027
-9176
15632
-11196
6097
-20472
515
-5068
2754
-6136
-11436
-14092
5346
-3032
3351
-1796
1536
-10224
-1013
-3036
-7174
-9192
4345
-15356
5371
40
13559
-6116
-4902
-13268
2796
-980
810
-10220
-8462
-9196
7143
-6140
-1269
-1000
-3609
-13276
4367
-5108
4341
1044
4618
-3044
16387
-4048
-7675
-5116
-6927
-7148
1016
-7144
789
-15316
1022
-5108
4618
-6080
6120
-6140
2039
-9180
-6891
-9988
-3059
-9212
-2060
-10156
-2287
-4036
4118
-992
4892
-6076
6403
-16312
9504
-1840
-5377
-5076
6395
-9212
2287
2076
-3357
-8168
-259
-5088
10059
-5088
-2294
-7124
-5371
-9188
2580
-8192
522
2092
-576
4144
19950
-7116
-8934
-12240
-9750
-11208
-13830
-7156
4611
-4048
1579
-7132
498
-19412
15858
-5060
-2333
-1016
2854
-12036
5127
-8976
-5178
-9208
-3045
-6128
-7160
-3072
-7443
-11248
4601
4176
-1019
-6100
-22561
-14316
-731
2068
-1269
-5892
1519
-4060
3334
-8160
8434
-21500
-11286
-3032
7175
-7144
-4323
-17392
4920
2108
3120
-14300
1788
-12272
-3358
-7136
-2052
-3032
1029
-2004
3569
-13312
-4086
-8156
-6152
3136
-507
-7156
-1292
-7124
-4355
-9200
-3781
-9204
-10240
-14300
13554
-6116
-11511
-9140
-3042
-7136
-23864
-1996
7412
-13260
-7681
-4084
8982
-16332
-3822
-14304
6157
-18408
-556
-16360
-1785
-18345
-4074
-6100
-747
-1008
-1325
-6108
3592
-2036
-1772
-7164
-3075
-6124
-2578
-9996
-5095
1123
2041
-2012
7894
24
1841
-7108
-12042
-10204
-7649
-8136
-2535
-8128
1801
-1996
1030
-17404
-5635
-17376
515
-10200
-282
-988
2600
-13276
-5148
-5072
2817
-6116
-7747
-13268
-3090
-4068
1781
-9988
8711
-10188
2046
-2036
-502
-12048
-10237
-9156
1529
-2032
-3056
20
1558
-9204
532
-16368
-4584
-8136
3846
1052
-5377
-8184
-15
-17364
12568
-5068
-8475
-4080
4862
-3048
-6635
-5092
-1016
1072
1
-10012
-2571
-13272
-6653
-2016
245
-1808
4876
-13304
-4856
-6120
-4371
-11216
-2335
-11012
5881
-7156
-10262
232
-1018
-8144
2779
-8188
-1764
-2012
-502
-6124
12022
-4084
5142
-16332
-9729
-996
1292
-6092
11282
-984
5352
-6092
-6416
-796
-3344
-9188
-3328
2052
-4086
-13264
1507
-3068
3841
-7112
-3095
-780
9004
-4072
-5116
-10212
-1286
23536
1496
-2044
3078
-11196
-3072
-3068
3848
-20476
3056
-5120
-16395
-968
5609
72
-4347
-5096
-3857
-7128
1251
-5104
-2091
1036
-4360
-12244
-5113
16
-5601
-2996
6405
-14292
514
28
-10193
-8160
1532
-2000
-2002
-3040
9706
-5084
4861
-7152
7397
-5088
3577
-1808
4605
-11200
-830
-776
3304
-9164
2020
-15324
3341
-7124
-3095
-8144
3055
-7148
1018
-12272
-4106
-3044
2775
-14300
3076
-4044
8208
-8964
4337
-10204
-8238
-5060
-1785
3084
758
-9152
800
2084
-10268
-2844
-11004
-7136
-3842
-6112
4098
60
8181
-7148
-1232
-2032
-1574
5160
-8189
-8160
-1542
-12244
2600
-7128
6427
-4072
7403
-3016
4072
-15320
-509
-9164
2062
-8972
5872
-9192
796
-5900
-1787
-4060
8200
-6112
8951
-2028
-1290
-7136
4619
-9216
7160
-5112
-517
-10176
1018
-9160
283
1072
-1041
-10168
2588
-11248
9448
-976
-2307
-11240
497
-16344
-511
-3072
7920
-976
-3862
-5076
1040
-7168
3845
-3844
-220
3084
1510
-3036
532
-11244
4328
-13312
-3832
-12036
-3363
-16352
1525
-2020
2817
24
-7132
-7136
-5387
-15340
-27
-3068
2049
1032
8224
-11264
-6431
-11228
8982
-15344
-10761
-1808
5356
-12288
-495
5152
4357
8208
-8156
-14292
6644
5152
9993
-8156
-2061
-10200
-6672
-9184
6946
-16340
2306
-1796
4069
-6116
-9470
2088
5623
-4872
-1803
36
4620
2072
2033
8192
5156
-5080
-5885
-12260
-8709
-9172
4304
-6928
248
-10220
-3572
-3036
998
-1004
-263
-7956
765
-17380
-2835
-1800
-4047
-6136
-5090
-12040
5627
-7164
-6161
-13292
-2780
-7160
-2070
-1992
7417
5356
6157
-12264
8211
-4072
-3357
-1988
-13842
-6928
-7234
-12240
1534
10272
-6113
-5104
503
1064
10740
-1812
-5875
-4056
7410
-6128
2289
-2832
6640
-10208
-2589
-5112
-1782
-1012
6398
-1804
4587
-12248
4869
-14088
-4097
-11020
2609
-10220
8679
-8972
-1268
-1008
-7930
-4076
4318
-5080
-4865
-10200
2033
-1020
-3816
-7148
-17135
-4080
-502
4104
-2829
-8172
-13317
7204
3130
-5088
-1303
-4092
-2038
-6932
-8736
-7120
7426
-15336
-1799
-7081
-286
-11236
5392
3096
-747
-6120
-7688
-5104
-7437
-5100
1543
-7112
5366
-15328
2323
2052
14608
-12272
4857
-10216
1053
-10204
3871
-10208
-9247
-5072
4842
1268
2573
-13272
-1311
-16336
-3299
-2032
-3846
-8180
-4344
-16384
-4387
-2028
3362
6196
1317
-996
-4844
-19400
-7431
-2044
-9
-2004
7127
-2012
3558
-9168
-1000
-9200
1005
-2020
4084
-3048
780
-6088
-8210
-9988
3315
-9208
-7960
-6104
4871
-13308
2018
-996
2332
-4084
-6930
4128
3310
-8192
2313
-5900
-5141
-8152
-2544
-9180
6899
4348
4887
-14316
-21
-2012
481
-17360
3299
1072
-5624
-8156
-7697
-6120
8171
1036
-4871
-9988
3850
-4064
-5384
-7152
-4619
-2036
-2552
40
-8206
-7132
4367
-10188
6670
3132
-3858
-3052
1628
-9152
-1318
6212
-11533
-14316
5627
-3036
-6150
-1824
-6951
-20448
-277
-8988
-8212
-14096
2052
-14308
1028
-6140
2566
-6936
1020
-4068
-791
-15112
-1517
-3016
-7
-3864
278
-984
-3343
-6128
-1505
-4064
995
-3056
-234
-2004
-1788
-9204
-207
-6916
-5383
-4076
-8428
1080
-9506
-16352
-3088
-13304
7664
-9180
2053
-4080
5397
-11208
2803
8432
4628
240
3314
-4072
-514
-4868
-251
-13280
6927
-17360
-1788
-2016
-4868
-12288
781
-10160
-750
-6108
6632
84
-12796
-7116
752
-20432
6385
36
5118
-7944
-7410
-11240
276
-1980
-4365
-2040
1530
-6144
-1575
-10204
2833
-5100
-7924
-3052
11569
-7948
4834
-6112
-11825
-8180
7473
-992
5126
-2016
-2078
-8148
1811
-14312
5885
-11240
495
-2036
8469
-2016
1821
-4088
3082
-14124
272
-5092
-13801
8224
2051
-2048
-1785
-11260
-4331
-20460
-2548
24
5375
-9200
-1808
-10008
-1784
-10156
10222
-7160
5150
-18408
10475
-12268
11814
-16368
3855
-6076
-6919
-6128
501
-2820
-256
-14276
2835
-2040
2036
-2040
-216
-8160
-3583
-15308
-1013
-7140
1280
-17396
-7146
44
2032
-3008
2827
-12264
-1515
-4032
5126
-3060
-6673
-9164
-3351
-10176
-3048
-8168
4056
3092
5631
-15352
4386
-17384
11272
-3004
-3583
-7140
1798
-13296
11270
2088
-3865
-10176
-1291
-7152
-2573
-16316
13819
-6144
-6431
-6952
6125
-16376
-4121
-8168
-2840
-6124
5358
-11232
12
-13280
-1292
-8156
-3099
-7128
488
-2036
-9214
-6140
-5597
-19432
-739
-5892
8185
-12040
2546
-9172
13590
-6128
-9197
-3052
-6675
-4072
1296
-14324
3566
-5064
3333
-14296
-11016
-4080
3351
-8152
-268
-1024
2817
-9168
-2839
-5904
5612
-4064
-245
-6120
-4840
-14288
770
-4076
7664
-19400
-12812
-5100
4379
-9200
-3828
-6092
-7111
-3036
-4094
-4084
4121
-13268
2289
-6124
-12034
2076
1531
-8184
11277
-13296
4088
-9208
-2554
-21464
-525
-12201
-1780
-7128
1312
4164
2556
-8152
2539
2068
-6647
-7132
-2049
-9192
3578
-5080
-1298
-5064
11005
-13288
1256
-16328
-536
-8184
-4062
-7144
7453
-8097
16
-11260
-2070
-11244
2827
-17340
-280
-7148
2
-4052
2542
-1004
-11007
-6140
-1552
-16352
1273
-8176
-2596
-1016
2807
-8172
-5869
-11224
6906
56
3603
-9172
-764
-11204
-1017
-6104
6119
-2844
-2857
-9996
-1286
-4092
-1514
-3060
8230
-3036
-13590
-7948
6889
-8188
2821
-1004
1788
-13264
-5104
4180
8467
-12244
-533
-6116
-1525
-8140
1010
-8192
6911
-16360
1244
-15340
-536
-17348
1562
7216
-273
-9196
-4630
-13280
-6668
-1812
3573
-1000
20
240
10491
-10212
7397
1040
9955
-14336
-6369
-7092
3839
-16293
1036
2300
-11012
-3044
-247
-11212
4356
1068
-2050
-18345
-751
-6108
-1777
-7124
-790
-5096
-5127
-16348
-5389
-15324
1028
-11224
-8164
-4064
-2311
-10184
2566
-14316
5632
-1016
12031
5124
-3300
-6084
-12520
1044
2795
-9172
-2559
252
-1784
-5900
3331
-3036
9490
-7140
13315
1060
779
-12228
-1279
-5112
542
-4088
-521
-20428
4606
-6920
-1030
-19404
-3111
-9192
-9946
-8152
-4071
-6136
4609
-4060
-4
-3064
-2036
-2016
7154
2100
7911
-5104
2313
2104
-1318
-4088
-1301
-4048
-5144
3108
7419
-12276
4634
20
-8721
-3040
5625
-8140
-3792
-14284
3333
-11216
1033
-7952
4889
1056
-6686
-7140
-9743
-6100
-774
-4076
1784
-5068
-3287
-4872
3093
52
9437
-6068
-7138
-996
4088
-14284
-1070
-16340
-2042
-12268
-10257
-12236
3355
-12244
8455
-968
-1813
-8156
-2064
-18204
3124
-10228
12018
40
6921
-2028
-2303
-7156
-2809
-7136
1786
-9184
-526
-5900
4314
-9988
-1000
-8184
3598
-11232
-11528
-17376
-246
-3060
3595
-7124
-7145
-15320
3045
-6124
1285
1080
-10005
-3052
-1545
-17340
4618
-9176
-6641
-7136
3829
-3028
4358
-7972
-5881
-10212
-1015
-7128
1018
-11212
-531
56
1800
-6916
-2010
-6136
9445
-4080
-7946
-5080
13810
-13288
-528
-10200
-8188
-7136
5631
-12252
-7911
3108
-1273
12
-8192
-5072
2814
-8128
-5869
-7140
5888
-8152
-1541
-3048
-7181
-8140
3570
-4080
5129
5200
-6411
-7148
5869
-12256
-9206
-4052
4610
9224
2826
4136
9486
-9144
-227
-13296
8437
-6092
3821
-14304
1799
-2016
-6398
-17388
-5869
-9152
15
2284
2570
-13292
-2282
-6124
547
-15312
525
-13276
-6414
-11228
484
12
-2305
-9160
-1756
-12252
-16
-14316
-2080
-5120
6649
-2824
549
-16368
8202
-14304
-2824
-8180
4093
-4072
3089
-3048
1006
-7140
-11267
-9172
-278
-12268
-3302
-12260
5123
-13252
-1268
9216
-7434
-4060
-7166
-10216
-3827
-10220
12295
-4088
-5109
-772
-3313
-11212
6164
-5108
4112
-4044
-8714
-12036
13819
-23272
3865
2108
-740
-13268
-2046
-12236
-9207
4108
-1822
-2016
3315
-12236
2599
-8192
2589
-9200
-753
-16364
9713
-15308
-5852
-9200
3848
-5088
760
-2032
-4594
-2024
-1042
-6124
1003
-6116
-4854
-8176
-3579
-2020
-4845
-2992
-8202
-5908
9765
-20472
215
-15304
-12245
-980
-2572
-15332
-2049
-4076
-1768
-6124
-2021
4140
1850
-5088
9466
-12244
-528
-9204
-4866
-7108
1525
-11244
-23
-4040
-2297
-11236
1009
-16376
9513
2076
-1797
-15316
-1798
1052
-1782
1056
520
-18412
-2532
-7164
5389
-8148
4113
-4044
-3072
-7124
-2549
-5108
-8421
-7148
-6378
-13268
2319
-3068
-533
-3852
-1511
-8964
3070
-11244
-5
-9176
4364
-5076
-2071
-8968
-5116
-13296
-4377
-16340
-2537
-10208
3312
-5104
-1774
-14280
-16
-5092
4830
-11240
-2853
-13312
2835
3128
-7934
-4056
5626
-5076
2309
-11024
1019
-7124
-4602
-8168
3835
-8144
-2285
-7120
4587
-21264
-3598
-3032
3352
-3048
5870
-6104
5366
-9180
-4355
-11020
13043
-6088
3070
2104
2046
-8128
-4080
-4076
-2287
-11224
-3312
-10240
3327
-1980
-4365
-6104
-3344
-7160
-1521
10264
6915
-11252
7678
64
-1266
-4044
10981
-2012
6667
-4076
3308
-7136
2578
-15344
-6910
-2032
-2544
-2832
2294
2056
-2533
-8156
-530
-988
-3075
-1024
9238
-14256
9194
-10228
3560
16
5657
-5080
-8981
-12224
-2297
-8160
2892
-7116
-11767
-10216
-5341
-1804
6893
1056
-7404
-14320
8176
-14288
6425
-8188
2047
-11200
1034
-12244
1293
-13072
-7414
-5120
-1515
-2040
6901
24
2306
-5104
11003
44
-8728
-15336
5899
-7952
-6369
-4868
-2024
-10196
7671
-8164
-1050
-1008
-30
-1984
13753
-6124
-3069
-8972
-2529
-6128
5131
5188
8474
-12248
-1273
-8148
2792
-6112
11273
-12260
-6928
4
-7703
-6120
-9766
-11248
-234
48
-1299
-11232
-1817
12
4125
-9172
3041
-9212
2349
-6080
1321
-3036
16871
-16368
1764
-6100
8185
-21448
1792
-14320
11740
-10212
-6946
-6120
-4882
-9000
11847
240
4865
-13280
4632
-14332
1261
-10228
14358
-5100
1542
-15348
-2540
-16360
245
-4072
2083
-7148
5367
-7120
3585
-8184
286
-7124
9972
-11208
-2306
-3856
5111
-5080
8479
-15340
-7676
-9192
5358
-10164
-1264
-14252
-2056
-9192
3869
3108
-11274
-9136
1529
-996
6400
-3052
-5083
-4076
-8445
-13252
749
-7128
-6645
0
-4625
-3844
4598
1072
-8715
-11216
1270
-2036
2305
1060
2789
-10236
-8204
7212
-22
-13276
7688
-11204
-3590
6156
4101
48
1037
-10224
9456
-11252
-1835
-8132
-5084
-6092
1526
-11216
1793
-6128
-4339
-6100
1280
-3036
-4846
-4084
10466
-6116
4090
-16316
3065
-11240
7431
-4052
5388
-13272
-2302
-5088
-7444
-10220
-6158
2052
-252
-16332
-996
-7116
-3326
-4088
551
-16372
6409
-9140
1789
-9204
2553
-11016
4365
-9188
5392
-4028
3805
-980
5631
-11224
4358
-12252
3350
-8172
-282
-13256
-6147
-5088
-6413
-4028
-2554
-9196
-4075
-4048
-3390
20
-8205
-13288
-518
-3028
6639
-10228
-1530
4
-9968
-10008
7927
-10220
-2316
-17408
3833
4132
-4086
-14304
3312
-15336
-3045
-8172
1830
-9129
6685
-6068
748
-6128
6159
-16320
6932
3124
-2828
-14300
4590
-6104
5085
-10192
-6146
-7100
1803
-16356
2542
1072
-8205
-8160
-4072
44
3069
3124
-3328
-11220
5857
28
-1263
-1996
-2324
-15348
-3035
1080
-5104
-980
-6394
-9180
6175
-6064
-7941
-15304
-1522
-10180
4087
-15344
-6706
-16132
7938
-9196
-6135
-7120
1302
-2012
-1304
-7160
7156
-6112
-1791
-17344
6645
2068
4400
-7112
5122
-9216
-4137
-1000
-6635
-4056
-9735
-13248
273
-7120
9235
-5064
5105
-7124
11793
-11216
489
-10228
-3033
7184
5881
-3000
3588
-15348
2535
-7160
1051
-5068
-6129
-10204
6387
-14316
-2291
-5060
-6956
3120
4137
36
-1779
-13280
3574
-8156
-1587
12292
1559
3108
8451
-4024
2817
-13276
1296
-13296
10221
-9176
14370
-14312
-13821
-7136
-7208
-4064
-4872
-6112
3336
-17372
8962
-16348
-1535
-9176
1262
-9172
-7909
-8140
27
-18376
-2787
-6132
3331
1064
8993
-8136
-5101
9264
-10243
-9188
2808
-10240
-3071
-12272
-9223
1040
7399
-6120
-7695
-9184
-7938
-9184
4109
-14320
2841
-14324
1803
-11240
-2035
-4028
-3355
-4044
-9194
-10220
-3564
-12040
-6393
-14272
7411
-15304
-11481
-9164
4578
-6084
-1284
-1008
3830
-8180
-2027
-9208
-4601
-2024
2084
-17392
5112
-3032
4888
-7944
-2305
2048
-825
-14260
-7946
-2000
741
2104
-1523
-4032
4844
-14300
-6402
-7144
-1560
-18420
5416
-7168
-1771
-8152
-1528
2088
-8164
-4036
2305
-3040
-1007
-5068
6676
-6920
-987
-10200
3
-12288
-5376
-15288
-6388
-5076
6148
-16297
4610
-10188
-1254
-9200
5877
-11224
1289
-8144
5854
-5100
4657
-9212
-2566
-14300
3039
-6136
2349
-9164
-3288
-3024
1281
-8184
3826
-4880
-10250
-2828
7181
-10220
-6925
5140
-531
-26340
-5385
-6916
1076
-17384
-752
-15320
7732
-4876
7453
2292
-12302
-1804
6380
-12284
14
-16372
489
16
5137
-9208
-5655
-11240
3068
-5104
-3309
-7160
-827
-10200
-760
-14336
-5907
-14332
5357
-9172
1059
-4068
-516
-9196
1504
-15332
2278
-6112
4635
-15332
-6154
-6120
-250
-7144
4388
36
6143
-7160
-2313
-16344
3805
-12260
-10498
-3024
3048
12
-4894
-5100
-1291
-9200
5888
-13288
4098
-2028
-9225
-4036
-5112
-3012
-3062
-4076
-3072
-6104
2556
-8192
-2285
-2836
-1258
1044
-238
-14280
-3058
-14336
5123
-9192
-10777
-9204
-3312
-7116
-2553
-12252
10738
2300
2571
-22272
1580
-10208
10749
-8192
246
1040
3575
-5096
-5934
-13308
1803
-2044
-3095
-10204
-1280
-6128
2821
-5056
528
-10188
-4628
-6104
-258
-8160
1293
-6100
-227
-14088
3300
-984
4845
-984
-17475
-8972
-8974
-3024
-488
2092
2061
3108
-6926
-13304
-4860
-996
3339
-956
2795
-4056
3593
-9184
-5124
-7136
-6390
1092
11979
-12248
16
-7148
-497
-15332
7422
-9216
4109
-17396
6437
-20448
3327
-7140
-7918
-6116
-564
-11252
-9251
-9208
8179
-15336
498
5152
1292
-7152
518
-11212
7702
-5900
8414
-4084
20219
-5088
4595
-6104
-6688
-18396
-1008
-14308
6679
-4032
520
-4092
1784
-984
-1555
-13312
8225
-3028
-12321
2100
8186
-1992
8164
-7136
5876
-5052
-236
-968
-5860
-11224
2065
-6100
-1296
-13296
9968
-7112
5367
-7940
4889
-12272
6158
20
-743
3116
537
-8152
16346
-15328
834
-13288
-1301
-5076
-4835
-13272
4098
-11256
-1024
-16340
3570
-2016
1017
-4892
2582
-5064
-303
-4088
5616
-10188
-2585
-4056
-10246
-8188
-756
-22256
-508
-10216
-772
-7112
7424
-8184
3094
-1004
14595
-16140
-3049
-13272
-1538
-2036
-8689
-10204
3843
-10228
1784
2092
510
-6092
-10721
-21260
-5381
-10208
-744
-6124
-2068
-15332
8452
-10012
-6663
-7104
1766
-9988
-313
-12268
-7936
-12272
8198
-14288
274
-13256
6411
-8144
-1774
-9184
13834
-5088
-1278
