-7148
-6141
4144
5374
-4024
2079
28
-5617
-12197
3589
-1024
6147
-7952
-3065
-9176
-4385
-4080
-4119
-7132
7401
-14280
4335
36
-1271
3084
1039
-11236
470
-1008
8955
-3012
-775
-3056
3078
-3844
-7691
-8968
6425
44
-2023
-14312
525
-8164
-1292
-2048
-5663
-5116
3875
-6104
8190
-7164
2334
-11012
1306
-8156
12061
-14336
-12544
-2004
-1496
12
-780
-10184
6423
-14300
-2785
-7140
-7162
-8168
1011
-11228
-9232
-19420
2527
-15304
5345
-7112
5644
-15340
-14309
-14276
-2075
-7128
-4626
-10220
4856
-11232
-5127
-3016
-3047
-13304
15094
-5044
-3068
-10216
-2604
244
10752
-10180
12534
44
-3058
-14336
1081
-14292
2551
-6100
-1524
-2044
746
-8156
2807
32
1531
-16328
-8719
-8156
2046
-11204
-2059
-10196
792
-6124
1271
-16156
-1014
-17348
-11074
-1996
12276
-8164
274
-10228
3046
-15340
3592
-10212
260
-7152
-2845
-16360
4856
-14264
-3083
-5080
2807
-10180
-2036
-9204
2039
-12036
270
-6116
-1020
-9152
2801
-7940
-11759
-10204
-1809
-6120
-774
-9996
-8937
-7140
3571
-9196
-1264
-7140
-792
-4080
-5905
-9180
-9464
-5104
-5132
-11212
-4143
-992
4371
-12240
-3290
12
4094
-12264
6643
-10228
-2305
-13300
-1542
-5100
-252
1048
5120
-12276
16
-4064
2778
-8148
509
-7120
-1778
-7104
-9477
6176
743
-22252
7993
-11236
-5104
-7124
-4129
-15328
1024
-8188
17406
-9184
-4040
3324
-8984
-4080
10760
-2020
7134
-3048
-3587
-19436
1795
-996
-5150
-12260
5891
-2020
3074
-9204
-1043
-17396
-4879
2076
981
-10176
6663
-11232
4092
-1004
5646
-15324
5609
-5896
-1548
-10196
-533
-14312
2844
-1004
-8944
-15284
-10253
-7092
4070
-10224
-2560
-3068
-1795
-996
-3319
-7128
1062
6184
3324
-6140
-5383
-5084
-5390
-7108
1030
-11173
4368
-5120
9473
-17404
-501
-11240
-4624
-15316
-2530
-8156
-2311
-4080
1494
-6096
11780
-14292
-2814
-7140
2312
-11240
5614
-9184
-5645
-6116
-2060
-9168
10999
-26336
6136
-10188
-2804
-2004
491
-3072
1051
-4064
-2298
1064
-3073
-12044
-11256
-9184
6135
-14096
6671
-7124
2316
-8144
2061
-1020
-3354
-3024
6628
-5088
-5893
-4096
-6141
1032
2102
-8148
778
-10200
-3054
-12216
764
-12280
2585
-8164
-511
2060
-528
-4068
3546
-7112
-10228
3096
-5660
-6932
1528
-7132
4143
-5904
-2570
248
9475
-14336
-7157
11280
-15343
-5068
-6399
-9200
-2582
-3040
2064
-1988
3076
-980
7950
-7108
8173
-6116
-2
-7120
3601
-1004
-1506
-7144
498
-10224
8440
-7148
1804
-980
-7120
-6108
-278
-15320
4358
-6132
12277
-4048
-8696
3152
-9481
-16328
1555
-19432
-1274
-16324
767
-16340
-5669
-3052
269
-7148
5594
-7144
522
-5072
21
-6128
-2544
-5112
-4089
-956
-10461
-12268
210
-17356
1797
-9216
1036
-17340
1047
-2820
-4853
-6128
9949
-19216
-5610
-4096
-2539
-4056
3828
7180
-4890
-18388
266
-13268
-3061
-10004
1550
-14272
9441
-7112
5647
-4084
2284
-7096
4073
-1984
-6906
-9192
6658
-9192
9204
-14092
-8981
24
508
-7164
529
-4068
4089
-7136
2560
-1988
-6402
-18384
-7169
-7128
7941
5140
-2050
-4896
9471
-13064
3319
-9188
272
-9168
2833
-11240
2511
-13268
1275
-5072
5373
-18396
-6877
1048
6637
1052
-1512
-4080
4849
-6076
-522
6392
-7468
-14316
-3332
-12276
5393
1084
5899
-8152
1277
-6120
-1800
-12244
5372
-7944
10
-8148
-1278
-9204
-5141
-1988
4861
-14100
-2551
-10224
5886
-5048
10756
-18408
-1333
-9200
-4335
-11220
-4617
-14312
-4102
-4064
-6128
-1012
-3790
-9152
2558
-7128
-2582
-20452
-2282
-7940
4871
-2032
1803
-9172
10996
-14328
1811
-3052
-2826
-8128
-8725
1080
-5
-1016
-8951
-5100
-1045
1076
6115
-15320
-4359
-7136
2818
-4068
252
-9172
-5619
-11256
4129
-10228
-2029
28
3126
-6132
9755
-5080
493
-13272
7663
-17396
2847
-12256
-1011
-10232
-7235
44
-1522
-8164
-5400
-11236
-1271
-6080
6151
1072
-495
-3036
-3071
-6088
9710
-9204
-9741
-6084
2852
-15112
9
-14304
-6139
-992
2291
-12040
1822
-4088
1275
-8188
212
-10216
3086
-5092
1
-10212
-2784
-1968
1008
-9188
-3837
-7136
5405
-8164
7381
-6116
3829
-7144
5899
7224
-1762
-10204
-4654
-11236
4569
-8152
-239
-14268
6626
-9176
6403
-9152
-2313
-7140
5384
-9132
-3050
-5112
-244
-12276
-283
-12252
9462
-4092
-7729
-7160
1250
-3844
2826
-6104
-5364
-832
-3348
40
-1322
-12272
6144
-6108
-9217
-5920
-5652
-10236
-6414
-19396
4321
-9156
512
-14308
3337
-4080
-2812
-13276
1282
-11012
16877
3092
-4648
-16136
4863
-20228
-3588
-9212
1253
-7148
-3568
-4072
-10261
-6120
3829
-12280
-786
-5120
5109
3092
-5662
-980
732
-5080
-242
-7124
-8955
-4060
-2585
-9172
3892
-11248
6367
-4068
7413
-13284
3048
-8164
2292
-5088
4116
-3848
-5915
-9172
-4661
-16368
-5380
-7116
3880
-5080
4328
-19420
-298
-9164
1542
-9188
-5363
-3024
5120
-4876
5650
-10212
747
-10224
-777
-1988
10480
-9196
-2331
-1008
9966
-11016
3074
-3056
-3595
-6120
787
-3028
-3602
-3844
-7395
-12248
7197
-8128
12768
-4076
-1255
-8184
-1500
-6916
5639
-11260
-2047
-7164
-5136
-8192
272
-5088
3585
-6116
-9506
5152
8431
28
-506
-6112
-1064
-7128
-5631
-988
-804
-2036
-1286
-18380
462
-12248
4606
-8180
-1504
-15304
1050
-8160
-510
-7144
10199
-14272
-2822
-5088
-7167
-21492
5123
-11264
-4366
-980
-3109
-11212
4380
-17360
7641
-7144
2836
-18404
-3887
-7124
-8951
36
4598
2052
4870
-5112
3086
2300
-2824
-972
516
12
3594
-2832
7455
-8964
1027
-3060
1807
-8164
5925
-7148
6398
-13260
-26
-9200
1783
-6924
-5576
-7128
8994
-11216
5633
2112
-4633
-4044
1786
-6132
10495
3096
2094
-8176
-3833
-9152
2533
-5052
-1551
-5120
1288
-10200
4839
1064
-3340
-4040
-3306
-7148
7670
-9200
-10722
-5892
3836
-6112
-6663
-6116
4918
-3052
11287
-12244
5084
-7120
4607
-7136
-4351
-3072
-9
1056
-765
-11196
-6899
-13080
2817
-8164
-6450
-12244
-4604
-8144
996
-9000
-8226
-3052
-986
-13228
-1293
-7132
-2843
-10200
-5399
-776
4343
-3068
-4071
-1000
3046
-6128
-5625
2056
3316
-4084
-5649
-2008
2054
-18412
-7162
-2044
-4109
-15328
10991
48
-3089
-9180
-521
-6053
-2790
-11192
3867
-12220
-1814
0
-777
4104
1021
-4076
-5394
-2044
2610
-3056
769
28
-2541
-8144
-9498
-9180
-2031
-9200
-3855
1028
9486
8212
-5112
-11012
1549
-16136
-4092
-9184
-6635
1032
-2034
7176
290
-3000
-6158
-4084
-8452
-12276
2309
-1812
5609
28
9188
-10240
-1261
3108
4359
-10212
-4329
28
2785
-12252
1263
-9176
23
-6084
-4605
-3040
-5141
-9204
-9748
-9216
5630
-9188
4147
-12288
-1321
-3060
12541
4116
-1059
-12232
-14314
-4012
1803
-12256
-7920
-10184
16641
-15316
9454
-4068
9488
-6092
6184
32
2558
-13292
-2271
-9988
3319
-988
-10251
-12252
-7181
-4096
266
-15328
2
-5056
1529
2056
1284
-2020
6675
4124
-5374
6192
4141
-10216
6402
-6124
-17904
-14084
-549
-14332
-1811
-980
1811
-15320
-7143
-5080
3045
-1812
-754
20
2800
-10220
-5389
-3032
3845
-14304
230
-8180
4558
-6108
-5364
-9168
1269
-13276
-3859
-3048
-18
-7160
7167
3088
1768
16
3305
-18412
1015
-11228
-5376
-13256
9744
-10172
5409
-22220
3823
-5084
-4613
-9188
4883
-7120
-1039
-5116
-1025
1052
-9995
-14300
1798
32
2847
-17372
-7422
7208
1036
-3040
-5373
-7104
5121
-4080
2794
-9156
-1005
-5108
-10739
-11244
-1577
-2008
4564
-13272
2299
-13264
-11754
-7148
260
-16144
12030
-13304
-5114
-19424
8189
-12252
262
-8160
4612
-19456
-3064
-988
2813
-11256
-6386
-6132
5141
-8172
2565
-6108
-10226
-984
15337
-8184
-746
-2040
4874
-980
-2823
-11232
6360
-10204
5392
-14320
501
-6128
-1831
-6112
7410
-5096
7946
4140
-4344
2100
4119
-13260
11025
4132
-3096
-8176
5387
-10236
550
-5092
-3593
-10220
-10265
-5092
-8958
-3864
-9728
-6144
15593
-13284
6661
-19400
-6667
-4072
10713
-8116
-218
-6096
1255
-10220
-2543
-1012
-5902
-10208
-1025
-3000
-2554
-8168
-6123
-13280
-3343
-11220
6668
-792
-542
-12244
-9190
-9105
5109
-6124
3569
-11204
-3595
-4028
1745
-20456
3091
-6140
-1529
-6108
-3069
-13260
-272
-6100
2816
4
-7161
-7140
743
-7164
-763
-7168
6412
-8172
3826
-10204
8963
-5052
9489
-4048
-4614
-1004
2796
-11232
491
1080
9251
-22240
-2815
-2048
4112
-4028
-6926
-4088
6096
-4080
9747
-12252
-4893
-8160
6134
-14312
4613
-8180
2842
-13280
10530
-14272
3836
-8180
-7924
-5072
-3867
-13280
-5862
-17376
8176
-4056
4591
-11240
-14345
-15356
2800
-10224
-461
-14268
7139
-6092
-1780
-13276
3040
-2016
1550
-14280
-3603
0
-13556
6184
2298
2060
-8946
-4096
-11248
-9212
2831
-10220
-3848
-8148
8713
-8176
5870
-11264
-1797
2112
4122
-5080
3591
-4084
-8708
-13268
-3850
-11228
491
-8156
5884
2072
7174
-2008
7423
0
1295
-4052
5888
-4044
2823
-6128
4604
-5116
6118
-15328
5914
-4092
5645
-4096
2800
-9204
2311
4108
-2786
-6088
6641
-9992
7952
-4056
7940
-7112
-1576
-11244
2074
-2020
-797
-9164
5906
-10216
4338
-5056
1011
-3044
-2584
-13256
-1266
-8140
4887
-14308
5928
-9204
2294
-925
2857
-10188
11030
-13060
5657
-12244
-3078
-16336
-6129
1072
-2813
-3020
-8986
2100
774
-6108
2327
-9160
-3575
-4024
8477
-14104
-1547
-19432
-4332
-3036
-2019
-7124
-3609
-13272
5366
-16372
-6119
7168
8501
-8128
6146
-5900
-1265
-13276
-3841
-6140
-3614
-20452
-1036
-14272
-13354
2092
-2050
-14288
1056
-13228
2605
-12252
-9768
-13264
2818
-10212
9772
-13260
-11809
-14288
8670
-11212
-2319
-13300
1279
-12228
6378
-10232
-1281
-8176
4079
-5100
5359
-9117
-1815
-7124
-6139
12
-3338
-8136
-3350
4156
-9730
-9200
11021
-7148
-6618
-5080
1805
-7948
-4878
-17400
-12059
-10188
234
-14292
-2845
-7104
6124
-10208
6623
-18396
-3323
-11204
-2056
-6084
3078
-21488
2063
-5084
-6420
-10176
5897
-1996
1267
-15360
2066
-11260
-749
-9164
-6143
-11244
-2822
-10204
6132
-14296
-5156
-10196
-767
-4076
-8957
5152
-1289
-12256
-1528
-14288
4081
248
-7963
2068
1019
-9184
4863
-9188
-3844
-8132
1546
-10208
2809
-1972
-1054
-3072
1771
-16336
-6390
-13308
-7958
-7148
6922
-6096
751
-16376
-1000
-14292
2264
-14288
-16
1044
8977
-14324
6415
-11232
-8206
-1020
8224
-14084
-9
-10184
8454
-3044
-3055
-11232
6638
-11212
4095
-5072
-8178
5124
-4826
-11204
-4354
-8188
13815
1088
22
-3056
1795
-4076
4872
-17376
2063
-9204
2829
-7104
-5651
-20436
-1550
-12252
254
-4056
-1550
-20432
-5121
-16352
-8970
-1012
5886
-3056
-242
-4048
-6897
-8976
-8176
-6092
-274
-11224
3846
6176
4342
-19440
5132
-12288
-3
-9164
-1798
-992
-6615
4152
8938
-10232
2030
-12284
-2059
-9204
-5641
4
-4622
-6080
2271
-18360
-11
-8148
-2546
-22208
-4351
-9188
4398
1048
1533
-12276
5637
-13060
-5380
-17372
-1264
-18400
8438
-7140
1576
-3052
-3294
-5112
-10244
-8188
-768
-18364
2802
28
5624
-12272
-10997
-12228
9989
-7120
-2054
-9204
3887
-4052
-12327
-3048
1561
-4076
7410
-4016
4881
-3040
-730
-1808
6655
-9180
12306
-12256
5374
-12040
250
24
-1526
-17356
-1789
-11248
1306
-5056
1792
-9160
-1268
-5100
-537
-23260
530
-2828
-1472
-1992
2024
-7116
2279
-5100
2056
-5076
-517
48
-4848
-8664
-1800
-6120
9284
-7148
-13581
-17388
-13582
2104
-5670
-5048
-6385
-13296
6624
-8164
-4855
-6120
484
-3020
-15375
-5100
-5130
-3060
1535
-8160
7892
-7944
4626
-13260
-5880
-6116
-28
-3040
-13297
-11208
4854
-9196
1271
-2824
4357
-1000
-1055
-16152
-1802
-1976
-12034
-15116
4105
-9164
-7404
-12252
5111
-4872
-5372
-8160
-7662
-13308
-1016
-7164
-12035
-6916
4100
-7164
-7144
-5076
252
-10160
1006
-6140
1536
-18356
-7928
-15360
-2560
-11127
-8986
-7156
1759
-9180
-4585
-2000
542
-8180
-3080
-7156
5854
4124
-5375
-6096
8702
-988
506
-9160
-7441
-16340
-1273
-19416
2325
2092
-1285
-7120
-2806
6184
8207
-14245
-2069
-9188
791
-17388
1778
-10208
5354
-4080
-14072
-772
4860
-7152
-8178
1044
-2326
-6100
2803
-10204
-2584
-7128
-1511
-8184
-751
-6072
-1001
-2000
-9187
-10200
11270
-12208
2553
-12268
-1561
-7116
9200
-9200
4894
-7124
10757
-4040
2826
-2028
1046
-5080
10233
-16324
-6686
48
-1280
-2020
-11551
-7156
-4392
-4072
3074
-9172
-8198
-2000
3103
-8164
-5110
-780
-5364
52
6418
-1996
-10462
-8160
4319
-6920
-12011
-6128
-25957
248
5622
-1996
1584
-5068
-1252
-6124
1808
-7140
251
-7132
-4864
-9192
4101
-3008
-3316
-6920
-2048
1028
-2805
-1988
-8968
-10240
773
-13272
-12814
-12252
-4882
-996
1284
-6076
5877
-6124
-5322
-11236
2552
-8144
-1005
-6053
7980
-4064
5382
-6144
1515
-10188
-6122
-7144
-6123
-12276
5094
-780
9240
-10208
-9213
-8160
1541
-5052
-1789
1044
9217
-15344
-2089
-13272
-1267
-11248
6657
-3028
-498
-17372
-1758
-6080
-266
-13252
-4332
-13300
751
-8140
13793
-13060
-2567
-6112
-1570
-11184
5369
-9192
-3302
-6920
-5896
20
4120
-12232
-4106
-3060
-806
-4052
-2290
-12252
-1549
-9180
-1276
-4092
-2061
-11220
1302
3140
3858
-13288
2306
-5100
-2578
-4040
-4875
-2012
3820
-996
-7678
-8172
3578
-10212
-782
-6104
-3350
-11240
4319
-9188
-10777
-8164
9700
-7132
8462
-12040
4875
-4072
-2580
-6136
-6397
-7156
6408
-15328
-3868
-964
-12015
-9216
4879
1052
8188
72
8997
-13276
5109
-12260
4652
-11188
506
-14324
2526
3124
-786
-4076
-519
-6096
3108
-8152
-3045
-5056
6920
1036
-231
-15108
2294
-7164
-4092
-9180
-2054
-5068
-10759
-13264
10227
3128
4636
-4036
-5599
-10224
5866
-9164
4126
32
-6634
-1796
-4109
2068
-2783
4
-4098
-12280
5868
-5092
-2569
-7152
-1256
-6112
-7411
-2044
8737
1119
-1515
1060
-2043
1044
-11254
-12276
1781
-9160
-2054
-4056
7424
-6096
4575
-15308
2872
-3056
2821
-4080
512
-9180
6414
-13228
-218
-13272
7200
-11260
4034
-4052
-6148
2048
505
-6124
5904
-11248
4842
-8156
2533
-1000
-2813
-11224
-721
-11020
29
-4084
497
-3052
-4883
-992
-8195
-7940
5395
-13276
-6677
-8152
5626
-5088
8441
-17356
247
-4052
-3544
-3044
-3321
-4060
-242
-15324
-7694
-17400
2306
-16344
-1498
-11232
11286
1072
-264
-9196
2530
-16324
-9484
-2020
5112
-3028
-10210
-11252
-28756
3100
7406
-9184
6132
-8164
2825
-16336
4863
-12252
1252
5128
-3337
-4068
-1019
-15344
-2296
68
-2269
-4868
-10024
-16340
7949
-11252
-2330
-17172
749
-10188
7696
-3993
775
-9172
-9255
-4080
978
-5092
3360
-5064
8166
-10180
1818
-9180
2842
-5100
3874
1032
6632
-8112
7439
-16364
3061
-5100
24
-12284
2551
-7108
-4351
-5100
4128
9236
-1257
-10236
-4088
-7136
-1799
-13312
6138
-10216
-7179
1068
-2562
-5076
261
6176
-1796
-8164
-4600
-5056
746
-7112
-7
36
7403
-15312
-2300
-10188
2030
-12248
-6647
-5068
-3315
-5120
-298
48
6167
3116
509
-20448
763
-9168
3830
-1996
-10787
-11224
6869
-9148
4618
2120
10992
-16360
9965
-4896
-759
-4060
2040
-5108
6120
-12272
9231
-2036
-2022
-13232
-4598
-9164
-1291
-5108
3370
-11260
4127
-6088
2140
-14328
8938
-5892
-9722
-5112
5110
2108
-2543
-5076
-2041
-5116
8473
-7944
-6118
-4048
2311
-14320
2025
-16144
5896
-3012
-8719
-1008
-1008
-5892
6657
-13272
2077
-8136
1015
-8140
23
-7144
7690
-12248
-4098
-4884
3561
-10176
-1546
-11240
-5409
-17364
-4863
-13280
-3298
-7148
-8918
-12224
11268
-11228
1521
-8172
-786
2056
8998
-7140
-234
-20404
-1297
-20448
-275
-4056
5119
-16384
-5108
-5072
7165
-11228
3837
-8160
8986
-4096
3572
-3028
-5135
-8176
3572
-6132
243
-9148
2307
-5044
2821
-8148
-3846
-11264
7
-15344
-2291
-6076
-4075
-9176
-527
-6096
-12045
-15320
-3876
-3072
-5117
-7136
-8426
1272
3585
-988
4137
-10200
-5377
-1976
1045
-5064
218
-8176
-5929
-6104
-3305
-3064
8988
-15284
1552
-8144
5868
-6112
-8717
-13276
540
-5892
3314
-11216
4859
-8112
-6116
-10172
10481
-15352
-773
-10004
2334
-4092
-787
-9176
10235
-7140
4353
-7136
-4645
-4076
-2037
-7140
-4139
-6116
-256
-17172
-4096
-11188
1054
-8176
4854
-1988
-6374
-9152
9724
-6076
2027
-5112
-1771
-9140
1811
1056
4137
-12280
6923
-17368
-4611
-9172
-6634
-4028
-4328
-2000
-3867
-9192
-1018
-11240
7433
-13280
-497
0
-4572
-8976
9981
-5076
-5404
-5104
-7671
-5104
-4835
-10176
1782
-3036
-1564
-4080
7427
-9192
-3818
-18424
-9217
-7132
4864
2296
-9221
-6116
-6152
-964
4359
-6136
1837
-996
-11775
-4048
6149
4
5102
-14296
-1029
-5096
-1011
-15320
-2544
-4052
1537
-3016
3044
-16312
10017
-10192
-245
-13268
-1006
-8172
12243
-17340
-2311
12
-5627
12
2557
-12036
6889
-3016
-2574
-4080
-11770
-1012
2582
-3068
6416
-5096
-7194
-3060
2053
-16316
-1038
-15324
-5119
-6096
2324
-10228
-3058
-11260
6669
-4076
3065
-13296
4356
-9208
-792
-28364
-1285
-12236
2058
-8160
4344
1056
-9713
-14304
-5910
-2000
-10788
-10200
-3615
-1976
2316
-5900
11037
-1988
291
-7112
-1252
-4092
-5856
-5108
-1517
-4064
-6925
-11252
-3321
-16384
492
-12236
2540
52
-9984
-16352
-505
-7136
-3837
-9168
-9229
-12036
-3828
-14292
-4106
-11248
2322
-988
4850
-13296
-1794
-3040
-1794
-13304
4595
-12280
3320
-6084
5870
-6116
-3819
3084
1279
-11248
7465
-5108
-758
-1996
-520
-11260
-5346
-6100
14880
-6928
2020
-4880
-2547
-5104
11010
-11216
2018
-16348
-3849
-7128
32
1044
3046
-17156
-9480
-9200
2077
-6140
-3615
-9180
-7407
4116
-6926
-3028
-543
-13292
2816
28
-3566
-6120
-2328
-15292
1254
-14312
-4374
5152
-9212
-29404
228
-20452
-2307
-7116
3323
-4088
-9701
2084
8162
-12244
-13301
-8168
1548
1024
-769
-9180
1283
-16360
-232
-12240
8205
-10168
14368
-12268
1815
-3848
-7151
-6124
-751
-7132
-1029
1084
6114
-10228
1780
-12244
-2048
-13292
-3808
-2000
-5169
-16372
3588
-21436
3835
-4064
-4071
-5084
-3073
-8180
6654
-9176
3860
-16328
-5630
228
3081
-13264
-3835
-21476
7697
-14256
-1043
-972
-6170
-16328
-8715
-4068
-3573
-7140
5646
-8120
-1026
-6100
-2846
-1988
16106
-11236
-2789
-5104
2533
-7940
-2294
-16304
1781
-3060
256
-968
-9744
-6112
3094
-13288
-7913
-5104
10234
-11236
-246
-11236
4589
-8124
504
-21464
1268
-9196
-1799
-15356
3349
-3056
-13096
2052
-264
-10192
-6174
-12248
1028
-21480
-5669
-7116
7421
-12268
-2579
-10188
-1032
-14308
3589
-7140
5902
-10188
-4563
-14304
-7393
-18180
-6911
-2008
9196
8256
3084
-4080
-1744
-15308
5092
-4068
6399
-6112
-10751
-9988
-7403
-8192
-4110
-11224
5639
-23044
-5366
-9160
9189
2092
788
-4040
-8461
-12256
4861
-9156
4112
-6136
4352
-10204
2049
-3032
5096
-7104
-4864
-11236
1800
-8156
3371
-4056
12
-13260
5887
-8180
1026
-1000
5888
-16344
-4365
-12232
-4600
-7140
3838
-2020
5110
-4876
-13563
-12220
6652
-7136
6933
-7116
3326
-4044
749
-9208
-5616
64
2054
-8168
-5676
-3028
2541
-6932
-10493
-1996
-4374
-4088
3331
-14268
-2004
-2004
-3567
2076
-9232
-19400
7098
-4064
-8439
-2820
-492
-12268
778
-9164
3826
-5072
-7645
-12284
-9487
-9180
-1511
-7124
-9242
2056
-3861
-6088
10747
-8116
-3858
-8116
-5639
3088
1306
-12240
1307
-9164
-2555
-17392
-1523
-8164
8968
-11188
3876
-3052
5369
-4064
3809
-14100
-7901
-8112
-3069
-15280
8707
-6128
495
-7148
4351
-12260
7435
-4080
11531
-15332
-3305
-980
-247
-11220
-2557
-2020
780
-9184
-4877
-14284
2804
-9212
13568
-17352
1802
-14304
493
-14264
-4628
-11236
11540
4172
-1786
-6112
1571
-5076
-3864
-3028
-5393
-6108
7200
-6128
-2561
-7096
-308
-4048
-2555
-13232
4369
-10196
3361
-9160
-1500
-11256
11519
-6120
-3037
-16364
2286
-21484
4329
-5108
3097
-16368
-10236
-14316
-4
-12260
7426
-10212
7710
-12236
-10251
-13296
-1499
-7140
-3825
2092
4063
-8112
1541
-18372
1300
-6108
781
-12260
-15595
-2016
5060
-7132
-8172
-4056
3866
-14088
-7163
-12060
6389
8
2033
-10196
-6646
-8976
-5943
-8188
2812
-5896
8464
-13252
-3628
-7132
-2776
-12280
542
-6928
4371
-14284
532
-10004
8983
-8164
-3081
-8152
-2312
-4872
2564
-9216
1000
-5084
302
8
2813
-8140
11006
-7116
-3054
-6124
-8713
-12252
3094
-11220
-5866
-12236
12520
-4056
-520
-15332
-1849
-13304
-1017
-7140
1582
-9192
3029
-13292
8715
-14288
-4099
-18412
9219
-10204
4607
-2020
3386
2064
5662
-19432
-1811
-6932
-7694
-5108
-11551
-10204
-4344
-6084
-8691
64
5352
-7136
-5872
-14308
4332
-13292
-5621
-7152
6149
-13268
1527
-4060
-3328
-10212
2031
-10000
-9974
-6116
8484
-10224
1835
-12260
-2836
-22256
13052
-9988
6407
-12280
2558
-7112
4621
-20460
4138
-7124
10211
-11248
-6895
-4052
-3336
-7116
-3069
-9200
496
-18404
737
-6049
17160
-10208
2797
-5092
-20
-8152
1273
1028
-3840
-12256
4102
-11208
3301
-16320
1557
-12264
5122
-3052
2275
-10196
-5848
-4052
9441
-13244
-1786
-9172
-5613
-15340
-6108
-7140
-7701
-6932
3583
-13292
4861
-14272
5399
-8192
7962
-6108
-4125
-14320
-4862
80
-1052
4112
3840
-12248
-9517
-15340
-5143
1036
2065
-5060
487
-11240
1035
1088
529
-7148
-14160
-6108
-12007
-7100
-7384
-18396
-769
4132
796
-10216
-3096
-11216
3100
-15332
3344
6212
-3066
0
4067
-20464
6
-4068
3067
-4076
-3381
60
9955
-9216
-507
-956
2293
-10212
6148
-14316
-10792
-8192
-7930
-7096
-5650
-13284
6952
-9168
3821
-8172
9213
-5080
-9464
-13288
16400
-7164
-1005
2048
-1284
-6120
-5659
-16336
2555
-3040
3348
-6076
-1252
-10200
4096
-7112
6142
-9152
-2839
-14320
4353
-12244
737
-8148
-10212
-4048
-1258
-8964
1821
2056
-4094
-9204
5363
-4032
-746
-5064
4339
-4072
-1517
-3048
10253
-6128
3577
-11204
-7920
-8128
-7956
-11228
-4093
-7116
-22861
-16340
11256
-21456
-812
-6116
-5386
-12264
-15650
-3064
11768
-2012
2035
-7164
2577
-6120
-8708
-16340
768
-4088
4888
-14288
-4845
-10236
8946
-10188
-29
-17348
540
-6116
-6
-14280
3353
64
519
-7100
2851
-4892
-1807
-5080
2574
-17368
14311
-13284
-1537
-3028
-4605
-8116
-5852
-10228
7427
3100
999
-8176
-10757
-14332
-1573
-3012
-5634
-2032
-2573
-12252
2057
-5068
-2826
-13272
246
-12240
7162
-6112
-7914
-14328
-7925
-2028
-7162
-9176
269
-19396
-2838
-1980
-1227
-6124
4860
-8180
-12297
11284
-5346
-6084
5898
-10208
-5091
-9172
-526
48
-8689
-6112
-1285
-10208
-1309
-6096
5158
-5068
-7450
-13060
-5155
-12264
-5140
-1012
-1792
-4876
4638
-10208
737
-10220
-18
-16380
-3861
-5120
-4109
-18184
4878
-11232
-3034
-18372
-4073
-6920
-253
-8184
5139
0
5375
-10176
-3812
-12044
-6920
-7960
-1523
5144
-7665
-2048
14362
-7168
4605
1060
-5409
-7136
-3347
-11208
3079
1024
-5411
-5900
10272
-10200
7426
-8132
-5165
-4012
4863
-8176
-4349
-10232
-6388
-2000
552
-4044
-7422
-20440
7431
-6100
-7442
-18376
763
-13308
-5911
-10228
-6088
-972
1514
-12252
-4887
-7144
5661
-8172
-752
-11256
3319
-5100
-1275
-960
-6706
-12040
-3311
-13268
2033
-7152
1263
-8188
-13045
4124
11268
-3056
5904
252
-3600
-4068
2860
-12232
1269
-5084
1008
-8180
4824
-18404
6673
-10212
-5110
-8176
-7422
1068
6180
-12248
1830
-9196
3047
-8148
-4358
-13260
11766
-15336
10763
-10224
-10292
-10212
3820
-13244
-5384
-12256
3053
-14292
-1286
-15320
-1534
-14280
-4271
-10216
-7175
-10196
14316
-5092
-3333
-3032
18429
-5088
-4088
-6100
-4855
-10204
-7437
-5064
6142
-8160
-2570
-8172
6130
-3856
-6666
-14320
-279
-8160
-3353
-14288
-15354
-1816
-3588
-12260
7706
-10172
-1103
-6116
-3591
-7152
3324
-15344
4096
-6080
-517
-2012
-10466
-11224
-4356
-13272
4602
-9192
-4852
1044
748
-17360
-4092
3116
7391
-7124
-2559
-11252
4601
68
2307
3132
-7920
-12216
-451
-9132
6634
-7108
-989
-1020
-11269
-9172
21746
-6144
7412
-3064
5382
-7132
-8954
-11240
-6650
-5052
3906
-7136
3596
-11260
1803
-6116
7385
-1020
4085
-10220
-3338
-4044
-3619
-9176
-6178
-11248
-3612
-7144
1816
-9192
-1036
-21464
3621
-14312
3088
-13300
-517
-2020
5655
-6144
247
-3068
-4103
-7120
748
-19428
2298
-12248
4346
-1980
2571
-6092
-8946
-20428
-1254
1092
2346
-9200
529
-2008
-6654
-8152
6652
-12036
2279
-15340
-1292
-18384
1846
-6116
2827
-12248
-8449
-8176
-5902
-19440
21
-7160
-7686
1080
1755
-8132
5128
-5088
-6676
-8140
7683
-6136
4108
-8156
7129
3108
-9729
-12228
236
-11256
-1018
-5080
-6148
-3064
-5107
-1988
-4073
6204
1014
-10212
-2027
-4076
-7950
-1972
261
-4096
-3820
-5072
-7423
-2040
-6660
-4040
9
-5048
-1307
-18400
-7411
-10188
525
-13284
537
-1024
-471
-12224
7661
-14292
-9154
-14312
-782
-9208
-1013
-16340
-5645
-8180
-2311
-8176
-10999
-3056
-10731
-12040
12758
-19400
-2081
-7956
-6667
-988
1243
-12052
-8166
-18412
2564
-13280
48
-14320
-242
-12252
11015
1052
4076
-8188
2533
-7944
-760
-7156
-1791
-11220
241
-3040
3311
4108
5124
-5896
-9714
-12260
14314
-16360
496
-17384
-1036
-10149
13082
-12272
4613
-12040
773
-7112
519
-3072
-6667
4108
-2842
-9172
10244
3096
-2592
-10212
4863
-992
10485
-15120
-4348
44
7908
-16320
-2577
-13221
5354
-12240
1051
4120
-4627
-7152
773
-12264
2545
-8164
7946
-12036
3338
-984
2599
-5068
-1554
-15312
-3823
-12248
-4601
-11260
-3339
-12280
3908
-15340
4586
2300
2531
-15328
-11000
-9196
-505
-16308
3849
-7168
-770
-15352
5676
-12248
-4113
-7152
-2057
-20456
3339
-8148
-2556
-8116
-2548
-5904
245
-7128
11028
-15300
-4869
-12040
-7159
-4072
4083
-5088
12044
-8164
8226
-9992
763
-19220
-3088
-1996
4071
-2048
7405
-5112
2041
-11244
-2048
-984
4623
-10216
-259
2080
-8688
-8972
-6115
-15332
-3810
-7152
-2789
-5108
1512
-14084
2561
-18364
2607
-12268
-3815
-10240
7930
-17396
1287
-10236
-15612
-17384
4850
2080
7701
-3860
4830
-2840
8417
-1012
516
-2040
489
-14284
7715
-9164
-3843
1088
-4861
-992
-6136
-15292
-518
-3056
1750
-8152
3391
-6112
2026
-10216
2547
-12272
-1294
-7136
-1504
-10224
-2283
-14316
-245
11304
8176
-12280
4860
-2036
-3376
-25304
1005
-11232
269
1040
-10485
-6132
6882
-9184
6657
-6928
24853
-10212
-3838
44
5626
-12260
768
-9200
-241
-8176
3570
