-11208
-1542
-5068
-2793
-5100
498
-7116
2836
-984
299
-11252
-764
-4036
12304
-5084
4839
-18384
6673
-7128
-3066
-5072
-7425
-15344
-10734
-4064
3074
-5076
-251
-9132
4327
-16328
6921
-972
-8
-9212
-7421
-2004
7931
-980
-11279
-13284
5876
-3044
211
-4048
748
-9180
1799
-4076
1583
-15336
5371
-7140
-4603
-4020
-6194
-17360
246
-10176
-1262
-4040
2311
3116
5914
-6928
234
-4084
5653
-14296
2566
-13276
7173
-5096
258
-9172
4614
-10228
-1034
-7164
1802
-9204
1524
4140
266
-9208
7180
-7112
-519
-13244
-5089
-3048
-11023
-18388
5342
-3048
768
0
-539
-5060
-770
-11248
2073
-10192
-513
-8176
2046
-17388
4339
-15120
4364
-7136
-4899
-12260
6655
-5060
6661
-14296
-4844
-8132
-16920
-4068
-7895
-8160
-1538
-15356
1050
-13068
-4597
-3040
1525
-3056
-3332
-5104
-11539
10264
-13820
24
-6153
-8184
-6640
-7132
-12811
-7128
483
-14280
-4065
7416
1762
-16368
-11794
-1996
9483
-16328
-9181
-972
5867
-8132
3844
-10176
9256
4144
-2023
-16380
-1264
-3864
-2563
5156
4837
-8136
1020
-10220
3599
0
-3590
-9164
-2553
-10000
-2045
-8968
2285
-6112
4356
-8156
-2525
-3048
-10
-8152
-260
24
4332
-10208
508
0
-4846
-6100
2311
-976
5109
-5104
-1255
-14328
-7945
-1800
5377
2100
4095
2100
-4083
-8120
13814
-10168
1276
28
4414
-17352
7
-17400
-20
-15300
4365
-8132
5135
-9172
11524
-11256
-8717
-7152
4325
-12268
-8196
-8176
-13348
-13228
1798
-5096
-4635
-5108
2806
-6116
5893
-10216
-2047
-7100
-242
-8152
-2054
-6124
-3320
2100
7197
-8124
13800
-16324
-9209
52
-6897
-2008
-3819
-6112
-8430
-5092
-540
-5088
4880
-6920
748
-11252
520
-19400
-7166
4140
-740
-4080
1024
-4060
-10724
-7156
-4588
20
4345
-7160
5886
-9204
508
48
-9709
-14320
4079
-16364
9992
-7120
1576
9268
8933
-6116
-9702
-10196
7409
-4088
-4855
-1800
5892
-2028
-3816
-12212
-10748
-16352
-6112
-9172
5133
-2016
10
-8172
-1543
-2832
-2059
-4040
-2330
-9212
4116
-1964
-1533
-8156
-7134
-7136
-5399
-13240
-3813
-8172
6345
-5100
2350
-12276
242
-10212
1805
-1012
-2816
-8172
-2300
-3064
1302
-7156
2802
-15320
-5127
-9156
7131
-1000
504
48
-3845
-6088
-11456
-4084
7422
-4068
9453
-13292
5436
-5096
2550
-5080
7452
-4040
-524
-10204
8944
-10153
-2262
-1996
1807
-18368
-11023
-10228
-11819
-10232
-3088
-6112
-1580
-12216
-5393
-12272
-2580
-7152
772
1036
-6892
28
-3088
-6928
8714
1052
2325
-13304
699
-7116
3328
-13244
-3052
-13304
-2553
-21460
15627
-9184
-1801
-9192
2794
2048
-7400
-13304
8681
-23248
32
-1012
-2569
-23244
-6883
-7112
6916
-7148
-4345
3112
2823
4348
1300
-7116
1023
-14084
-287
-21480
6907
-11248
4604
-7148
7927
-5108
1814
-7152
6661
-6096
-8181
-9156
9715
1052
-3086
-1008
6900
1048
-4580
-14276
3056
-14260
-2092
-11200
-14311
-2000
-4368
-5100
-4909
-11248
4616
-8164
-5615
-12268
6640
-15304
-4356
-13300
-8998
-7128
7658
-17396
-1046
-14316
4338
1024
-7440
-16300
3847
-1000
-8444
-3048
4329
-3008
-9182
28
1505
-14292
-5
-9160
3616
-9176
2285
-9192
1781
-9188
-1761
-20456
9462
-10216
3335
-13280
3850
-3028
3558
-3044
3086
-9152
10498
3132
-1785
-5104
4088
32
-1799
-2000
1568
-13252
-475
-1796
743
-8160
-5105
-1980
-12540
-8180
784
-8176
5405
-13288
8968
-9196
3323
-960
7193
1028
6903
-5068
4108
7176
-1287
-15296
15120
-7108
-1040
-10224
-6406
-10224
2563
-9180
1762
1052
5354
-996
-5881
-2020
507
-7144
-3571
-8148
496
-10220
-1279
-14312
9959
5180
-2031
-7156
-4880
-7152
4840
-11173
-6692
3088
12334
-13240
-14619
1060
-4090
-13300
-2558
-12264
3612
-6144
811
-11236
2305
-13300
1550
-968
288
-6092
-3830
-7116
3600
-1000
10714
-6092
3848
-12248
756
-776
4365
-18412
-4080
48
-5377
-13312
6911
-4072
6622
-3072
1784
-8132
-510
-6136
-7440
-6140
1534
-6136
-7166
-5116
1500
-17376
-2786
-9192
6176
-7116
3048
-7120
-7398
-13268
259
-3064
3588
3112
813
-16348
7183
-10216
1037
1080
-5117
-14308
-10249
2056
-992
-11252
4058
-10232
-3353
-9168
2049
-4052
11801
-2040
-3586
-1000
-525
-11228
6857
-1016
-4607
-8156
-7436
-7144
6691
-8188
-2021
-3868
6129
2104
-4348
-9200
-10257
-14268
-771
-5064
-2039
-15344
11269
-1020
-3339
-15328
4605
-4872
524
-17368
-542
-9176
7442
-6116
492
-15280
3072
-5080
-13
-13268
8979
-8172
-3562
-8176
4581
-9176
-3319
-14296
-778
-12240
-4122
-15340
3812
-2044
-6165
-13256
-4348
-9168
-4834
-9140
-3078
-8108
2327
-6088
-9429
-14100
-1252
-6108
2815
-12280
-5864
-7940
6438
-3008
-3100
-1020
11543
-3028
-4865
-4056
-1781
-19440
674
-5892
1296
6148
-1050
1048
4361
-7120
-4848
4160
-3832
-3060
6395
-12252
7186
-11240
-4342
-4052
-7723
-4040
-2043
-4068
7687
-7132
-15611
-960
5409
-4072
746
-8168
-1033
-10220
-3872
1040
252
-16364
2049
-18408
-4336
-12260
-1510
-9164
-16
-11012
17968
-4056
-5145
-11236
-511
-12216
-13576
-13264
4344
-6112
-12036
-22240
-7698
-10216
-8430
-1024
-11840
-4064
8925
12
3884
-8184
1521
-8180
-6181
-7144
-2075
-9204
-8424
-4092
-9717
-4024
4340
5132
-6895
-2024
-4126
1060
-1760
-11200
-5336
-14324
-1777
-3056
11261
-6120
-9751
-13244
5407
-9176
483
-5076
-4569
36
-3324
-4056
3881
-2004
-9454
-18200
3347
-9172
3558
-4092
-11505
-12232
2288
-772
-498
-18184
1517
-7140
-2846
-13276
-19
-12256
4316
-8188
6373
-6124
-1563
-12272
537
40
-4846
4132
-3832
-980
-6890
-6116
6899
-6132
-1001
-9212
4141
-1000
4601
-11220
-3059
-7124
-1313
-7124
-2604
-6124
-2297
-30724
8459
-7152
2571
-12260
6119
-5096
-545
-7112
-8423
-10224
-5359
5144
-3587
-10196
3103
-1980
3819
-12240
4081
-12232
-1778
-3044
-4347
-8136
2803
-960
1525
-1984
-6938
-5040
5634
-7112
3843
-8148
-4131
-9164
9470
-5116
-2587
-960
553
-1020
7930
-3004
6669
-3052
2812
-9156
804
-3872
-759
-3020
5382
-14320
-4369
-13264
-4863
-11232
3048
-10228
-5120
-4072
-1491
-2016
10477
-15312
2814
-5064
-3296
5372
7677
-5084
-1803
2076
-5612
-7100
-8472
-12044
-1554
-3024
5358
-16352
3571
-21492
6901
-3028
-3796
3076
7179
-8968
9748
-10196
6409
-13264
-1048
6208
-20298
-8160
5639
-15356
-5380
-7140
-1005
-3020
1791
-5112
-8689
-10184
-7934
-9996
1238
2108
4107
-4056
-10744
-3020
2849
-9164
8747
-11220
-8450
16
9240
-13308
4606
-8140
-2816
-3072
256
-15332
-3300
-13304
-1312
-5040
6183
-9176
-2549
-3040
-503
-5064
-10244
-9176
1014
-3044
6931
-8144
-6131
-6092
-522
-9176
-6124
44
6924
-12268
-4589
2088
-241
-13268
8973
-6108
-5640
-2996
34
52
1571
6200
1067
-6072
6658
-6128
4584
-5096
7938
-4040
3587
-8152
3114
-12284
-7400
-12244
2837
-6116
6406
-6140
5911
-6060
-3044
-3020
4843
-3044
5663
5172
3102
-21456
7406
-12260
501
-15348
-2093
-7124
2541
-5076
-3018
-5088
4628
-972
-727
-16360
264
2064
-5124
-11228
2567
-15332
-1787
-972
-2042
-10204
-4643
-14288
1806
-15304
1289
-6076
4073
-13292
-7695
-6108
-6676
-9184
-1271
-10228
4077
-10200
-2595
-12268
3581
-15340
2307
-10208
3307
-1980
-5899
-6112
-3310
-11220
-2071
-16344
-3852
-8164
3095
-10208
9974
-16360
3322
12572
-1036
-10216
1794
-9184
-3604
-9148
7924
-6916
-4369
-6120
266
-13288
1018
-11228
-9499
-20476
2053
-6104
2308
-9168
1012
-14088
-2635
-17336
8451
-4076
-4861
-14108
6896
-9168
1523
4140
4378
-4060
-3576
-7156
-7664
-5084
2057
-2024
-5376
-2012
-258
-9180
6377
-10176
6143
-976
521
-10188
-4375
-780
-4602
-6128
-2828
64
-3851
-7132
1040
-7972
-530
-5076
6949
-6104
754
2076
-479
-15328
-5632
-7120
12
-7112
-2041
-16356
6450
-10200
1567
-8168
5132
-16368
12800
-12236
-4103
-9176
2821
-17392
-279
-15324
525
-11204
-8708
-1012
7367
-14312
-3519
-3036
989
-2040
1053
-10216
-8996
-5096
-5882
-8152
519
-11188
-5914
-12248
-1255
-18400
-1787
-7140
3326
-13312
2542
-15352
3584
-9164
7171
-9176
-4080
-6112
2309
-3020
-1538
-12284
-221
-5076
-1779
-16324
1280
-7140
265
-14288
5642
-10200
8710
-5096
-6153
-6136
-6696
-13272
787
-8184
1266
-6116
-796
-9180
-10737
-4872
-1865
-7132
5354
48
806
-5108
5662
-6112
4346
-5112
-2283
11328
5670
-13252
6367
-20452
-5356
1040
-2281
252
7179
-2020
-5638
-9216
1802
-12248
-1067
-10220
-7898
-7120
-1543
-7128
-16629
40
815
-980
-6647
-17368
2576
-6108
-5103
-12252
-4066
-12256
-2301
-7140
7426
-10184
-4868
-4052
-1778
8
-3366
-3016
-253
-988
1036
-10220
-2044
-16340
-511
-5080
3336
-5088
-1523
-1020
-3083
-8156
-4874
-12256
-222
-3856
-2309
-13296
1534
-21452
1511
-6124
6692
-3060
1325
20
2829
-3028
11332
-8172
3364
-7116
4605
-7132
-3857
-6108
2597
-3036
-9719
-9180
-5092
-8172
8434
-6108
-5864
-14284
-6128
252
2009
-15328
12527
-9192
-5098
56
5862
-12280
-8204
-11252
1010
-11216
7426
-15320
2567
-6112
1272
1032
-7139
-21480
-8218
-2028
-14342
-14332
7699
-2028
-6136
-9200
2551
-3052
9723
-5072
5612
-9196
5898
-12208
3331
-16360
-4590
48
-5904
-2024
-6151
-14304
-258
-2040
3572
-5092
1814
-8176
-3855
-6088
4
-14308
1520
-8972
-5857
-4080
4610
-2012
4873
2096
-5120
-4868
-772
-11216
-5377
-14112
-4110
-11236
-772
-19452
6145
-4048
1789
-16372
3890
-2020
-1282
-3040
-4404
52
-507
-20464
-2536
-14332
-8446
3072
-2296
-5100
6087
-20428
-2814
-2012
1248
-4868
306
-988
5895
3136
6168
-11228
-6628
-4068
3085
-10232
-2034
-5068
3395
-7112
245
-3036
-1015
-13288
2551
-14332
-759
-3064
-1793
-4096
-6390
-8152
2797
9264
-2809
2080
-6381
-6136
6596
-16344
-4093
-14292
-2295
-14316
-4580
-2016
8716
-4076
6147
-7136
-6644
60
-4881
-2016
-7914
-8168
7340
-9184
5122
-6116
-5632
2084
-2535
-26120
5900
5172
4870
2060
-518
-7144
2549
-20396
-4843
-8164
4084
-6140
-7954
-14308
250
24
1774
-4076
-2024
-2016
-10768
-14288
2058
-9160
3828
-15112
-2015
-5120
-12562
-6096
1261
-12268
10775
-11192
-1000
-17404
11266
-7116
-4854
-11212
-2065
-8160
-9957
-14280
10240
-8105
4858
-6116
-3083
3104
-8971
-964
2798
-3036
-5385
-5096
231
-18392
2058
-18400
6926
-2004
3830
8244
9213
-7140
-249
8
746
-6140
-973
-8156
1063
1032
6381
-9176
-7899
-12276
-553
-9196
-1251
-8128
4834
-5080
-11517
-5100
-6155
-16384
7953
-3044
1549
-18416
6692
-7112
2830
-6996
4061
4183
4848
-9172
-3600
-4084
-3105
20
1
-9180
-491
-5096
8440
5348
-9726
-4048
2032
-6116
7427
-3060
6142
-5060
11798
-9184
248
-8152
-496
-7124
-512
-10212
1539
-6104
1262
-6112
5145
-8180
14095
-14300
-5413
-7120
8942
-17388
-2809
-22240
1795
-6132
-3832
-13304
-2017
-6080
5131
-10172
-1038
2096
-5135
-11256
-5154
-9168
8714
-12240
-755
-3036
7922
-1008
-6407
-11196
1292
-9168
4327
-8136
-5925
-13280
-1249
-18400
3616
40
-2030
-11264
-4367
-11260
-3622
-3056
-10273
-4064
6922
-15328
-4598
-9168
-242
-7084
14102
-2016
-3573
-9188
6128
-12248
-1234
-8176
3109
-2044
10263
2064
-9482
-12260
-2844
-8168
9721
-6924
-1036
244
-737
-3060
-9442
-2044
-784
-2032
-1551
-5100
3807
-8964
-7149
16
-1279
-11244
522
-2040
5422
-18352
-2064
-8152
-1033
1048
-4873
-5096
2309
-3844
-1569
-3044
-9728
2064
-5610
-11204
10221
-5068
1253
-22236
-5926
-16348
9
-15296
3050
-18380
-4830
3112
-756
-12284
-8941
-12256
10470
-9196
4364
-14256
-3847
-9188
-764
-11232
1301
-4056
3819
-7132
-3105
-7164
5376
-17376
9431
-11220
-5143
-7144
-3090
-13264
3079
-3012
544
-6140
-1532
-14108
-272
-11216
1271
-3056
2869
-3052
10735
-6108
5406
0
-1804
-7140
4905
3116
-7922
-8164
-11525
-10204
-273
-9156
-3061
7184
-9721
-9192
-7695
-18416
-2273
-1996
4347
-9160
-5388
-5100
1553
-2000
-788
-4080
1554
-8168
3057
-2864
-3106
-5100
-9433
-7128
-11262
-7116
474
-13248
-4865
-7092
-1293
-2040
2536
-6088
11002
-8964
-7931
-968
5388
-4060
-6630
-1024
2064
-3852
-6404
-5904
6385
-5900
1283
-12036
7427
-18392
-3587
-18400
2326
-1012
1733
-5080
5632
-3060
-2042
-3064
-2857
-10232
-5093
-13276
11750
-5120
4633
-7156
-28
-4056
2048
-8156
264
-6120
1294
-18432
8227
-14292
-4346
-984
10496
240
-6901
-8001
-3050
-7132
9713
-972
-9441
-3024
-5164
-11220
4864
-9180
4620
-15308
9989
-11224
253
8
4112
-11244
5875
-7152
8983
-2016
2836
-14100
769
-18208
-3104
-5048
3092
1060
-497
-8144
-5116
-6136
775
-8156
-1288
-6136
-4395
4140
-1535
-8144
7163
-6124
-275
-16352
-3074
-12264
6939
-15336
-3860
-7108
-2587
-5896
7160
-2036
-5114
-9188
-5629
-6124
3584
-11216
3032
-2036
-1802
1036
12548
52
-2282
-16372
4630
-12276
-8489
-1008
553
-25300
-3343
-11232
-1785
-6120
1562
-18396
8468
-7132
-987
1060
-776
-12260
3343
-11220
7681
-4080
7142
-11236
20432
-16368
2274
-12232
-2836
-4060
-3335
-4868
5866
-8148
3073
2048
-1000
-15308
6405
-12280
11514
-6136
-5640
-10216
-9734
-7152
-10264
-14304
6651
-9164
5126
-13308
2569
-7940
-2552
6196
-3774
-15324
-5889
56
-4376
-16332
-8
3120
-7157
-7132
-3330
-8964
-1804
-7160
2556
-11236
7177
-11244
754
-8156
-1261
2112
2606
-3028
-2302
-10208
2843
-8160
1768
-7124
-8211
-5044
12543
-13264
1019
-9176
1781
-12264
-1022
-20416
6894
-4048
-3340
-12288
-540
-1000
-1794
-3048
-992
-7132
1508
-4068
-1541
-20428
-21
-4072
-225
-11256
-7929
-5904
3848
-4048
-3
-8144
4580
-8176
-522
-5084
3023
-6096
3822
-11228
-3589
-16360
4846
-9168
-1795
-5068
-11515
-10220
-5637
-15328
-3073
-10200
7666
-6100
7198
-11220
-5132
-13272
-5894
-15304
-2292
-972
-5380
-3024
-13362
-10176
7430
-3020
3848
-14296
-6107
1048
7448
-4064
-1025
-14292
-10761
-10196
7919
-6120
3332
-11228
7165
-6128
-6128
-4072
7693
-4096
529
-10200
-793
-4084
-2825
-6136
8712
-8148
3324
-5900
8989
-7136
-3055
1092
-289
-20240
8185
-4044
-7438
-11212
5862
-1996
-6392
-8164
-2309
-5076
2784
-5084
259
-3008
-2324
-14171
-8
-10236
7949
-17364
5126
2104
8188
-1016
6651
-6124
2812
-3056
3566
-7164
5397
-14304
7448
-8184
3828
-5912
-754
-6080
2046
-19436
7435
-9188
-1273
-15336
-5879
-23052
1302
-13264
251
-7136
6158
-13240
3807
-11244
10712
-4092
-9965
-7128
-5339
-13312
3348
-3020
-1024
-14296
-3844
-4040
-3845
-7940
6622
-22220
9203
-9188
-6655
-12256
-1007
-8136
2065
4132
-1550
-11248
2818
-10232
6109
-5120
-1798
-10232
-6893
-6120
-1761
-11020
5391
-3052
-4098
-15348
4077
-4056
-3060
-12268
-512
-10188
268
-5060
250
1044
-3559
-9168
2270
-21500
1026
-19365
-3570
-9164
-8928
-13296
6130
-6132
11248
-1004
3603
-11212
2318
-14092
3085
-5096
-4064
-4044
1266
-8188
-2556
-6144
5645
-11244
-2035
-11200
-2823
-9168
-3063
-12276
8415
-9212
-2008
-11212
4362
32
-13065
-3856
798
-12236
-1277
-16348
-2027
-6104
-280
-2988
4610
6152
7907
-11260
1553
-996
5123
2064
-7186
-9196
533
-9196
3630
-10180
2512
-7140
-6855
4
-13635
-7140
3846
-4056
3557
-10232
3059
-8164
-1292
-4040
-6629
-7140
541
-17324
6145
-4088
3611
-996
-3068
-9184
-2071
-14280
-3849
-1992
2310
-11216
10237
52
-8698
-2004
-2550
-12236
-2812
-10172
-1566
-6096
-2309
-19428
-516
-11192
-3357
-12252
-1263
-6136
1799
-5100
-3354
-3044
9972
-10184
4878
-11204
-3101
-14316
-6648
-7156
286
-13272
-773
-11028
-4594
-10240
-2566
-17372
1768
32
-511
-7124
-273
-9176
4873
-13296
4371
-4052
-4881
-18392
3580
-2024
-1004
-5056
-6167
-11228
-9506
-16332
-12576
-10208
8746
-5076
-1765
-6096
-4581
-7152
10228
-9180
7924
-4056
4076
-2832
3342
-8120
8460
-9192
7952
-1996
780
-2028
-279
-17356
-1017
-9172
2071
-3024
11526
-7088
9453
-7104
-5349
-8164
4113
-5096
-254
-12240
3075
-9196
-10510
-20424
-3861
-11220
4909
-11224
-1048
-8164
3619
-8180
-3325
-8160
-5916
-7112
-2050
-7976
-520
-972
489
-16380
-9202
-2040
509
-15344
2845
-8144
-2550
-8980
4606
4164
8719
-4088
5613
-10180
-247
-9184
-6176
-13264
-3868
-9168
-4327
2100
-3579
3108
-3590
2088
-6924
-12240
742
-10200
8475
-10204
5646
-10212
4357
-11220
-2031
-6076
1021
-5108
5093
-17368
1815
-15320
-6941
-5080
5137
-6108
3312
5140
7943
-984
-8725
-9204
1038
-11244
-2239
-2036
-16131
-3048
2008
-10216
3855
6152
-7425
-7168
4884
-5084
-5633
52
-8708
28
-10253
-3052
-8480
-9192
-3295
-10216
5382
-12268
-1791
2080
4099
-4084
-1280
-15336
1538
-15304
507
-992
6332
-3024
4632
-10240
-1561
-15308
504
-12264
490
-4884
-4614
-4072
-1038
-8144
5145
-7136
8407
-11216
-2531
-10004
-2582
-4040
2078
-772
2309
2096
-6620
-17396
-9497
-4052
-500
-11260
-8197
-6920
4097
-3016
2846
-5080
-6160
-11220
2809
-9152
-1054
-7160
11019
-13292
-5892
-8180
-509
-2036
-3081
-7148
-3
6212
-3835
-7120
6913
-13280
-2832
-2824
5144
-8180
264
-6112
522
-8140
8726
-6108
-5626
-10168
-6947
-14276
510
-8176
-2049
44
7953
-8972
-799
-16384
4098
-7077
-2592
-13296
8969
-2000
-253
-11216
-3333
-15304
-8406
-6076
-5360
-11232
1805
-12044
1285
-15336
1268
-12244
-3266
-11204
8959
-6092
13043
-11220
6387
-10192
-7381
-12256
2822
-8164
-3110
-11244
4593
-9129
5651
-2044
555
-11228
2051
-3040
745
36
-2012
2080
-499
9248
-10265
-3040
8942
-3036
-3622
-4012
4115
-15320
1271
-11240
-4825
-7132
-2056
-14108
5864
-6132
-8726
-11256
-6426
-7108
-1005
-4072
4889
-13268
-1020
-8188
-1296
-9216
-3098
68
-5366
-8156
-7184
-7156
-1795
-5092
1051
-15348
3363
-13308
-11512
-3024
-6655
-11240
3054
-3036
5087
-5060
-4870
-1012
1050
-12248
3803
-7940
-7696
-2008
5123
-7152
-9716
2092
-794
-6120
1258
-11012
3327
-964
1256
-8156
1761
-11264
-2040
-3064
-4316
-11236
-13302
-9176
15081
4116
3810
-7128
11801
-1976
-7139
-13240
9707
-8188
276
-10220
-2061
-4868
3810
-11224
531
-5092
-1781
-4020
-3833
-3056
5130
-5108
5124
-8180
-758
-12236
6896
-9176
9715
-976
5360
-2012
-1794
-19396
3080
-8144
231
-2024
4848
-11236
-814
-6140
4366
-17392
-5100
-4056
-3839
-22224
-6918
-7128
8963
-10180
2800
-3056
-10002
-20448
-6421
-13304
5624
-8144
-7915
-10200
-3314
-9212
1522
-3852
1000
-14092
4086
20
-11002
-7164
-8453
-8184
-1533
-15300
2801
-6084
-1800
-11256
1025
-7124
-9217
-5096
-1018
-3036
-2562
-10220
-9185
-1976
3306
-10208
2051
6168
4117
-8984
4629
-10200
-1559
-6128
4373
28
-3809
-13060
6903
-10216
34
2060
270
-13064
-3305
-4076
-4323
-10204
-1012
-13296
280
-8964
5410
-984
3301
-6132
772
-6084
-6900
-17372
5349
-7132
-2810
-18380
225
-9176
2595
-5100
14088
-7132
-11
-4092
-5422
-6132
-3796
2080
-5631
-3048
-2810
-13300
3322
-10228
-4115
-4052
-9
-7164
-313
8
-220
-6104
-13346
-11220
2291
-2020
789
-22228
-3112
-10196
8733
-3024
3865
3152
5861
-17396
-2326
-13276
2782
68
11029
-5120
7970
-8176
3108
-3036
1019
-5080
10263
-3844
772
-7168
7153
252
3575
-22220
23
-7148
-7690
-9164
2535
-4044
7683
-10000
-6717
32
-4383
-3844
-233
-12276
-7421
-12240
3583
-7140
-8985
-9188
-995
1040
-1026
-10160
-4106
-17352
9455
-13284
2030
-7944
3556
-3052
-7706
-5116
-4573
-1008
5383
-4880
-2820
-13288
-2531
-15332
6680
-3056
-2504
-3028
1027
-8168
-2577
-9188
2290
-5072
5132
7200
-7672
-13308
-756
-6128
-8197
-964
6923
-13236
-496
-10196
3346
7212
8459
-9140
-4083
11268
-6664
-11236
-6655
-16364
-2818
-980
2835
-15288
-1783
-12256
-3591
7204
6429
-8144
-9984
-3040
-4102
-15312
-5392
-4036
14653
-18404
-7696
-6080
-12329
1064
-4573
-19408
5895
-11248
772
-14308
-4081
-6120
2278
-7148
1496
-8152
-3324
-8180
15378
-8192
-1282
-8132
2317
-12260
-5619
-7144
-6425
-16368
-4125
-8164
10225
-8172
-12809
-7132
3847
-10204
2793
-7944
-6923
-2016
1017
-3048
8955
28
6161
-14280
3571
-11212
-4631
-8148
6116
-11024
1536
-980
3591
-15324
-4356
-9176
6378
-13304
5389
-1976
-4616
-12272
-2827
-9140
-769
-7128
-258
-18388
6401
-20436
-1544
-7156
-755
-6920
-6643
-8160
-8700
-10168
-2059
-7116
3293
-4052
-4876
-11016
-2316
-9168
-9967
-10184
-3594
-4880
-1542
-4072
2542
-8160
-8748
-9148
-247
-8176
5881
-11236
3090
-3020
2552
-12232
4851
-13292
6405
-13312
-1780
-4044
-5615
-8160
9468
1028
-784
-11036
4382
-3072
1524
-10212
516
-5892
-5133
-15344
2006
2052
-3778
-3032
-9184
-5084
1033
-13296
-5111
-12260
-2800
-4056
-1039
-8148
5662
-9992
-5337
-5116
-5627
-4040
-4603
-6108
6937
-10236
-4625
-4036
-10479
-11240
1000
-8180
-2588
-9196
494
-5104
3828
-16380
3630
-9180
3066
-7148
-3324
-2020
4092
4096
-4089
-11236
6156
-3044
1804
-11212
6126
-9168
-1261
-17392
5899
-12256
-7183
-12244
-256
-8156
6159
-3020
517
-9144
2570
-6128
-1768
-8176
7673
-6140
769
-7164
-7428
-992
-5906
-7108
7409
-8188
-226
-6124
-2053
-8172
-3831
-15328
6145
-11260
9445
-15320
-2851
-1820
-2328
1048
2050
-5092
-1046
-11252
-271
-15324
3582
-15340
-1545
-960
-507
-4072
13075
-7128
-1045
-9200
-3063
-8124
-6901
-4076
9705
5140
-4897
-7144
6380
-13064
490
-5080
-6397
2080
-5612
-8188
3823
-12240
768
-5104
3806
-3060
9785
-12228
6384
-7092
2293
-14292
-1792
-8192
-6378
-6104
2795
-11224
-10250
2052
5113
-9184
2562
-4052
-1764
-7144
-1064
-5076
5638
-16344
22044
-9204
264
-2036
13089
-7152
2060
24
-4335
-15308
-9478
-8176
-26
-9176
-5359
-8172
541
-9200
252
-2040
1290
23356
-6154
-9172
1037
-1016
2794
-3060
1266
-5084
-3830
-6140
5651
-9176
2288
-9192
4633
-8140
9993
-16340
1038
-12244
4367
-13268
-545
-20412
-2807
-21480
9965
-13268
-3803
52
-279
-3024
2292
-1008
-5891
-992
-3097
-5092
-5644
-956
-6390
-7116
1787
-9200
-11
-2040
2581
-14300
-12011
-13288
1272
2096
-8166
-6100
-2797
-12044
-2289
-6116
-251
-9140
7707
-4068
6363
-2036
-10993
-13268
5611
-4072
-7424
-6928
-3061
-5048
2284
-1024
-4900
-12280
489
-13280
-476
-13304
3085
-14308
6383
-9180
-1817
-13300
-2044
-18404
-249
-15336
-7715
-7940
5355
-14316
-4644
-13308
498
-1012
-6416
-2985
-3325
-11240
-2058
-18372
-9481
-9176
1789
-17372
-6417
-6092
-3844
-4060
-9998
1080
-8421
-13260
-10544
-10196
4358
-1012
-8173
-14316
3078
-988
-537
-10200
-777
-13300
-2801
-5120
3531
-5112
1287
-9152
-1512
-11244
775
5360
-3833
-6096
-3098
-10008
-6134
-11264
-3069
-992
-4360
-2000
8438
-16344
6953
-1984
2068
-7140
3600
-8176
9719
-5056
-2832
-16368
7942
-7152
785
-11252
-4111
-4084
5883
-6112
3328
-5072
-1798
-4064
-775
-11208
-749
-6132
1765
-11256
-1799
-10220
-6694
-14308
7150
-3060
-3588
-5072
-7145
-3060
2787
-20400
-2340
-9164
-1027
-12240
-2313
-9180
2549
-17392
7437
-4032
2098
-8176
-1795
-3040
-8456
-9172
8948
-10172
7951
-6080
-7668
-3848
5605
-1980
3345
-13296
-10247
-9216
2325
-10004
3312
0
7403
-3028
5390
-8140
-525
-6120
-9997
-12228
12552
-6088
1011
-2016
-2039
-7124
-8200
-9992
1543
-13284
-3
-3032
-4859
-7124
-276
-6124
5380
-7156
6399
-6084
-4316
-11240
4592
-6132
-1534
-12220
4368
-6096
-5355
-7132
-14
-996
1028
-7136
-6926
-4092
-5925
-10240
-3115
-5108
-8697
-7092
484
-4080
-5606
28
-7673
-5084
529
-12236
1291
-5096
3815
-6112
-4877
-15116
3316
-8964
-1005
-8184
9453
-10212
8985
-17376
3351
-8176
2288
-5080
737
-6084
-283
-16344
-2566
-11216
4111
-19388
-2334
1076
-2297
-20228
2543
-9212
6136
-1008
-6675
-5104
-3837
-12280
-2075
-5084
-3845
1032
6976
-2016
1290
-8164
241
-7148
4870
-2992
13340
-9196
-1804
-4060
-1537
-8188
255
-5088
-2067
-8152
2773
-9172
10470
-14304
287
-6108
-6655
-984
4
-8188
-9
-6920
5414
-4044
-2075
-9196
7663
1036
252
-8116
-5624
-9988
-3844
-4872
-5862
-6108
10739
-15356
5376
-4036
2320
-5100
-3329
-3068
-525
-9172
-5382
-3016
5372
-11256
266
-7144
-4862
-4892
1027
-9188
9756
-6112
-3050
-16348
4840
-3052
-5882
-7156
-5619
-18392
-1582
-7100
2832
-10216
2327
-4088
-2040
4164
5096
-12248
1015
-12248
518
3112
-2583
-16352
8431
-4036
5644
-11204
-4379
-10192
-2326
-2032
-1555
-14300
2586
-8168
-2302
-14332
5391
-5116
-9216
-12256
9178
-6092
-3029
-5108
1553
-2040
6144
-19404
-6417
-7148
-3591
-5080
-3038
-7136
-2559
-19444
-9202
-5104
-1311
-6120
-8688
-16380
747
-2008
-2328
-7108
-11514
-5892
6682
2068
-4371
-15332
4606
-9172
-6638
-5092
10010
-6916
-1787
-992
-4854
-5080
-287
-2836
-1058
-15332
5398
-5060
-16381
-6096
12027
-6088
-3833
-12252
-8690
-13252
-1791
-13288
-3359
-4076
4312
-13296
-263
-12264
-4866
-4024
-220
-3852
1302
-6112
-4599
-9164
-1037
-7120
3096
-8160
-8213
1028
-8695
-988
-3075
-10200
-6660
-4040
0
-4048
-10220
-11024
-4085
-12260
-8240
-4036
-3295
-18392
4111
-4888
9702
1044
-1270
-10192
3844
-13064
-14120
-6096
-5367
-17388
-1795
-13060
-240
-10220
488
-8192
259
-11236
-11774
-12040
1276
-22252
-7194
-5068
-4848
-10184
-2030
-2824
-4022
-13288
-4631
0
-2031
-15316
2068
-12272
3065
-8144
-265
-8168
1516
-11188
3353
-15352
-6924
-9204
4371
-10228
7923
-11264
-1547
-9992
-8197
-992
1517
-13248
5384
-6076
3315
-3060
-5865
-8192
3591
-8152
-2063
-11208
3088
48
-5621
-8148
3592
-18412
6114
-9164
5627
-4064
3315
-9168
-5133
-22224
3823
-10200
3062
-12248
7694
-5120
-3343
-4056
2062
-8156
7375
-4088
-7684
24
-3581
-2048
5135
-12252
-6411
-25332
14586
-17392
-1306
-15316
4615
-4096
-2331
-5092
-2490
-11216
774
3304
-2857
-12224
-7939
-16324
-6423
-14332
-6152
-9200
3112
-11016
-2321
-16132
6395
-11212
-5137
-10220
-4130
44
-7692
-21472
32
-3048
-4093
-7160
3090
-8152
12003
28
-2320
-8160
-520
-10204
9981
-3056
5916
-12276
232
-16364
3828
-12272
-13814
-7168
-3565
-11228
6142
236
-6671
-9140
-1549
-17372
8415
-3068
-5649
-10232
2807
-8160
-1033
