-10208
5096
-12260
9952
-3032
4327
-7088
6380
-5112
-7389
-8136
489
4
-2031
-14316
4610
-10212
12014
-12240
513
-2048
-6631
-11196
4622
-5108
-2054
-12260
-4348
5356
2324
-5076
7399
-9192
1264
-9144
-3903
-7144
-1506
-7148
1564
-11216
-5627
-2044
-5671
-11232
2868
4144
-7712
-1996
1311
-5068
502
-9988
-1776
-2032
5639
-8164
2555
-15328
3068
-1004
6903
-5076
-7910
-11232
9220
-11260
-16357
-4056
1260
-14332
8204
-6104
2523
-20480
-3585
20
3338
-7168
1532
-13284
-2859
-5048
-6647
-5104
-7708
-7124
-5391
-7164
8183
-22252
-8701
-13288
9492
-8144
1526
-14320
3564
1260
2350
-7940
-3831
-4064
5089
-12244
740
-6136
8210
-1980
-4616
-10192
3625
-1808
2582
-5084
-5916
4108
1499
-13260
3038
-19456
-6918
-10192
-3814
-9204
4339
-5116
-5115
1056
2020
-11032
10469
-7136
-6142
-13213
-3594
-14084
2291
-4056
-1802
-15356
-6150
-8984
9232
-4056
4877
-16320
-2276
-10024
9229
-12220
-2315
-8156
7945
-4060
4879
-9212
-14054
-11208
-5619
-17360
2318
-7156
-768
4
-3309
-4076
11772
-3068
4347
16
-5138
-7148
9194
-6124
-8716
-10156
-4329
-3044
-5646
-7120
-2311
-2032
-3560
-7168
2043
-12272
6161
-15296
1293
-9200
2082
-13288
-13590
-13292
-3866
-4072
7183
-11244
-6923
-12276
245
16
-4560
-7140
-765
-12272
2315
-6088
4868
-8160
1759
-8188
796
3096
-275
-10228
2576
-13248
1497
-7132
-253
-3884
6122
-14296
6656
-3028
2323
-5084
7435
-9184
-5626
-6132
-1836
-8140
-2291
-11248
1025
-6084
-227
-7168
2520
2296
-9210
-5896
2538
-3060
2559
-5100
-4320
-7144
-1278
-1004
1545
-15328
-518
-3856
9710
2076
486
-11220
1520
-8168
4318
-7952
-6162
-10196
3310
-2008
8716
-6112
3840
-5080
-4894
-2044
2862
-14296
-1281
-4072
-6640
-8156
-513
12
-8939
-6112
5379
-16308
7391
-10184
-3320
-2996
1263
-4872
5903
-2048
-2817
-9176
4382
-8160
6412
-15328
-4110
-9996
-4360
-5092
-1796
-2024
2317
-1008
2283
-10200
-3350
-11016
4060
-8156
-2082
11328
-4103
-12224
-2543
-6088
-230
-4088
3328
-3848
-9712
-2040
-1024
-2024
-4356
-7132
-3340
-4868
-2060
-14328
1827
-15288
7450
-3052
-5425
-17160
4328
-15112
8936
-6108
-1298
-13288
-8960
-22204
6395
-988
-8190
-15348
-7940
-12232
-5884
-776
7417
-13276
-2047
-8160
-20
-6068
-7935
-1812
3102
-5076
1815
-12244
3081
-3072
-1039
-15348
-6131
-3868
-10747
16
4606
-8976
-252
-4044
559
-7132
2039
5148
2564
-4088
-6664
-12288
9471
-24288
8447
-10184
-512
-8128
2569
4120
6644
-9176
-268
-5112
2601
-8188
-5877
-9204
9747
-7136
3586
-3072
2826
44
5124
-10236
-4127
-1796
3035
-2000
2564
-2012
-2295
-4088
8451
-3060
-9447
-8168
-5374
-11252
9453
-13264
-3324
5164
7986
2284
-4337
-3000
-2837
-6120
-4847
-6112
-9953
-5080
-790
-5120
772
-4056
2091
-12236
5
-8148
-7128
-9188
-1544
-6140
5854
-3068
7726
-6140
1051
-2008
-14074
2084
13562
-1796
7921
-12244
-4113
-5076
-5342
-9212
-1027
2084
8178
-6916
-8179
1052
3343
-9172
-11016
-9204
-3844
-9180
7430
1064
-2063
-8124
8204
-2024
5650
-9168
-2807
-5108
-9456
-4032
-3559
-1996
-257
-14300
3085
2052
-267
-15324
-4329
-1020
-1306
-7120
-13339
-10188
-1013
-4068
-8
-7148
-808
-14304
4118
-6092
5913
-5084
2038
-8160
-7424
-1949
-1528
-5064
-10216
-9196
14844
-7132
-2593
-7104
6
24
-263
-4060
5373
-16312
7924
7176
-260
-7132
4128
-5100
5639
-6096
2047
-8180
-5097
-11028
-4891
-7148
-7663
-14324
-4627
-8156
8707
-9188
-1592
-6088
6934
-3844
5116
-976
-995
-3020
2285
-16352
-2076
-4080
-2053
-12036
8237
-12228
1301
-11240
-8708
-6104
1039
-3056
-15
-3036
-2554
-14316
-509
-6128
7412
-11248
3355
2072
-6922
-7144
755
1032
-4871
-10216
492
-15324
-3583
-7128
756
-6112
7959
-12256
-498
-5056
-1547
-14296
7692
-14316
-2569
-7940
-3835
1119
-7672
-1004
1508
-14292
-6908
-6104
1543
-10240
-4330
-10192
-5630
-12224
770
-4868
-5646
-964
-11531
-2828
4123
-5100
4622
-2048
39
-6128
6421
2056
-4345
-1992
6880
-7940
6405
-5112
-10243
5356
3560
-9200
1021
-17372
4847
5152
2304
2096
-13042
-12248
-3326
-13260
-2568
-3028
7417
-17384
-525
-11220
-2807
-9180
-4625
-5096
12534
-4060
33
-7152
-21
-9156
8172
36
5903
-13060
6675
-8172
-1791
-9196
4348
3084
-12046
-3072
5634
-6116
5625
-11224
5871
2072
7177
-7156
2576
-12256
-7434
-10212
1527
2292
7947
-8160
1766
-6124
2526
52
-9695
-5064
-1255
-4872
-6153
-4056
1555
-5900
-3315
-9200
-4112
-15136
4834
-7116
3609
-13256
-8956
-5108
8203
-4064
-493
-7152
-5332
-5092
-6408
-9200
-4387
-1988
-5884
-12260
5408
4300
-230
3108
-4591
-22216
-9223
-792
-5619
-18408
11021
-15292
767
-9192
-1025
-4024
-5651
2280
-773
-8152
232
1092
549
-5072
4347
-11192
4840
-15348
4338
-1941
-7189
7176
-2029
-4052
-9466
-6144
-3358
3092
6160
-16352
3818
-12244
3805
48
-16903
-9156
-1532
1032
6899
-7940
242
-12228
-750
-4096
3832
-4028
-9252
-8148
-752
3096
-3619
-5108
0
-2040
-269
-6120
-6865
-3056
-3339
-7952
1483
-5076
7937
-14288
6667
-4876
-4590
-12272
-33
-13268
-9966
2088
9982
-9168
3099
1032
7932
-6088
238
-11248
4364
-4064
-2784
-16136
12826
-8132
5407
-10188
3839
-4084
5375
6164
2606
-12244
-11788
-3028
734
-9216
2569
-14256
11005
-10208
-6899
-13312
-1525
-4040
-1518
-15292
2540
-8188
-4348
-18400
2553
-19428
-1264
-18420
-5598
-6096
-6151
-9172
5653
-8188
7643
44
3073
-19440
3066
-5928
2306
-996
-5669
2076
7187
-6088
768
3088
-1966
-7168
-5141
-5076
8192
-4876
-10191
-7940
4090
-5088
10782
-18368
-4327
-4080
11038
-10208
4347
-9204
-3081
-3056
-14
-7124
-2811
-6092
-5115
-7164
-3071
-6096
-4592
-16360
261
-4020
1017
-12276
5383
-16340
270
-4064
-5640
0
11517
-13248
-2067
-901
-4587
-1008
7164
5356
-2291
-7124
1030
-4064
2323
-9180
12566
-10220
5418
3084
-2319
-10196
-2831
-13264
2039
3140
3875
-11232
9739
-3052
988
-15340
-1548
-22216
-1288
-5892
-4608
-15340
6899
-18396
-2303
-14328
-788
-2016
2061
-11216
-1567
-11236
1514
-988
-1040
-17392
3541
20
-10981
-4076
2852
-9172
-513
-19204
9484
-13276
-1267
-13272
-8928
-9168
-2816
-12252
-275
-10216
-9475
-17380
-4859
-11240
5129
-4080
11264
-2028
-9190
-2040
-1796
2068
-2810
9244
6141
-8184
-3604
-3060
-2543
-14264
11775
-7160
3588
-780
8744
-4032
6407
-11236
4643
-4056
1754
-13288
6939
-7160
-2029
-11260
-3087
-12248
1027
-7136
3060
-9192
1004
20
-484
-9204
-14096
-8184
10509
-8172
-1738
-8156
-6164
-9188
-6131
-15336
2083
16
3817
-4060
-6640
-7144
10
-13292
6897
-2004
7430
-8184
5645
-4088
-2555
-3052
12032
2068
30
-12276
4353
-10220
9460
-14284
-8401
-11236
-3332
-13288
5664
-4872
7180
-6088
-3861
-1992
-272
-10236
-9477
-10216
-2849
-4048
7966
4
-769
-7132
-10735
-19400
-3584
1024
8227
3108
-268
-6124
1305
-10176
-4387
-1984
3308
-15344
-4894
-7136
8979
-12280
3579
-1000
-6424
-16332
-6909
-20472
-2545
11264
-4641
-6144
-3069
-5116
2841
-7112
-5126
4108
-6161
-8188
279
-8180
-4328
-944
3606
-10204
2559
-5100
4584
-2020
7200
9244
-4836
-12252
1787
-3016
3833
-14328
2790
-6100
-1772
-7944
-5627
-6108
-1845
-9176
5614
-12280
2307
-13284
-4143
-4048
-4854
1084
4094
-9180
4848
-9180
1783
-3048
1266
-5092
-7467
-1004
275
-19216
12012
-14320
-769
-6136
-2805
-4084
6134
-10176
538
-4032
3309
-6088
-3535
-7132
1316
-12268
3829
-12232
9224
60
-10996
-16328
-6190
-5092
-2830
1044
-231
-6104
-992
-988
12316
-10200
6135
3096
-1821
-5892
3323
-22252
7913
-940
-2530
-6092
15352
-6140
-7937
-8168
-738
-14268
48
-12236
14802
-20464
-1773
18456
-3081
-21468
3850
-9180
3351
-13068
-1779
-6916
5369
-13284
-8480
-3064
3322
-9196
-260
-14288
-5619
-9204
-2048
-3036
6672
-10184
21
24
-13097
-10200
1260
-12248
-9985
-992
3048
-3012
-3323
3128
8937
-15324
-11282
-3844
-4359
-9176
2276
-7124
723
87
-5380
-3036
-4598
7220
3550
-4052
4325
-8128
-2286
-11252
-7436
60
2031
-10216
-6392
-8148
5093
-4072
1532
-11232
13063
-3844
2535
-10204
-10750
-16364
292
-8156
-14330
-10224
9232
-8148
-2331
-4080
4374
-1004
3331
2300
-7686
-15344
-4855
-4060
3044
-8156
5140
-11248
25
4
-1303
-11232
9192
-8172
-14329
3088
-4870
-6104
3623
-3040
7123
-1984
5600
-11044
2051
-13288
298
1048
-12498
-7140
1280
-5076
2812
-5056
-272
-8168
5363
3092
-6143
-7168
-10974
-12240
2803
2072
-5579
-12236
1766
-14084
-3861
-11228
4893
-12036
2051
-10224
-2822
-9988
1546
-5104
-1035
-7168
-9204
-10224
-3873
-3040
-245
-5108
5348
-10240
4353
-8184
1032
4144
3835
-4064
-1279
-13252
522
252
239
3116
-2037
1272
13052
-10204
5113
-8180
-4574
-6116
-1503
-2000
1031
-6952
5363
-12240
6385
-11260
4605
-7116
-3308
-2020
7390
-15296
3070
-10200
7688
-3848
3084
-16356
-1024
12296
-9493
-9200
-5864
-7116
-2803
-9208
6638
-5120
252
-6136
-2036
-1004
8178
-18212
-5093
-10208
-6660
-9204
2288
3112
-2029
-6108
255
-10204
-2808
-6924
-5640
-16352
-4366
-9196
1048
3084
1044
-7124
5143
-6128
-9229
-5112
3584
-15112
-4388
6192
-2049
-10220
2574
-9156
-3032
-6116
2793
-2824
6906
44
7189
-9160
-12279
-7164
-1811
-14316
-2556
-3044
-3594
-3044
-3050
-1796
8727
-5120
-1059
-7124
-5376
-5900
3081
-16384
1767
-1016
1050
3104
-3337
7176
-6164
-5072
-3880
-9184
-1543
-8156
1263
-6112
587
-960
-516
-5108
6671
-18424
-2325
-7152
5893
-9200
2567
-8168
2831
1076
6670
-4068
-8695
-2028
7733
-13072
5401
-12244
-547
-5068
-796
-9184
-1003
-15360
10480
-11232
-15868
-12220
-8693
-8172
7162
-3056
7446
-6108
1010
-15340
9436
24
-5895
-1808
-1263
-8156
-1495
-9196
2054
4124
10
-6136
-5141
-10212
2061
-10188
-241
36
-9214
-984
11260
-1008
15
-16356
-1053
-7156
-6629
-12232
6679
-12248
8201
-1008
-2020
-3028
-5882
-2020
-1051
-20396
14074
-4896
-2041
-1012
-6628
-13272
-1779
-14300
-6911
-4060
-2797
-7152
-9745
-5108
1506
-21480
-6947
-5104
-4308
-3052
9204
4152
5606
-3060
-4109
-8176
-13053
-10212
-1540
-3844
3071
-6128
5407
2288
-7651
-22244
3838
-9160
-9747
4108
2821
-6124
3074
2072
-518
-7140
-13805
-8168
-1805
-12048
-4645
-10204
8978
-1984
-1822
-8176
-7925
-5088
-529
-2824
2068
-5084
-1045
-6924
1287
-5084
-9701
-7144
1000
-15336
4098
6184
5355
-8172
3306
-4032
-13297
-8968
3021
16
-3856
-7956
2057
-6100
-6660
-2008
-2
-9208
12792
8
-7177
-6104
532
-2992
-6655
-10208
-2563
-8148
-7170
5132
-5605
-14108
5367
-10180
-8441
-6112
-9453
-14308
4116
-3028
281
2088
5109
-10196
4372
-6116
-1006
-5100
3311
-8160
18715
7180
2824
-11232
-4098
-10220
-7912
-7944
-5381
-3020
6186
-6920
6907
-992
-1031
-5116
-2307
-6920
271
-3056
13534
-5108
12077
-9992
1260
3316
-1269
-11244
2522
-13292
-8188
2300
7393
2284
-7148
-10212
-1536
-8192
9181
-4005
-1247
-3016
-1778
4128
-1808
-7112
-1034
-8124
1812
-12248
-471
-5072
-2280
-3028
5872
-8164
-260
32
-4102
-3860
2295
-976
-1297
-10212
2525
-13308
2364
36
1028
3104
-2819
-15332
5386
8
-2308
-5076
-6891
-5108
4341
-15316
753
-9204
-6649
-2016
-13064
-5084
10494
-964
3322
-6144
-9450
-5116
7415
-776
554
5164
7705
-11256
-7643
-10212
761
-13264
-996
-7136
4876
-8184
14844
-17376
6659
32
767
3132
-2027
-9152
7691
-9204
-1020
-8160
10219
-6108
-7940
-13268
2075
-4092
-7658
-14296
269
-5908
1528
-6144
2324
-7152
10507
-14308
3344
-7160
-7142
-14332
3856
-4088
6369
-6140
-7697
-7148
-525
-5104
513
-5120
4078
-8164
-1772
5340
-4860
-9180
3349
-17388
502
-968
3615
-5080
1999
-9172
4358
-9176
-550
-8152
1733
-4084
-5396
1060
16628
-9200
-4374
-4076
2814
-9180
-11270
32
-2325
-8164
-7934
-1816
7897
-12276
-8458
-1992
-1300
-15292
-12543
1068
-10255
-7140
1557
-11236
6405
-15324
-2027
-4080
362
-6920
9677
-4072
11609
2056
-3602
-11196
11843
-2036
5659
-6104
2854
-6088
2566
-11252
263
-19412
2051
-4080
6157
-8160
-1012
-7940
8185
-8168
5622
3124
-777
-4068
-1188
-6088
7127
-14304
-11564
-10184
-10294
-9168
-19181
-17360
9214
-5104
4607
-9192
-2831
-4052
-2326
-2032
-5374
-968
-1542
-8172
1018
-3044
5899
-13280
-8462
-996
7207
5156
-6910
-8176
-2533
-4052
3057
-4096
-246
-9172
2769
-18412
8229
3096
3044
1096
-4117
-16356
-4617
-7128
-17455
-19444
5347
-7140
-2049
-7148
-10461
-4088
6369
-9196
3834
-12268
-2797
-8124
-1290
12
-482
-14296
-2041
-17384
6428
-20476
-2758
-4060
9750
-3844
8176
-1020
2816
-960
4869
-4056
2548
-9988
13832
-5116
4855
-11228
3870
-5100
22
-4040
-11005
2052
9977
-12264
13814
252
-14101
-9192
10738
-5104
8209
-5112
-9194
-5084
-276
-6920
222
-6128
-2549
-11220
3326
-13272
1278
6180
3336
-9168
-5616
-8168
-1811
-1804
-26
-1012
8212
-13284
2856
-11240
525
-2020
7962
2080
-1056
1056
4598
-3016
3335
-6956
-5631
-6092
11507
-2048
-493
-19424
-9236
-12244
2287
-2016
6652
-3064
10745
-11260
-5381
3108
268
-4068
528
-6096
-505
-8184
-528
-1024
-36
-3032
-7911
-7136
3594
-11256
6409
-772
8992
-8976
-1792
-15352
-3056
-11012
-3079
1264
764
-16352
11022
-13076
5320
-8152
9
-5064
6928
-4064
-7469
-15344
6141
-13312
-2556
1032
-1054
-1000
-8712
0
-8717
-4032
-12040
-11032
-5661
-6112
-1520
-13228
2820
-12260
1533
-3044
5594
-10196
11516
-1996
781
-3060
11274
-12288
6902
-3056
7159
2088
-4605
4116
17678
3096
2075
-11232
-7176
-5080
-2822
3124
-12026
-11200
-283
-15332
4903
-1008
-9233
-3844
2801
-6100
-45
-992
-3557
3080
-1295
-16348
-14100
-9204
25
-7124
19753
-9208
8696
-12272
4886
-13296
2804
-4064
1047
-3848
508
-11216
-4631
-2820
-3062
-4076
14575
-22220
-2800
-7124
-5377
-7116
28
-11220
1283
-12060
3835
-13256
-4878
-8160
-3090
-1984
-7174
-12252
3854
-12276
-1273
-9196
1757
-4084
-3329
-3044
-3575
8200
1260
24
-6147
-2828
-2569
-13308
-1550
-4056
7149
-5112
-7447
-9168
-1748
-12248
2806
-17388
-3568
-13304
9723
-2820
10750
-9208
2335
-7164
-2059
-17368
-2310
-6084
3568
-3056
3825
-6088
-2290
-15344
-4084
-9172
-10488
-14316
-7433
-5068
-1571
-1016
-485
2112
-10005
-8180
-2600
4112
-3097
-9204
-7411
-5088
1804
-5104
3320
-972
-5881
-6132
11004
-4044
-525
-4084
-10758
-6124
9975
-5088
-1548
-15312
-3806
-17380
-6390
-4096
1334
-9192
-724
-7140
-10253
-3072
5082
-5908
-5875
-9208
1787
-8172
4121
14352
3082
-8180
-1554
-4052
-7658
40
6402
-3040
1783
-6124
8210
-5896
1025
24
-4342
-3028
-2046
-968
9466
-14284
10218
-8188
7414
-15332
-8444
-6108
1796
-14272
-4107
-8184
-3618
-6144
-13070
-15112
2322
-5108
-3565
4112
1015
-5076
2294
4132
-258
-30432
10002
-6088
4606
-4060
-6378
-10224
6348
-8176
-1545
5136
-7198
-8976
797
-4064
5647
1044
7676
-14272
4345
-7944
-1535
2076
-3313
-8120
19733
-5900
-6185
4108
-1020
-7168
-2332
-6128
-1034
-7136
505
-11012
8482
-15292
3083
-10220
2554
-3060
758
-2032
-1781
-5088
-1523
-6120
503
-2016
5381
1028
-9686
-3860
785
-7116
-786
-2016
7428
-17380
-2324
-10200
8188
-1804
-4304
-6128
-3098
-7132
-6393
-6104
2573
-11244
-1277
-3844
8190
-6920
4583
-7164
-16362
-6936
4106
-19448
2331
-10228
-504
-3016
1549
8
2546
-2004
-2009
-3060
9445
-4068
-1773
-8156
-3560
-8148
2548
-7144
4089
-9184
-8953
28
4397
-2840
-14
-15320
-5889
-2000
3352
-2016
776
-4060
-10506
-6140
10508
-15356
5881
-11244
1297
-10192
2824
36
-1527
-6116
-1798
-12256
3584
-16360
6619
-21452
-6928
-3848
5
-10192
3854
-3044
2823
-9192
2035
-8176
2560
-7168
1559
-16360
2817
-4032
2321
-5080
1546
-15120
4832
-9996
2044
-11252
6413
-9208
-3601
-1004
-1267
2064
-4351
-5092
-4343
-14292
759
12
-2055
-12052
-3054
-14272
4862
-17380
6130
2104
4082
-13272
2025
-18384
-5668
-11256
-2071
-10212
-6906
-8184
-767
-10168
276
-5108
-3804
-2036
1033
6164
-7424
-3064
3618
-14312
2573
-13312
6330
-1824
-9495
1060
-1799
-5056
3104
-7940
-5374
-10196
-8974
-12064
-14572
-5104
7929
-13276
-4065
-980
-1529
-15320
-254
2064
-477
-10204
-262
-6144
-516
-14296
5627
-7120
1030
-5084
3086
-11264
-6143
-4076
-7441
-3856
-4363
3288
-5118
-4084
4865
-4896
5648
-9200
-6620
-8972
-2301
-1812
-6135
-12284
-3074
-6140
-7177
-4048
-8437
-24276
-4354
1048
6908
-11012
-4101
-7148
11028
-17388
3311
-7156
3078
-8144
-6136
-13288
-5356
-8176
1553
-2820
2046
-8180
4630
2084
3068
-7120
3827
2080
-5641
-13256
9468
-6104
6410
-2008
5117
-5084
14849
-3060
6875
-6100
-2554
-11260
4
-7128
3598
-1000
-5133
-7108
5885
-7136
1265
-8156
3613
-13312
2802
-16316
3073
2096
3078
-968
512
-4072
3827
-11216
2831
-10220
2794
1036
-15355
-3060
1035
-4080
3588
-12252
-8947
-3068
-2308
-12264
-8975
-8148
11241
-11244
4366
-19448
-4362
-18384
-3562
-20476
-3331
-11169
-8915
-16380
2571
12
10982
-13312
-315
-10224
-6140
-6104
10508
0
-4071
-6124
2590
-8188
228
-13280
-789
-4084
12
-8176
489
-5076
8449
-8184
8245
-19372
-11510
-7136
-2323
-5120
-237
-7940
-6653
-1012
2072
11304
5863
-9168
545
-10212
-5099
-5060
270
-12272
-4906
9240
4656
2052
-254
-13264
-10012
-4088
-4069
28
-737
-6068
-1262
-12256
-6126
3088
-1032
-3064
7684
-8128
-6379
-7124
-3076
-17408
775
-4076
8226
-8192
-13832
-4032
-6165
1040
12040
-10228
3055
-4060
6394
-12256
-6652
8444
7419
-11240
7893
-5056
-10996
-8184
7449
-1984
-5349
-6108
2569
-4096
8224
-12236
-503
-8136
7437
-8172
5380
5132
8449
-9176
-30
-13272
5144
-5896
-7930
-3008
-1287
-9156
-1255
-4888
535
-15356
-1048
-18192
-3571
3080
1544
-10172
-3862
-4001
-3370
-11228
-5917
-8144
-6922
-15312
6426
-10192
6906
-6088
-2595
-10212
-4849
-9156
-10035
1052
-4569
-7152
-5352
-4068
7959
-7940
5902
-3032
10229
-8192
-1288
-2040
-9000
-9212
-4641
-6112
1546
-7156
1030
-17368
-5364
-12244
300
-10232
3050
-4060
5599
-6144
1023
-6104
-4847
-18420
5872
-21444
1582
2060
2046
-1020
7164
6172
5386
-2012
-756
-14288
-1550
-3044
3341
-3052
501
-4088
-6167
-14328
12557
-5092
-991
-18364
3103
-16344
3082
-8168
-4124
-8140
-7454
-4876
-11556
1048
493
-5112
-1523
-8172
2065
-6116
5871
7192
8169
1272
3069
1056
5138
-4056
4829
-6140
5898
-16372
-3549
-17372
6668
-2036
3595
-6080
-17
-5088
7692
-8160
-2822
-14084
6663
-10240
-3603
-7152
-4127
-10188
-6654
-980
6381
-11212
-537
52
-243
-13248
-4395
28
3074
-9168
1274
-11020
1275
-8116
215
-12268
-7705
3096
-3839
-14288
-2058
-4872
996
-5068
-3854
-17376
-9787
-3052
8199
-20436
-6374
-23252
2592
-6092
1800
-12268
3036
-3040
5085
-5900
4623
-8164
3616
-8192
5843
-8148
-10527
-3068
2330
-13248
1048
-16324
7184
-6068
11041
-6124
2508
-6140
-1031
-1000
2809
1048
-13066
6164
2366
-5908
1318
-12044
-989
-6128
755
-13272
-3587
-8968
-7690
-5072
-3575
-10212
-4357
-7092
-8714
-4056
5114
-11028
1523
-8140
3595
7200
3613
8
1018
-3072
7433
-11192
-1023
-5084
3553
5160
2277
-5080
-8689
-4060
279
87
2808
-9168
7399
-7148
6973
-11236
1796
-13296
6130
-12272
-1818
10272
-4583
-6092
7416
-10188
-4849
-14284
-1279
1040
2307
-17372
2792
-11036
7955
-3020
-2797
-4068
6385
-15348
-10199
-12040
-19
-6128
1279
-15352
-242
-16376
8689
-17408
5139
2284
-2840
6160
2281
-16368
-6135
-17400
-787
-10180
-5348
-14256
-2327
-12236
-1055
-16340
-7956
-1800
4117
-2040
-3341
-5040
-24808
-7136
2087
-6108
-2005
3136
7922
-22272
13558
-11224
-2040
-8140
-1795
-4064
10781
-7132
781
-9184
-5911
-6092
9753
-4876
-12567
-11264
1011
-4068
-5902
-12244
12251
-6132
4137
-9160
-9501
3324
771
-3056
540
-6140
3077
-4064
14116
-11220
1282
-8168
5934
-3052
2800
1048
4852
-7148
-1758
-2020
4888
26400
-2028
-5060
4623
-11248
4122
-14312
-16651
-10020
5612
-12264
767
-9176
-9999
-16376
-4886
-7116
226
1272
2581
-2020
-2555
6176
-1497
-13280
-2283
-13296
-9240
1044
516
-11012
-1549
-1996
-2312
-7948
3068
6144
-8204
-14288
3569
-8176
3834
-9212
4867
-3044
2008
1064
6175
-16140
-1026
-14276
1787
-17360
5105
-7944
-1039
-13300
-2050
-10204
-4065
6168
2548
-16136
2802
-6116
-7941
-13300
-810
-6088
-2293
-3048
1784
-3024
3834
-8156
10764
36
3835
-11256
-2579
-12252
1770
-11244
-9996
-1008
5916
-10220
-2338
-8176
-11765
-23209
-13279
-7148
-760
-7108
235
-8172
2042
-8180
3064
-976
-257
-7160
12027
-12276
1530
-12260
-2035
-7956
2305
-10220
-6925
-4096
5897
-10240
4849
-6096
508
-1992
-1032
5160
5658
-2828
1752
-8176
-8457
-992
-5396
-8168
-1522
10464
-2554
-7152
-3832
-2032
9
5180
-7184
-10212
-514
-10216
4087
-9212
-4340
-984
-1305
4132
3586
-5896
5392
-6072
10
-4068
1528
6188
8686
-14268
549
248
-2072
-6128
2835
-13312
-2551
-2032
4853
-15344
751
8
-2323
-10156
2788
-14128
-5106
-12220
-3291
-3012
-2579
3120
-3844
-2008
-4323
-1000
-785
-15340
2293
-5068
-7479
-5112
-1277
-18392
-6912
-18408
-252
-1008
772
-2824
1031
-9140
3612
1028
2300
3096
-1558
-5060
3850
-5896
7662
-8164
-39
-6108
-4374
-23232
-770
-3060
2283
-18388
5110
-21484
-9936
-8136
1273
-15328
-6118
-6116
3558
1040
-2829
1048
-6402
-14328
6421
8196
6658
-6120
-2808
-2032
-3329
-10228
2543
-7128
6887
-4868
-2311
3092
4080
-15332
2847
-8140
-2841
-17372
2584
-10164
12503
-5060
756
-3052
1282
-4068
-10259
-3052
6917
-9192
-1013
2088
11538
-8192
-3059
-4052
-8182
-9192
12035
-3048
3565
2052
-1273
-3056
-15606
-8152
-1783
-976
-2844
-1020
3832
-2969
-2563
-3056
-2060
-6080
-1568
-9172
-1544
-14084
8429
-10012
1537
-20448
7921
-12240
3608
-2836
7671
-5104
5105
-8180
2835
-8164
-2554
16
-489
-8140
7408
-11224
274
-3044
-7946
-8184
2344
-5120
9460
2080
17674
-15336
-3833
-13304
-777
-12044
-7718
-15336
-8710
-5108
6939
-9196
-2558
-13072
-3823
-11228
-8192
-5108
2046
-8128
-6118
-11204
7184
-7128
2018
-3068
-3540
-17400
8201
-17404
-7677
-2832
750
-2040
2011
-7168
-4921
-2024
5624
-10220
1284
-6104
-496
-1992
1018
-8152
-3089
36
768
-12264
1017
-6116
-5135
-14288
-7391
12
11493
40
-11
-5120
-14092
-6064
469
-968
3067
-9160
-1282
-9188
3834
-7140
-13348
-15312
-8457
1060
-3088
-4868
-9969
-12256
-5875
1080
2568
-5900
3604
-6096
2034
-5108
-6117
-7164
5089
-14104
-9990
-8164
10775
-12236
4641
-4052
745
-7160
-4604
-9172
-5884
-10184
1517
-7144
2041
-7136
1271
-17364
-2573
-5108
-8967
-4048
-5393
7232
-8946
-976
998
-15304
6415
-14320
3584
-10184
-1573
-13276
2065
-12256
4085
-18184
-4836
-7136
2528
-10200
-3833
-22264
1280
-11248
2556
-10228
-2035
-12256
508
-21472
-6412
1052
-3589
-19440
1243
8212
10509
-6120
3838
-11212
-1528
-8180
-6661
-11220
-12283
-13076
7370
-7156
249
64
-6897
1048
4857
-4068
2035
-10176
-2574
-9208
-3047
-13296
-496
-10240
3585
-11208
5605
-11200
-8693
-13284
-9487
-13064
2844
-9216
1015
-4876
514
-4060
-4064
-8164
-13831
-7124
735
-13268
3074
3104
-8446
-13288
3074
-11256
-3338
24
7688
-13068
-3076
-3044
-7409
-3028
11762
1032
6173
-6124
-8959
-7116
-2059
-3064
-3326
-6116
6376
-5928
2292
-6132
6913
-17400
6663
-7124
2540
-5076
-3023
-7104
4892
1044
-4352
-10192
9755
-6124
2542
-13268
-5136
-19432
-2076
-9208
-9487
-5048
3069
-22228
-10996
-12268
-12533
-16360
-3583
-11232
2841
-10168
-2317
-12284
3591
-8152
-9981
-2016
1032
-6112
520
-19416
-2549
-6112
8231
-4052
5371
-1024
9755
-5900
6883
-4884
2313
-968
-6129
-7116
-1002
-13260
1481
-6920
-5648
-9160
2547
-12244
-515
-2040
6153
-13308
2827
-17360
6660
-4868
-4085
-13292
9219
-7144
-7916
2092
5398
-1816
1275
-3064
-2788
-9168
4096
-5076
-1284
-5088
-5136
-13304
4356
-11252
3089
-3028
1812
-23276
-4097
-9188
764
-4064
3310
-4872
2046
-5112
-1579
-4096
3336
-13288
2793
1052
-1800
-3852
-774
-8144
518
1052
3839
-1004
-7658
-4080
-2807
-4084
2020
0
-5371
28
-4367
-12256
2572
-7116
10768
-5088
4337
-2048
-3840
5148
3599
-7136
-7141
-2012
297
2072
-1283
-9208
-6420
-9192
5391
-18376
-15363
-2008
6444
7188
-2552
-6100
2268
-11224
787
-6140
-11005
-17376
-3
-4048
-1022
-2040
4095
-10204
-7702
-996
-6133
-6120
-3828
-5056
3856
-1996
7699
-4064
4616
-2040
9508
-16316
5896
-11240
5103
-3044
-1521
-14308
10715
-9212
3073
-11252
6398
-11212
-6388
-14252
-1021
-13300
-5125
-8160
-2020
-10224
9205
-8168
-11805
-3860
-3787
-9184
4341
-7144
11232
-6916
-7200
-4064
-1273
-1008
745
-3032
-1796
-12244
3561
-6116
-2290
1256
-3577
-4064
1771
-6132
-5369
-15308
4875
-1800
2326
1060
1015
-10228
6655
-13060
-767
-18364
-5643
-11224
1515
-5096
505
-15328
-1834
-5076
1511
40
-3085
-15304
7403
-8120
7188
-1996
2006
-12260
-1282
-5088
7398
-3064
-1021
-4028
-506
-5048
-267
32
1235
-12276
-2347
-8184
-1244
-5080
10466
-12236
-2280
-6936
-4112
-10232
-9493
6364
-11535
1272
-1528
-9168
-5911
-6144
516
-3048
-1787
-5064
4133
-5112
1554
-5052
-1019
-11228
-737
-1012
-233
-12220
4851
-14328
5890
-4880
-7628
-6096
3336
-988
14098
-6116
269
-15328
-1011
-14292
7140
-9148
2800
-3036
9221
-5100
5881
-10192
4879
-7948
4086
-10232
4124
8424
481
-10220
788
-12256
-3328
-10212
-3821
-19456
3848
-2012
5884
-984
7671
-10204
6138
-6112
1304
-7148
-17981
-11236
14
-16352
6122
-2820
-3299
-19380
-3
-15292
-4126
-7013
258
-11020
4102
-10212
-4316
-2000
-4879
-4052
-1513
-9144
2044
-5072
-3831
-6920
4880
-6100
-6132
-2012
6359
-3044
1775
8200
1814
4136
14578
-10184
-3553
-3024
-4368
