-11240
-15101
-6128
-8177
-7120
-16355
-6132
289
-6120
-1779
-18380
-4603
-14304
-6168
-5896
3288
-4076
-3796
-10200
-255
-5084
-9991
-13280
-7666
-3048
7919
-4088
-2057
1048
2045
-10240
-5920
-8108
-3888
-10208
3333
-13268
-7183
-7073
-1288
-12276
9176
-14304
539
-11200
4094
-14284
1036
-6132
8427
-11216
8971
-12224
-9475
-6104
-4638
-11240
5922
-14300
14
-10176
-5108
7204
-11004
-7152
6912
-3024
3065
-9164
-258
1056
-246
-18384
2577
-7112
20229
-11236
-8961
-12228
-5365
-11220
-4581
-1008
8446
-7140
1772
-12264
7406
-15284
-1755
-16348
238
-3032
-4606
-7104
8940
-10200
-5876
-24320
5368
-4888
6397
-11200
-2031
-4028
-496
-12264
1786
-14276
2554
-10204
5093
-9164
-2310
-13284
1797
-8176
-516
-10192
2780
-6084
10003
-13260
3582
16
-509
-13304
-4874
-13264
-1815
-18380
1065
-8128
-1037
-8188
-2310
-7124
14351
4148
-734
11292
-6661
2108
14854
-9148
-1804
-6128
-4114
-2024
7664
-10188
-4612
16
3810
-2028
-19
-5064
7167
-7944
-5380
-15340
3582
-15320
3803
-11220
6892
-2012
6098
-13300
-6635
-5092
2006
-8164
-5657
-7156
1556
5164
-4658
28
-8955
-8144
8715
-1024
9202
-9192
5888
-10204
-11301
-10220
-7947
1032
-3561
-5084
3838
-3040
-750
5132
2035
-11208
3565
-18180
-752
7224
2815
-10200
-2816
-4076
-3557
-10160
9970
-2000
-2780
-772
8417
-6116
-6122
-6104
6912
-13268
7461
-10228
8442
-10236
-9990
-15320
2292
-8160
-252
-3012
2283
-12268
2323
-2000
11019
-8172
-4388
-2020
-1243
-8188
1287
-4092
3589
-2020
2327
-4096
6910
-10240
7173
-1020
-2548
-4028
-5392
-9996
3623
-6124
-9251
-3032
-3844
-9992
7162
-9208
-2797
-17348
5389
-1816
-3
-10236
-8956
-4092
-747
-988
4358
-7152
-5373
-6132
504
-7160
-3326
-2004
2073
-10240
6384
-13276
-14109
-6116
-6671
-5100
7471
-8132
-5411
3084
-12779
-2044
14326
-5108
-1264
-8156
-5867
-5076
5907
-7096
-5939
-992
285
-9164
5348
-7148
8440
-6120
-4562
-6108
-2318
-976
-1269
56
1279
-3844
3595
-3072
4382
-7128
3842
-10196
-6150
-8144
2775
-4092
5864
-1800
4316
-14316
6401
2076
2837
-6096
-5398
1248
-1804
-6140
19726
-11248
9454
-6128
259
-16293
6163
1084
-4119
-14308
-7676
-13060
-1077
-2992
4342
-8176
-5590
-9212
520
-9192
5127
-6080
10233
-12236
6660
1100
-9447
-13256
-7385
-10192
-1256
-13296
-9198
-996
-1285
-6108
10777
-10064
1278
-8168
5126
-9168
-5149
-11224
-6878
-8136
5912
1024
-528
4140
-3047
-11212
-4060
-12260
3860
-8984
-6125
-9188
9472
3108
5341
3116
10233
-7136
-9471
-7152
-4
-5068
-3608
-9180
1538
-6116
-2054
-13268
-11808
-14296
6147
-9204
7964
-3052
-1054
3136
-6127
-7144
5128
-7132
3859
-8164
1525
-13260
-7197
-2832
-5109
-8160
14352
-8164
-5642
-11220
6386
-8144
10496
-4068
-3582
-15340
3344
-13288
-237
-4064
1822
-6132
-2081
-1992
-2044
-9152
4104
-1012
6384
-976
8441
-3844
6152
-2020
4607
-5056
5126
-7092
3830
-5096
-1253
-1800
-4590
-3040
-3068
1024
251
-20444
-11839
-8168
3372
-5064
1280
-2024
-6391
-2032
-1001
-4068
9450
-15316
-1805
-10220
-2251
-2044
5898
-988
7396
-3060
-4872
-976
-12322
-5892
1036
2080
-3276
-20424
3832
-12236
-1767
-16360
1821
-16376
5382
-15332
-4307
-3048
7139
-6096
-8712
-4084
-3308
-11232
2046
-14324
1822
-11224
-2042
-5112
3107
-17368
-3
-9172
4850
-10212
-309
-4072
1761
-3056
8968
-4052
-9744
-8164
1777
-11236
264
-12256
1564
-14296
5858
5136
4140
-7112
-3319
-12216
1023
-7088
-4854
-8972
-761
40
-1785
-12276
-6388
-10204
5353
-5044
256
-7116
-6425
0
-3081
-7160
3865
-10196
-1744
-11208
2306
-13304
3847
-7136
4651
-11240
-4631
-5080
-2310
-9208
8747
-13244
-5870
-17384
-2835
-7148
-2834
-13288
-5620
-3064
11796
1052
-5348
7188
-5109
-8160
9204
2084
1557
-6932
2798
-11188
7184
-6080
802
-10016
-4335
-7140
-5633
-1024
-10506
-2036
3335
4108
-8213
-1004
2816
-23244
-2028
-1992
-7678
-3068
-2336
-12284
6422
-11240
-2826
-6120
-521
-4080
6632
-3060
-789
-13280
-9218
-9152
4092
-9168
8428
3136
8710
1052
10752
240
-3590
-7108
764
-14296
6142
3088
5621
-3056
3082
-15348
2300
-5080
4093
1056
-2043
-7136
-2591
-8172
-3043
-5108
-1525
-1996
1557
-10224
6891
-8156
4661
-6112
2056
-12220
-6681
-15336
17983
-10160
-6372
-7140
2529
-2012
2791
-5116
780
-5092
255
-9204
5382
-9164
-2325
-1796
-4854
-11236
6382
-5056
4872
-4016
8722
-8156
1252
-12252
1552
76
-8455
28
2041
-5096
2045
-18372
-2795
-5096
15837
36
4849
3104
2822
-2004
-6642
-12264
-3295
-4005
5351
-14308
-2017
-12240
-492
-5084
9469
-3028
-6693
3124
-2273
-2028
-2814
4
-2030
-944
7969
-16356
-4358
-6916
4099
-6128
-773
-3072
6903
-14084
-6651
-5096
-2336
1028
1031
-8192
8196
-10184
-6094
-9988
10482
-2032
-8160
8
3093
-3028
-3066
-17388
267
5124
-1598
-3020
-8715
-12224
-2533
-4072
1273
-13236
3364
-5080
1524
-14336
8973
-18376
-226
-13236
-10733
-13296
3586
-6064
541
-3068
5871
-8140
-5367
-16360
-5121
-8093
489
-2048
1787
-1016
-9190
-6124
-2825
-15344
1285
-9144
-13598
-5100
1284
-7124
12003
-8156
2595
-13272
-8965
-2016
-1534
-3048
7174
-9204
-6916
-4080
6167
-11264
3834
-13296
-2564
-11260
10744
-960
-2546
-4092
1773
-3032
4131
-4036
-13848
-17344
-7170
-15292
3045
-13288
-288
-8168
-3845
-7132
-6653
-13244
-7715
-2048
8710
-2988
10499
-5076
-7904
-5120
3067
-14292
-5404
-4044
-5578
-4044
-534
-7140
-759
-11244
-4078
1036
2856
2080
-7695
-8152
-2324
-2820
-1014
-7128
-5602
-10196
485
-10160
1066
-8168
9487
36
2516
-5076
-11033
-3048
3115
-12272
-2806
-5064
-515
-9148
-770
-10176
6695
-15328
-3807
-9136
12813
-968
1028
-16368
6879
-4060
5899
-3032
-6166
-14292
6974
9268
506
-12268
-5378
-3848
231
-6120
-7652
-23272
-529
-7148
1551
-15316
6964
-14312
2524
-3052
-524
-19424
-1253
-9184
233
-6116
-2614
-12248
517
-4084
-4083
-8120
3327
-3060
524
16
3841
-8164
-3340
-11196
-7446
-5056
-12301
5148
6147
-8168
-7981
-7144
789
-4084
-7437
-4868
3602
-11212
-4605
-7940
-2284
-14284
9225
-5100
1311
-7136
5368
-10208
-5139
-7124
4608
-4884
6719
-4060
1780
2068
-1061
-6100
7659
-4060
-3809
-3068
-1040
-2040
-494
-20436
-6675
-10208
17642
-3052
-1536
-11212
-1252
-5084
-3589
-13300
-8446
-6112
3327
9244
-4074
6200
-3885
-12280
2079
-9180
4828
-8156
-1270
-1000
3826
-10204
1277
-13300
-8240
-7116
-2796
-8136
1292
-10208
-5875
-2016
8721
-10216
-9993
3320
1796
-8128
8684
-7140
-4360
-7116
-9429
-8156
-3837
-13288
-1521
20
785
-6096
-7952
-6112
4569
-12268
-1553
1040
-8428
-12276
3068
-10212
-3339
1064
-4616
-14288
266
-8160
8471
-16352
258
-3848
998
-11212
-4607
-5096
6422
-5108
6108
-11192
232
-7128
-10207
-10008
-6666
-5092
7410
-8168
8201
-5104
-2278
-9988
-5113
-9992
-2820
-12264
5622
1076
3326
-6104
-1813
-8160
1305
-9992
10550
-6144
-12526
-11232
213
-12044
-4597
-9204
10483
-1000
-6381
40
5656
-6100
-2338
-16336
-2060
-5100
-8936
-8184
6173
-772
1288
-15320
-3851
-10204
-7416
-10212
2068
-19412
-6660
-11224
15381
-6920
2849
-16356
-1268
-8192
6632
-9196
6135
-9188
-4849
-7144
7395
-7148
-2542
-1012
7177
-10188
230
-9172
3606
-7116
5109
-15356
4590
4104
-12796
-10196
-1520
-4028
3874
-5112
1039
-15360
2077
-4096
3321
-10200
-478
-6100
757
-8152
3556
-4064
6658
-3860
5913
-7140
4630
12320
-244
-9212
10469
-8192
-12508
2080
6451
-6092
2304
-11216
-1300
-8160
4115
-14276
-5083
-4048
1805
-6112
1768
-9180
2818
-22185
-3824
-9212
5143
-9168
3328
-10196
997
-3072
-4869
-3072
-4116
-9992
4624
-8168
3826
-5044
10215
-2028
5622
1088
-516
-8192
5660
-6112
-3323
-3032
-9181
-9188
1555
-2020
-14
-3032
-4587
10484
7659
-2048
-4355
-17384
-5313
-4048
-5184
-6104
20705
-996
3306
-5088
-4894
-5076
-3599
-8148
2042
1032
4851
-3056
2574
-9200
-2576
-12252
-2527
-11236
-1300
-6112
-11535
-11240
-257
-3052
4057
-6092
-4330
-6092
5615
-9192
6906
-10240
-9975
-1024
-6176
-2820
3837
-10216
-1550
-8140
3340
7416
-748
-2016
-730
1040
-1518
-4068
-1028
-6128
2857
-2036
-2036
-7128
-6415
-9184
-3331
-11248
-3066
-5080
-4093
-15316
2302
-6140
-5358
-9212
1764
-7148
-270
-4072
-1494
-9192
5644
-17172
2077
-13300
6670
-1000
4592
1040
-2075
-9192
-4114
-11220
1784
-17352
3041
-6112
-4069
-10212
-222
-3060
-239
-10220
6924
-5084
-2586
-15344
5410
-12252
-6197
-14328
-8445
20
-2554
-4060
493
-11236
-3054
-4080
2049
-8140
-2326
-10236
-519
-18396
5351
-13256
-1017
-8176
-1781
-4012
2024
-7100
-2816
1028
-2301
-7148
4104
-6088
4873
-5088
7944
-12244
-3364
44
-8417
-4088
1287
-5108
6437
-14288
5411
-9196
-2290
-12276
-3308
-4060
-5103
-9168
-2312
-6108
11791
-14088
-5630
-9192
-3816
2084
-3570
-8124
11553
-7944
-3568
-4068
1280
-14084
-5132
-17364
-9463
-10216
-1302
-4096
5385
-17348
3838
-7140
7904
-16364
-6149
-8172
13
-12236
1561
-4084
4893
-5092
-3890
-7132
5839
-23272
541
-12264
-8165
-9180
3068
3116
7179
-3028
-1508
-9192
248
-12256
4124
-6088
-6630
-13300
-2814
-5096
9483
-6096
1500
-3044
-4601
2288
-783
-11228
-2813
-5076
-759
-7140
-13379
-1988
476
-16384
1831
-8168
986
-2824
10750
-7104
3058
-5104
-1523
0
5357
-4024
1249
-6116
7424
-11240
-1019
-17313
1514
-6916
-3817
-6088
-5097
-5084
-4640
-4076
7693
-11208
-4113
-996
-7706
-9164
-2818
-3040
-2809
-12248
2563
-4052
-2558
-4048
1787
-15304
-1275
-6128
8405
-21480
-2246
-8184
-12556
-12248
-2564
-972
2557
-7136
1291
-16304
-3825
-7140
-2314
-21472
2587
-20432
14592
-8176
39
-7152
26140
-14328
1294
-12236
-6924
-13256
4346
-4068
8972
-12236
-8497
-8136
1581
-13240
1800
-1796
278
-8156
-5157
4
8743
-8168
-5612
-9196
6683
-6120
-3842
-6120
7441
-3068
-9996
-9196
8184
-11228
-1051
-10228
5351
-15344
-2549
-8176
8483
-9196
-514
-11192
-11028
-5080
-6688
-6928
-3068
-11224
-4391
-9172
-480
-3040
2281
3124
6148
-7132
-7437
-14312
-6377
-2832
9
-8120
231
-6124
-3077
-19388
-7959
-4028
4837
-10180
-1032
4140
-4599
-996
-4617
-11016
-995
-3040
3031
-10208
2872
-9144
-8210
-4060
3818
-9184
-4075
-8964
7674
-8188
-4346
-4088
-1549
-4076
6912
-6100
-4582
-20480
-1306
-9164
-5108
2068
1779
-1988
3574
-7156
5132
-8136
-3586
-10224
-3607
-8164
-1764
40
4353
-13280
3060
-27380
-7920
-4092
-1550
-9176
7724
-7956
4594
-14296
1263
-5068
-3839
1044
2055
-12260
-9456
5168
-3600
-1800
3094
-8124
-3087
-13256
-9161
-5896
-1279
-19428
-7129
-6104
2306
-14100
3576
-7156
5896
-8136
-3289
-1804
-4099
-7148
-3591
4148
1284
-2000
-784
-1988
3060
-6144
1535
-2012
-5414
-14092
-1007
-8164
-2872
-8168
9224
-980
4370
-12264
-8966
-4068
-2797
-12280
-8191
-15312
3282
-14272
1565
-17348
1286
-9192
2774
-7152
-4360
-3052
-5926
-10224
-775
-7116
7711
-6120
2298
-8184
5634
-14280
1255
-10236
6404
-14276
3553
-16328
2088
-10236
6159
-13256
6937
-3048
-5112
-12236
5870
-7136
-3566
-6116
8656
6160
4622
-6108
2807
-10184
-3312
-5096
3356
-12244
3071
-3024
5642
64
1241
-18404
-11756
-5072
2318
-780
6931
-19424
4387
-7136
-11804
-9172
3569
-9180
-208
-11244
5626
-8148
2052
6144
2032
-7136
769
-17364
-11275
-12256
-18807
-24292
7659
-7116
4592
-996
3336
-13296
-9007
-9132
-3074
-9992
7925
-6120
-21
-7124
1011
-6100
-6108
-2000
10221
-3016
3582
-10236
-2570
-6080
2057
-7128
1259
-11240
4
2084
2848
-3048
2791
-17392
-1585
-22208
-5109
-4080
-511
-3852
2050
4132
7929
7172
4065
28
-3074
-8160
768
2096
-6174
-2024
-9484
-7156
3831
-8148
-239
4100
4583
-16372
9207
-5904
-10253
-19424
-3086
4
-3063
-9156
-4341
-14316
3848
-8152
-537
-6112
-2815
-13256
-3571
-15332
4837
-12272
-2790
-11200
2569
-14336
-3077
-7944
10745
-5056
-2549
-4088
-10490
-7964
-4593
-4080
-1518
-6112
6675
-7948
1279
-12216
5639
-5076
-2059
-11224
6648
20
-1017
-984
1272
-3036
-3862
-8152
-1788
-12224
5112
-5013
2277
-964
-2800
-11216
-1041
-6104
716
2068
-7406
-6060
-7940
-13236
-12040
-6092
-2287
-6140
4341
-6076
-3838
-3024
7397
40
-6900
-7120
3319
-12260
-8195
-12284
-3076
-16368
1526
-9176
-3066
-6076
-12269
-19436
3334
-7096
27
-6128
-3843
2100
-6905
-20472
4324
-12260
-7391
-13268
2833
-12036
-1006
-7160
759
2076
8747
-10200
2320
-11256
-1277
-10176
785
-9164
-2042
-11200
-759
2080
-1265
-17348
3574
-5080
8945
-8156
518
-17380
-3320
-10224
7922
6388
7446
-10208
3594
-6108
-4634
6184
-2049
-6084
9474
-15324
8441
-19408
-3348
-11228
29274
-14316
2826
-17372
-5145
-3044
5375
-9156
-2067
-9196
-6366
-937
-527
-12264
-6674
-2000
9495
-2828
6374
-4088
5
-3024
768
-4872
2816
-17321
-3348
-17324
1782
-3020
-3871
2068
-2805
-15328
4882
-9180
4356
-8116
1556
-4092
9779
-14300
2296
-8128
-4090
-9168
1751
-10220
4848
-15320
-260
-7956
-1286
2092
-2341
-6120
1289
-3028
-1015
-8156
4102
-9192
-1302
-7116
-2268
-5088
-982
-5056
10743
-15344
1262
-10236
1029
-12244
12
-13072
4836
-7128
-10250
-10216
-14309
-8168
254
-8176
5114
-7164
254
-10200
4086
-12236
5125
-7152
1004
-6132
-1030
-13260
3828
-7948
4857
-13296
-1041
-11228
-8189
-16352
-2818
-7100
4593
-13280
-534
-7120
-11264
-23232
-5604
-3028
-5113
-12256
-5364
-2012
-2850
-11224
2829
-14332
-5137
-8180
-3320
-11256
-1793
-15300
-4105
-8140
-2796
-4060
-9205
-2000
7938
-7148
-5865
-3032
2026
-11252
-226
-9204
6417
-8124
-8139
1032
-3581
-4048
7949
-12236
-3557
-8144
-1824
-4064
-4
-12252
-3582
-17344
-6897
-5104
3332
-972
-14817
-7160
3610
-9216
-12289
-3028
-2057
-5072
8947
-6104
1788
-6088
-6664
-12260
4633
-11028
2043
-1828
6909
-1000
-7383
1064
-785
-10220
2064
-13284
2069
-1000
3334
-9144
4116
9224
5625
-6120
5154
-8160
-4329
6204
-5391
-6136
2303
-6136
2813
-7144
-6791
-8152
5627
-2004
10996
-12264
3315
-9180
-4124
-12288
5368
-5076
-3322
-5056
-1015
-7160
12809
-8152
-264
-1012
-260
-16348
-9721
-7140
-5896
-10216
3064
-1984
-4319
-8116
8479
-3048
8709
-11264
254
-5092
-2553
-15356
6620
-16356
1784
-11244
-7427
-11012
6920
28
2812
-3024
-2072
-3016
2337
-5904
-3330
32
19
-6916
-6914
-2955
775
-2028
11513
-2024
2539
-6136
7410
-6084
-6897
12
501
-1012
-6907
-4064
-6181
-7120
-3070
-3052
-521
-7156
-5640
-5892
12360
-5112
-2830
-11012
488
-1012
-4643
-1016
5127
2112
-251
5148
8185
-6128
2798
-7152
-249
-1004
6171
-4092
2298
-8964
-7928
2104
-4611
-15276
8730
-9996
-8973
-996
-5891
-5112
7430
-9184
-4351
-3044
-6655
-21480
-2571
-3068
-4612
-6096
1270
-12236
6610
-9168
2
-7140
1555
60
-3842
-13296
-2532
-5108
-508
-9188
-727
-4076
5625
-4096
2275
-11188
11523
5207
256
-12268
5619
-3052
2046
-11264
-5110
-7152
3104
-7940
-488
-3044
-3307
-19404
16646
-13288
211
1072
2316
-11232
-2811
-15340
7925
-9200
-757
-6100
-6921
2052
4631
-18360
-1781
-2048
-2020
-8192
-3600
-5092
-10232
-10196
4091
44
6616
-19412
247
-12256
4865
1048
3319
-4044
264
-4016
760
1068
3831
1088
-16102
-14296
4094
32
2560
-4048
3817
-12284
-2057
-1000
-1265
-3844
11
-5072
512
44
2777
-12232
801
-17352
-6117
-2016
3358
-9196
4332
-11224
1790
-6104
-270
-17384
-6186
-5072
-5131
52
-5143
10292
11537
-7168
-5135
-4072
-9773
-15348
-2035
10248
-2293
-11220
511
-12272
-514
-13268
-535
6192
-6389
-16336
-3323
-6112
-228
-8152
8692
-1012
2055
-9208
-3284
1060
3331
-20456
5640
-2020
-3334
-7132
8430
-15340
2528
-988
-1020
-9196
-5108
-13264
4632
-2000
2044
-4064
5109
0
-2587
-12268
5140
-6128
-8943
-8164
-725
-8144
1287
-8164
21541
-10176
-10743
-11020
-2561
-12232
-5893
-9160
-3088
28
-3353
-7164
-7893
-2032
1503
-4056
-5865
-8164
-1028
-10200
2302
-17328
-3055
-8980
-758
2108
1015
-18184
10275
-3044
14327
-11232
10450
-1012
-471
-6120
13318
2080
288
-14292
1026
-12244
-4077
-8168
5907
-17360
759
-6096
-3067
-1800
-5629
-2040
8959
-12280
-4049
-19428
5365
-4028
-3082
-3048
-3797
-11256
-5631
-8168
2801
-5052
-1801
-11212
-2806
-13064
10783
-13300
-5664
-11248
5393
-7132
-4380
-7140
7659
-6116
2089
7200
-777
-9176
-3347
1056
3582
-2040
4119
8208
2580
-3020
2794
-1016
2815
-3036
11022
-4096
-11226
1080
-3577
-11224
5394
-9160
511
-2032
276
-15120
-2828
-6068
6378
-6128
-5908
2052
1564
-11252
-4565
-20440
-1039
3112
4071
-13308
-5884
6172
-6392
-7164
8214
-7156
-4885
-7116
-2056
-16352
6189
-16136
1029
-9176
2781
-16324
-7124
-16348
-518
-9204
-4060
-1996
8687
-18428
-2294
-10208
2309
1068
1567
-6092
7154
56
5401
-13260
5646
-14308
6896
-12244
-507
-8148
3571
-16348
-13827
-5108
-5076
-9192
-3818
-11224
6405
-6140
-9224
-5896
2591
-4048
15398
1072
2
-14304
2045
-16140
-5663
-11244
-4892
-20232
-4876
5144
3051
-10208
1776
-17332
-7916
1084
5677
-16356
3833
-5892
-28
-13264
-7920
-12244
221
-2044
-5880
-5072
3578
-6100
1015
-6940
-1262
-7124
-6456
-3856
-3849
-8120
-525
-8152
-3107
6156
7406
2096
-3583
-3044
-11527
-4064
-3833
-8192
-1515
-12280
4370
-8140
-3843
-4072
4055
-13280
446
-10180
-2564
-11028
-8720
-7140
6163
-12268
-3566
-17317
-9256
-5108
-3354
-11236
5392
-10212
-1294
9224
13108
-5096
-2321
-1008
3078
-15336
10514
-14092
-10019
-3020
3314
-13260
2054
-13240
-3557
-6096
268
-11232
1313
-7140
-278
-7140
2073
-5108
-5897
-5100
495
-15316
-6904
-5092
1493
-5068
1814
-7124
-2829
-4880
2056
-19416
-6920
-10220
4069
-4080
-3353
-5116
4573
-15336
-8413
-8176
8707
-15360
962
-6112
-747
-5104
-7689
-9180
-508
-7124
-2272
2080
-223
-13232
2312
-17368
6165
-4080
2025
-5040
-229
-23272
-2323
29004
-1572
-11236
-284
-1012
1526
-5076
2577
-8148
-8699
-18360
2003
-10208
-1251
-976
-15755
-13288
2305
-6124
11006
-9172
-6416
-5056
-3589
-5088
280
-14320
-6144
-13292
-3592
-5096
-4072
-7152
3064
-14284
-7956
-13276
-10506
-9212
11310
-2824
3112
-13084
245
-4048
234
-2008
-799
-11236
-8707
-2008
-3349
-8148
1264
-16356
-2045
-15296
-268
-13276
3841
-16344
-8695
-7944
5108
-10204
-232
5180
12801
-13284
3582
-1020
-6667
-8164
2028
-5060
-766
-7136
4602
-10216
6680
-17176
-11
-11236
-3600
5136
8924
-18416
-1030
2080
1260
-8160
-988
-7156
12277
-5068
-7140
-792
8444
-10196
9238
-8964
-3619
-12224
-10484
-5076
-4613
-9180
1250
-2024
-254
-11224
7913
-12236
-3101
4132
-5397
6144
-10495
-6100
-2028
-12248
10212
-10196
2079
-6120
-3353
-13268
-760
3108
9224
-5056
2562
-5088
1510
-7144
4347
-5072
-9462
-12240
2586
-14320
-2548
-12232
-803
-11224
-2291
-6120
1272
-5072
-511
-12264
271
1044
2277
-12256
5375
-6116
2532
-3056
-11006
-10220
4356
-12268
-29
-16332
-2827
2080
-3098
-7952
1810
3096
5922
-8136
-2816
2072
-9234
-4868
772
-5100
-1263
-9180
-5667
-3064
-3567
0
-8177
-7940
5387
-4056
6679
-5084
-5657
-6916
3587
-15120
8152
-6144
6634
-15108
-1819
-7140
-6121
-12232
499
2068
-1268
-11204
471
-7144
256
-12284
-3077
-4016
-4852
-5048
3795
-10224
-5350
-1984
4104
-13064
251
-9172
-8421
-6144
4855
-780
-9198
-20420
-9196
-14272
255
1040
-5389
28
-6929
-9164
-2066
-7144
-2305
-9168
-5352
-7152
2261
-8160
-2557
-7120
3608
-15348
-5402
-6096
-5871
-7148
1252
-6116
3331
-12268
-4883
-11188
-9725
-4072
721
-16164
-5875
-12240
-1250
-12256
11986
-16360
-4855
-12232
-3050
-2828
1040
-2020
-3100
-9164
2806
-4080
-778
-9172
-2058
-6116
6429
4120
239
-2820
5119
-15328
1797
-6136
2820
-6096
-9985
-3024
-4852
-17372
4087
-9168
-11499
-17340
-2811
-5052
-6661
-11204
1791
-7108
-1529
-1992
-4
-13244
7953
-7136
-3864
-2008
3
-9172
-5870
-14088
6914
-10192
-2792
-11256
10008
-10200
-3329
-1988
538
7416
10487
-14332
1796
-3012
-6896
-11240
5898
-12256
3077
-1000
-5104
-2044
-2556
-12284
-2033
-5100
9179
-14332
3285
-12280
530
-6136
5644
-8172
9
-7116
-2777
3120
-8466
-16348
11020
-2036
20
-11208
1028
-3028
8972
-17396
-9482
1040
-4589
5148
3834
3116
4089
-16360
2281
-9216
9722
-3068
3603
-7152
4881
-3864
-11780
2064
5889
-3032
1286
28
2
-10184
-1815
-17364
-3835
-16352
-6
-7124
-10727
-4052
-8210
-5116
21
-8964
-2042
-12260
2023
-6136
-3081
-5080
2024
-4092
-18425
4116
2796
-3040
280
-2032
5371
-9180
4323
-17356
1273
-5108
-1775
-7136
2339
-11216
-8964
-5088
-3835
3112
1008
-12036
-9017
-14336
-3336
-10196
-756
-8116
8737
-12264
262
-13284
-2310
-2012
-2823
-14304
3040
32
4632
-8160
-9477
-3052
-2074
-8128
-534
-12244
-6674
-4872
5629
-3032
1273
-9156
-5116
-6116
-3575
-6092
-4096
-19436
-1287
-3044
-1028
-7132
12574
-16356
2038
-2008
-4096
-12248
-5359
-10000
-9001
-9204
-3070
4144
-1792
-13284
2323
-2040
2550
-5904
4353
-3016
-2313
-14332
6696
40
-242
-6120
783
-17376
-6639
-5100
2257
-9168
-1266
-9184
-1029
1076
-3838
-17368
8201
-4052
1521
-15336
17172
-5916
4101
-4060
11
1040
-4117
16
1288
-13296
13860
-980
-6631
-13248
1774
-13260
13331
-6108
8395
-14312
4872
-8152
-2828
-2032
-15364
-17164
8213
-6112
7166
-14328
5899
-8148
-234
-15332
-1024
-7104
6678
9280
-38
-11248
266
-6124
3843
-5052
4127
-3044
-9487
-6140
2822
-7944
-3070
-13260
7429
-1008
-1026
-5076
4883
-11236
-3569
-4056
-4881
-3036
-3116
-11200
-3085
-7128
-4376
-11016
3620
-2824
-6920
-15296
9999
-3884
-2569
-4076
-4844
-8184
-7158
-7164
7406
-12236
-13564
-980
-984
-9204
4091
-4044
3043
-13256
-1037
1072
10765
-13292
-217
-10192
-508
-1992
-5964
-15340
-2
-21452
5903
-2024
3578
-9216
-3619
-8160
-6929
-988
3
-5068
1544
-984
2513
-5076
2572
-6140
-4596
-4056
-3348
-15332
-2290
-3024
-998
-6108
991
-17360
11030
12316
10736
-10224
549
-9180
3078
2276
-4815
-10000
-3586
-5084
12311
-12284
1256
-11200
-15
-2024
-5361
20
12293
-1796
5620
-11252
-2058
-14336
3335
-6104
2550
-15332
3860
-11248
5135
-16364
537
-5068
-299
-12256
231
-12240
-4602
-10224
2828
-13300
5623
-11248
2081
-5112
10234
-3036
-2279
-11256
-14070
-5100
-2823
-16356
-7434
-12276
2308
-12232
-6652
1048
6939
-2028
6670
-10196
-5121
-3060
10510
-11220
-5642
-4096
-1258
-3040
9287
-4064
1055
-11224
-5896
-12284
-6906
2300
-2839
-10204
6938
-3060
5585
-10184
3325
-7104
-2821
-3028
-752
-9180
-7672
-3064
-1545
-11208
-1279
1032
759
-8128
7174
-4032
-7677
-7140
2041
-1020
-9202
-8160
1262
12
4592
-12268
9739
-7132
-6167
-11196
-1280
2076
-2329
-8160
-8457
-5092
3340
-6104
6116
-2036
8937
-9152
-4864
-11016
-3338
-13280
11023
248
2305
-23264
-3334
-14308
2311
-10192
-2849
-7104
3372
-6132
-2018
-12036
7160
-9208
-5866
-13232
1505
-8964
6874
-13304
5624
3124
-248
-10180
2296
-20476
7418
-11216
2342
-12036
-241
-8972
-8696
-6112
3563
-6088
2036
-12284
482
-19416
4119
-2820
-2559
-8140
-27
-3008
-3629
-7144
-7446
-20424
-2049
-12197
-3350
-20448
220
4324
13028
-4076
9236
-10236
-18331
-5072
8426
-6108
3832
-20424
-2056
-5116
1549
-4876
-9981
-13280
4338
-10208
234
-8192
-1515
-5908
6156
-6916
1275
-11240
-1819
32
7160
-9196
-255
-9988
-5138
-13272
-1055
-14308
-4576
-1996
297
-4068
-15
1056
2036
-13244
-12530
-12284
-12632
-16344
-10245
-15328
9720
-7116
-3378
-2036
11003
1056
-2047
-2016
-6429
-10204
6674
-2048
-1794
2072
-12779
-12036
-3060
-5056
-5651
-7148
-6930
-984
7950
-2820
4397
-7124
2792
-5100
-4077
-1000
248
-16348
5087
48
8701
-4072
-2043
-20448
-4081
-11256
4874
56
-3855
-14092
-5896
-13304
-4313
-13240
-7959
-3040
-7949
-6092
-5635
-960
7137
1028
5594
-8124
-1281
-16328
-5889
-16368
14065
-14316
-5875
-15336
-5103
-5096
-1286
-16340
6415
-11232
-1819
-6120
-4896
-5108
4921
-12236
-257
-7168
-2075
-18412
792
-12280
9983
-10184
-487
-4088
9967
-14328
5892
-8988
13027
-9180
-1298
-4080
-1271
-8148
3081
-19404
-5090
-6108
779
-7092
9506
-8980
13545
-7952
3869
-7136
-1032
-6124
-6142
-8968
-6949
-18400
6420
-3060
-2318
-8164
-1779
-12276
1810
-4048
-1302
-11220
2276
-2040
4873
-10216
-1013
-12232
1771
-5892
-5144
-10176
6407
1052
4908
-8172
-4363
-13276
-3070
-20369
1270
-15328
-11005
-3028
-4323
-9172
5129
-5112
-8505
-6116
-2053
-15304
792
-6088
754
-4072
-6664
-6108
-2532
-6072
2049
-12232
4610
-14312
8676
-792
6907
-11216
-1256
-7132
2556
-13256
-1299
-2044
1814
-11224
9453
-4052
244
3120
1267
0
-6162
-13296
2824
-12244
-1056
-3024
2852
-2036
3829
-5104
6107
-4060
3328
-3040
-510
2092
3050
-3024
-1500
-9156
-3606
-10184
-3608
-22248
1539
-4068
-5365
-25332
10523
-17196
8704
-7148
1271
-15336
8439
-18388
13
-13288
-1511
-8180
-2
-11244
7711
-8184
9721
-9172
1272
1052
1320
-7104
12545
-5108
4112
-13240
-5120
-6072
-2338
-11244
-10260
1272
6637
-19428
-3594
4348
9749
-16372
-3842
-18364
7203
-3068
5899
-7956
-2802
-18408
-2030
-5088
-995
-2828
-8230
-21464
-11004
-4044
-767
-3024
-2562
-8136
-491
-10200
1534
-7156
5120
-6124
16
-8176
-788
-11228
-9211
-3052
10987
-6092
6649
6152
-3049
0
11012
-10164
2069
-15320
-3832
-5072
7713
-10232
-6148
-8144
-10487
-8172
4330
-3048
1040
-13268
-2578
-6096
-8974
-3032
-7429
-10232
-1533
-8140
12333
-15300
8956
1076
1521
-9208
-2836
-9192
3588
-4076
9978
-4876
5876
-7164
1799
-13308
788
-8128
2313
-8144
-2288
-13284
-15362
-2036
1542
-10212
3285
-8156
-7673
-9196
11750
-14300
-11518
-16348
5426
64
3069
-15340
5366
248
-279
-9168
-11540
-13228
-7208
60
6408
-6092
-9187
-12264
-5863
-13276
2808
-14312
10259
-5096
18181
-2020
3604
-996
-5372
-6108
3582
-5080
4115
-4088
-2328
