-16316
3292
-11224
-3322
-4084
1790
-16368
4085
-13264
-316
-7124
-1803
-5076
-14589
32
-8475
8424
3336
-10192
2284
-13076
759
-7940
-1273
-10192
-3324
-7116
1053
-9180
-1525
-7096
-9483
6164
4177
-10232
-2828
-14316
289
-5092
527
-1016
4359
-12284
-265
-6096
-13520
-10168
1266
-3024
7414
-15316
-3314
-7140
1289
-20464
4611
-5088
-4393
-7144
1037
-9152
1534
-4072
5643
-2000
-4376
-3060
267
-4068
2578
-980
2591
-6104
-10020
-17384
-39
-9188
-3584
-8148
306
3096
15620
-22244
775
-11012
6164
1056
4845
-2000
-4874
-11016
-5357
-13288
-5876
-4900
-3389
-3844
1535
-8140
8193
-8148
253
-800
5385
-16352
-2037
-7140
3615
-11256
9230
1040
-2064
-1996
-3795
-6120
-3049
-9988
3563
-8996
2081
-5892
-7447
-1008
262
-20480
4599
-7104
3577
-2004
-1756
-16380
-7462
-5112
3568
-5072
-538
-5068
-10241
-24272
2523
-10208
1776
-13244
-774
-8164
-3299
-8180
3329
-9180
-5907
5144
5
-968
2858
-2044
-6158
-4064
4317
-4040
1554
-7132
-5351
-3048
-1047
2052
-1287
-11260
-5385
-6128
-1036
-7132
737
-6128
-3075
-4040
1519
-7140
8161
-11216
-484
-4044
-4869
-12220
478
-10200
-2333
-17156
-2297
-22020
-3045
-3048
7160
1048
-1008
-3068
-1737
-4068
2062
-10212
-5627
-2044
5116
-13284
-6638
-8156
-7169
-10216
-1819
-5116
556
-6116
-12304
-9188
268
-16332
-18
-18424
2322
-4060
-14
87
-6157
-5084
1270
-8156
-539
-10216
-6900
-10216
-9718
-5108
2810
-8176
-2786
-21492
9741
-4868
-8722
-4056
-1028
-7112
1777
-19392
-2540
-10212
-2826
7252
-10738
-9184
-2277
-2020
1521
-10196
-8945
-2832
-3562
-17396
6661
-7136
-2774
-8148
8673
-10192
-2020
-6124
6395
7172
-3584
-6116
-1026
4120
-2266
-8172
8730
-5044
9225
-2004
-1562
-7940
-4343
-4080
-5642
2092
5399
-14280
477
-996
7667
-16144
-7132
-4052
5379
-15320
796
-8128
1288
-20444
-5679
-9180
9983
-6940
3092
-996
8439
-5900
-1
-6124
-250
-11240
6420
-9176
-8670
-3848
1516
-8132
-1797
-7120
1322
-4064
-3815
-4080
2823
-6100
5879
-13272
-1286
5132
6691
-11228
-2028
-6136
784
-8164
-13077
-5920
-263
-9168
-2255
-16368
6900
-9192
-500
-8160
-275
-4056
-1749
-8188
-6131
-11228
-6194
-8148
-1261
2108
17
-8176
950
-5108
-1528
-4056
1313
-2040
-4641
2100
1559
-964
-494
-11256
-4141
-10184
473
3136
-3066
-24292
-8962
-11012
1268
-11200
4082
-9204
-475
-968
5363
-8152
-4352
-7084
4329
-7132
2314
-3064
2283
2048
3352
-7124
-2062
-11208
3570
3316
-7449
-4028
2572
-10208
-2016
-10216
-5102
6204
4591
-9188
-3828
-16356
3342
-12252
263
-1820
5331
-17364
2830
-12248
8496
6172
-4613
-8156
-10007
-6132
-2025
-5072
3363
-11036
-4625
-6096
-5615
-11264
-3808
-8176
1277
-13060
3346
-4048
2023
-7152
-2226
1072
8175
40
1541
-9184
-3571
-15324
-2811
-16336
7442
-4036
6927
-3048
-6134
-11228
3098
-12264
-1009
-2016
-6411
2084
3330
-7136
8206
-988
-9983
1024
-499
-4060
-4626
1036
2026
-12268
-3840
-3036
2782
-13304
-2579
-8160
-7952
-11236
4848
-1016
-2524
-1024
-10467
-10236
-5642
-13284
-1299
-7120
4876
-9188
5626
-6100
17953
-10224
-3292
-5080
-1302
-8172
5359
1052
3804
-10216
1043
-9164
-17404
-10200
7893
-6080
1776
2232
-6152
-11220
6408
-10240
6682
-13244
-519
-5044
2815
4096
10501
-8148
-10
4104
5396
-6108
-1778
-16372
6943
-19404
-6409
-3040
-6376
-9196
-3359
-16348
7441
1028
9465
-6144
2327
-7132
-8974
-10220
-1544
-1024
1527
-6140
3351
-10208
-5619
-15324
1525
2072
3346
76
-1292
-5084
-4077
-3004
-5123
-2024
1555
-6112
1021
-5092
-3075
-1000
-1022
-776
6636
-16356
-784
-3056
2579
-20432
-296
-9188
-2282
3088
3825
-1004
-3304
-6916
1496
-10232
-749
-7128
2310
-11264
-732
-7108
-1534
-12272
3066
-6104
14311
-4068
-1539
-4084
508
-3056
-2016
-8172
-11507
-4032
2832
-4032
19
-7140
-7915
-6108
1521
-988
1539
-6116
4836
-9216
23
-6920
-1267
-1008
-6914
1272
2526
2056
-5594
-21268
-9984
-17388
-4375
-16344
-4119
-7168
2859
-5076
2821
40
4377
-5092
3034
-14292
1797
-11248
-4591
-9196
2299
-11244
-7163
-3052
-6139
-4064
-4370
-6104
-7706
-6128
16114
-11016
-773
-4068
13319
-3036
-2046
1032
-13580
3096
3077
-1820
6159
-6136
11027
-6116
-251
-4060
4350
-1000
-10254
-14296
-523
-20464
478
-11260
-248
-10208
3600
-7152
5614
-16368
5874
-11220
-3570
-13296
2545
-8128
-11545
1036
3064
-7144
1321
-1800
4871
1024
5123
-9180
-8701
-13268
5089
-6124
-3080
-5080
3312
20
2046
-15324
2285
-9212
-3589
-10216
-243
-15320
-3326
-5072
-3081
-7168
3089
-9188
-3848
-10196
10258
-11216
-3567
-12264
518
-7140
-4615
1048
7196
-8192
-6165
40
-2064
-16368
530
-6112
-2528
-4024
10259
-7152
536
-9192
-1015
-9208
-3077
-6124
8192
-9148
4616
-4036
-2043
-3056
-11782
-26120
-1035
-13248
-3829
-3056
-2015
-7160
-9215
-6084
-1788
-10180
-7690
-17344
6671
-14324
11318
-8172
-8938
-2004
1764
-1000
-10222
-1008
8204
-18408
5614
-10220
3604
-2820
-2791
-16352
-6398
-13260
-3816
-13276
1526
-3844
-3113
2080
266
-15116
3033
-15324
5142
-4084
-3556
-11216
5881
-2028
-1033
-14300
11044
-9160
-492
-3036
2291
240
-3044
-10196
4623
-2016
-5891
-6112
-2374
-8976
-749
-3860
-5143
-5100
3080
-9192
-1524
-2024
3086
-7144
2599
-12244
9992
-13276
-1495
-7128
1804
-10184
-2315
-19216
485
-8156
-5118
-9152
9973
-11244
-7150
-3016
-1037
-7112
-264
-4064
-12548
-10232
506
-10192
17452
29992
10738
-6096
3347
-2044
-6921
1064
-11
-3036
10520
-8168
-804
-9988
14105
-14292
5645
-1008
1811
-13272
1551
-980
2068
-4092
-8983
-10196
1061
-16152
2849
1064
-496
-7120
955
-8116
-5147
-2028
15364
-10000
-2828
-5096
-991
-9180
517
-7168
256
-11236
-2062
-14096
-10743
-7156
2346
-9196
10767
-13252
-10209
-14304
-4304
-5108
-7709
24332
4337
-16360
-513
2060
231
-5060
1287
-5116
-7940
-5112
-265
-7136
789
1060
-6644
-7104
474
-9192
2539
-20432
26
-8184
4072
-7124
3836
-18404
8458
-12228
-5110
-13280
1811
-7116
-14115
-13312
5383
-8152
-2851
-12264
-1029
-992
-766
-14300
3069
-13280
-6144
-8164
9505
-2032
10252
2068
4609
-11216
1787
-3032
4626
-4056
-10228
-1992
512
-13244
-1805
-11232
7885
-8116
-10451
-3000
519
-2004
7380
-11224
-274
-4876
1525
-4072
-277
5124
-775
-2008
543
-19452
6406
-4076
-3574
-12284
6648
-5108
-4101
-12248
4139
-17348
2562
-9180
-490
-8980
5603
-5064
11
5160
2550
-11240
6889
-9204
4090
-3032
-970
3120
-10226
-784
5367
-2000
9713
-5120
1320
-5084
3576
-10180
-1792
-22216
-3884
-15328
3336
-8192
3321
-4072
-4086
-8160
-11538
-8152
8475
-1996
5099
-13288
-8444
-19412
4861
-8964
2874
-5076
-3089
-1000
-1517
-14328
3327
-5072
1559
-8156
-1055
-8164
11792
4108
1022
-13308
-3591
-10196
-11282
-11224
753
-12216
6415
-8176
5634
-16344
-2568
-3052
4616
-9200
7439
-10200
-8213
-2028
250
-16340
-3321
1080
-9258
-6100
776
-7132
1036
-5892
3810
-11244
5371
12
5899
-10232
-4888
-9180
-4330
60
6429
-5084
-3308
-10200
-1016
-9200
-6441
-5100
1015
-6116
-9223
-12228
1801
-4064
-6407
20
-2076
244
772
1064
-6642
-4060
5121
-10204
-8207
-16328
2277
-4052
5106
-14280
4862
-7148
267
-13284
6137
-3032
53
-6140
1572
-7132
-6928
-2036
2831
-3040
2845
-12244
4875
-9168
4874
-5072
-15114
-2836
3846
-5072
-4346
-19136
-2548
-15328
-1017
-7096
-5132
-6120
-2330
-8156
6656
-8188
-1780
-14280
-2264
-6920
-262
-12256
3852
-8172
14071
20
-3579
-8156
-3835
-2048
5895
-984
8958
-15332
-22
-7956
-3332
-4080
-3075
5144
10010
-3072
10722
-6916
-4893
-10240
4384
-13280
4605
-11224
-4586
-6088
1805
2076
4855
-12264
-4827
-4076
-2821
-11228
-4863
-6112
2516
-7156
289
-4080
9007
-4064
-43
36
3824
-5092
-532
-12280
10760
-7128
-15607
-9208
-4380
-12220
-3583
-16356
5887
2292
-4330
-14245
5629
-10212
520
-11204
-516
-1012
9215
-19428
2353
-14292
-2055
5156
-2065
-4052
1271
-17396
-5114
-10192
4840
-1016
12797
-17408
3087
-8172
-5884
-9168
-1292
-9180
-4881
-17348
1786
-10204
2306
-3036
-4601
-8972
7420
-10184
-1793
-24268
5125
-14304
3378
-5072
6663
-4036
-7421
-9988
4329
4104
-6632
-12264
764
-6076
471
-17388
-4347
-6108
-5667
-10204
-6167
-4060
502
-2048
2809
-19408
-5363
-4088
-4607
-21464
-3291
-5900
-8953
2096
-4331
-11248
5378
-5044
1518
-976
2287
-980
8954
60
1549
-5080
-2306
-16356
-537
-7116
9
-10216
-4624
-9196
-6913
-12252
2294
-18420
12296
3120
259
-8184
4133
-7108
4107
-12232
-3623
-980
-7912
-9208
7139
-17380
-3338
-8140
2024
-12268
7699
-788
6403
-6916
-7173
-1012
-6658
-4048
5090
-14268
-3578
-1004
3607
-10236
10778
-30676
-1040
-4076
-4338
-4088
8209
-4036
7939
-11180
-16895
-10232
-10004
-7132
4859
3104
5887
-10220
-3606
-8168
-5889
1064
10256
-18376
5124
-9188
-6874
-3056
-4887
-4009
-515
-3028
4306
-6140
-5134
-9188
-6415
-20460
1740
-6104
-5849
-996
3589
-13264
-4082
-9172
-7729
-21468
3061
-3048
-10228
-4044
-3310
-10228
6355
-6045
-2298
-2016
-2793
-7140
1553
-7124
-5380
-4052
-9498
-4884
6679
-19436
-4158
-12244
756
-3860
-502
-13264
-3849
-6128
275
-996
-5121
-17376
-1062
-2040
11583
20
2262
-4880
-4605
-5116
4097
-11264
-7691
-5120
-8465
1064
5125
2084
14062
-7152
-3089
-8972
-2800
-14300
-5938
-6060
6426
-6100
6390
-7152
1035
-13288
-3
-6060
9522
1056
-3346
-12248
-1795
-10212
-3572
-9180
-531
-10188
7428
-1012
2313
-14320
-5384
-8972
3595
5164
-3130
-6140
-1030
-13268
1743
-12268
-5880
-5068
-2047
-7128
2091
1068
1238
52
-1543
-8168
4083
64
-757
-5092
5620
-17356
2813
-10192
-2056
3104
-3577
-5092
4590
-6108
-5572
-7948
542
-5892
-215
-8180
256
-16328
2339
-2024
-4356
-7120
3576
-9168
3359
-5900
-2811
-3048
492
-14284
-3309
-7136
4875
-6108
-34
12
11011
-7132
793
-5080
2343
-11232
-252
-9204
4909
-19444
2313
-12177
3073
-7944
-18681
-6088
2299
4124
-3587
-7156
-1757
-1000
-3588
1044
-463
-7112
-764
-4080
1272
5176
-5929
-8164
1251
-14288
-6649
-3024
8975
2080
6166
-1020
-5131
-2828
6642
-16360
2566
-5076
749
-6124
1064
-11204
9494
-10240
5130
-17376
2575
-9188
1009
-9172
-3866
-15284
-9229
-8964
2540
-8132
2828
-16348
-1532
-7124
2793
-9168
-4637
-6084
-8704
-7168
5895
-11240
4840
-8976
2298
-9204
-10240
-10188
1036
-17404
-3358
-14280
261
-11228
-10755
-8152
-4109
1064
-261
-6104
-5614
-10016
-3588
-988
739
-3036
5098
-10228
-1047
-18412
-3060
-4084
3090
-9180
2315
-10240
2032
-12264
-5897
-11236
-2573
-7168
8458
-13276
-3332
-13244
4839
-11220
-13569
-10228
4067
2076
474
-10184
5370
-18404
-1043
-1008
1775
-15320
-10267
-16340
6865
-7104
-1527
-19404
-10968
-12280
2038
-10212
8193
-1012
-8201
-4048
-3579
56
-7439
-3044
-2328
-7156
5154
-5088
7137
-10232
-4589
-16360
-1266
-9160
-2322
-11260
-1274
-7073
3087
-1024
2104
-9180
10513
4
-3836
-20448
12558
-6088
4862
-9172
284
-17344
11783
1068
772
-5104
-7214
-9200
-14335
-17384
4367
1076
1005
-9192
8179
-5072
4107
-6128
-4107
-5104
4354
-7148
-6156
-12272
-2283
-5108
521
-6084
3337
-2008
8433
-2016
1282
-7152
2561
-9188
-1271
-6096
220
-11224
-466
-11240
-536
-6116
3821
-6076
1804
-11224
-8208
44
-8724
-16348
5371
-7112
-5867
-16336
12561
-13264
6673
-20444
8166
-10220
6653
-7132
-3833
-11236
10211
-7152
-2321
-17404
-4339
-9176
-3577
-11204
8203
-9164
2343
-12260
-266
-7128
4875
-5108
7668
-7980
9
1036
4605
-1004
-14055
-6120
3071
-2008
2256
-2832
1026
-5092
226
-2036
-512
-2004
-7705
-8172
3074
-14096
-1034
-13272
2549
64
-238
-4084
-4649
-7944
-2561
-1961
5363
-14332
295
-7152
4871
6152
3085
-8089
2300
-8160
-4609
-11228
-7394
-12244
-487
-8132
-2816
-13272
7932
-1000
-251
-13292
12054
1032
3576
-9156
8488
-976
2275
-15336
778
-15108
-2549
-11228
1252
-11264
-8205
-9204
-3829
-8180
-4348
-11016
1778
-12272
8978
4136
-4084
-9148
-5647
-9152
8942
-10200
759
-14280
245
-7160
-6177
-11216
1282
-7140
2866
-13252
2055
-16364
239
-3848
-5638
-9164
-5667
-14336
7933
-12216
-4636
-8164
-6693
2084
-5890
-11236
3040
24
10747
-20460
-4603
-6092
3851
-12280
5138
-2820
4599
-4068
1050
-10216
1533
-988
-1814
-5060
-4135
-11220
3066
-996
-6359
-11240
4843
-3848
-2058
-5892
-1020
-1012
2829
16
10498
-5064
-1772
40
-3301
-5088
-1048
-5080
-4105
-5052
-757
1056
991
-7156
-3336
-11216
-1532
56
-2289
-11184
-2069
-8188
9954
-3060
-8731
-13244
6404
-5100
1041
-5116
-1546
-7136
-3844
-9180
-1787
-9188
-2313
-11228
2516
-20476
-1262
-12256
2798
1044
-1276
-6120
-4098
-17396
-2037
-5076
5668
-4056
3062
-12232
9689
-5108
-7163
-1004
-1553
-3024
-2294
-6136
10506
-14256
2096
-8152
5405
-6124
-3068
-14328
3052
-5932
-1279
-968
-6148
-15348
-2053
-6120
5078
-6104
-1516
-6128
6632
-11208
742
-7156
2027
-13312
2296
-6096
1780
-4044
14
-10216
-1553
4104
-9477
-9160
12547
-1980
13071
4120
2541
-6112
1281
-1996
-9471
-12228
-5382
-9204
-10482
-2028
-9684
-13280
-1816
-6928
-10514
-6116
-5387
-7940
1006
-15300
505
-16348
5359
-3060
506
-12256
-5896
-18364
-6151
-14312
-3343
-12264
-5136
-13272
7952
-4064
-494
5140
3839
-9180
-9987
-5100
-3067
-16344
-4912
-22032
4100
-6124
7956
-9188
-2302
-14092
7939
-13244
-992
-8168
2357
3092
4610
-13288
9482
-992
4112
-11236
-1267
-12248
7677
2300
-4835
-2012
-3607
-10204
1751
-9192
1804
-15344
2801
-6128
-506
-15336
2021
-11260
-4342
-5044
6400
-11228
-3372
3076
-5324
-3024
8191
-9188
-6946
-8192
2056
-10240
8949
-12040
-5629
1040
6893
-3844
8961
-8172
4905
-2032
-1009
-980
1802
7400
-3328
-5084
-546
-9184
-3850
-8152
259
3072
5107
1056
776
-2040
-6668
-9208
-2556
-5068
-4644
-11264
-23
-11240
6162
-12252
1268
-15124
-2584
-4024
2296
-13308
2827
-4048
-6121
40
3821
-5120
-8709
-2036
5363
-6120
6410
-17384
5137
-9180
-466
-4032
-286
-10208
-3083
-5080
-1506
-13288
8182
-5072
5603
20
2609
2072
-3058
-6096
1032
-7128
-8730
-4064
-12311
-6924
-5856
-14260
1798
-10212
6392
-14280
-7665
-9176
3343
-7152
8178
-8980
-1283
-15328
2566
-3040
-4361
4344
6670
-13284
-5350
-4012
-4866
-10220
-2573
-18360
-4098
-11228
-5617
-8964
-1029
-4068
1533
-11264
-464
-16140
-4883
-18204
-4348
-984
-236
-12248
-1307
5132
4326
-1000
-4111
-9216
257
-8124
5379
-9164
-7910
-11228
761
-10224
7415
-3020
-4830
-13300
4097
-4044
-1752
-9176
1814
-976
-491
0
1027
-3852
4097
-9208
5365
-4048
-4346
-5084
-6389
-2040
1764
-4888
-6165
-6948
-8407
7196
1521
-9188
-8166
-7136
3297
-12248
-1039
-7088
9217
1072
7673
-5088
-16641
-21488
232
-10228
741
-6936
4316
-10204
314
-2008
3334
-972
-9949
16
3592
-2028
1526
48
-1276
-5892
7179
2112
259
-5092
-7417
-6916
-2513
-1996
-1794
-2024
-2593
-10196
-6675
-14252
-2051
-11012
5408
1028
-5388
-13296
-7179
-4032
2036
-3072
-1004
12300
-1844
-13292
-769
-15336
4646
5132
-10791
-1004
274
-10216
1241
7204
-4362
5140
740
1060
-9193
-7156
272
-7156
9220
-10228
8957
-9148
2810
-6108
-6122
-6108
3117
-5108
741
-8160
-1538
-18412
-2
-980
13329
-11228
4597
-5912
2567
1072
-5627
-4096
-4601
-11232
4328
-12228
-5123
-14304
-5912
-15352
-7929
-14292
8441
-8128
-1035
-15332
-228
3076
-1542
-5100
-3066
-4060
6657
-6132
-4823
1248
-3610
-2028
3075
7220
-2543
-12244
5544
-8156
13325
-12272
3589
-6080
-997
-4036
7679
-7112
8745
-11264
5129
248
-11013
-18420
-2313
-9168
-3317
-7960
9456
-6928
4333
-5920
9761
13316
1290
16
8970
-14280
-4597
-12272
4666
-2008
3083
-13240
-742
-3024
7951
-6092
9454
-2000
12578
-2008
13300
-12236
-2042
-6092
4122
-10200
-8946
-10180
5866
-24308
2585
-6053
-6427
-6080
-4110
-10208
8457
-3044
-2836
-2048
-2309
-5064
17158
-5096
4142
-17372
-3575
-13296
-2539
-10224
6925
2292
538
-6084
1021
-9188
5180
-964
1521
-4060
2567
-6084
-1324
-784
-2546
-8964
2809
-8140
764
-4068
-4596
-6124
2311
-6112
-3294
-7140
-3078
-14308
3585
-18420
-552
-9156
-7945
-6128
233
-10192
-1536
-22212
4376
2048
2332
-8152
-7451
-12272
2087
-6124
5359
-7168
-4350
-8148
3568
-4020
3805
-4076
-2247
-1004
-2586
6156
10757
-12236
-3827
-14096
8706
-10192
7969
-12228
3340
-10192
2302
-9204
-5152
-6124
2563
-6112
8437
-13272
-6660
-10216
6143
-6920
-5871
-7160
772
-16344
2575
-5076
2023
-14312
-11258
-6916
-2568
-8144
-6151
-972
-1279
-8172
-4852
-3036
-1053
-9152
1786
-8148
10003
-2044
-7379
-13260
8444
-15360
3620
-13084
9694
-4040
1248
2116
-5881
-3852
4347
-11012
-8964
-10208
5105
-5088
-3066
-20440
-487
-10188
-9762
1068
-9505
-12268
265
-16372
2303
-9992
249
-13280
-2833
2108
6678
-7124
-6947
-4064
-7163
-8964
4106
-4060
-1520
-6100
1805
-5104
4368
-12268
5680
-13276
-1280
-9180
4318
-23272
-6650
-5120
3331
3092
-4361
-5092
-3573
-10188
15868
2104
9427
-9180
7914
2076
-5345
4116
15
-11232
-4608
-14320
10216
-12260
760
-5116
4344
-13284
1770
-2008
11805
-14260
-4870
-6104
-12558
-7148
4090
3092
-3591
-5096
13304
-8148
5146
-6124
-7158
-10172
-1303
-11236
1290
-4060
-1002
0
-9757
-4084
4879
-4088
-4832
-3032
-2295
-4072
2271
-17384
9738
1056
9967
-12268
12807
-7156
-1518
-6132
794
-9160
281
-7164
-4355
-15112
4355
4
-24552
2112
-3611
-9192
-1547
24
6167
-8156
8978
-3052
12828
-8180
-11769
-8184
1038
-8176
-1265
-8148
7415
-1800
3334
-21480
5935
-1000
1051
-6124
-2277
-8172
-1834
-16340
6126
-2048
-11986
16
5608
-18404
5650
-11216
-7170
-4020
-2340
-2024
4346
-6916
-5384
252
-3601
-12232
-3575
52
1494
-6104
4053
-12212
6179
-3004
-1781
-17360
5416
-11244
1763
3136
-1547
-5088
1811
-8168
2541
-11244
276
-10196
6383
-776
1033
-6120
-1546
-12256
-4079
-13260
5141
-22236
3836
-5084
221
-3024
3556
-3036
-261
-8192
4838
-5116
5893
-3044
-6659
-10184
4321
-13304
8194
22340
-1016
-14328
-768
-3068
-1809
1276
10483
-11208
6943
-2024
9759
-10228
4119
-17368
3599
-4096
-1296
-10224
3342
-19428
1796
-11024
-6181
-988
-2072
-11224
2806
-968
-3324
-4064
-7397
-10208
8165
-14288
12824
-8172
-6857
-8192
7428
-8976
-4326
-8164
-1011
-7156
-1540
-9160
3073
-996
262
-13260
9498
-10188
-11769
1036
3858
-17364
14587
-4072
4352
-11228
3331
2288
5398
-5084
789
-10240
784
-3032
-3585
-5084
-2322
7188
4611
-7944
5374
-16340
7903
-5092
-2827
2056
-2037
-5116
-2813
1088
3343
-3044
5880
-8184
-5925
-10188
2842
-7132
2544
-5064
8231
-13296
8453
-8160
-10205
-3048
-13064
-3032
8159
-5084
3817
-9204
4376
-17376
512
-14312
-1505
-4048
5414
-18424
-4357
-5088
-4103
-11204
6679
-7160
6677
-15304
2803
-5076
-4355
-14280
-5917
3128
-527
-7136
-6143
-14316
-8697
-9136
4337
-2016
9945
-2008
-726
-3040
-2581
-9152
5879
-14308
-4091
-9184
9491
3104
-2270
-2044
6086
-12240
2051
-972
-3096
-13300
2553
-7132
-8713
-6112
18
-4060
788
-8152
6
-956
10740
-7148
-2055
-10204
-2043
-4092
-7430
24
-4353
-7140
-2292
-8188
-505
-16340
-4075
-22236
-4374
-4056
239
-5080
3594
-7128
517
-15296
4634
-13284
9461
-16360
-2073
-15340
-6637
-8124
-7686
-9996
-479
-11260
-1003
-16152
6641
-5060
5342
-1796
-4843
-4076
-309
-6116
2290
52
4
-9172
783
-8176
-2861
-14316
2285
-7152
-5892
-4060
-5366
-9188
-2812
-7120
-10750
2296
1792
-3024
527
-12236
-5094
-3064
-763
-1024
6406
-1796
3564
-12284
-6662
11500
-6113
-5072
-1780
64
4326
-15352
-4380
-13268
-2594
-2004
-4616
-3060
7155
-11216
-2817
-11220
1554
-6144
-15139
-15300
10002
-14312
3393
-4076
3564
-12224
-4875
-14288
1596
-2985
4115
-9208
4635
-15316
7175
-8016
1281
-13260
-756
-9180
1776
-6120
5907
-7128
-4610
-1980
-231
-7156
-4092
-9188
-1296
-6068
-5427
-16344
-784
-6108
3868
1040
-1501
-3020
-25
-8156
7930
-13272
544
-2012
8182
-3052
782
-3056
778
-15292
-4405
1048
1797
1052
-6373
-6068
16642
-4044
1779
-7120
-4603
-7168
-518
-9204
-246
-4060
3606
-16348
1758
-7112
1796
-3032
-4862
-10220
1277
-3048
-1526
-4064
-514
-12240
1789
-14312
1537
-3048
8467
1052
-5382
-11224
-8473
-11248
6619
-20456
-8183
-6100
13580
-6116
-1284
-19392
5392
4132
-2805
-10232
4849
-21432
2752
-12244
-8473
-16372
3059
-5892
-13761
-12288
5789
-9164
-1513
-4040
4895
-7136
1280
-4048
-993
-2824
1267
80
-3858
-13300
-3568
-9188
5935
1084
-3045
3124
-777
-1004
-6411
28
1072
-12264
-502
-3052
-11287
-3036
-6888
-960
3345
-988
14
-5096
-290
-12232
1033
-6916
-11500
-21484
-2814
-19416
10212
-9200
-5138
-14316
5859
-4092
8963
-13228
-3088
1052
2555
-12272
-2549
-22220
-6159
-4056
4828
-1016
-3332
-12240
-2286
-10160
-760
-15320
-270
-6096
-6933
-8172
-2280
-5080
-4314
-7944
762
-1008
12291
-7128
-4888
-8144
-6149
-6045
8440
-10212
-5343
-9176
5123
-9200
-10251
8248
1515
-3856
2580
-3044
18
-9136
-7147
-13084
-1557
-5900
-3593
-6112
-2831
-22220
-16
-13296
1509
-11220
-499
-9156
-6150
44
-14666
-10184
2808
-3024
-543
4
-6127
32
-500
-5064
-8219
-9196
6136
52
4616
-4088
7416
-10224
9966
-9164
-2067
-992
1539
-6104
10749
-8136
5890
-2004
5361
-5080
1810
-10216
6381
-5092
1555
-9180
-264
-9216
5617
-8152
746
-21456
-7953
-2020
6663
-6112
12293
-9164
-748
-10204
-1757
-6104
5108
-23280
-1802
-10000
-2796
-5912
-1519
-996
2337
-11212
-3348
5128
1041
-9216
9994
248
2290
-4076
-3567
-6128
493
-16356
2813
4
3325
-1796
-3565
-2000
-5391
-9156
5106
-6140
11246
-7132
532
-1800
9976
-10145
-2543
-13260
5093
-17408
496
-2024
-5102
-12220
9707
-7144
1293
-10172
-4608
-12252
-4596
-6140
3
1052
-1001
-10212
-3831
-3020
8455
-3048
-255
2080
6896
-5052
4369
-3048
-3328
-14284
4341
-22220
-1237
-5104
4667
-6124
-4115
-15324
-1570
-17392
3588
-2008
4592
-5096
-1586
-7156
-1525
-10228
3582
12
3583
1080
19945
-9200
3582
-1000
-2773
-14288
6125
-12288
-3823
-5076
8993
-4084
-499
-9200
3304
-12236
-491
-14324
-5117
-18341
-9482
-9164
-3313
-13296
2563
-5120
1250
1040
-17960
-15328
4595
-6140
-290
-7948
-3855
-6104
2042
-11248
-2820
-13288
-3353
-3036
-3529
-10192
514
-4052
1031
-4064
6385
-5084
-1275
-6104
1029
-988
-4082
-1012
992
-10192
-18
-4064
8193
-10000
3593
-3044
-7695
-12228
-1527
-6916
-3057
-11236
-3847
-7148
-12276
-8140
-3117
-12248
-1503
-7156
-8988
-12244
7700
-12268
-8454
-1008
-13834
-14288
1504
-16332
6917
-13300
3036
-996
6393
28
-2813
-16360
1780
-13280
6902
-12244
780
-5104
8446
-17368
-1781
-7152
-2306
-3072
6664
3108
-7153
-15320
512
1060
256
4
-3049
-8160
2553
-15348
-9973
-9204
2560
-12228
746
1072
30
-7120
5350
-10216
-1505
-10216
-2284
-8156
1238
-12256
-1790
-4060
-262
-2048
-2546
-2020
-2285
-13256
-5128
-11228
2016
-780
5390
-11196
1800
1032
4862
-10204
5366
-13264
1996
-4052
2567
-2032
-798
-2012
-4085
-8172
3059
-11232
216
-5116
-5392
-6928
-5141
-8136
-3037
-2048
4586
-7140
3567
-7940
-4076
-3016
-2834
-11260
3334
24
2026
-4088
-4581
-4096
743
-7944
-223
2104
3850
-3848
1265
-3048
1284
-10212
-13596
-17372
-10196
-12276
1534
-20448
8689
-3016
-6926
3072
12814
-6088
-7210
-11188
1011
-11012
-7182
-1016
-9465
-14316
-4084
-9172
3311
-8180
1532
-972
3329
-5112
-3321
-14304
10757
-12252
-3608
-992
-18
-17400
5143
-13312
557
-5904
-2292
-8148
-6909
-14104
-5875
5148
-1533
-9000
-3332
-10208
-9185
-5096
-4597
2084
6892
-17368
-515
-7128
-3327
-11024
3059
-1012
-4327
-7144
-7696
-11232
2815
-6096
-4644
-4056
-1004
-10208
6910
-14268
10232
-5108
5130
-14276
5618
-12256
10769
-9992
3583
-1020
3863
-11252
3585
-4060
3077
-7940
-4838
-6068
7473
-12256
-1013
-3056
-1515
-7152
-12789
7224
-4874
-15360
528
-8144
-6141
-9172
21931
-12284
-8175
-3032
4376
-11224
-8204
-10184
-1031
-1000
5661
-12260
7138
-10204
-275
-5100
-2339
2100
-4337
-2000
6167
-9148
4618
-1988
7393
-9196
-8722
-7120
-1770
-1004
1009
-10224
6893
-4068
1783
-968
-3812
-4032
9199
-5900
1807
-992
-512
-12248
4879
1032
3567
-11177
5401
-5100
-504
-9192
5896
-7144
2815
-1796
-5367
-11236
9491
2120
-3314
-2020
7411
-2832
-9962
-3044
-4134
-3844
-3067
4124
-1008
-7140
-7154
-10196
-3089
-16144
8172
-17340
3836
-10224
12036
-6124
-9194
-7132
3879
-3844
-496
-6076
-1816
-7108
-1814
-10224
1571
-13244
-6375
-1808
-11257
1060
10240
-9192
4618
-10196
1289
-9204
-6614
4120
5615
-9204
-2305
-17376
2333
-8172
6392
20
258
3324
2773
5168
1811
-12260
-9967
-7112
-3345
-6132
-38
-7152
2365
-4064
3342
-6092
6114
-7952
2084
-8176
-2538
-7132
6657
-13276
-730
-14296
-8951
-9160
6910
-4052
-3845
-16372
5081
-14320
9206
-4064
10771
-16360
-8734
-11236
6669
-2032
209
-9196
-1307
-9196
13054
-9188
3379
-5076
1262
-15348
2300
-10204
775
-7120
-3570
-996
16346
56
-1495
-1008
-8936
-12224
-8976
-4888
1275
-10208
-2018
-12236
3828
-19420
-5895
-7940
-2044
-5892
-241
-8160
-741
-17364
-3823
-11232
1001
6160
4588
-10192
4601
-7128
1280
-3024
2577
-2008
3578
-7120
-5859
-14316
2790
-5892
-485
-944
1293
-5072
9476
-4068
-7186
-7128
777
-4096
-5112
-5052
-2081
1028
4619
-980
4361
-7116
245
-10232
-775
-8152
5178
-5104
-2259
2052
-6858
-12264
7943
-9168
-4117
-8172
4860
-5892
-10507
-12264
-14830
-7132
10777
-5096
-3361
36
2821
-3012
8163
-3060
1807
-10208
3328
-11240
-3787
-11240
-7443
-13276
4630
-1004
2023
-4056
-3047
-14312
3067
-10188
-2295
-11220
-8185
-3056
749
-5052
-3298
1036
1258
-12240
1294
-7148
-7174
40
-2582
