-11224
4344
-22260
3847
-15356
-4045
-12052
1033
-2036
-2580
-11220
-5131
-1796
-2543
-7136
-7434
-10236
-2293
-11248
2310
-780
-1019
-3028
-5888
-8148
5868
-8152
2604
-8176
4344
252
4606
-14308
-2331
-11216
4072
-12252
-2524
-7144
-12050
-7128
12253
-5104
2
-9180
2806
-7136
-1301
-7152
-1530
2064
7179
-1000
8477
-772
778
16
-4587
-6088
-12001
-9004
2792
-7956
-7453
-4072
-10244
2064
-2329
-12248
-3013
-11248
1792
-3056
2318
-2016
767
-996
-1782
-5892
-1019
-8992
8455
-5076
-8168
-2044
-6900
5140
11259
-5080
10735
-3052
-3796
3088
-9262
4128
-791
-13284
3067
-7116
-1504
-2828
-5637
-6128
7958
-7164
2803
-14304
-1286
-6100
-1537
-12276
-775
-13288
253
5136
3
-1004
-11532
-17340
-7162
-7136
986
-9176
-6154
-6112
5626
2088
6140
-996
-1255
-4044
3349
-15284
10259
5152
-522
-3848
-7161
-11248
-2325
-6132
1284
-4044
8693
-4048
474
-992
2312
-12248
3075
-6132
481
-24256
1500
-4068
2564
2072
-773
-8172
510
-12040
1769
-4036
-1295
-5892
1505
2048
-4879
-4868
1011
-3044
-3338
-11220
6890
-11244
-6598
-18388
7131
-13284
-1776
-9196
-1038
1068
9224
-12044
-3815
-5096
4865
-21496
-13318
-8972
3549
-3004
6912
-9164
5636
-9204
-2775
-18424
4850
-7140
-5117
-4072
-2825
-7108
-4094
-17380
-502
-1024
-1
-4056
7198
2088
-2025
-5112
3068
-11232
-2289
-4056
-8214
1028
-7196
-11228
508
-22232
3118
-3044
-1561
20
-8699
-13304
4326
-15352
10727
-976
2579
-13260
7138
-976
-10013
-6116
-1288
-1808
8981
-8156
-1788
-8188
3060
-5120
8205
-4068
-8701
-11192
-2544
-4048
-3806
-3028
8703
-7084
-2080
-12264
1303
1028
8458
20
10007
-16372
2327
-11236
-1037
-12040
770
-6100
3063
-6116
4848
-5104
5355
-5096
-3614
-8148
5920
-8964
1258
-3052
-3302
-5056
-9735
-5064
3047
-3036
5150
-19400
2846
-8192
-6405
0
11291
-13276
-7136
-4032
5133
-9144
-3595
-16356
-3302
-8168
6176
1040
2043
-7120
-16706
-11220
7727
-6136
4890
-6116
-5883
-8144
-10497
-8160
3616
-8144
-1780
1272
-3580
-12268
3332
-3052
3647
-10208
8752
-9152
-3340
-1800
10778
-4060
4117
-5932
7674
-15324
-1037
-8152
-3083
-15320
2047
-14284
515
-11256
1004
-7164
-6082
-13312
18152
4108
10030
-10224
0
5184
-1789
-9200
-5625
1084
2061
-4872
1263
-4064
-8
-5076
6379
-11240
2297
-8172
-2542
-2004
-6892
-5084
-3067
-3032
-268
-9184
-10
-808
-6932
5148
2810
-7128
-507
-14328
1528
-9204
-3087
5164
7705
-788
517
2112
275
-13288
8193
-5116
-6639
-11220
1005
-3060
2786
1272
32
-6108
7688
-10200
-2306
-7164
-3551
-8180
5635
-12252
-9723
-5096
11789
-8984
6415
-18416
-1276
-9188
-5862
-3860
-2312
20
-2576
-5900
255
-6120
3327
-6916
-4094
-8160
-1799
-2016
4854
-13084
-1536
-7152
-3337
1064
5892
-2020
3561
-8140
5390
-5104
7162
-9204
-1756
1224
-5426
-13296
2023
-13300
5633
28
5115
2068
2002
-7136
500
-18420
3335
-4080
-18
-3064
2310
-5060
-1794
-11252
-5882
-10224
-5303
-5112
1548
5344
-10743
-2012
-3551
-1000
-11312
-7136
5637
-4872
-2563
-2044
8967
-4001
-2056
-6100
-3584
3088
3831
-8176
-9188
1056
10734
248
-15633
-6120
-5677
-4048
10002
-3024
-265
-3056
1020
-3060
-3865
-4076
1283
-7940
-3859
-7948
1569
-16384
4350
-4092
4125
-948
-5635
-2032
2761
-2016
-266
-7168
-3852
1036
-1290
2052
-7702
-984
-2776
-992
7178
-7152
-5370
-10188
3326
-7940
1774
-17164
23599
-6076
-786
-7116
-5886
-5100
1285
-10228
754
-1016
1794
-15284
-10752
36
-747
7416
519
-5120
9472
-13288
-3043
4100
-3839
-14276
212
-17400
5656
-13304
-5355
-13252
-3826
-6936
4370
-16152
10225
1064
-5645
-4060
13069
12
6409
-14320
-788
-12224
2310
-9192
-513
6176
-4121
-11256
-501
2064
-258
-8172
-1564
-10184
-751
1040
-243
-7148
1315
-7124
-15854
-10208
6669
-8964
-1557
-10216
-1564
-7100
-7153
-8172
3333
-8964
-5599
-10212
-3067
-13276
12566
-5120
6137
-6116
-10005
-1016
-1790
-7128
11995
-2008
-13605
-4044
-7936
-5112
-4892
-1004
8734
-12256
3052
-4088
4875
3092
-5876
-6132
-2048
-3044
-1508
-968
-8197
-7084
-4837
4324
-3572
-7156
5326
36
-11518
-11024
6657
-2000
-8948
-4096
-3334
-6092
-11251
-9204
4347
-11012
5401
2080
-2277
-12260
-3347
-6116
-5130
2272
-4118
4096
2809
-3052
-3828
-4872
3327
-13312
-12010
2096
2270
-9184
503
-14088
6361
-4088
3129
-10216
3848
-1000
-2311
-15320
-5114
-13064
-6892
-8180
-4609
-9204
5367
-4096
-4593
-11012
8720
-12276
-4581
-10172
2551
-4048
8934
-7944
-4861
-8116
15332
-11256
7663
-14088
2818
-5088
-11537
1044
9727
-4084
5894
-6136
-11019
-6108
-5385
-3012
1551
-20456
16149
-14084
-2333
-10228
-6411
-11252
314
-14292
2528
-7940
-1015
24
8193
-6084
7159
-4080
3787
-17384
3620
-10216
-2527
-6128
6906
-6092
-5355
-4056
6644
-13248
-1818
-26336
-565
-12284
-1847
-14308
-1779
-2004
-2844
-13292
3567
-2012
-5398
-792
1524
2052
1289
-4060
-224
-3032
2059
-13288
-1004
-14296
-1801
-3072
7173
-7124
6162
-1804
-1830
-12260
11006
-12284
14620
-11244
3315
-13312
781
-8112
5385
-6136
5157
-1016
761
40
-11963
-8148
4370
-3020
4564
12
-2027
2060
3069
-1012
6419
2296
4348
-14300
-4352
-9204
-6952
-9176
1798
-22020
-3820
-9200
-282
-1812
4868
-7148
6684
-9176
-3091
-19416
-2044
-4872
9733
9224
2037
2104
1298
-7952
3116
-10216
5880
-7944
-5334
-14300
2272
-11236
1542
-2028
2554
-7124
-2247
-776
-3075
1044
4849
-11212
-4095
-3044
-2375
-6936
782
2072
1771
-11228
-3082
-6088
-5331
-7160
2007
-992
-5606
-3040
-4854
-20460
6393
-3884
-5417
-6100
-725
-8188
-5875
-15340
15845
-18392
-1038
-7124
-1790
-5072
7672
-6132
-7671
-12268
787
-7148
-4872
-11216
10006
1032
-2060
5148
8212
-8136
1802
-1008
5615
-4092
2034
-5088
14876
2052
3313
-8172
-5344
1056
2567
-6096
-3330
-16336
6399
-2020
-2561
-2036
1316
-2020
-2052
-15332
-4629
-6120
-1054
-2024
786
-8156
2816
-9164
-6919
-7156
-2521
-8148
3055
4128
-3850
-7144
4613
-9188
-5390
-4048
11565
-3052
1812
-6124
-1831
-3028
2033
-4088
-757
3116
1788
-7144
6389
-13288
5132
-2016
-7164
1084
2071
-9168
2808
-11232
-6420
0
5394
1036
2071
-4028
-9962
-6144
5640
244
3566
-7140
-249
-7132
1338
-804
-757
3124
9476
-4068
-4600
-19232
-2837
-1016
6414
-4868
2325
-8164
-2029
-6128
-2510
-2036
-6665
-9216
-802
2292
560
-2012
-2279
-8160
-4360
-3028
-7699
-9192
3560
-7120
-7201
-16132
5944
-1992
-2062
-9192
-10539
3092
1014
-10208
-10256
-11244
-4053
-1816
2526
6164
-1015
-8176
-3581
-8176
509
-6108
3857
-14084
3590
-6132
2806
-1800
-7949
-7144
-3850
-9996
-2550
-7164
9214
3308
-1545
-2036
2085
-7144
3628
-5120
-2025
107
5419
-4080
-3303
-9180
12772
-11244
-6920
-4088
3084
1056
3311
-4060
-6653
-10176
5626
1064
-8991
2072
8935
2096
-3065
4332
4109
-10184
749
-8120
3837
-8968
4333
-10208
-4884
-15316
-7941
-8148
-3060
-5108
-3597
-7148
-3578
-7144
5370
-5100
-6944
5128
-462
-12248
-2567
-1808
-253
-9160
-2061
-13304
-1851
-14312
-4061
-7164
4358
-8132
-2048
1060
771
-8184
5113
-17384
-4068
-1008
-8463
-5080
-13320
-4064
7143
-18180
6913
-8172
2006
-5088
1300
-9188
246
-980
1490
-7152
-6161
-13296
-4086
-4072
-5898
1024
-4604
-8164
5395
-12236
-5639
4112
-778
-3052
-4343
-11244
3332
-4080
1513
-4060
3588
-12240
2570
-10192
9991
2132
-6906
-5896
705
-18420
-3820
2052
-2312
-10212
-3060
-14324
2291
-9168
1279
-12256
3308
-14300
-12560
-8128
-7633
-5104
54
8
-10742
-15356
5378
-2840
3366
3084
272
-13276
-1271
-5040
1285
32
2286
40
-3587
-7148
-3817
-992
4100
-10184
242
-8148
-4623
-13272
6159
-9172
-7961
-9216
1254
-7144
1300
-14296
-5107
-12256
1779
-11220
-6456
-6916
-6137
-5080
-1038
-3044
9738
4348
-5869
-13060
-8174
-8148
-2791
-3048
-8439
-8180
-6131
-14088
4570
-1012
-6372
-6112
-5114
-3036
-4855
-11228
2829
3076
-2007
-13304
-3085
-5092
-5667
-9992
5377
4136
-5379
4112
-791
-8124
-7169
4124
-2527
4344
5083
6164
4117
-2820
-532
-13268
6156
-12044
1280
-1004
3067
-6108
-10026
-13308
9260
6180
-8425
-2044
11726
-10160
-4361
-4064
-6623
-6116
8013
-5104
-14029
2076
1990
-1004
-2334
-10216
5353
1052
3373
-11228
-5364
16
-5624
-10192
3335
-7136
1270
-984
-5911
-17368
7918
-4080
6643
-12252
14543
-11236
-4359
-9184
3850
-12260
7916
-10232
-1038
-12240
-3
-6108
-2294
-7164
6099
-8116
1036
-13080
-263
-3040
214
-6100
2793
-10204
-8438
12
4077
-6116
3048
-12052
-2813
-1992
-6627
-4096
2082
-5060
-3287
-4060
4105
-18412
-4362
-6096
7166
-2032
-2798
-4076
5372
1276
-9201
-8144
4589
-10180
1798
-9176
-1825
-5072
-6146
5160
-1547
-8160
-4659
-988
5894
-996
13831
-7124
-2827
-20444
-5140
-13312
-8707
-10220
-2820
-6096
-12020
4116
543
-6920
1561
-4876
1255
-5084
-8173
-8980
2301
-20244
1558
-9992
-5
-5096
26
-2008
-5089
-5108
-8712
-8152
4291
-7116
-489
-10208
-9227
-13260
2298
-11244
3347
-5080
5145
-13272
5898
-1804
1762
4108
4856
-10000
6658
-11232
-2040
-10208
-2816
-7168
-7920
9468
-4611
-5112
-12033
-15328
5390
-4080
-9726
-4092
13059
-13300
3837
-3060
5373
-7132
10031
-9148
-4046
-7956
1801
-8112
6107
-5064
-6902
-8180
501
-5116
-241
-16376
3901
-8164
6402
-6144
3084
-5924
5
-9176
-16126
8
1280
-9204
7155
-988
1514
-10216
7930
6384
987
-13060
-7680
-5064
-10499
-4060
516
-9196
10253
1084
-1287
-14272
5377
-8148
-2024
-7120
-3560
-9996
-8708
-7144
5877
-11260
-3344
-3044
-8707
-6100
3060
4104
-2488
-9172
-250
-5096
-4865
1040
2301
-13288
-5098
-10228
1815
-1024
3823
-14304
35
-2824
5614
-9196
1796
-9176
-1011
-6924
-11521
-13256
518
1056
1549
-8164
6118
-14332
2312
-10208
5391
-10232
-8985
-4088
-1526
-18360
6917
-3064
-3320
-4876
798
-1016
-2287
228
-2061
-2820
-9541
-12264
6402
-2032
-10267
-20480
7411
3100
3583
-5068
-232
-9164
-499
52
3603
3096
1045
-12260
-7155
-9188
1259
-13260
3071
-1000
-3061
8
10288
-8160
1803
-7160
4329
-13068
-2086
-6112
2068
-15336
3812
-3048
5115
-8964
-1796
-10192
-21792
-6116
-6939
-12264
-7144
-8188
-4592
4112
-282
-4084
-5910
1044
1297
-4096
-1570
-6112
5360
-7168
2831
-1984
-9232
-4096
6653
-11252
-5877
-6104
-5080
12
3071
-1020
5124
-12264
7464
-11260
-3038
-9164
-264
44
3089
2276
-8188
-12288
5905
-11188
-9242
-8172
8192
-4020
4087
-15348
-5119
-14324
-2537
-6128
-2017
-15300
4576
-2020
-3577
-4072
5895
3100
-8433
-4088
-6919
-8156
1279
-4076
-13835
-9188
-4367
-4092
-1285
7196
2574
-2032
-223
-11224
5911
-2020
-5110
-4072
8713
-6116
2336
-14320
-3825
-10236
-793
-5096
7711
8
4134
-11260
-5128
20
-4632
-7160
-4329
-8160
-741
3116
246
52
4617
-9216
-12587
3100
286
-6144
-3092
-5896
-2027
-5056
2026
-10236
-481
2096
-2773
-17396
-3083
-12268
-5682
4136
-5871
-8184
9222
-17376
-2335
-11232
-791
-6144
1515
-9176
3625
40
6408
-11244
-2875
-5060
-6162
-4084
-4380
-9216
-9192
8
3382
-12260
-7197
-5084
-1807
-4056
1501
-6132
228
-10236
-1299
-4068
3828
-7140
2788
-7144
-3829
11280
4855
-11240
-5127
40
-7715
9252
1804
-4076
6410
-6108
-6675
-8184
2769
-3036
2297
-6112
-564
-9212
6645
-976
-8
-13280
-1275
-6128
5899
-13292
1813
-5072
-2048
-7140
1566
-16352
2015
-14316
-1524
-14324
7428
-2012
4896
-2012
-4379
1032
-1300
-6108
-9
-8160
-9700
-9196
-7432
4140
6403
-7140
3342
-13068
1759
2116
-3607
3084
-2319
-9156
2252
-16132
-5140
-6916
-3067
-8152
-10012
-10232
5639
-6124
237
-13268
4898
2100
1815
1252
1789
-7128
-1553
-5104
-5098
-6136
-4841
-13312
7180
-6100
-2020
-9180
2277
-10004
-4095
-9200
-499
11512
4098
8
-1022
-3008
7706
-2048
-20
-6132
-2323
-1988
2326
-13280
-3603
-7140
8418
6196
8996
-20472
6897
-9144
-2288
-8192
3844
-9168
5114
-6108
4862
-12232
-225
4112
-1314
-8136
4623
-6104
-8448
-6088
981
-8152
5145
-5892
-7195
-6136
-6676
-8176
-522
-3028
1279
-3048
-13316
-1796
258
8
263
-11260
3828
-8176
1033
-5076
-2809
-17160
-236
-11256
-4116
-9180
-5888
5132
-3353
-8192
-10994
-4068
-3854
-808
5644
3092
3861
-6136
4346
-11220
-268
-3064
4084
-7132
-7938
-9172
-479
-9156
-2816
-9212
-3596
-988
-1032
-3048
8215
-4052
-3313
-4884
2563
-10212
2040
4096
1567
-10224
-3085
-6136
-4367
-7069
-5102
24
11520
-11256
-1770
-7136
-6171
-7948
8958
-3056
6408
-3872
-2309
3096
4091
-12284
-4638
5164
1070
-5084
1020
-9200
12050
-4076
252
-9168
3047
-5068
-9211
-1004
-1274
-3844
-2799
-10164
-6107
2056
-3277
-11224
754
-996
-7913
-5076
1780
1064
6160
-14324
8953
-1008
255
-5100
-1012
-4080
-6668
-1008
8673
-2048
-2050
-14300
5401
-7168
-802
-9164
-5904
-9200
8974
-4052
-259
-5088
15383
-7148
-6687
-18396
-1316
-10008
280
-2977
15880
-18392
3554
-780
10480
-14292
-3314
-6100
7434
-5100
-3615
-14332
2554
-6136
6657
-10240
-3602
-3056
-4070
-14332
4619
-6060
-3085
1068
3300
-7132
-6644
-15340
10503
-15308
2305
-6928
6932
-16376
6882
6196
-4348
10300
-285
-10208
506
-13260
-3838
-6120
6685
-15304
-6673
-16348
1804
-3852
4614
-6140
4110
-9196
3570
-980
-3823
-2040
-11002
-11216
4604
-15332
-3295
1060
-26
-14316
-5068
-9176
7672
-12040
-760
-3056
2842
32
5385
-12228
-9754
-12036
3314
252
-2284
-6140
5147
-7128
10204
-18188
5654
1060
-4559
-5084
-1552
-2028
6119
-8152
-7158
-13264
2553
-11224
-5885
-4040
9698
-12248
270
-2016
1265
-9200
-4617
-8140
-6926
-14336
-3868
-12260
-3571
-10192
5646
2088
-1270
-11012
-6697
-2000
265
-13296
-1823
-8160
5880
-13256
5655
-6112
776
-968
1273
2052
10277
-6108
-5652
-15312
-5118
20512
2825
-7128
3298
-3068
3357
-5072
-4852
-5108
13330
-12133
12301
-20236
-10198
-10240
-5111
1064
-3353
-9168
780
-6128
-3081
1076
-766
-6136
8718
-1004
1274
1044
716
-11244
-4341
-17408
-8195
-8184
-5901
-8148
-770
-17372
1018
-5096
2841
-14108
-2048
-10212
-1008
1068
4332
-14292
-7935
-6136
-1332
-13225
4886
-4056
-7442
-15308
-8741
-4076
-762
-12252
-5392
-4080
-2098
24
-1812
-11248
-10247
-8148
2316
-5900
-6920
-8152
3587
-7144
7658
2088
-3047
-12240
-5109
-5112
10482
2100
9710
-4052
9978
-2008
-3108
-5116
-1035
-12256
1767
7192
-779
-4088
-12345
-2004
-3068
-3052
-532
-4876
2282
-8152
6419
-7164
1543
-4072
5610
-12256
-754
4128
-6953
-3052
9224
-7156
-7419
-12272
4861
-18392
-2840
3088
-5112
-18396
-3350
-17404
-1794
-5112
-1261
-14296
-3073
-7124
-1032
-16372
9725
-13088
-4330
-6136
6921
-6916
5910
1036
2538
-11224
-1015
-4076
-5896
-11232
7714
-8120
13
-5040
-12015
-13280
5620
-6140
6161
-5060
-3100
-12248
-1035
-9212
-1785
-10232
-2308
-4044
-3839
-3012
4055
-9180
-3600
-5096
16635
-4056
-14339
-8972
-1825
-6076
-4104
-9180
-3337
-4036
-794
-10196
3584
-7140
-7406
-4052
-1016
0
3589
-10216
1061
-9184
-7176
-988
6898
-1972
-6890
-6136
-2323
8200
11793
-9216
-5363
-4088
-3549
-7152
-9733
-10216
-7942
-5076
-11271
5136
-3574
-6144
-1530
-7136
6929
-6916
-11
-9188
7687
-8156
7153
-10164
-1284
-11240
-1278
-6088
3586
-2036
4868
-9172
-5897
-3044
1324
-9200
-3586
-7128
5129
-9216
5092
-772
-10221
-15332
4634
-1800
5363
-10224
-5355
-2028
-233
-10236
-773
-13272
-9998
-13276
-45
-12280
1764
-2028
-3885
-7144
-8176
-1972
-4869
-8968
2573
-23292
-3804
-15312
4853
-9200
2597
-2028
1767
-10196
-6172
-13292
6697
-5092
7416
-9184
5619
-10188
-5356
-15312
-5598
-25292
-2773
-9996
8703
-3044
532
-11232
-809
-11020
-3064
-4064
-9246
-3060
3845
-18384
277
28
15582
-5088
1795
3084
-775
-11224
-2575
-3032
6631
4112
-1554
-16140
-757
-13228
-8699
-996
13304
-18416
2616
-1000
7403
-18392
-275
-5072
2059
-13248
-3328
-3048
4587
5152
-6408
-9200
-759
-6124
-7741
-14084
5100
-9192
4885
-4056
-4889
-1004
4359
-11228
-4087
-2040
-4112
-4080
-9461
-2020
-4595
-10212
-4619
-4076
7180
-3048
-1313
-3848
8155
-6084
-3555
-6128
7932
-11068
-2041
-7108
-3057
-9212
8219
-8144
775
-8152
3819
1060
2587
-22252
3863
-2012
-8711
-9160
2862
-14272
-6897
-15324
-11770
32040
1791
-3012
521
-11236
-7398
-9992
-5146
-6112
-9478
-3036
2036
-6092
1806
-5108
560
-6092
-1535
-972
3573
-9156
2553
-7096
1029
-3016
-10511
-7120
-4848
-14292
8944
-3064
992
3096
-14098
-9212
5078
-12244
1828
2088
-3581
-6112
3081
-12256
4065
-1000
-7175
-13244
-1540
6208
-4874
-14308
2586
-937
4355
1060
-1535
-5096
7698
-10200
7397
-16348
1240
-7132
-8992
-14096
771
-15344
-1837
-13084
722
-4056
3368
-5108
5104
-5092
4087
-6116
-5593
-7140
-5630
-1012
-6134
-11248
2532
-6088
11237
-8180
-740
-5100
4093
-19440
2036
-22244
-7416
-3060
8407
-11252
-2778
-9180
-5864
-12264
-3894
2300
20
-10212
11742
-5108
1024
-11236
2270
-7136
1545
-12256
5620
-7152
4638
-10156
7932
-9164
14312
-6120
5877
36
-5885
-4016
1503
-14304
7690
-12240
3333
-12272
-3822
-5100
2569
-7132
-291
-8176
3624
-10196
2849
1056
7371
-10200
2051
2056
-1528
-7148
-5082
-7168
-4069
-2824
4101
-9168
3070
-19440
1779
-13276
-5884
2096
5665
-8160
-4617
-7136
2301
1260
262
-1012
6135
-7108
-16395
-5064
5867
-7156
-744
1024
-13567
-17388
-3573
-7136
7427
-5072
2348
-20228
-2017
-6100
5358
-3052
3859
-13072
5646
-5100
-542
-980
-1779
1240
535
-10216
-3310
-14100
-14349
-4096
-8679
240
-513
-14332
5126
-15320
-6
-3032
257
-10228
5903
-20452
8454
-14268
-10229
-8140
2812
-1024
-11793
1048
-4917
-8164
-280
-12040
8977
-7140
-6667
-3036
14861
-4080
38
-2020
514
-3028
7673
-3016
-6657
-11240
5628
3072
-261
-1004
3332
-14260
3331
-6940
-5124
2060
280
-8140
10536
-5112
9211
5144
6157
-14276
-4595
-12228
4067
-4092
5409
-13272
7181
-9168
-8428
-13304
1027
1072
-1038
-14284
-1263
-4068
-258
-6124
5624
-10188
7411
8216
2307
-5100
4088
-9160
-10259
-13284
277
-14260
6873
-5088
-2826
-10196
497
-16356
2322
-5068
3556
-9164
-15089
-11256
-1000
-4060
-1555
-7128
-7413
-6084
-13354
-11236
231
-6116
5106
-10161
-11756
-15116
-999
-16340
2329
-5088
-6154
-14316
2568
-2012
5668
-13064
-3319
-7168
-2299
20
4611
-6128
-2326
-17380
1294
-1008
8439
-3016
795
-12260
5358
-4076
4055
36
287
-12268
-8981
-12280
-1506
-816
5896
-9180
13
-16372
-3823
-7124
8196
-4092
753
32
1044
-8120
-798
-9196
2555
-12232
8737
24
792
2060
-1012
-5104
5599
-5080
-2060
5168
-5315
-13268
-1798
-6104
-1566
-1024
724
-10204
-1039
-6140
-558
-13312
10741
-5096
-4330
-10204
-1503
-2008
721
-14280
-7422
-8168
-6632
-6140
14604
-6108
-2041
-15108
-9725
-992
3846
-3064
-5883
-14332
2323
-6108
6665
-3848
-1773
-9168
3365
-12064
6628
-18404
7941
-7152
-278
-11232
-741
-1820
1523
-14324
-6435
-17356
-1289
-8160
-5859
-4032
5902
-8140
-4368
1092
-7202
-15336
1508
-12268
1778
20
-5562
1072
3840
-4028
1299
-7160
10502
-9136
-234
-7132
-4090
-7128
7185
-10188
500
-9168
4348
-11248
8195
-8188
-3589
-1996
-245
-3020
6125
-17356
-2269
-9176
-4878
-4088
-1284
-18404
1553
2052
-4583
-1008
11003
-5088
3073
-2036
-1011
-3060
6421
-5100
-5391
-2016
4591
-6104
3547
-5104
-7171
-2012
9724
-10220
4360
-3024
8443
-11256
222
-3044
-1551
-1996
2294
-1000
2290
-14296
2580
-1988
5377
-12248
7677
-2012
-1520
-4084
8200
-3044
3609
-13264
-3092
-5104
-4370
-17376
13851
-13272
2295
-15112
-7683
1056
-11307
-6120
-1272
-9160
7162
-7124
-4868
-10236
6623
-7140
798
-13304
1301
-20468
6130
-5076
-7675
-5100
-7687
-8140
-5353
-7120
-1790
-7088
2333
-15336
1265
-6104
-11279
-6076
7404
-4096
4881
-11216
1005
-3048
2871
-2824
12072
-8136
8946
-16144
4354
-3024
-3311
-988
11498
-9188
-508
-1004
-2028
2056
-1011
-992
2579
-17360
-2070
-10200
-2561
-2020
5122
-8164
-2820
-14308
6435
40
-2585
-5108
-797
-15336
7418
-5044
267
-6096
-4380
-10232
308
-10200
4367
-12244
7442
-10220
8691
-16132
4585
-9992
-4104
-15352
-1513
-3052
3325
-12280
6128
-2000
-10009
-8156
2289
-6132
-9994
-14292
245
-11184
2789
-13288
3307
-10224
-6920
-7948
-762
-16340
-540
-5072
-3553
-10232
6116
-4076
12057
-8136
-985
-13280
502
-4036
6604
1028
-246
-18392
11046
-3044
7181
-9212
-6148
-8156
-2333
-11260
264
-8156
-5897
-6112
1802
-14100
-7686
-15360
3826
-6116
8749
-6092
-4604
-1008
2307
-8168
4392
-2036
6153
-8136
-249
-9172
547
-13312
2568
-12244
12293
-8172
1019
-4040
-3060
14348
2610
-4080
-5382
-10220
2310
-12256
-2323
-7140
-5149
-8124
-993
-15348
1022
-6100
-1526
3116
2830
-2016
-1017
-7104
-2019
2076
3867
-10184
9750
-12272
483
-8188
7187
-13268
12043
3108
6194
-10196
-3540
-2824
20396
-6108
-6920
-4068
-3865
-7952
2544
-3036
-504
-15308
-3602
-7164
-976
2068
-4609
-18408
-6394
-7096
9472
-4052
4338
2080
6954
3136
-3279
-9216
-749
-17372
-1769
-5076
-1806
-14332
3864
-15328
-4073
-5100
-7711
5192
-530
4128
5375
-14320
10015
-10212
-2843
-14288
-4601
-7168
5115
-7152
-11771
-1020
-3589
-10153
-4106
-15120
-4384
-1012
2843
-9140
-1026
-13308
256
-8164
3045
-5076
1254
-18212
16186
-10192
-1779
32
1541
-9168
1788
-3060
539
-6144
3559
-4060
-3835
-5080
-10243
-13260
2840
-7120
4848
2076
-4628
-13064
1547
-19432
-7913
-6104
12290
-6120
2082
6172
-4858
8244
-25
-6124
-17633
-4064
3578
-4088
-772
-12272
-6155
-18416
10240
-11240
-12056
-18388
-4321
-12252
1545
-8152
-3341
-4060
-1510
-13308
2556
-10192
6635
-7948
-526
-3016
5318
-7140
3311
-14288
-6098
2080
31
-3016
259
-2016
-1242
-6096
-7671
-7128
8183
-4040
-6651
12
-10518
-8156
-2303
-10240
745
-9144
11784
-9992
-6363
36
-2334
-5076
-6642
-9172
7203
-8164
-706
-17396
-2793
-14296
-4
-9168
2293
-5088
-5623
-2036
2053
-15352
2523
4344
2565
-10228
6135
-2020
-5641
-976
-2590
5176
1018
-7152
-725
-8160
2086
-12268
3045
-780
-6113
-8148
1550
-5092
5893
-2004
-5651
-12268
-2048
-12284
2323
-12256
10997
-3844
-13834
-7148
11773
-14328
4
-15352
-10497
4
-478
-2020
8207
-4088
254
-21472
6153
-27308
-4584
7188
-2058
-10232
770
-10184
6404
-14300
8940
24
21108
-9125
1828
-10216
5913
-13284
-750
-1016
18
-5092
-1817
-4052
-7426
-10168
9711
-11184
2564
-5084
3096
-2032
6159
-7984
6185
-15320
2580
-3040
4087
-11012
1014
2108
-14606
-12244
-4618
-4032
6410
-6088
4113
-7120
-7429
-10204
-2787
-976
11021
-7124
6184
-5060
-9705
-15332
4642
-11232
2596
-15312
6892
-13232
-1508
-2856
-2030
-10208
1255
-14272
3090
-10160
11
-14304
11022
-2028
3849
-4044
-781
-9200
2007
-13264
-2315
-9176
-4339
-3028
276
-6116
11726
-5904
-1814
5132
-7224
-11256
-6386
-12284
3851
-15300
-3368
-11184
239
-8168
-2285
-6124
-562
-9180
1278
-7124
5846
-11212
-1568
-8176
-4071
-7156
-7409
-14324
-1534
-4044
-5138
-10236
1015
-3048
11246
-12220
-1058
5148
10260
1068
5386
-3020
-508
-7956
5136
-4072
-1527
-11204
2295
-7124
749
-24244
-509
-4068
-272
-11252
1780
-7168
-255
-3052
5933
-4068
7683
-17388
6682
-11204
-1542
2056
-5623
-5096
7924
-8172
977
-7128
6672
-13312
-6157
-12276
9247
-11264
4357
-2044
-12566
-9204
-9491
-3072
-13
-13304
-3612
-12284
-5150
-8180
3335
-3060
2803
5128
1308
-5096
778
-5892
6926
4340
-4341
-8140
-13304
4104
7678
1056
-3846
-14296
3077
-9204
7972
-11248
2575
-14312
3593
-2032
-530
-6104
4897
-11256
-4057
-10196
11228
-7156
-4567
-980
2803
-4072
-1559
4148
-3317
-8164
-262
4340
973
-5064
-9218
-4056
-4102
-1004
-6679
-3032
205
-2832
-5849
-6128
-7
-10220
4891
-3068
5631
-9192
-8719
44
-1013
-16344
3587
-10212
-224
-14304
-769
8244
-501
-10212
-1021
-4064
1040
-7944
3086
-6116
-2550
-6100
-6685
-6104
-4852
-5092
3062
4152
783
-8172
-5606
-3056
5653
-6096
-7174
-3016
-2029
1048
8180
-8152
-5103
-9196
-4836
2068
-3854
-7156
-10232
-3040
-11515
-952
3083
-6072
5143
-2840
1000
-14284
1053
-5064
-3102
4324
-17
-5116
-2031
-17352
-5602
-14108
-2538
3100
810
-12276
3052
-6116
-7151
-5112
-11019
-3012
-6695
-7116
2550
-9176
-13059
-6120
-1804
5368
4620
-13296
-12550
-11264
-238
-11052
3056
-12040
-8708
-10220
-2031
-5104
-4876
-12236
-4870
-19392
5637
-9188
3856
-11260
-258
-9164
-7657
-11244
2547
-17404
-8703
-4876
10235
-6140
-1025
-11260
12779
-7096
1571
-19404
4897
-14288
-729
-6916
500
-10224
-6887
-1972
-520
-11224
2568
-3008
-6380
-11216
1022
-18392
-15631
-5080
-252
-10220
-9781
-22020
2836
-14324
3079
1048
1041
-7952
2556
-17352
2784
-8128
519
3104
-4360
-7144
-1519
-15312
8210
-9196
-5104
-4092
-5134
40
-5395
-7112
6926
-19424
1037
-7152
6637
-12228
10239
-10224
6196
-9184
795
14344
2
-6132
7381
-7144
3867
-13308
-2817
-11256
4109
-13272
8174
-9180
1298
-8144
-10519
-6136
-2553
-8980
-238
-19396
-13033
-17392
7159
-15292
4894
-10212
1761
-1984
-3570
-6108
-7172
1080
3620
-16332
-516
-6116
-748
-5116
-6938
1044
5101
-10204
-6362
-13292
-19
-5088
755
-7128
4882
-4080
3082
-10180
7958
-9184
2313
-16344
6642
4156
-5389
1056
-4855
-1949
-5342
-11212
16380
-9180
-5118
-5092
1518
60
-776
-18384
8422
-1976
-7679
1032
3347
-1012
2061
-11204
15076
-9208
7462
-3880
5139
-4048
-502
-10208
-5378
-18376
277
-12244
-4637
-8160
2313
-6112
-1811
-20396
7188
-4876
4594
-14108
-6396
-17396
2374
-8176
4658
-6132
-1534
-3068
-2280
-18400
-4338
-6096
-3572
-6132
2823
-15328
-10990
-12236
4877
-5096
-791
2284
1322
-8164
-743
-11236
-322
-988
1280
-10184
7156
-9216
-4122
-5084
3055
-16348
-8464
