0
6143
-12232
-1547
-7156
7168
-9188
5395
-10192
12234
-4096
-2003
-9140
-237
-5116
2825
-5096
4067
-9132
-2310
-3036
-12290
-1992
-3826
-10196
781
-7144
-762
-13272
5622
-17388
4642
-7124
7671
-12236
1038
-1000
-4103
-8124
10000
-2020
502
-9200
-2767
-7108
3843
-7956
-11265
-10188
-4125
-5116
-5600
-17388
-2573
-12288
-9456
-6144
-4346
-9196
4603
-12224
1267
-5096
-2282
-5116
-7414
-3036
2283
-3024
5648
-13300
-4873
-15304
760
-5076
1769
-15316
-993
-12280
-3848
-15320
9483
-3024
-2026
5140
3304
-10208
736
-8132
6140
-10212
3571
-9188
-4892
248
1025
-8140
-2066
4
-7423
-8156
-5888
-6128
-6367
-2048
6372
-8156
-10496
-9160
1517
-4032
2303
-11024
7716
-3016
8695
-13244
500
-9148
-2781
-6104
15
1264
1566
-10228
4076
-4092
1786
-9992
4351
-4092
-2816
-7124
-3864
-772
3835
-9168
5616
-6100
1537
-7144
10795
-996
2274
-14328
-4369
-19420
1014
-3060
-13022
6156
1024
-6120
258
40
-4383
-7940
277
-5892
2799
-12272
-4851
1048
-1030
-4076
7407
7232
-2067
-8152
9966
-6112
3856
-11228
-11043
-4056
5096
-10232
-1788
-2016
2873
-14112
758
-5068
6917
-9212
8964
-11260
-9488
-16360
533
-4056
-472
-9184
-3083
1036
-4299
-7940
3875
2124
-6646
-10204
2063
1036
2580
40
5601
-1972
775
-10208
-10778
-3028
-6116
-11232
8722
-2016
-5892
-1016
2532
-11252
10527
-7156
-3595
-9140
7419
-14308
-498
-4080
12537
-1000
-2285
-8136
-13
-5048
-754
-5076
4061
4136
1294
-13268
5377
-2824
-2811
-13284
-9719
-19408
-3572
-2044
-6697
-3052
-239
-5092
4850
-5036
-7708
-1000
-4095
-10192
1819
1044
-9935
12
-1554
-6080
4101
-15140
-8205
-7152
14857
-12248
4879
-5080
1257
-5092
271
-19408
787
-11224
-8747
-6088
8166
-4052
5105
-2844
1016
-3036
6414
-9160
3562
16
3324
-6096
6673
-6916
7436
-14300
-4925
12
-8156
12
1262
1040
-498
-5076
5098
-13284
7663
-3016
2567
-2004
2855
-5096
1272
2056
-4057
-20448
-5612
-12044
2802
-2024
-272
-16316
233
-19456
6142
5168
-7932
-10232
-10743
-2032
2338
-7152
-2290
-17356
3822
-9196
-7655
-4072
-6152
-7160
-5906
-11256
8452
-6108
6700
6156
-1783
-6128
779
-6100
1063
-3036
-788
-6076
2304
3088
1279
-11220
3794
-8192
-5372
-8176
4627
-7140
4601
-4072
6412
5148
1313
-4092
-5640
-4060
7183
2100
1521
-4044
1007
-4088
3100
-12040
-4654
-17356
-9209
-9188
1262
-9148
-4317
-5080
-3878
-3056
3338
-12248
3582
1044
-3081
-22248
2286
-6136
-786
-4048
504
-3844
-6887
-2040
-3832
-11248
-5893
-13288
-4124
-6037
-11002
-8148
-9185
1048
-31816
-5104
5894
-7992
4860
-14296
8699
-1024
2040
-3052
5667
-8156
3559
10284
1256
5152
-8162
-8152
-1022
-2024
18
-6116
-1571
240
-2569
-12240
3362
-10208
-1522
-7148
-9709
-5116
-6143
3092
-1776
-5104
11272
-6092
782
-776
735
-11236
509
-12272
-7158
-8180
8910
5372
4633
-10232
6175
-12224
-7159
-1992
5671
3080
9712
9248
2798
-3056
4589
-6124
-4366
-3864
-10207
-6132
8194
-18424
5641
-1008
523
-8180
-6913
-11204
1065
-4072
3327
-5076
-8191
-10180
-5879
-3036
4059
-5100
-3333
-4068
-5616
-3044
-9474
-15340
-3310
-5100
-5880
-8144
-8173
-9164
6174
4096
7440
48
1274
-7156
3094
-2020
-4923
-10216
-4088
-8152
4855
-7132
-7143
-8972
-3819
-4072
-12306
-7160
2569
-7168
3067
-6064
6692
-17344
7444
-964
5122
-8172
3074
-10208
5128
-5108
-5103
-8972
-6354
-11228
4062
-8176
7140
-11232
545
2080
7439
5172
7702
-12264
-723
-15328
-19
-11216
-3829
-14304
-8981
-18376
-5123
3112
-783
-5092
996
-12256
-3056
-4052
4890
-19428
-12787
2116
7194
-9184
4095
2100
-6643
-16344
-6672
-9200
8451
-4084
9735
-4060
-6896
-17360
-3826
-14276
-4085
-2048
-4668
-10220
2832
-1804
-1524
-8188
6388
3092
492
3292
1533
-11248
524
-1024
-12783
5136
-5868
2096
-3097
-9192
16
-9184
7129
-10204
1286
-1984
-4865
-8176
-4345
-5892
2292
-7100
9725
-12284
-490
-3048
1496
-14316
-6940
-6116
2561
-7156
-3863
-14312
8736
-7148
6410
-16348
-4371
-3012
-1022
-3048
-5908
-8184
17907
-5096
5932
48
-1514
-19428
8696
-8188
1275
-4096
3108
-10212
1274
-5104
1495
-1796
-4064
-9176
4657
-17396
-756
-3020
-5112
2068
4610
-14292
1793
-3072
2056
-7156
-6943
-8164
1845
-10236
4628
-23252
4598
-5116
-1008
-10240
-4618
-5084
5142
2084
-3845
56
529
-7069
7104
1052
-1476
-7148
1571
-6116
-1010
5140
3563
-19436
-3058
-4044
-4622
-3044
1988
-7168
-1562
-6128
-11494
-9204
-1521
1024
2571
-21444
7180
4128
1010
-5096
3095
-10224
-2046
-6920
4349
-14316
1806
-12248
2303
-21460
12246
-8164
-8213
-8168
5890
-9180
-3583
-16356
-9472
-7124
-2830
-6108
4849
-6136
-2784
-9188
13061
-13276
229
-11028
-2000
-5072
10259
-5052
-500
-5060
-5907
2104
5871
-776
1536
-3040
1258
-3028
3861
-4092
-7190
-4872
-775
-984
-10
-6112
6650
3124
-537
-6100
-7151
3092
5916
1040
-2536
-1020
12309
-8148
-5379
-4880
-9489
-13060
3543
-5052
-3812
-8144
4100
13356
9429
-17372
6115
-11248
-2256
-12248
-7913
-992
-12565
-13264
3833
-5040
795
-6128
-1820
-11248
-1008
-7144
517
-5120
-1031
-11232
5613
-11236
-4089
-3044
5373
-9996
-5374
-5072
798
-5072
-284
-12276
-4879
-1800
-1024
-4096
6902
-10216
4652
-3028
3030
-15332
-503
-10196
-4854
-1804
-12466
-15328
6933
-13300
-3070
-15340
3
-15300
-3550
-17408
3338
-7120
1298
-14308
1026
-9172
1591
-12040
7443
-8176
1575
-10216
2279
-13280
6931
1068
775
-8964
5859
-3048
-767
-976
7682
-11260
7672
-6128
-7651
-6092
6141
224
-3036
-16312
1259
-16300
4382
8
5878
-948
-2310
-5096
-5915
3092
-7663
-6120
11552
-4040
-5907
-20440
-265
-12240
-9720
-7160
0
-6092
2051
-3848
5122
-6136
-3069
-14316
-2026
-5064
2537
-2032
-227
-4064
-5384
-5896
5146
-4096
1811
-6076
-3854
-6057
-2023
-1004
-504
-4080
7925
-9200
4101
-3052
4081
-11252
8965
-984
-245
4108
-2039
-11236
4599
-13264
518
-6092
10019
-5088
2527
-14276
-6157
-13244
-210
-4056
6610
-2008
-4611
-14276
5636
-3044
-9453
-6076
11795
-16368
2562
-7108
9986
3080
4363
-15332
2830
-7156
-4851
-6108
5625
-5072
-3833
-2032
7429
-10208
-8912
4132
-257
-10204
-4613
-12224
733
-1804
-2801
-11252
6406
-5080
-5691
-4092
1555
-28372
9735
-10224
4615
-2832
3051
4104
-5619
-11248
-8424
-16348
8941
-5108
755
-7160
5904
-3044
-7155
-7152
1304
-7112
6390
-3048
4594
6172
-4105
-7108
-2573
-17388
-6942
-992
-777
-7144
-4358
-2012
-5374
-9204
1783
-10220
-736
-9188
1014
36
-9991
52
-4616
1056
2802
-5892
-10491
-6104
1275
-5112
-2828
-20464
19
-2852
525
-1996
3075
-5896
-1524
-8156
5874
1028
-5142
-5084
-6143
-7124
-2052
-2016
3855
-20420
-1795
-5072
-2543
-7132
-8678
-7132
6891
6220
-3078
-4080
3311
-3056
7921
-4084
4073
-3032
4351
-12244
4869
-13296
1764
-7096
10984
-10228
-4097
-7144
7144
-6120
1812
-5088
741
-9204
490
-6120
-1244
-11240
1265
-5104
-5653
3140
-2810
-4088
-4572
-5100
-8217
-5044
-9991
-11240
-1271
-15320
-540
-10200
-1275
-1996
-3577
-3056
1037
-17380
2041
-14256
2811
-2048
-6921
-4088
-3080
-10224
11010
1068
-3071
-3012
7405
20
-4372
-3052
-2558
-16336
4849
-3048
-2045
-8972
-3577
-11196
13301
-11212
1274
-4056
-2288
-3040
-9755
-14308
11325
-15320
-8696
-4876
3066
-17384
-525
-16368
-10231
-6108
-6132
-19420
3052
-3040
3101
-7152
9691
-12232
-5614
-5108
4861
-2012
256
40
-279
6192
513
-5896
5394
-5100
-491
-12268
11319
-5108
1523
-3032
-2279
-7152
-760
-5100
2036
-17376
8703
-10232
-5114
-10208
-2294
-1000
1060
2135
4593
-7152
3102
-15340
-18450
-3048
14600
-10232
2040
-6140
-3356
-10220
4077
-6092
2817
-14328
-5851
-3052
-3844
-6112
-1033
-16364
-3367
28456
-4561
-980
506
5164
2318
-12256
-4314
-15340
8935
-7140
-4360
-4036
-280
-7156
2062
-8988
6408
-15328
-46
-5080
-254
2296
-1013
-1808
2562
-10208
-4367
-6136
12073
12352
4866
2080
5607
1072
1783
-15356
-785
-12264
2310
-13272
-3319
-4064
8446
-5088
764
-9192
-739
-7168
-3836
-24076
-795
-8168
3578
-6104
1276
-5068
781
-16132
3599
-13284
1812
9240
5404
-13300
-3290
-14324
4320
-7136
-3108
-11240
-3305
-9176
-10219
-1816
-727
3120
5373
-11220
-5638
60
1537
-11220
-3608
-10200
42
-3048
-12055
-6920
765
-7156
2831
-10208
3839
-8132
-4852
-13268
7939
-12284
1271
-18376
3101
-2020
12000
-5116
3558
-9988
4378
-8168
-4118
-17360
-5
-8192
-8462
-6112
3340
-9192
1307
-17336
11296
-7128
5639
-7960
-735
-10168
4843
-5920
-5917
-12276
-5625
-2828
-3064
-5088
5116
-9192
-251
-3852
745
-1024
-1048
-3044
-783
-5068
3364
-14280
14320
-2836
5667
-13284
6158
2076
-769
-9208
789
-6100
-3869
-10232
-477
-6928
5366
-11260
5130
-12260
-1010
-11216
4626
-1016
5889
-8172
982
-4068
4366
1052
8956
-3040
-5635
-8168
11278
-16336
-3851
-4020
-2046
-16364
-5893
-4084
-1020
-3024
9477
-5100
2788
-6136
4304
-14296
-4364
-6120
6913
-9168
-4853
-14312
-10518
-3016
-7450
-10224
786
3076
-263
-14276
-8175
-11216
-1001
-11264
-753
4183
-2267
-3000
983
-10200
1268
-11244
2039
-16332
-3353
-13236
-509
-976
2577
-4080
-1779
-20464
-1063
-7112
-4129
-5116
6891
-13193
4646
-14300
7162
-12072
-11758
-12260
9732
-11212
-11022
-6128
-2352
-996
-11566
-7140
7160
-16320
5352
-1996
764
-12236
1520
-13304
-4050
-10180
9717
-6092
5354
-1964
-2249
-3052
2563
0
-2064
-19404
2031
-8180
-516
-12236
1230
-6100
1261
-10228
2560
-9216
762
-6128
-6398
-8192
3325
-7136
-11022
-10200
7203
-12248
5925
-11248
5111
-10204
1793
-9200
8215
-6936
5153
-6960
3305
2128
-502
2076
-3547
6180
-4615
2064
2808
-6924
3095
-6104
2767
-2024
4120
-808
12810
-2016
-1034
-4072
3825
-6120
3311
-14288
8155
-15352
-6876
-2036
3093
-3036
9499
-11236
1546
-10184
6171
-7144
2359
-784
-1827
-7140
-7937
-22240
-507
-8136
3870
-9160
-9475
-11024
3095
-12272
-274
-12260
2327
-808
-7451
-10192
-3356
-3044
-5111
-8156
23650
-5100
-1562
-17400
2031
-3048
500
-2008
-4599
-9176
4069
-9192
-6906
-7164
-9719
-9192
5366
-7968
11511
-10228
2036
3132
-2567
1060
3330
-10232
1035
-2988
1776
-7124
5394
248
245
-4048
-10041
5148
-2562
-7120
-7667
-5108
3056
-5084
2324
-8188
2041
-5112
-3097
-2044
2071
-15332
-3578
-10224
5640
-7140
7962
32
8949
-12244
1069
-1820
5644
16
-2248
-16368
1527
-27384
-4085
-7148
3107
-16344
-5113
-4084
-4077
-5896
-7664
-4096
-18
-6920
-5137
-4056
-2832
-18432
-1287
4152
-1530
-8968
1078
-11192
-4599
-5076
3315
-3000
-6624
-6100
-6142
2056
5122
-8180
2073
-8168
-2306
-16336
-781
-7096
-5090
-11236
-5171
-10200
-5610
-1000
-4087
-14300
1007
-14088
5662
-9172
1011
-17376
-8215
-2012
-2333
-3052
-4357
4112
783
-23260
523
-6092
-2038
-9188
-7645
-5088
13944
-8180
4877
-7152
6663
-3048
2568
-2024
4
-996
-28
-8964
269
-21500
-1236
1276
2612
-22260
-3283
3128
11756
-4072
12
-10188
6123
-7124
4865
-5096
4393
-4064
1272
-14229
9480
-11161
-2066
-9216
5637
-22268
2830
-16344
-13306
-5108
4351
-13068
1534
-2024
-6416
-17380
8951
-10200
-13316
-4884
-506
-7104
-2063
4
3069
-6920
2817
-8120
3049
-9148
2545
-11236
-3615
-1020
-290
-2036
5617
-5112
-756
-20424
-6433
-4060
8702
-7140
-1807
-6096
8472
236
-3550
-1020
8989
3088
9773
-8136
-9762
-5048
2297
-14304
4347
-16344
-9974
-4052
9256
-4084
-3592
-8188
10484
-11252
1545
-5084
-1043
-11240
1801
-16132
2578
-12244
14102
-4044
-4094
-6100
4053
-15320
-2279
-10232
1788
-11248
-2552
-6100
2278
-8140
-13829
-6136
-24
-9184
-6164
-772
-3104
-1996
11007
-10184
1001
-5088
2337
-13296
-2049
-20472
6397
-968
3808
-7124
-4900
-14308
5359
-984
-2017
-5108
257
-14316
4333
-8148
4390
-13264
-2838
-13268
-12063
-9200
10999
-5064
3339
-4060
11521
-7128
-8455
-14324
5114
-2020
12792
-8172
-764
-10208
1045
-19408
-1533
-11224
-2802
-6116
254
-11212
-8183
-16328
-26
-10228
3329
-21456
6896
-11236
5906
-2044
-1810
-9180
3353
-15352
-11777
-10212
12800
-6108
4401
-7160
-2541
-10236
3308
-22252
6900
-4868
-6948
-1020
4326
-10240
16132
-12244
11
-18392
-3089
-6108
-232
-6120
252
-15356
-5389
-972
-4896
-11236
-12542
-7160
-9711
-6920
997
-11248
5885
-2004
-2039
-12264
12056
-988
11515
-12248
3323
-5064
-5894
-6108
1489
-8152
-1286
4104
8417
-9208
3302
-14296
3568
-7940
1787
-9200
-2082
-6136
-7658
-5120
-8441
-8184
-244
-3012
6151
-12252
4874
7172
4594
-8160
-5111
-17380
-5352
-10164
-9482
-7112
5359
-7116
5127
-3016
3578
-8148
5866
-9184
-13068
-3032
-3583
-18400
7403
1060
12808
-10192
-8722
-15300
-511
-3060
10269
-17384
2842
-8144
7960
-10212
3838
-19388
-3276
-8184
-2822
-8160
11495
-4060
-4107
-6128
-765
-7120
6114
-6120
-2857
-2028
-4125
-11012
-3323
-12276
-1056
-6112
2057
-9196
1018
-15120
3849
44
9481
-7160
5615
1040
-13324
1072
1592
-14324
6424
-4072
-8964
-9992
4851
-1012
-6860
-9184
11776
-10000
1804
-4048
-9996
-1000
-11253
-21452
223
-6136
7935
-944
494
-8160
-5338
2048
-2044
2060
8467
-9988
-498
-972
-6388
-7140
18
-7948
-824
-8136
2821
-10204
6933
-3844
-4360
1044
-3559
-5912
-3335
-11024
-12027
-5904
-3053
-2036
3089
-5076
4877
-5900
3830
-12280
3323
-5892
6657
-10216
-1256
-9172
4099
-9988
-9740
-12268
1038
-1008
-2314
-11252
1298
-11204
6403
-11200
5095
-7144
6420
-10184
-8703
-6132
-3871
-12232
-1763
-7144
-4331
-7132
7169
-16352
-4895
-1800
-2295
-9196
759
-13280
1555
2084
5900
-8124
-3336
-17380
1782
-10216
-2807
-10212
-1012
-22232
-3309
-6140
1274
-11212
-18423
-7152
12005
-8964
-5123
-6076
11022
-9152
7396
-8184
3066
-1980
2304
-10204
8971
-8968
-5900
-10220
11252
-2000
-2825
-7140
5625
-4080
-7933
-11184
-5876
-1008
9231
-2004
5645
-12264
14340
-3036
532
-7944
-2044
5140
-5621
-4088
7155
32
5135
-5092
-5348
-20260
-494
-4040
-2080
2064
5383
2076
-1295
-11252
-2795
-8148
-3326
-15320
-2044
4164
-4618
-4052
8449
-18428
-2338
-15344
3076
-5052
-8513
-13308
-9387
-1012
3331
-7144
5390
6180
-509
-14300
8950
-11240
7408
-11236
20
-11244
-2086
-4880
2301
-968
2529
-2044
4884
-5080
-3827
-10024
4346
-6132
9742
-8172
-9222
-9184
-769
-10212
281
-4056
-3595
-12264
-6906
20
3567
-13080
-4843
48
5623
60
12024
-10224
3835
-8160
-506
-5060
3605
-6104
-6148
-4064
8696
-9196
-3575
-3036
-2877
-8188
2820
4108
8187
-4052
-14338
-2044
-1774
-17380
8185
-15304
-10743
1052
4137
-7160
-2819
-10200
1527
-8148
1302
-1016
8977
2068
2070
-2024
11251
-10192
-3107
-7160
1777
7172
-4644
-8180
-3858
1064
4048
-2036
4603
-3060
-9183
-6128
14123
-11216
-5422
-972
6147
-3048
-8692
-8176
-508
-10220
5406
-6100
8205
1248
-5876
-5088
-6426
12
-9985
-6108
-4345
4112
-1271
-3868
2572
-8176
5614
-17380
228
-12044
-6344
-5096
-2313
4104
6399
-6128
-283
-15328
508
-2020
2856
-9176
-1027
-15332
-9031
-10216
4621
-14288
-14521
-8964
-6921
-9196
7154
-7144
-4363
2092
-7673
-1016
12026
-3848
5884
4124
-5645
-14312
3094
1040
3361
-13240
-3118
-988
7702
4128
18
-11200
2023
-10200
-6085
-8184
6947
-8116
5369
-14316
-2268
-6124
2818
-9168
-6628
-15324
-4112
-17380
5873
-4092
6416
-7136
-1584
52
-7968
-4036
5371
-2000
547
-11177
4105
-2036
230
-20428
-8654
-5096
2563
-3048
5869
-3852
-7688
-5064
-6371
-6096
-6650
-4060
-4637
-8164
-784
-10228
7420
-13268
-999
-10220
-2309
1036
734
-15300
7898
-6140
-3802
-9200
1754
-8120
-3865
-8172
-4133
-2048
6396
5140
-2313
-16356
2317
1064
3833
-11236
-4102
2056
-4872
-6092
-723
-6144
3564
6204
-3831
40
-6141
4120
4603
-4052
-6427
-12248
3773
-15348
7237
-9216
-5895
8196
-3340
2076
-1802
-6120
11805
-14284
-3582
-15328
1301
-6120
-2299
-12284
-1012
-13300
-6944
-13312
-2281
-7156
4871
-776
-1266
-2028
6125
-8192
2560
-4080
4590
-7160
-5126
-6092
-2296
-7160
1058
-6932
3828
-9196
-3296
-2996
-3604
-5088
-238
-11260
5114
-11012
-8455
-11244
4632
-12264
511
-11240
-5864
-15320
13327
-7120
4860
-5108
-2814
-8176
-4910
-10220
5110
1044
-7691
-5100
-6646
-9152
-3565
-1996
254
-11240
2604
-5112
1018
-929
5623
-11012
-2810
-1968
-3313
-17360
-4352
-4880
4352
-17380
-5882
-14316
4061
-5080
-5137
-8148
-9726
-8164
-7664
-8140
-4906
1060
1511
-13292
5891
-5084
-1247
1064
-3842
-10180
2562
-14296
-4624
-10220
244
-3028
15346
1036
-5128
-2036
-6406
-3000
-2567
-1004
2833
64
-1512
5136
-2299
-4068
4343
-6136
2827
-13272
2288
-6108
-4860
-4896
-786
-5096
-5636
4116
-2538
-10208
-6141
-1004
-2070
-8140
-3074
-16376
8174
3084
5120
-6124
-3542
-11240
-3621
-8192
-4843
-11248
729
-12276
8466
-1020
-7734
-5104
-6629
-5912
-755
2052
-7437
-11232
2807
-5092
563
-12264
4100
-16376
1284
-7144
-511
-2048
6650
-13312
7674
-8132
2805
-13288
11527
-9216
-2320
-10232
-6371
2068
4585
-7132
-8702
-6140
5040
-1988
1807
-6104
-5622
-9192
-4833
-5092
-7431
-12256
1286
-13288
-6139
-16344
15
-4052
1772
-11236
-3557
-10216
-195
-12256
6395
-14336
3292
-9216
1571
-4084
754
-8132
-5613
-8144
-10265
-15332
9479
-7112
-2302
-10180
3593
-13268
-6932
-2044
7416
-7100
6632
-10208
11263
-7148
8476
-20440
6138
-12276
-3817
-5072
-3044
-11248
4602
-7144
6932
32
8194
-7124
-2034
-6112
3293
-11204
-3799
12
-1545
3088
-222
-9992
-11788
32
6887
-12240
1038
-5096
1562
-11028
2330
-20468
18695
-15108
-1781
-2004
-8715
-12256
-2030
-3028
6702
-11216
6
-4052
-2829
-4880
3824
-7156
304
-11216
-9735
-10216
-1061
-1000
-4122
-1996
-4656
-7160
-9718
-9188
-10753
-2016
3337
-16332
-2540
-4060
-1053
-3016
10669
-13300
2496
-8996
-6913
-4892
-3576
-4052
11538
-10208
4858
-5088
508
-8124
-532
-5912
-5143
-11028
-8916
-7100
-266
-7152
1536
-1000
11289
-5068
-7456
-14284
-2570
-12236
-256
5152
6405
-3844
2798
-8152
-37
-2020
-2801
-9132
3808
-4092
9513
-11236
-1546
1036
-5609
-5033
-1523
-5120
12024
28
11739
-3012
-1025
-3064
1552
-9196
1044
-964
-1538
-6112
14170
-14324
5125
-19432
-1054
-11220
-1782
-8144
2527
9252
10682
44
-4599
-7156
2822
-10232
-6632
-10220
3586
-5104
7167
-7088
7695
-3044
-2280
-3032
1498
-12240
1803
-12272
-999
-3056
9232
-11244
9447
28
2356
-4064
2337
-6116
-2022
-7144
4568
-11256
-773
-10188
-16883
-8140
6398
-780
-3319
1052
2025
-8128
10496
-20444
2838
-7128
5359
-2824
-7673
-8160
-1235
-1000
7406
3076
3371
-19440
2257
-8176
258
-2048
-514
1056
-257
-14308
-5907
-21252
-7180
-10228
7183
-11232
741
-7136
-7444
-21460
-997
2076
-3616
-3016
2560
44
-3032
-7132
-2341
-14320
-5390
-7156
10494
-11224
8758
-11232
-2548
-16384
-3334
-8156
3555
-7140
1272
-9196
-3082
-15324
-3570
-6132
1017
-6108
-732
-7952
9433
-5892
-6123
-11236
1027
-13292
2267
-15108
-1046
-5112
3585
-4088
524
-1000
1034
-13284
750
-8136
-2063
-2032
-5893
-7140
14618
-12244
-6171
-5088
1032
-4052
-1276
4136
-5611
-19420
-1779
-14292
1272
-7148
5387
-6092
3824
-4052
3087
-15332
-1026
-11248
-2572
-9212
1281
-2020
4077
-12044
-4080
-6088
4866
-26332
-503
-16332
-7147
-12212
8456
-13296
3821
-11212
-1009
-12036
-1287
-4068
-763
-7148
2533
240
8208
-12244
-3047
-9200
-5405
-2012
-6384
-14336
-12254
-11236
1010
-12272
-487
-3024
-9742
-6124
-6908
-9200
-5854
-11216
3807
-1000
-2824
-16348
4102
-1972
-13309
-8160
5848
-18388
759
-8164
-25
4160
-7708
-3064
-7656
-7156
-2857
-3052
6161
1036
-2531
-15328
-2490
-12272
10255
-10212
741
3088
-3596
-4076
3611
-15225
4092
-10208
8988
-5908
5139
-14268
-5613
-10220
3568
-8152
3839
-4076
-494
-2820
3583
-7120
-2827
-8160
2567
-13276
-2829
-12248
-235
-8168
6892
-21480
7159
-11204
1572
-13288
-1018
-10228
-4631
-15140
5890
-15336
12321
-10216
-1041
-9160
-3070
-6140
5923
-2004
4114
-9212
17
-15348
3294
-7148
1752
-17380
16648
-8192
-1000
-6116
756
-8168
7664
-11256
-5876
1240
3369
-5068
-4374
-11244
-2573
-788
4884
-3848
6435
-6124
-4064
6160
1041
-15296
-1537
-10236
234
-8168
5358
-9180
-243
-1800
1536
-6120
-3604
-4040
-7439
-10196
7660
-9180
-3315
-10228
783
6144
5366
3084
2567
-16132
780
-5056
-12813
-9192
-5894
-10224
5375
-11264
-2593
-5080
-4107
-5116
-7683
-13304
1002
-13256
-2579
-10200
509
-1012
4140
-4052
-3356
-11240
-3347
-10224
-2310
4116
-5133
-3036
4112
-8180
-1526
-13264
-2568
-7104
-8725
-12284
761
-8180
-264
-13060
-733
-2000
-497
-8964
-2065
-14320
-7406
-7128
2818
-10216
11766
-772
2007
-11200
-1784
-1004
4086
-4048
-2799
-13276
1548
3088
-6435
-14304
8685
-3028
-5859
-2828
1282
-1012
-3055
-3844
227
-11016
3329
-8140
5885
-22224
280
-3040
-1279
-2024
5911
-12248
-2316
-992
-529
-4084
8714
-6080
-263
-1020
-3575
-12272
-2028
1056
-6896
-5100
12015
-11260
2562
-4868
-275
-9200
-7967
-7144
4062
-21500
-6396
1036
12038
-3040
4119
-13264
544
-6916
8704
-6080
-792
-12208
-8443
-9172
-1797
-6084
1810
-8172
281
-8188
6127
-10216
7682
-14300
2293
-4088
-2017
-17364
2808
-7168
-2322
-5112
-7920
-6104
6642
-15304
-9431
-10212
-3081
-4084
1008
-5088
23
-8180
-4894
-5104
-7435
-11240
-5108
-7160
4368
-6128
-796
-5112
-6918
-8132
-2812
-11232
6167
-8188
2244
-7140
-4353
-4064
-3072
-9188
2053
-2028
-7962
16
510
-12264
-4618
-3008
491
-4056
2310
-5080
-2855
-3032
-8203
-13064
3857
-1992
-7956
-2044
-1027
-5100
9182
-7152
-46
-18420
-8191
-10184
7973
-5108
7677
-2004
-2309
-11236
1791
5156
-13542
-14300
-1853
-5104
479
-11244
-5914
1072
-11555
-5088
-241
-7124
1246
-5088
-1791
1068
2320
-12264
1028
-4884
2817
-964
-2819
-6116
529
-4068
-8976
-8176
10949
-11240
5887
-4872
2054
-6084
-8167
-976
4083
-22248
-1557
-7128
2254
28
7178
-6136
3320
2084
-1546
2292
-10269
-10188
-3569
-8176
-1003
-992
-5389
244
-2035
-5108
-3876
-2032
8433
10248
1540
-5060
-6910
-11220
2293
-10200
-9723
-6088
10264
244
12040
-2860
-3614
1072
-2297
-4072
-778
5160
7927
-11204
-3062
-5088
-6141
-9188
2261
-6104
-4639
-5072
-10511
-5100
6162
-3056
8696
-9160
1536
-8152
-3601
-4032
2529
-1004
226
6180
4897
-20460
-3054
-7132
1810
-1996
-6663
-9196
4887
-1992
6668
2048
258
-13280
-8984
-9184
5620
-6124
-2302
-14288
271
-16328
-779
-10220
4872
1024
2567
-15344
-6146
-8144
8947
-7128
2537
-9176
-3124
56
-3838
-4044
276
-6100
4609
-3032
3827
-5936
-1298
-12236
-7687
-8156
-1504
-8120
2835
-948
-3841
-14092
2543
1028
-4098
-19404
4099
-2032
-5846
-6920
1800
-6092
5584
-4872
3355
-18424
-5136
-4060
-3370
-8136
523
-3048
5438
-3060
-4856
-6076
11501
-5064
-2532
-3016
-9461
-13284
4353
-17384
-277
-17388
3824
-2008
-1788
2100
7699
-14272
-4844
-6132
2284
-14320
8202
-2008
536
-9196
-2028
-2024
-10224
-1004
-7417
-1008
2550
-10216
-1038
-5112
-2809
1060
-7665
-4080
-6408
24
-4636
-12244
-12569
-2044
8952
-11204
3579
-10236
6404
-12272
504
-996
5356
-8972
1257
1060
1033
36
2041
-3012
7682
-19416
-4610
-17360
4064
-12232
-2826
-11244
4611
-11228
-5637
-9148
-5099
-8156
3580
-996
-8965
-7152
-4817
2092
-47
-4068
-5146
-984
3825
-7132
2046
-12252
6908
-3848
4344
5160
-2263
-13268
-3576
2292
-5374
-4028
1040
-12236
-2564
6216
-4610
-4032
-3578
-11260
-5136
76
6922
-13072
5438
1040
2842
-5084
1019
-4072
3332
-1020
-4397
-13080
-3838
-8124
-4101
-9192
261
-3028
3332
2056
-2570
1040
-11808
-9144
-4859
-6124
-6932
-4088
7411
-4088
-5658
-5112
-6147
2092
-3820
30484
34
-5100
6438
-5088
3834
-4092
799
-3056
2787
2108
3838
-13312
-1580
-9208
-4628
-7100
-2559
-22020
8420
3116
-4588
6168
1303
-13288
8178
-3040
3841
-3036
4095
-8136
-1826
-7140
-6919
2064
-2822
-7152
10746
-5076
5903
-12248
-5386
-6112
-9181
-11040
-6398
-2828
234
-21500
-2277
-1012
7429
-7152
6146
-8132
2553
40
-772
-14296
2325
-1008
-9717
1104
2538
-10236
-4591
-11228
-10714
-11216
4081
-4060
13093
-15316
5899
-8140
-12093
-16348
507
-4016
-3852
-17384
7936
-12272
3839
-18416
-11268
-2016
-6679
-9200
4087
-7152
8942
-16328
6413
1088
-10214
-6120
-1767
-12252
5676
-3016
1766
60
-7428
-8176
2069
-10208
-3598
-7148
6647
-5104
10522
-14328
-1032
2060
-2279
-5896
-5661
-10212
-3596
-2020
1501
3088
3866
-11260
2285
-11200
-2589
-5092
-2040
-11244
1249
-11224
-4577
-2004
9697
-22248
1515
-5924
774
-2016
6920
-4888
-5105
-10220
-3843
-14320
6902
-16140
3844
-3844
-6666
-5072
-1548
56
-6174
-988
-1528
-3052
7934
-6068
20
-8152
5120
-7128
9200
-10204
2818
-3848
-22
-9200
-6151
-5104
-4341
-3020
7469
-7944
4611
-10236
-2553
-13300
748
-5092
-2309
-15292
-4339
7184
-510
-15324
-3336
-3036
-486
-2004
4394
1040
744
-18400
-2590
-7128
-4599
-1004
1288
4128
5878
-7148
-9443
-4084
-277
-11020
8217
-4056
-4087
-988
12811
-2008
-12077
-8160
1269
-5096
-15892
-9200
4819
-6096
4587
-7148
-8949
-4072
-1807
-3036
13342
-13080
489
-5092
-5896
-15108
-257
-6088
-3856
-3024
-6652
-7148
4861
1056
3054
8
10770
-9184
9204
-5080
4807
-14316
-15131
-13060
-15100
-3040
-768
-8160
6382
7236
-31725
-15344
-537
-3064
1783
-6092
-3298
-7124
2302
-4084
-4601
-7152
781
1060
-776
-2028
5617
-1804
3878
6188
5119
-8156
-526
-4052
3087
-1020
2580
-16364
-5363
-8180
-6
-4888
7671
-12244
-9170
-4072
-7962
-7148
238
-3048
13040
-7952
8451
-14312
3821
-7108
-14071
-5084
-3589
-15352
2085
-3056
6653
-4080
-2792
6180
-2052
1036
5116
-5068
-8703
-4076
-7178
-10184
817
-6116
-4337
-10240
-28
3112
1758
1036
-2057
