-1000
-2809
-10188
2012
-4040
-7442
-14292
-4851
20
5116
-9216
10014
-5080
-10757
-21488
513
-1012
-12781
-2012
-984
-7120
1530
-7112
469
-9152
1793
-10224
523
-12256
-251
2132
-4871
-10204
-8953
-7120
-3313
-972
-281
-972
-3305
7196
-1024
-3044
-6134
-7148
4916
-15336
-1274
-9988
-1528
-8184
13319
-13304
-7693
-11244
13861
-9160
2077
-5076
12558
-9152
-8678
-13312
-4640
-2032
2293
-7124
11015
-3056
4358
-5892
-3347
2104
-7670
-5052
-1037
-12272
-6135
-14300
4109
-4052
-1259
-3032
9223
-7136
-6912
-12268
765
-15108
3830
-7120
2093
-8152
-7425
-5076
7956
-4064
-7641
-9176
3353
-11244
-2072
-2012
2295
-8156
-4106
-12216
2036
-5088
-1790
-13284
-2533
-16364
2819
-7156
-9961
3128
530
16
-2319
-11240
7942
-13072
-7706
-9168
1275
-10168
-4862
-15116
-5864
-5096
-4875
-6068
4625
28
-2064
-10212
-1838
-3052
6923
-12268
5110
-10196
1032
-988
4340
-10228
-3344
-14336
4325
-19416
1525
1052
-6150
-6128
-233
-7088
7948
-11224
-8974
-16344
4343
76
-4322
-16348
-1013
-11016
4582
-9180
6422
-10228
-3331
-15308
-3329
-5088
-1018
-11240
1997
-10220
5085
-4060
-1515
-7148
1519
-14308
6348
56
-3333
-7144
-266
-6116
4618
-6128
1777
-10012
3053
-3064
-7408
-12272
7
-11020
11526
-11228
7915
-17321
-2557
-2040
-7958
-6100
773
-3028
3054
-3056
276
-8968
-2325
-984
-2547
-12204
-999
2092
-5116
-7168
9493
1264
7917
-9140
2078
1068
6382
-15108
4614
-15352
12823
-3060
-15139
-7156
-9230
4124
1299
-11224
1010
-8172
-26
2060
-1811
-7144
-5151
-6140
-9516
-10216
6654
-12256
-7934
-12272
1766
-13280
2573
-3036
11791
-8156
1026
-10184
787
-2844
-514
20
-2550
-9144
-2072
-5044
-2065
-12252
-2030
-5092
-3568
-8156
-262
-4048
295
12
4047
-11228
-1784
-13260
16349
-14308
-6914
-12232
-4338
-8192
-4902
-8148
-7396
-9204
6346
2060
-2533
-1796
770
-11052
-3340
-6124
-8706
-9188
6132
-4084
-8193
-7156
-3582
2076
-2846
-12268
5650
-17372
-1006
-20476
1542
-8188
15570
-16368
806
-8192
-1248
-17392
2069
-6104
4364
-9152
-1550
-11012
9982
-1796
1800
-23256
-2065
-2008
-7679
10240
-8993
-5060
2293
-8192
6630
4116
8705
-15308
-3825
-8980
-12305
-6084
-5646
-2000
2846
28
229
-16352
1804
-6120
3073
-10208
504
-5068
1036
-11236
-2038
-12260
-1771
-4096
-7966
2068
-5895
-3032
-1020
-9208
-2290
-15108
1261
2128
992
-12248
-11039
-13308
-8215
-21440
3608
-10212
-3334
-10196
5350
2080
538
-9200
6920
-2032
4882
-8968
-8970
-8176
8699
8224
-4324
1048
-8209
-5068
6904
-2036
-2021
-16340
-8195
-2004
-3605
-1800
-2869
-10220
-768
-10200
-235
-8136
250
-5009
-11256
-10224
-2549
-6124
8466
-3048
-440
-8980
11226
-18416
2088
-4012
-529
-17340
-6143
-5084
-3358
-5096
10255
-11228
519
76
-7471
-13272
4656
-9176
4602
-5908
-1274
-19420
1764
-7128
10479
-14088
6964
-1004
-4102
-2988
7933
-996
8479
-8964
2575
-7128
2533
-5096
3337
-17400
3604
-9172
4612
-4028
-3044
-11204
-7139
-1816
-5132
-3036
7895
-4056
-4601
1036
-5138
-17372
7457
-13060
1256
-8180
492
-14296
-1049
-15128
-1541
-4072
4369
-8172
-8923
2300
2569
-16308
1311
-12264
763
-5096
4600
-5116
8446
1080
10536
-5100
-3336
-3036
-8179
-12268
4592
-12280
-3075
1040
-765
-13068
12270
-7144
2045
68
748
-5092
6672
-10212
-5898
-3028
3815
-8176
1536
-6100
4865
-6104
-1036
-12272
-7722
8220
9736
-10228
6104
-5056
7434
-13296
1026
-12252
-552
-11252
-2315
-3048
-8379
-3024
5103
-10236
15372
-10204
-8181
-10200
-7199
-4080
-2051
-992
-6870
-9152
13060
-992
-8209
-2036
-2321
-5096
-232
-29364
-4562
36
2609
-4048
-4854
-2016
-3852
3104
-3071
-2004
-6178
-2048
-262
-4036
5351
-11264
-7681
-15312
4829
-6108
1545
-9176
-513
-4060
42
-7156
-1815
-15360
5414
-1972
6899
-8144
5124
-948
505
-5076
4353
-6116
3066
-4068
2035
-11220
534
-10196
-5125
-6108
741
-5092
10732
7232
-1550
-1980
-11783
-8172
-1239
-5096
-11300
-5076
9233
-6080
3081
-21496
10251
-2004
500
-7100
7923
-7152
3826
0
-9212
-13304
-4840
-14320
-7460
7188
-5162
-6104
-4104
-13284
-6899
-15284
-252
-13264
5649
-5896
-5652
-10224
747
-9180
-3568
-13284
-9441
-4056
8173
-7112
1539
-12252
-19
-11264
-514
2100
-6430
-5104
-2310
-3072
-3059
-984
-3854
-9172
-7207
-10180
2299
-12272
3346
-10240
-1777
-7120
-4359
-9200
-1247
-8148
-10231
-14320
-269
-10236
5150
-4072
2
-9184
-2019
-13304
2570
-7120
-2324
-17360
-2060
-8160
-1524
-11216
7163
-9188
-3057
-9180
-5893
-12244
5131
-17392
1020
-11200
-1530
-10196
9465
-18279
-4082
-11228
-1577
-5068
6160
-8073
3334
-6132
7185
5148
4592
-1020
-5373
-13264
3055
-1008
4361
-4068
789
-8128
-1013
-15320
7202
-7128
-7165
-12244
-9764
-9176
4073
-13064
-2305
-7120
-3315
-15316
4097
3088
9226
-12236
-7159
1052
11010
-2012
-9713
-16376
-3853
-11236
4347
-6088
-3565
-8180
-15891
-6920
740
3100
-2818
-9168
-2818
-7168
3879
-7156
-3360
-6104
-9428
-6100
2038
-8152
1031
-5120
-1254
-4076
6395
-16340
3591
-14316
741
-10212
5379
16
-3346
-2024
1796
4104
29
-5088
-1531
-9184
-11264
-17392
-300
-17348
6678
-11012
1537
-3040
-757
3100
14586
-1996
-989
-9192
48
15372
4066
-11180
2032
-19432
-232
-20444
-4086
224
-281
-5096
-3854
-7104
-4106
-8152
-3579
3092
1034
-5108
-6157
-12276
5910
-5080
-8712
-7148
3876
-15328
269
-10228
9747
-8180
-272
-16364
2076
-15308
-1521
-7132
-5629
-10208
5135
-5080
-6601
-10200
2038
-10220
6392
-6144
-2061
-12228
-2568
-4084
4609
-3056
2334
-9168
3043
12
-5136
-5064
2320
-10212
-4099
-13292
4366
1032
-3100
-8192
6925
-21452
-524
5368
-5368
-9164
-2080
-12276
4627
-16316
5616
-6128
-483
-13256
3591
-9996
5628
-12212
-3080
-4072
-4594
-11016
-3878
-20452
2536
-8112
-7698
-13060
-486
-12220
738
-17360
-1812
-19396
3821
-14312
-8
36
5414
-5092
802
-10216
-34
-6076
-4608
-8172
510
-6132
12248
-11248
-1765
-13292
3847
-9129
-3360
-14304
6360
-11224
-1810
2296
-5900
-12236
-21
-8132
-2003
5368
3620
-12244
-4114
-8156
3111
-14316
767
-9200
-5370
-11020
3041
-13300
1812
-6084
-515
-3072
-12047
-7152
8475
-4072
2533
-14144
-11005
-10176
-10539
-5076
-1057
-2824
-1308
2060
-2297
-10232
10768
-6920
-1529
-3004
1787
-6144
5362
4120
7407
-15348
2589
-3000
-8476
-8160
-1783
-5080
3820
-11177
-3588
-12284
3089
-9144
1778
-17348
1020
-8148
-2242
-2032
5607
2072
-6678
-7128
-968
-12256
3332
-7132
491
-12260
-6424
-14320
258
-10224
-1296
1028
1042
-12052
3068
-12272
-8715
-17384
-1012
-9156
3854
1036
-1473
1048
2332
-992
-3042
1044
1257
24
13591
-3844
2802
1056
7647
-8144
10771
2072
2759
-3068
-4853
-11224
9483
-5896
3364
-7160
-1840
-9200
5394
-996
275
-1796
6653
-4072
3081
-15336
5889
-14316
3861
-13264
-3826
-11212
-6403
-1964
2819
-7148
5639
-6120
10717
-2828
-759
-28376
6634
-15116
3564
-12260
4628
-7148
-1309
-13312
20
-7140
-1021
-4012
-3592
-3068
-2063
-18380
5882
-17392
4571
-3036
3320
-9188
4347
20
5904
-22220
-6909
-9192
-1291
-16368
4062
-5076
1531
20
3343
-3040
4120
-12288
483
-17364
4590
-6136
-3546
-6100
250
-3044
2046
-4056
1808
-2000
-1071
-9188
-6129
-18392
-257
-10208
1221
-13068
4342
-9188
226
1088
-5633
-13296
-6631
-12256
-6670
-5108
736
1036
4609
-14312
-2534
-7152
-2565
-9992
4315
-17400
9690
-8160
-3568
-14084
2332
-960
4616
-11256
6665
-2036
18426
-2992
8688
2076
-2533
2064
3601
1068
-4350
-14304
2317
-6124
1033
-13264
3050
-6112
-6605
-8176
3816
-5080
-11765
-6100
-1273
-9188
-6125
-4076
7183
2104
764
-5092
8200
-14288
-17
-10208
1512
-15320
-2310
-3008
-7415
-12260
6936
-1004
-8675
-12244
2314
2068
-2587
-2044
3085
-11220
4873
-11244
-3548
-6116
-10761
-8976
-6395
-11224
2307
-3044
-11009
-9180
3
-6112
2042
0
-2034
-15120
2572
-4092
7681
-2012
3087
-10200
1028
-5088
-17918
-948
-4389
-4044
-6093
-3044
8452
40
-9946
-11236
1845
-7168
-3117
-21252
2039
-9212
-2302
-12260
4096
-13284
-6367
-9180
7955
-10192
-8699
-12240
-267
-3052
8973
-12272
-1031
-20428
1270
1064
-4376
-13064
-6156
-10204
-4635
-15328
-2780
-12276
1307
8236
1551
-5048
-726
-5100
-2825
20
2575
-3072
-23
-4096
4830
-996
-11004
-18360
-1278
-11264
-2061
-6936
-2305
-12232
-3346
-3036
-1331
-12240
8212
-5120
3815
-13292
7431
-5092
-1526
-13300
6655
-3040
3851
-8180
4084
-5088
4089
-12244
3068
-18188
2577
-12244
1051
-8156
-10226
-13272
7922
-9180
-4619
-7116
5652
-9216
1291
-3024
6153
-15336
11018
24
9021
-9184
-9727
-3044
-1788
-7088
2354
-3040
-5128
-11196
1775
-14092
-8961
-792
3122
5176
2848
-7948
7959
-9204
-4882
-10216
-3074
-19404
-5140
-5056
-3843
-8160
-1299
-7120
-2574
-3060
-1037
-10212
3842
28
3808
-984
-6117
-10216
2326
-13060
-4345
-2832
2008
-10172
-9237
-2012
-523
36
-772
-1796
2293
-4048
1292
-8188
3857
-3040
4854
-2044
7155
-15312
-16366
-9168
-2565
-4060
4847
-11252
-6119
-6108
-4302
-19452
7954
-1004
14572
-6128
-2513
-7148
-10760
-13248
-815
-14312
1055
-18424
-5880
2128
543
2084
9496
-9196
6928
-11012
524
-15352
-6104
24
-2049
-3852
-1786
-17352
5350
-8184
-7132
-8128
-1850
1036
3558
36
4105
-3024
-9212
-11208
1020
-14308
1254
-10200
-4341
-13256
3609
-5080
-2808
-17156
3375
-7128
3565
-3036
5378
-10212
-1026
-5076
-3583
-10164
-6677
-9144
-6139
-17376
3854
-9184
-1773
-10220
-2054
-5084
-3084
-3028
2789
-14312
-43
-12036
1756
-3048
-4868
-6112
5149
-10212
2529
-3072
3563
-4076
3595
-5084
-2312
-4068
-5638
-10236
7412
-8164
4348
-6120
-2284
1044
8703
-13252
3820
-8976
-526
-6100
-9469
-13225
7165
-11236
-9985
18672
-1266
-5100
477
-8148
6651
-7956
-1502
-3024
-6118
1276
5884
-17368
-1300
-12256
775
2068
-7926
-4084
2036
-9172
-11
4152
1570
-1012
8445
-8144
-1292
-11244
-1779
-10236
-7189
-7168
-3318
-14308
-4111
-5120
5634
-6096
-4087
-12272
2578
-2020
18417
-5116
-2814
-8148
-2070
16
-8239
-3048
7460
-6116
12004
4140
-3056
-8188
-4323
-18184
-502
-9176
535
-5060
-2046
17676
-3583
1044
-4346
-18380
-6917
-11200
1869
1048
8468
-8184
4356
-5064
2844
-11032
-5601
-8184
10738
-8144
-1539
-7148
11242
-9160
-5359
-22212
4622
-15316
-11048
-7148
537
-10208
-2849
-6120
225
-2000
-5630
252
-5133
-4052
-12556
-5896
6388
-7160
-4364
-7160
-1745
-9176
8987
-3068
-6947
-4080
-7931
-6112
1772
-4084
-1278
-3036
1300
-9212
-11503
-2008
1025
-6116
513
-10196
-2032
-14292
508
4124
-7151
2100
-11269
-988
3834
-10188
5907
-9172
-1028
-9184
8680
-8140
12289
-4084
-4861
-10196
7931
-8168
-2568
-9196
10201
-10208
-1796
-2008
-6127
-5100
1540
-4088
-5373
-12268
11505
-16348
-7683
-13296
6911
-3052
-3823
-8168
-6632
-5076
7944
-8188
-1525
8248
-252
-9996
-4120
-8152
-4890
-15352
5881
-7112
4635
-8144
-3845
-13276
2550
-8152
1283
-7956
-1031
-1972
3573
1068
1054
-3032
-6657
-10004
-10494
-8968
-4626
-7156
-6681
-10232
11242
-7116
-4853
-6084
-2292
-9180
-1783
-13228
1306
-5072
13321
-5104
-8679
-7156
-5387
-6100
1518
-9164
-2797
-7140
2255
-2024
-2555
-1024
-5599
-13252
11029
-788
5621
1104
-1005
2068
1281
7200
-3109
-8168
-4137
-5104
6384
-11244
-6395
-2016
-6912
-9164
-1573
-14088
-244
-10240
3871
-3044
7187
-4056
2797
-20436
5381
56
7727
-15360
-7436
-3048
-2839
-9192
6910
-3056
5907
-5120
8912
-9200
-5618
-5052
3068
-14280
4881
-9176
3863
-6104
1554
-10208
-5923
-3056
-7911
-13280
8
-5892
7942
-10220
4342
-12288
-11806
-968
-4600
-7156
-11518
-7140
1801
-11220
2539
-11212
8192
-8120
1527
-5072
1257
1096
9976
-7156
-3830
-17356
3857
-4040
-7169
-15316
1047
-5080
4618
-2012
-3312
-21256
-8193
-8192
-6409
-14300
-5661
-10200
-2276
-4036
-754
28
-5090
5120
-2557
-2032
-6425
-6108
7162
-7132
-1002
-10212
-1782
-9200
4109
4132
-7632
-12268
3834
-10228
20
-8160
2559
1036
-512
-6104
-4895
-1996
2006
-7952
3315
-15324
2835
-6116
-3846
-3848
4360
-7088
3610
28
5387
-3060
7157
-7164
3557
-12252
284
-14268
-16
-2008
-2082
-7152
2557
-8188
4101
-5896
-7930
-3032
1551
-1024
-9205
-9057
-11276
-14312
-765
-13276
8454
-13244
763
-8152
-1040
-16352
-3097
-17360
1273
-5084
2306
-6092
9718
-17384
-2043
-6108
-8491
-2824
-6100
-8120
-8234
-952
-4583
-3032
2041
-7120
8988
6164
-5622
-12232
-3317
-10228
-33
-10240
1797
-5088
2017
-8156
1050
-4040
7666
-4052
1530
-11200
12030
-8172
1815
-7148
3640
-14292
-2598
-2028
-5352
-9172
-6946
-12264
2810
-4064
4089
-4056
-781
-8172
3080
-11260
-2333
-10208
-8958
-4048
2539
-13272
-1535
-13292
-221
-8160
3049
-11248
1052
-22020
-508
-4048
7676
-13296
1802
-7132
8453
-18408
2026
-9132
-2323
-5072
-6650
-10180
1279
-11228
3566
-9988
4386
-2048
-5866
-3052
-3838
-16384
1036
28
-4105
-5104
2301
-4036
1054
-8164
2818
-4048
1270
3120
-4881
-18416
13061
-14328
-3318
-13236
9239
-10196
-6664
-5080
-12039
-11208
-2804
-9188
2314
-6100
1549
252
8471
-5112
2818
-20468
-3328
3144
-3094
-12232
-3081
-9180
7688
-18416
-2827
-7140
8723
-20452
-8695
1092
760
-4040
5636
-17400
9490
-8136
8732
-5072
6168
-16132
4653
-7160
8667
-4068
-500
-12264
2823
-11204
-10497
-13252
504
-6920
7704
-2016
9748
-13312
2577
-8180
-5060
-21472
-3341
4108
-249
-6140
-289
-15292
494
-2820
-4090
-7132
5666
-10240
8997
-12248
7424
-7132
-1276
-14308
5368
-6088
1014
-8172
2041
-4068
272
-6096
-2577
-21444
4127
-10192
-5120
-8964
4844
-988
6409
-1988
-5120
-3032
1308
-10200
3857
-5064
-5626
60
7674
-17376
-7175
-16368
509
-9184
-2834
-7112
-762
-17368
-292
-9164
-3321
-996
-1258
-11196
9978
-13248
6165
-6124
-5161
-7128
7399
-4048
706
-2016
9233
1080
-5396
-13276
1017
32
2818
-16344
-15601
-4092
3624
-10228
-5365
-5088
28
32
1510
-5084
1829
-10168
-1535
-9200
-7692
-5076
7667
-1996
2544
-15300
-2562
-8148
3107
-13284
4564
-10164
3602
-12240
12525
-9208
-7454
-7164
14059
-5084
-9430
-4016
517
-8180
4359
-12268
4120
-3016
-3593
-14324
-480
-5072
-2541
-9164
5109
-7168
9749
6192
1299
-12276
13346
-8176
3582
-8148
2310
-5092
5654
-9152
238
-9156
-10497
-2004
2303
-8964
6149
-20440
5371
1084
-7146
-5080
2052
-7152
-779
-7128
9489
-6128
7211
-10216
-1273
-8132
485
-2036
-5369
-7144
526
-4080
-7962
-10220
10784
-3028
4344
-9208
-831
-12244
-10510
-8964
-1
-8148
3087
-30412
5139
-11196
7
-14304
-13573
4120
-3575
-5104
-244
-10216
-4865
-3036
3574
-12244
-7720
-8184
-1493
-5068
-503
-3048
-6441
-10204
-1791
-8136
-5138
-8136
-6090
-6144
3305
-2032
-9967
-3040
-1779
-9156
-776
-988
10275
-5056
565
-6072
-4344
-3064
-3840
-6104
-3559
-15344
-4617
2288
-9232
-12256
-477
4096
-1279
-7140
-10526
-976
8469
1064
1786
-12260
6904
-11232
-774
-9196
-7959
-4064
523
-6104
10
-996
-7647
-3024
-8176
-984
-2034
-6920
-9706
-15360
5372
-11196
3591
-9176
3588
-2020
512
28944
2836
-4876
-1257
-9204
2297
-2028
5115
-3852
2576
-15360
1006
-19396
-780
-2040
-2314
-4052
5642
-10192
7649
-4092
-10240
-4028
5908
-10200
489
-4076
-7170
-10212
4084
-11256
514
-1008
536
-14296
-1039
-2020
4377
-15324
-1286
1048
285
-8180
3064
-8144
5133
-9156
-3865
-19420
-2539
-16340
-14331
-6108
3559
-5052
2575
-9172
12044
4
6423
-3032
9
-11212
1031
-5068
3345
-8988
9738
-12193
-4103
-11204
-2823
7184
278
-10176
2070
-1992
-4631
-19416
-5101
-9144
8469
-7148
262
-11216
-8427
-13292
-1516
-8124
-2280
-7152
-2799
-964
8199
48
3351
-12252
-5141
-18408
-6396
-9192
14341
-6136
-6678
-2004
-1307
-19440
3595
-11244
-8457
-8148
4860
-11204
-1033
2092
2808
-11236
-534
-6108
-4860
-8168
-7441
3148
1277
-14304
-8198
-10164
3094
-7152
5115
-13288
-2542
-1949
-565
-18372
9225
-1000
258
-4892
3363
44
3575
-8156
-796
-13272
3072
-8156
-1581
-24320
1535
-14316
12265
-15284
-777
-11232
2816
-1808
-2553
-8168
-536
12
5363
-18325
-2826
-10192
1801
-13256
4847
-9176
-4888
-5092
5128
-13280
-5373
-13308
8669
-9168
7382
-7156
8502
-6108
1041
-16364
-760
-14296
233
12
-7176
-5100
4853
-3032
-12541
-6136
-4902
-776
-11511
-6080
-1776
-4888
-5386
-3032
-1493
-7144
746
-12232
2524
72
-4390
-7108
-7665
-8172
-4383
-7940
8687
-5096
-11249
-5116
2797
-11220
-4126
1076
7947
-15324
-11789
-4084
5606
-13276
-4111
-9208
290
-2036
-513
-8192
4604
-2024
-1275
-5068
-743
-6104
3101
-5060
4611
0
-4883
-15324
-3356
-9176
3048
-17376
6407
-17376
-14066
-14316
1264
-19404
-1798
-3072
-11006
-8176
6929
-10204
-10775
-21452
11235
-9192
5599
-988
2840
-13292
-9432
-11192
-539
-3044
5126
3080
2583
-13260
-9762
-6088
-244
-7140
755
-10216
3569
-2824
9505
-976
272
-6108
1549
-12256
-4329
-6932
6896
-11248
7912
-11232
10240
-17372
2541
-14284
-4853
-4872
-2756
-12260
-1795
2096
3829
-26344
-6149
-10232
9459
-3048
-6156
-9180
-2028
-4068
5639
-8176
-2009
-5100
2310
-12036
-3072
-11256
8897
-10200
1025
6148
7643
-10180
-9506
-3036
-530
-8172
-6138
-968
-5148
1076
4861
3100
7920
-9212
-6648
-17372
-746
-11177
3293
-4876
-8225
-3004
1805
8236
2776
-25320
-1557
-13248
536
-11264
2602
-16368
-2297
248
4577
-18416
2019
-9988
-505
-5084
2075
-3016
3578
-10224
5861
-12280
-1504
-6076
-1767
-11248
2290
-15308
7139
-8176
4381
-12260
-2032
-4068
-5136
-11256
4116
-4056
-5620
2276
-1022
-11256
-8424
-7164
13552
-5096
11503
-5060
-725
-3048
2065
-5092
1547
-4076
5127
-8176
2057
-5096
-9477
-8156
-2012
3096
-3638
-6140
226
6396
2020
-12276
8443
36
16384
-9168
8723
-3020
-3059
-11244
6419
-9180
1242
-14284
3811
-980
4619
-9200
1031
2056
3386
-10168
5645
2052
-2573
1076
5876
-11260
-6930
-4040
1778
-13232
-6671
-22020
3345
-7128
3587
-5116
-4882
-10236
-2523
-6936
6629
-11192
-12789
-8148
21
7180
3833
-10232
5106
-27316
-3307
-18372
3060
-7152
-3810
-17352
-38
-3028
6899
-9200
2049
-15352
-2567
-11232
-8758
5136
-796
-14260
4112
-4064
-3835
-13300
3044
68
500
-4076
-4614
-4068
-1229
-4064
-2013
4148
-8159
1044
-1538
-8152
-10230
-3060
8748
-6124
5378
252
-6653
-3856
5618
9260
-8934
2108
3062
-8148
233
-11240
-4338
-3008
-8457
-7156
-2294
-10200
5892
-6128
3817
-4084
-1067
-12252
1546
5372
2557
-4060
-2538
-7088
-2322
-12288
8186
-4080
10481
3320
2819
28
2028
-8180
6126
-6120
-4860
-4868
5651
-12216
6450
3324
-7646
-8144
258
1048
2773
-4068
2026
-19428
-3863
-10240
3341
-2024
-13629
1252
-5873
-4052
-2295
-9204
1780
-18424
41
-10004
-3819
-9200
-13
-3048
1049
-16312
4623
-1004
5644
-2012
-2817
-10212
-3067
2056
4899
-9121
-5619
-8160
807
-9216
-2577
-5108
9226
32
-1770
-14108
-6920
3324
6128
-17368
-8945
-5104
2845
1040
-5098
-3012
-9973
-7092
-1278
3120
-2040
6176
-9985
-8152
-758
-7156
9215
-7124
-3597
1032
-1305
-2016
-1523
-13280
22
-4048
13342
-5052
-2071
-12288
8716
-7148
10770
-11236
5405
-5068
-1296
-12284
-2590
-4084
-3594
28
-1308
-3016
6896
-7160
-6356
-12272
-5897
-1800
3321
-9144
3086
1048
226
-15292
5121
-7144
507
-9212
2808
-13280
-504
-11260
2583
-8144
6922
-11220
-4420
-14324
-5118
-5072
-2600
-2016
4607
-5072
4882
-1796
6883
-5116
3075
-3028
-7445
-6112
4621
2072
-2803
-4052
297
-5092
10247
-8992
3355
-13284
802
-15308
-5327
-5892
7459
-10220
-3578
1276
1302
-11208
-2599
-14300
4350
-6916
4082
-17352
8157
-10232
-3857
-10196
8688
-9208
-3314
-8156
-4851
-15328
-1551
-7112
5623
-11240
1050
-11212
-2580
-16344
2029
40
-6906
-4088
-4366
-4072
784
-20252
7680
2128
-13306
-9192
-10
-8136
-4348
-1024
786
-13284
4375
-11212
784
-16352
3851
-4084
10490
-11248
-1765
-8148
3569
-5892
1782
4112
3317
-9168
-3599
-12256
2797
-20416
-2063
-8968
-3364
-6120
3323
-13284
3063
-2828
510
-2044
-3856
-13260
-3093
2092
500
-8184
-538
-7156
1769
-7120
-2289
-9172
-3308
4108
-3863
-7168
-243
4
-1007
-20256
10
-8964
-248
-8964
11268
24
8965
-4064
4622
-3040
-1291
11336
-16632
-3028
-1526
2096
257
-3024
-8160
1036
2276
-11248
3291
-20448
-6695
-7940
3561
-12224
-990
-15332
-3083
-11236
-1025
-2020
-524
-5084
-5117
-7144
7641
-16360
9736
-4048
2303
44
-547
-5900
-5881
-15336
-2572
-4872
-2277
-10160
7931
-6140
-4861
-13256
6133
-4080
262
2068
3555
-15356
1257
-6112
4334
-15116
7919
-18368
-2790
-8188
-17
-7160
-4845
12336
2828
-12256
-3295
4108
8
-11240
-9226
-5120
-6365
-19424
-1024
32
2287
-4880
-1012
2132
11516
-5084
-12273
-4088
2805
-13288
-756
-7136
4886
-13296
4912
-9204
-3336
-1004
6952
-4044
-535
-7128
-6939
-4052
-14077
-6120
-8715
-5068
479
-7148
4852
-4052
-790
-992
1082
-8152
11017
-1016
3831
-3060
-6669
-2016
2825
-9168
-5397
-7160
2781
-10236
-3317
-2008
7684
-5104
1582
-1020
6867
48
-4580
2084
5374
-2036
-2830
-9196
5866
-8144
-3069
-12268
6926
-7944
-982
-5892
-1803
-11216
-5913
-1008
11
2088
9223
-9204
1549
-7944
785
-8120
1789
4120
6378
-5076
-5093
-8964
-1318
-7132
3330
4140
-789
-3044
754
2064
-7969
-11212
3073
-16136
10704
-9200
-3060
2060
3849
-10208
-3818
12
3311
-1800
-4061
-3060
4604
-14312
-1268
-2032
6893
-17400
-1539
-2832
1009
-9180
-3833
-8188
-8685
1264
-5865
-8988
4062
-9200
6664
0
-1509
36
-3588
-7152
2295
-992
-11997
-7152
-266
-5068
-3295
-4868
6104
-10208
-4632
-7140
-9455
-5084
-5384
-1800
-11528
-6108
-1023
-12244
-3299
-2032
13018
15392
12029
-980
2
-4096
-2790
4156
4357
2084
-1530
4108
-8689
-7120
-255
-8124
5636
3072
525
-7984
1063
-5120
6415
-4876
4366
-4012
2309
-19428
488
-10188
523
-6104
-7149
-8164
-12059
-4072
-1520
-3848
12774
-6144
-2509
-3060
7436
-11244
1303
-996
-1285
-7124
-16627
-4084
11029
-9168
-14357
-5120
-8462
-12280
-7698
-9988
-1528
-4888
-10257
-988
-4599
-4092
9687
-3020
-4330
-17376
-1790
-13064
6408
-2032
-4862
-19444
-4352
-11012
-9974
-1992
2311
-11240
3840
-960
6898
-7140
1555
-10224
-1016
-9176
-5669
-7144
8939
-9204
5598
-19420
12266
-3052
8197
-15292
2551
-7140
-4856
-9992
7697
36
5619
-14328
7687
3084
1291
1072
6913
-9200
-8184
-2848
5385
-16364
5150
-14304
7130
-20436
21
24
2037
-11236
-5647
-16380
-2319
-6116
2852
-13300
10240
-2844
-1253
-10240
6161
-2000
-4621
4108
-1803
-10020
-3847
-12264
756
1064
1553
4132
-10741
-7152
6661
-16340
-1034
2052
5115
-8160
11278
-12260
6395
-3036
11529
-2004
-6646
-5096
2877
-17404
2007
-10224
10003
-6128
5384
-7156
21260
-1020
-4095
-3048
-5878
-8156
2619
-9196
-4336
-12288
6634
-4044
-5120
-4060
11491
-2004
-3596
-2000
3334
-25340
-2805
-1992
3340
-8180
2540
-7124
-3813
4116
-4613
-14328
4088
-1804
-2833
-12256
-6151
-8148
3333
-11264
-1291
-11232
-7194
-11220
10505
-16324
-11038
-7140
6426
-8172
-3593
-5120
-8480
-14328
-15
-6112
-3063
-3068
2574
-8168
-17
-2036
1035
-3032
982
-4036
3596
-5092
-9482
1060
7168
-8968
-3584
-13280
-7160
-11212
4102
-11208
-8464
-1988
1021
-3036
-783
-6108
-3115
-11216
-9454
-13217
2326
-17392
4365
-6080
-4862
-12280
-6872
-5084
7455
-18420
1556
-5112
-4611
-7144
-4342
-10224
-6438
-13288
6654
-4064
-3851
-11212
995
-12252
5623
2096
3861
-7136
-514
-20444
3334
-19420
3368
-12260
-1542
-8172
-1555
-9196
4106
-8188
3071
-9216
-1537
-13280
-3078
-12280
4374
-7156
3826
-4056
-4363
-16368
-5664
-2000
2062
5356
14858
-6128
8719
2072
-6689
-11228
-3811
-5056
3105
-9208
-6394
-19428
-765
-9172
-10531
-1984
-5133
-13308
6421
-2000
3037
-17352
16406
-15276
-7165
-16348
9485
-5112
-6161
-8120
-5389
-14320
10256
-9188
2557
-15300
-754
2088
-9732
-22244
-16015
-2008
-31058
-18180
737
-9196
6630
-6124
-7391
-2004
-1275
-2040
-7688
4108
9476
-1012
-2554
-4080
-1030
-12220
6115
7212
-6641
-10184
3085
-13272
-2570
-2032
293
-10224
6942
12
1025
-13288
-2062
-13312
-3591
-14292
-4853
-7077
1025
-1961
-1285
-5068
4604
-3040
-3086
-9196
5371
-7156
1284
-6092
2551
-12288
-10755
2096
4354
-7136
-8417
-4068
4862
-12248
2019
-7148
-9510
32
-281
-5892
8433
-4064
-2548
28
-2843
-15336
12298
2064
-19
-4028
-3845
-4060
2056
-6104
6155
-9204
-3594
-11232
-1533
-7140
3843
3148
-2576
-9196
3588
-5080
-12263
-11252
10790
-14272
5917
-9188
11051
-12220
-12
-3036
2325
-10192
3097
-11208
-1037
-9204
-481
-2016
-7159
-10212
525
-13300
6635
-5064
1769
-15332
4616
-8164
4342
-952
-6405
-21460
5155
-5092
13088
-6068
2833
-5080
4618
-8964
-30
-11232
10737
-15312
-8688
-8152
3617
-9180
5377
-11232
-5644
-7128
3566
-7128
-14
-24276
-2314
5180
-1533
-9168
2055
-11228
5198
-10232
-3595
-4040
-778
-992
-1824
-4040
6137
-5072
-6642
-3072
6138
-6088
-11798
-9200
502
-15348
9482
-7096
14837
-4076
1799
-14292
-5364
-8144
-1508
-12276
1768
-11264
5896
-2000
5642
-16360
12044
-15324
544
-15344
-3840
-8972
-2046
-5112
-7194
-6104
7191
3088
-3024
-6096
-7138
-8144
9713
-12268
-2820
5152
3603
4348
-11
-6128
-8445
-15312
10539
-6140
9946
-7168
5918
2048
-8941
-6104
-6406
-15324
2311
4100
4094
-7108
-3328
-9180
7186
-13280
-1802
-12244
4600
-13272
-801
10292
-3882
-2824
4371
-15352
6119
-2036
-1280
1072
4590
-19408
-7414
-7124
3575
-6928
13321
-11244
4316
-8172
-4614
-14296
20
1032
3572
-6952
-4608
-12248
-2793
-19440
13288
20
8739
-1812
526
-12256
-3307
-1008
-1235
-15356
-4326
-8972
7436
-11240
-3590
-8160
-2052
-9188
9196
-11212
6396
-8132
-3549
2048
3303
-8116
2583
-7940
-2290
-15332
9500
