-7148
-3590
-12280
11247
-4076
-2823
-2016
3307
1044
4097
-13280
4845
-8176
-3831
-6132
-8706
-16348
-2585
-9192
1787
-2000
-4832
-5108
11754
-6944
757
-6084
-10747
-8132
6400
-10204
8727
-13276
-4088
-13100
-1517
-15288
23
-4068
4086
-7152
4107
-7092
-4139
-4044
-2068
-4064
-9190
-11212
759
-12244
3067
-15316
-3576
-8156
3076
-5900
2303
-12268
-4592
-4048
263
-2012
522
1276
-15112
-7160
5872
-8964
4858
-11204
-7418
-6084
1260
-12236
1563
-12272
751
-14320
-1295
-4092
-12300
-6088
5878
-6136
7180
-6132
-998
-12256
4376
-16336
-16651
-3028
-8967
-8168
4105
-8184
-8961
6172
-4079
-14320
-8776
-5900
6632
-6116
1043
-6072
5880
-5116
11809
-5088
-265
-11196
3615
-13292
5854
-7140
-279
1048
-779
-8168
-3537
-11256
5116
-2044
-4879
40
8181
-6088
1593
-11244
1538
-13060
3576
-3072
1568
-7140
-5862
-11236
2035
-5112
9228
-18376
-4596
-13288
-5095
-15360
4339
-13276
1776
-16372
-7436
-3024
41
-4884
3309
-7136
-3571
-8192
-8983
-6124
-3355
-5892
-2519
-4044
-3864
-9204
531
-2036
-8476
-4080
1015
-10232
-6668
-4068
763
-13248
-6923
-15336
-5374
-4060
-7195
-5092
-7183
-12264
-7157
-10224
2033
-6124
3091
-6108
2562
-10200
4849
-6100
6359
-1004
-12778
-3032
-5642
-5088
9246
-18388
-3071
-1000
10740
-16348
-3849
-12236
3083
-9156
4337
-4072
3064
-4036
258
-2012
-5325
-15340
-6909
-5072
1549
-4036
7671
-9140
-7678
-3052
4574
-2016
-1529
-11244
3848
-13268
2804
-14084
-4596
-15328
-5384
-1024
-1491
-772
5899
-7160
-1528
-8176
6691
-14284
-2029
-13288
-2303
-3060
-503
-5100
550
-9164
-2552
1048
-8432
-1012
-1810
-14300
-19
8216
-6663
40
-5138
-11224
1308
-8152
-6383
-8192
-17931
-8188
2831
-10228
9005
-3048
-3323
-6124
4332
-1804
-802
-12228
2027
2076
-1525
-5096
8184
-7152
-9497
-23052
2782
-11208
-4562
16
6138
-8188
-1023
-3048
-2765
-7160
12073
-7140
1274
-4016
3327
-8180
9231
-7156
-11504
-16384
5906
-19432
-3334
-10228
-2829
-10200
515
-7128
764
-8168
10517
-19456
5140
-4056
257
-6120
10998
-9200
17
-15336
4588
-19432
-4078
-992
-6666
-13276
4614
2072
-30291
-12280
2285
-5076
-3819
-7136
2071
-12232
2557
-15340
-4093
-15352
3606
-9200
-4591
-7944
2302
-7148
8196
-16340
-9732
-9176
-975
3112
3570
52
-3061
-4068
3093
-2036
-514
-1893
10033
-5108
-9192
-14304
6137
-4044
-6128
-2004
4628
-18184
5386
-4056
3581
2072
-1584
-8964
-5393
-10008
-3808
5344
-2803
-4088
-4084
-3060
-4577
-4076
2282
-8180
-5153
-996
8469
-2008
-4868
-7132
780
-1000
7715
-7160
-4859
1036
3840
-8180
-7449
-6128
-3573
-10196
248
1024
-5140
-6132
9230
-7152
5344
-6100
-6658
-8992
1266
-6916
7414
-1796
6407
8192
-776
4128
1039
56
2293
-10216
-4082
-5100
-1803
-13300
1018
20
10743
1024
-2045
-17392
7140
1048
-484
3324
17238
-13292
-2559
-1796
-10221
-8968
-2333
-7144
1279
-8176
-549
-6108
-10221
-12224
-4347
-6924
531
-2012
-2539
-17348
2563
-2000
-2834
-10208
-5888
-3008
-3059
-10196
-4106
-3020
-1006
-6112
-7214
-18392
-1513
32
-5139
-4096
2299
-4068
1309
-980
2025
-14280
-3047
-6916
2833
3104
-251
-4096
7881
-4096
17
-3052
-2530
1076
-3353
-5112
-8964
-12284
-6130
-6132
2035
-15316
-781
-10192
-7879
-5100
2800
-10228
7171
-1832
-1017
-15352
-4586
-6088
-2053
-10212
-2053
-7164
-3578
-15340
788
-19412
5920
-1012
-1804
-10224
1801
-7152
-7422
-8968
5386
-4072
3838
-11196
1030
-7116
-3324
-6116
-1777
1060
-7157
-6100
-271
-1012
772
-6136
-6619
-9200
495
-15336
2820
2068
-2824
-11232
-266
-2000
6094
-3040
-5595
-2044
2022
-6116
-6625
-7156
4357
-13276
-6624
8420
1742
-16360
-257
-8168
4594
-16352
-1015
-4088
-9726
-6112
-2071
-8192
-4104
-6124
-2553
-11248
515
-5060
2251
-14308
3070
-5092
14357
-1020
525
-19424
-993
-9172
-7942
4
1014
-11236
-3068
6228
-7670
-13292
756
-7156
511
-11232
-3114
-11260
-5601
6144
4096
-14312
-6418
-17384
-1049
-3048
-2030
-2040
7195
-3056
-2042
-4088
10711
-6116
-5616
-9204
6712
-13288
-265
-3068
8971
-19424
4348
-13248
1012
1040
1787
-20256
-250
-4064
-3328
-4056
-8722
-5064
1753
-5048
-1248
-8156
-2815
-13284
-6905
-4080
-4586
-8148
-4885
-8168
6137
-3040
-4626
-5088
12034
2300
8177
-15112
-3042
-14300
-13054
-15332
4892
-4088
3871
-7120
-6943
-2040
4879
-13292
1800
3072
-6429
-1804
-6676
-9204
-4622
-988
-6643
-9196
1765
-6144
-2560
-7952
-7899
-7140
13047
-10188
4576
-4096
-268
-6920
244
-3044
3850
-6104
4353
-9140
5127
-1804
4354
-10180
3088
-7144
6349
-5108
7151
-3052
-5664
-4056
9480
-20476
-2321
-3060
3064
-11252
-4073
-956
7900
-12244
526
-7160
-5626
-14088
505
-4064
2037
-3024
6655
-8184
-6413
2076
-6206
-7096
-9460
20
-4608
-15340
-11014
-6920
1777
-7156
-1255
-4088
-16373
-10224
2791
-12040
-14850
-5088
-4635
-3064
-4069
-13264
12531
-12248
799
-3068
7436
-13272
3873
-7144
489
-6132
-3862
-6120
-3848
-1012
-1292
-5896
-6129
-9208
-5378
1040
5648
-3020
-4606
1276
4110
-9180
-10975
-9192
7964
-8152
8942
5156
-774
-1796
7904
-4056
15
-7144
-1790
-14312
-6378
7212
-2049
5140
-5333
-5072
9464
-11244
-4074
-3040
-2064
6196
-1282
-5108
-6396
-8192
6382
-8180
1303
-6104
-8717
-14288
10492
-5100
7179
-9180
13105
-11016
-3325
-4084
6905
-7152
-4113
-3052
1008
-9192
2081
-4056
-4052
-7152
5642
-1832
782
-12248
-5587
-11228
-267
-9168
-4613
-12240
6395
-16344
1287
-9204
3587
-7948
2297
-1988
-5091
-12260
3645
-8972
-9245
-11228
4072
-976
-3071
-988
2254
-5080
2804
-8144
-7923
-15348
-1049
-9200
-5632
3100
789
-9188
1787
-17380
524
-7148
792
-1996
-5
-1000
4636
-16376
7665
-9156
9724
-10176
-5623
-3036
6178
-4068
-1757
-13268
-2320
-13260
2022
-3024
-10510
-13068
3577
-23296
7686
1072
5351
-8180
5159
-2004
-1787
-3032
8186
-5084
3586
-15304
-6384
-16368
-239
-19428
7176
-3044
-10499
-10220
-503
-10224
14327
-10236
-1775
5136
-7942
-16364
21
-6128
239
-12284
-1585
-3860
6399
28
-4861
-11240
6119
2068
1282
-1000
3338
-4076
-520
1052
7685
-6120
-4849
-17372
4879
-5096
3571
-5900
-5865
-9164
-291
-9192
-3057
-3052
-4624
-6092
-12776
-5064
-4128
-2996
2302
2064
-2788
-7128
8690
-8160
-5153
-4092
-7936
-13272
6924
-10212
-2557
-12272
-490
-14304
7164
-9184
4641
-10228
752
4132
-5155
-1016
526
-6944
-6916
-7112
478
-12240
-8681
36
4328
-11236
4332
-7156
3840
-10204
-3842
-10216
-1052
-10212
5099
-7124
-1796
-4040
1015
-21492
4604
-13300
1808
-4040
8687
-6072
3832
-8172
-2541
-14324
506
-9196
-2762
-4056
9713
-5116
-1244
-13264
-2590
-10220
1552
-13256
-4880
-9176
-2845
-16332
-536
-20420
3565
-8124
-2043
-10200
1310
-7120
1257
-10236
-502
-8160
-530
-6112
-6914
5128
-2839
-7152
3860
-14304
-5408
-5108
1029
-4032
-3596
-6100
525
-3040
10526
1044
-3864
1072
2835
-14276
-11
-13268
2882
-10168
-3354
-5072
-2040
-11244
-1255
-14320
-2825
-8168
5378
-1992
1025
-6088
2834
-16360
5101
-16140
-4100
-5120
1027
12
-3607
-3032
-11013
-7164
-12568
-13264
-4834
32016
-2594
-10012
-749
-7164
783
-11216
1274
-11236
2826
-7144
-1781
-6136
-6097
5148
5904
-4076
4142
-18388
1785
-12268
6432
-1008
-799
-3044
6651
-14308
-3562
-9200
2813
-6140
-2590
-5056
2083
-6120
-2262
-4872
7677
-13256
-11502
-5080
-4625
-8144
-2306
-14336
-1815
4108
4582
-6112
7418
-20424
3560
4120
3354
-6916
-1034
-16348
7677
-3048
3833
-8180
-4344
-7120
7173
-9180
-240
-18384
-4380
-5112
-7403
-12248
-2811
87
-7704
-5112
-2012
-4080
1529
2064
-5642
4104
-5106
-22256
-5136
-14308
1491
-13268
13498
-11256
-2037
60
1552
-8128
12057
-15360
-7437
-11256
230
-7168
2072
-12056
508
-18424
3063
-8180
5909
-10204
-4309
-11256
-8712
-6124
-5114
-1992
7171
60
-2546
-7144
-1011
2056
-1545
-7164
-1023
24
-18739
-9176
-5387
-6100
-2566
-3848
-1798
-9125
-6902
-3848
-1021
-5088
-10753
-3048
765
-18432
-4603
-5080
-2791
-16324
7711
-13280
-2322
-12240
6369
40
-1052
-5060
2808
-4868
-3832
-14288
-2304
-7112
-8237
-8192
-5884
-11200
280
-2828
2869
-3020
1764
-11228
-532
-4028
12530
2068
2811
-4068
-505
-9988
-4889
-4080
537
-15108
-1550
-6116
-1760
2088
3330
-8168
754
-14284
2548
-10204
774
-10220
1041
-8144
2286
32
-1768
-9172
-3345
-7136
-2045
-5112
-11246
0
9457
-15324
1539
-6124
-5087
-15269
-8724
-5100
6666
-5092
5640
-10176
-10507
-10224
4357
-17384
-9210
2060
8731
-6100
4396
-12248
-239
-2024
-4894
52
6926
-8148
-5124
-16344
-1790
-12260
778
-9180
4072
-4016
-521
-4072
8461
-10180
-1034
-6068
-8952
-4064
1515
-10236
6663
-9212
-9741
-11200
-8430
1048
-1770
-4084
-5903
-13292
1030
-6924
6422
-7116
4114
-7148
4127
-12264
-6666
-9160
-4344
-5092
-1044
-7100
-4841
-14284
2572
-9212
10490
-11244
8428
-11248
4330
-13264
3555
-9144
1265
-6116
-7664
-12220
1262
-8988
1275
-8144
6691
48
5595
1048
-2583
-2048
-2298
-7956
-2563
4140
-1789
-4068
5379
-4068
5897
-5896
-1265
-12264
-4624
-2828
-10759
-5112
-774
-19428
-1302
-3848
-7388
-8148
9192
-12072
2267
-16352
-9698
-7156
8202
-1008
12539
-10176
5068
-12272
-7687
-9992
6681
-13304
6898
-18412
3321
-7168
2287
-11232
8672
-19428
5
-4892
9215
-8168
3093
-1008
-4841
-5108
3055
-3032
3037
-9160
-6130
-6096
-10996
-21488
3300
-11244
-8184
-12236
-3051
-2048
-2782
-3008
235
-4052
236
1056
2824
-5096
5654
-7120
734
-4056
1800
-14312
-7961
-6104
11517
-12240
1786
-19436
490
-984
-8184
-4048
4878
-3068
5857
-10220
-2811
-6132
-3079
-18384
3821
-7152
-4100
-3864
-2034
-7156
-3838
-7096
-4342
-3048
5115
-12256
-7174
-3036
4346
1276
5347
-6136
9235
-11236
-4850
-9168
4841
-12252
-3057
-20448
-11234
-11208
2531
-2028
-5381
1048
7678
-3060
6653
-19432
-3603
-10204
-5349
-8156
-3340
-968
6387
-10192
-7178
-16320
-4368
-15304
4063
-12197
-1480
-988
1268
4172
11504
-5892
-2302
-9200
-5394
-11204
-4607
-17388
5139
-5100
-2596
-12232
-264
-13288
2771
-15356
-10243
-6116
-7925
-12240
-5154
-8964
2054
-10000
3333
-16376
507
72
1010
-14324
-537
-2000
3594
-3032
-2832
-5100
10207
-9176
4613
2092
2547
-6049
-760
-16376
2056
-13304
4872
-7952
-1039
-9172
7418
-1992
3581
252
3370
-9992
515
-7132
-3034
1276
3325
-4060
3587
-10224
5410
1088
5644
-10160
1797
1119
-2532
-8168
3088
-10192
4049
-8148
2597
-5084
1563
-4052
8215
24
-5381
-6104
9473
-7152
-3584
1084
-5376
-12276
8194
-7952
4882
-11028
7430
-5080
-3339
2076
-2344
-7140
5
-7120
3595
-2024
-1832
1044
4573
-8968
-7389
-5080
-9989
-5072
7655
-8176
9735
-8156
-246
32
-1732
-3012
7669
1056
-4576
-8148
-13039
-5080
4343
7168
1292
3140
-2536
-17384
-2050
-7116
2839
-9184
-3088
-14316
1273
12
-2304
-4040
524
-9164
4073
-12236
4128
-9184
9969
28
-4621
-8180
-1314
-11228
11036
1072
2270
-11252
-9974
-5112
7669
-6084
6692
-8168
3850
-13292
-1018
-10208
-1029
-6128
5628
-2012
-3307
-2000
-9964
-14304
2293
-12284
3309
-7108
-4362
-7124
287
-4060
4852
-8152
-10498
-7132
-1030
-9200
3312
-7140
-1019
-7140
-1280
-3044
-2534
16
1537
36
6707
-11252
2785
-13304
770
-8180
5423
4112
6175
-6108
-1047
-11208
-2800
-8156
-282
-8176
1520
-10204
526
-2020
2041
-13292
10252
-13304
4109
-12256
-4121
-12044
1283
-7132
-10199
-12048
-9271
-6132
-4346
-11232
-7705
-17376
-4078
-7096
504
-14332
5345
-5096
1324
-7144
-3342
-7160
5640
-5064
-825
-11232
11246
-6920
-9713
-8176
1796
-2820
3325
-5092
12026
-4072
-1011
-5088
-501
-15316
-2301
-7104
-768
-7081
6431
-10236
-1812
-8156
27
-14312
3339
-6136
3554
-8164
2042
-4064
7177
-6104
3321
-11252
3848
-15320
1751
-8128
-2548
-1996
-1021
-3072
2056
-4068
-2531
-15312
-6917
-6920
-6956
-9172
3049
-8180
-2299
-10204
6922
-7116
12815
-8172
-10765
-12228
2053
-3004
6180
-10212
7411
-18416
1812
-10196
-6647
-12260
-7454
-6136
4631
-14284
-4351
-11256
4068
-11264
-1030
-992
7673
-10204
1294
0
7416
-6140
-6928
-7948
6679
-9184
-9718
-5116
2551
-12240
-5154
-14284
-2800
-5072
-11256
-9164
1548
-8968
6642
-2028
6389
2076
8162
-2000
-6154
-9176
-3836
-11228
-15576
-9992
1288
36
-6
-7104
7211
-6144
11534
-15348
-15
-8180
-5888
-8164
-1027
-12252
2344
7200
6411
-3052
2057
-988
-1567
-10200
9714
-19376
5932
-6100
2295
-4040
7981
-2028
-6907
-4068
-1552
-4056
-1538
-6924
-10480
-8184
-6930
-1808
-5153
-9140
2590
-5104
260
-9160
2568
-13284
2030
-7168
1297
-2036
2015
-992
-11537
-15336
-3842
-8172
6378
-3016
-27
-11188
-2040
-4080
-7434
-7148
4606
-9204
-3122
4
752
-10156
498
-18364
-2338
-9212
8937
-5064
-16622
-7124
-4625
-6124
-8225
-4076
-9996
16
5381
3132
265
-12224
5861
-4876
7476
-14304
9476
-6132
2029
-9176
1036
-4056
-2844
-14332
-3604
-13256
-302
-3060
-1562
-10208
-2306
-14300
492
-1996
7415
-12256
8174
-16277
7440
-9212
-4638
-8152
-6621
-10196
7927
-5072
1009
-16136
-547
1080
5122
-8172
-5121
-13072
-278
2104
4106
-7152
-8195
3088
7668
-7144
5619
-16340
-9999
-5100
-3580
5164
-535
-4044
-1282
-13260
-3332
-14292
6390
-11236
-5650
-16360
-2811
-13288
-12055
-14316
3313
-6916
-3375
-13248
-11554
-3036
2277
-2032
-713
-8968
5878
-5912
2541
-6096
749
2080
-6160
-18420
11514
-6088
7454
236
8663
-3072
-4339
-10228
1286
-11228
9455
-11028
3061
-13276
-1533
-7108
-2315
-5072
-6968
-10212
4865
-18404
787
-15336
-3872
-2000
2781
-2036
3833
-3056
6149
-18380
1049
1036
1807
-7156
-479
1072
2013
-13260
3366
4124
-4393
-7148
-2817
-6104
-8463
-10220
-5388
-6112
4073
-10200
7939
-9172
3078
-13272
-2836
-12260
-4597
-15332
8925
-30456
2051
-9996
-4887
-9204
-2844
-13312
6174
-5112
4338
-2828
1245
-17356
-6171
1052
-1298
-7164
2269
-10196
-24
-6112
469
-8148
-4827
6152
-9737
-5108
-6405
-15324
-2770
-9180
2574
-13252
1030
-7128
-5888
-9160
-1527
-6924
2814
-6128
10775
-12204
6690
-4052
-4867
-2000
4622
-2008
2557
1088
3597
-10208
-4358
-11236
11802
2088
4637
-10196
737
-5892
-523
-11256
-2311
-11220
6947
-5892
-4093
-7116
-2523
-3008
14062
-3044
-2548
-10196
-2293
-7156
-1038
-4044
-1004
-19428
3055
-9212
-1064
-17348
7694
-5080
3321
-5048
3848
-9188
-2284
-2012
5377
-10208
-6927
-17376
-3056
-10228
5116
-18376
7934
-15316
-2557
-2016
8257
-16132
4112
-992
-6104
-4020
-10698
-14260
8685
-2020
2818
-7116
10518
-14288
-5169
-9160
-270
-8180
1296
-13060
-8500
1060
-5595
-14284
3336
-17384
3336
-8176
741
-13260
-5125
5176
2047
-13280
5917
-7152
-2017
-18400
2279
-5080
6151
-9196
-11254
-9200
-2824
-9208
11247
-8164
546
-15312
756
-17376
-1553
-11196
-2053
-5112
7124
-6144
-13320
40
-11765
2048
-776
-6916
11268
-996
-2308
-7148
-6132
-11236
6134
-18384
-6659
-5096
-15611
-14088
-9998
-12256
-264
-5116
2566
-4040
-8449
-1000
26
-11256
5911
-10204
5636
-4060
-12
-15332
-6121
-10196
-7404
-4060
481
-20428
-27
-4040
2818
-20416
-1291
-13308
-792
-11012
-2568
-15328
1539
-9172
-1028
-8144
2069
-3012
504
3120
-2806
-5076
8188
-5112
-8904
-8184
1246
-4052
-4106
-3032
-3301
-4036
4602
-2008
16898
-8192
3842
-8124
-12776
-17364
-528
-4096
2286
-10208
-5105
-8980
10273
-23260
4109
-14292
-1531
23848
-3821
-18368
4593
-996
-5414
-8152
276
-6092
-5109
-14292
4073
-2012
-2813
-1808
5138
-16372
6
-5080
-479
-16384
229
-9212
-2304
-9168
8145
-9184
-5376
-6112
-22
-8152
-7897
-5100
-798
-14280
3036
-13272
6899
-14320
4073
-17324
-2553
-3864
-293
-1004
-7664
-12236
500
-10168
-1292
-6092
4102
-8188
1589
-7156
4071
-13240
9721
-14264
4625
-7148
-4849
20
-4654
-6092
-3337
-21460
-3827
-2016
1013
-9200
6894
-12276
738
3100
-3820
-13256
1281
-17372
3571
-13268
-7200
-16368
-3090
-10220
7430
-5072
274
-7148
-758
-8144
3585
-7112
-1539
-14280
-4582
-6124
11516
-10220
-1533
-3004
764
-12236
-1809
-976
-1777
1068
-487
-11196
-2834
-7120
-5913
-6920
4077
-18388
-2829
-11220
4598
-996
5131
-4068
-18190
-8144
-493
-5100
-481
-12036
6114
1024
-2330
-5104
1781
-15336
-1006
-11224
-5151
-976
3296
-12284
-4114
-21464
-6408
-11252
7697
64
-245
-10212
-2329
-7132
2543
-9168
-3571
-9200
-1263
-7136
5144
-8160
9497
-8164
-986
-3048
3325
-14304
-6676
-9196
-3583
-7140
-3077
-5084
2847
-9164
-2557
-4068
2310
20
4587
-20452
-1293
-6080
1807
-4900
5386
-17380
-7190
5120
5136
-7096
-756
-10168
3356
-21468
-5673
-16152
249
-16356
14
-14292
5658
-8124
2327
-12252
-11798
-11252
-5088
-16352
-11555
-16200
3363
-7128
7175
-8148
-5637
-4084
-1571
-4076
254
-8172
3320
-4056
5369
-4060
4114
2088
-3032
3112
6880
-7144
2325
-8160
-3818
-9204
13053
-3060
1771
-10000
-3812
-7116
1779
-16380
-4571
-14304
8703
6216
3307
-12256
-746
-18380
2075
-7108
-4630
-13268
-781
-13276
-4078
-1004
5334
3112
-7465
-12284
541
-13268
499
-10180
-775
-7132
-3584
-10212
4864
-17372
6646
-3028
-3341
-12048
11551
-17188
2261
7188
3582
-7116
-9189
-4052
-11
-13288
514
-4068
-4603
-6124
-519
-2820
1008
16
-480
-8160
-4328
-11212
3078
-5104
5417
-16380
-1033
-16332
-2049
-6124
-1324
-2032
-2080
-8128
5383
-8156
782
-6100
-5653
-4060
2023
-11204
1558
-9196
-2305
-16340
240
-8148
1591
-12248
5144
-9152
-3060
-4052
3071
-10220
1753
-15324
-772
1276
-1787
-14308
3338
-7120
1286
4148
11779
4108
-2269
-6100
-3564
-12260
8162
-8116
-502
-10212
-3067
-5092
777
-5100
7149
-10220
-3054
-13240
-4872
-5076
8211
10280
-1543
-3040
4911
-5080
7157
-6092
-2569
-10184
3113
-12036
2820
-11228
-6657
-9172
4377
-16364
4589
-9208
5120
1076
-5354
-8160
3302
-15316
-1002
-19432
10503
-988
6645
-6916
-1241
-5072
-3035
-8132
-9730
-10208
-2555
-16376
5140
-12256
8482
-8160
2821
-13292
6150
-11256
-4850
-14292
5094
-6049
-1289
-10224
231
-6100
5
-4068
-1775
-11236
-4123
-6132
-5127
-12244
10231
-10196
-3578
-6104
-797
-10168
7438
-2020
6626
-13268
-5655
-10220
1601
-16364
3841
-14324
1774
-7944
3063
-12068
-998
-14308
-4038
-9132
-248
-17392
1768
-5056
1252
-7144
3848
-10204
-1295
-8128
-3907
-9176
-2834
-7124
-5416
-9168
-536
2080
-8500
252
-7430
-11240
-1586
-13280
-2015
2072
1517
-1996
-5091
-16364
-3362
-7120
-249
-14304
9220
-7148
-4114
-11220
-3845
-2820
243
-13288
795
-2020
3575
-12228
-10257
-7108
-3320
-6108
1034
-5084
8955
-3008
5379
1044
-2761
-4072
4608
-11220
-7410
-13276
3329
-6916
2009
-15344
8697
28
3847
-11161
3327
4112
-11801
-13276
-4064
-13276
7201
-11248
254
20
-4354
-956
-2884
-10212
3568
-15108
7136
4
3075
-6100
1317
-4064
7416
-1992
-14083
-15292
13319
-11256
-5916
-7120
-1297
-4005
-1306
-20480
-2355
-10216
-2024
-5096
2569
-7152
7931
-8160
-2055
-4052
760
-4056
-6378
-8148
10726
-5076
260
-4068
-1793
-15308
-1823
-976
13837
-972
-2022
2096
13082
-16344
-7431
-4052
-3073
-11256
-518
1060
-40
-15316
3073
-7944
-7399
-10228
8442
-15344
-2306
-7124
-5895
16
-8469
40
7131
-9188
6394
-11228
10792
-13232
-8926
-5080
752
-9168
-2807
-17392
-1300
-4052
-3591
-12216
1045
-2016
6633
-984
3836
-15352
8724
-14292
-37
-5092
6664
4152
-4865
-6104
5116
-14308
-1781
-976
14075
-14296
-1300
-7152
-5398
-9216
780
8
3324
-13296
1038
-19420
-14606
8252
3851
-11196
9988
-14308
-3339
-2028
1285
-11216
-8963
-9184
-1301
8240
2561
-14304
29
-10192
-5347
-12248
11781
-8152
-3347
-6128
18403
-3044
-5101
-2048
-3353
-15340
11767
-4036
237
-6096
13291
-17384
-7145
-5096
-4646
1040
1792
-11204
-7947
-7140
1769
-9192
-8166
-11224
-6664
-11024
-4059
4112
11510
-4084
6393
-19416
-8444
-10200
-492
-10200
-7144
-9188
14335
-5100
-7966
-4080
4611
-7096
5898
-4072
-264
-7120
-6142
-9212
1815
-6080
4864
-3060
2525
8212
-1777
-8128
-6408
-7132
-6681
-5088
-284
-10216
5131
-4052
-5339
-14292
7138
-12284
-16116
-8164
-7
-5108
-1567
-6100
-6616
-1988
7969
-3016
1290
-2024
-2316
-12216
9963
1048
2819
-12212
766
-11232
-3805
-9200
-1582
-3020
-8713
-11220
-252
4120
2614
-11252
-509
-6120
4849
-8148
-767
-13248
2061
-12036
7937
-9156
5397
-992
7191
-9992
5607
-10164
-7453
-9192
-6127
-10212
269
-2008
10256
-6108
-8461
-3872
3826
-12260
-3852
-7096
8460
-8184
5148
-11264
1286
-2024
7689
-7136
291
-10176
-2579
-956
-1774
-8968
-1770
-7148
4355
-6112
-2322
-7940
4879
-8160
7970
-3048
-12035
-11220
-4637
-11212
-12782
-4064
-1020
-3068
-3349
-1961
-6137
-1004
1514
-976
4083
-2044
-786
-13304
3876
-3060
775
-12260
-4106
2064
1806
-5080
13859
-6128
-4351
-12244
4864
-17392
9497
-11248
4894
-6076
-6415
-14300
539
-6084
3603
-14312
3064
-4068
-12541
-5108
1007
-9160
-1007
-21444
1306
-7124
3600
-12228
9987
-11228
-5633
-12244
4602
-7061
2056
-5896
1786
2068
-6914
-6076
2018
-2036
3801
-8156
-4311
-4088
-7697
-18376
5843
-6132
1258
-20444
-5634
-9216
1778
-10196
-6150
-1996
-2296
-13272
-4610
-8136
2277
-6060
-2598
-4044
-14847
-4056
753
-6104
1524
-7952
-6157
-1008
5889
-5060
3341
-11184
-11512
-11240
-775
-2016
8952
-1004
-3572
-7128
2029
-5068
-2868
-8164
-2813
-10172
-293
-8164
1002
-15280
3599
-5088
-2063
-15352
-13259
-4068
1019
-14320
6143
48
-3317
-12284
-8177
-3044
5392
-10224
7689
-13292
5112
-9212
-8475
-15312
-5593
52
-11787
-9125
-8
-9196
11498
-13308
-2058
-13240
9027
-5112
6143
-10220
4098
-9200
-3075
-14328
6388
-10224
-3062
-16372
2100
-6108
3081
-4072
10233
-7132
-2271
-3056
2036
-3048
4114
-4084
1056
-11232
-7646
-7156
-3851
-5092
234
-1020
-9
-6108
-5893
-7108
-9741
-3036
-4332
-6108
-5851
-8168
-27
-16352
-2313
-8180
-3795
-6916
3544
-8160
-743
-5100
1262
-5092
-1535
-13276
9965
-10224
-4111
-12256
-9745
-4092
-7163
-9156
751
-8168
528
-7948
5116
-5084
3084
-7120
471
-9152
-10480
12
-5112
-11188
-1793
-3060
-2809
-12040
-802
8204
-2041
-5120
5661
-19448
-2560
-4044
1818
-10232
2063
-5080
-3351
-5080
-6327
-7128
6394
52
3577
-11220
7170
-12256
6919
1032
-3035
-10216
-3330
-4068
1287
-2040
-3087
-8152
-1052
-3036
6141
-8972
-2838
-10212
231
-29368
3286
-11196
-6658
-14320
1268
-1024
6412
-19424
-2574
-7156
1796
-6088
1532
-13064
-9
8
-2561
-984
8179
1080
5129
-14308
2332
-13308
-4100
-9200
-5916
-4072
-6892
-12040
-772
24
-4828
-13300
6150
-6120
-1742
-13284
-6686
-11212
-3872
-14332
-1529
-6084
-291
-1988
7678
-3012
-7951
-9152
-4361
-15348
-5873
-8164
6630
-15320
-8245
-6084
-10487
-7120
2535
-3036
-1004
-4064
1801
-8116
-2073
-14084
-4607
-8136
-6956
-8160
1555
-2008
753
-5056
-1784
-9192
-521
-3044
3852
-6088
-3848
-6104
7948
-14092
5653
-3040
-1285
-5108
-5093
3183
11254
-12252
-8700
-12252
3827
-6108
10502
-13256
9239
-8160
10
-9160
-9244
-13252
-3295
2064
514
-12276
-4106
4124
-4070
-13252
-2578
-8152
5393
-8188
-2811
-7108
-11534
-4076
-1554
-7152
3598
-4072
6
-12284
-7418
-11220
-1065
-15120
-1533
-11196
-7419
-1996
6634
-3048
-3556
-3852
9447
-6128
11552
-7148
4352
-15336
4362
-19392
-9193
-8172
-7403
-18404
1523
-9200
995
-11244
-5884
-11204
3561
-11220
4149
-7128
2548
-4044
8667
-8148
-5384
-15316
5103
-11224
-3581
-6100
2056
-12252
-2574
-17368
-1799
-17160
-3097
-11200
-6934
-8148
4091
-5120
1773
-7140
5892
-14280
273
-6108
8667
1036
-5627
-11248
-8710
-10180
-3090
-3052
-734
-4888
254
-8120
-7164
-12248
5641
-2024
242
-8156
-761
-6084
-10515
-15356
-8670
-3056
7405
-17356
8212
-6092
20225
-4056
5081
-12252
11009
-8192
1062
-18384
4333
-12264
1522
-15324
-738
-19452
-3818
-5072
-4574
-14280
-5644
20
-7153
-6128
4336
-6096
7437
-5076
16
-12256
-1261
-18380
-489
-8140
-8686
-10200
9498
-2032
-499
-9196
2308
-4048
4105
-10188
8431
-10204
-3059
-12264
-7147
-6064
-2585
-17160
-4852
-8192
-1287
-11212
-2535
-12240
-4658
-7128
-6421
-6916
-5612
1064
-2599
-14304
732
-14304
-4884
-8168
-11514
-18416
-5415
-12276
1836
-12272
9198
-6108
283
-8144
-2045
-3056
-292
-19408
8975
-16360
-228
-6096
8740
-8116
-2576
-15328
-2350
-18392
-4609
-7124
3332
-16316
-3588
-4048
2602
-12260
-235
-8116
210
-7120
-3558
-6088
-6386
-11196
2785
-2024
8204
-6128
-3847
-7140
-4846
-4880
-7434
-12232
-2548
-9172
12526
-14268
-6162
-8156
5108
-10232
1533
-1984
2082
-7140
287
28
1235
-11220
4126
-14304
2071
-6116
5362
2096
1304
-2028
4865
-9184
9997
-7088
2317
-10196
267
-3052
277
-16376
6153
-11216
4367
-14324
4838
-13292
-1516
-8188
2837
-4068
-1284
-8140
-2619
-988
-5362
-11216
2543
-16380
6699
-13300
810
-968
-1508
-5072
3059
-9192
-7924
-16360
-1551
-9140
-9755
36
297
-10192
-6647
-7116
-6
-11256
-4131
-3064
3028
2068
-2576
-16132
28
-11216
-2564
7216
-4114
-13280
-1318
-6076
4634
-7148
-26353
-7116
-3587
-11256
-284
-14304
3312
24
2585
-8160
3326
-15356
9204
-16352
-2296
-12220
4
-9204
5396
-9176
4051
-9176
2042
-10160
-10486
-10232
6383
-4880
5859
-9184
3331
-8172
-5
-9212
503
-5092
5377
-13292
-2023
-7140
3085
-1016
11028
-5080
4313
-2036
4391
-10196
530
-11200
11757
-1984
-11998
-4872
-7668
-3036
2553
-11240
11750
252
3870
-5076
-1290
-12220
3581
1060
1055
12
1784
-9208
6160
-4068
-4880
-933
535
-9180
-2829
-11220
5591
-10220
5897
-8172
-251
9240
-6119
-7116
10246
-19456
-4856
-4076
12586
-4044
-4585
-4072
-239
-5088
-9220
-15312
-789
-3052
-7164
-7152
258
-17384
3095
-20432
6392
-7124
3607
-4028
4304
-8172
-10237
16
-6117
-12048
-2061
-10156
4887
-14336
-4123
-11220
8690
-8160
-5395
-1980
3326
-7124
-3819
-4056
6619
-6144
-2793
