-6116
18406
-5092
-4881
-10232
11045
-6128
-2255
-5092
2014
-4064
-6597
-11216
-7974
-6112
2278
-6100
2033
-2032
6931
-10188
-9481
-7120
-2038
-6120
6873
-3072
-4369
5172
-5122
9240
-553
-16144
7678
4112
6381
-7132
-2288
-19408
-1518
-22232
3062
-8168
-3065
-6140
5632
-13300
-6414
-6108
-3083
-11216
3816
-18408
6648
-5076
2053
-13288
1762
-9164
1795
-10220
-1021
-6124
-8734
28
-6705
-8136
4606
-15352
7678
-8140
1547
-992
14836
-4056
-749
-8160
3545
6176
799
-14308
-5378
4
6664
-16344
3832
-23272
8203
-13288
-3554
-4080
1806
-6136
-1837
-2836
6366
-12264
3070
1048
-10984
-18368
12004
-5120
771
-8124
2844
-10172
3598
2060
-3567
1264
1794
-996
2843
-13284
-6111
-9176
-14846
-3044
-1074
-18400
245
-2040
-1054
-964
-743
-11216
8677
-5080
4859
-10240
-10984
-12036
2870
-11264
8423
-7972
-2031
-992
-5650
-2044
491
-8192
-7936
-15344
976
-5088
-8725
-9184
2795
-7132
-294
2108
-252
-12248
1027
-8172
-6380
-9192
763
-5064
-14313
-6116
1
-12260
-1765
-2016
-3856
-13280
-2572
-13280
-793
-7136
6910
-11248
8703
-15112
-12027
-4024
-532
-5072
-1061
-5120
1788
-8168
-254
-7128
3096
-6940
5942
-7952
4375
3104
-754
6184
4626
-16340
-2082
-9188
-13573
-13256
-733
-2028
7143
-13304
-1241
-12240
1249
-4868
2567
-1000
5622
-11228
3091
-14292
-730
-12236
7118
-11224
-1765
-7152
4109
-17388
-8446
-13280
6183
-5076
-8197
-5080
-7942
-7156
5156
-16364
483
-7156
-3852
-12264
-5613
-12284
-6383
-17348
-2581
-12248
-3082
-9148
4099
-5052
3862
-7116
-3835
-7132
-7168
-21484
12055
-7148
-4367
-2020
1524
-6144
2835
40
-1048
-1992
2319
-992
-4604
-10216
-5636
-11216
9991
-4064
-2076
-1968
-2550
-5104
-1533
-4052
8733
-8152
4878
-3848
3853
-10172
1816
-2020
-8437
-3032
1532
-6124
-2296
-7140
-6682
-2012
5148
-1984
9254
-4052
5130
-17376
-3046
-8168
2825
-5904
-465
2104
-5662
28
-260
-984
-756
-2048
13066
-14300
-4618
1032
-2838
-3060
5117
1092
1029
-6132
-4349
-13264
6669
-4088
1035
-6072
5900
-3072
-4341
-5100
1025
-19428
-3321
-9212
1250
1068
-4108
-8148
-6392
-14300
288
-10216
-8697
-7116
15129
-9180
2563
-3044
-4342
1028
513
-18404
-19
1028
-513
-3044
1552
-6136
-6673
-6116
3096
-3044
-1521
-18376
-509
-5108
516
-964
759
-984
3057
-7156
-1748
11268
-779
244
-10274
-11224
2301
-15328
-7943
-13264
-2311
-4060
2069
-9156
-565
-25304
-4860
-5100
-9245
2104
-290
-5044
3094
-7156
34
-10000
1276
2048
-2344
-10236
-5632
-9208
-1039
-9184
-5877
-15292
-1012
-4072
-3855
-14100
1034
-7144
765
-9200
-2792
-10008
13764
-6132
1238
-3064
1575
-8148
-971
-4056
12523
-2008
522
1048
11547
-5116
-529
224
10232
4104
2056
2064
3573
-10160
-10988
-6132
-1556
-14308
-2827
2088
-3055
-18372
545
-4088
3045
-952
5901
-1800
1532
-9192
6130
-13276
788
-3064
-3873
-3040
-5
5164
-3292
-9152
-1785
-3060
-1549
-10224
-8187
-22232
506
2092
4614
-15340
-13285
-10208
13844
-6076
2519
-14324
-10019
-5088
7390
-19428
1266
-19440
1546
-5096
10805
-988
1791
-9164
-2819
44
7677
-6128
-4597
-11220
5594
-15332
7446
-6120
1766
-7160
-4631
-8140
-2820
-2040
-1534
-6960
-4878
-16328
-1277
-6068
742
-5120
2323
1096
5381
-18412
-3850
-8156
16639
-13300
2808
-5088
5413
-14304
750
-10216
764
-5096
777
-16316
4614
-13256
-4328
-4020
259
-9204
5426
-16372
500
-4084
1259
-9204
5890
-5084
1503
-8184
12565
1272
10740
-4060
7164
-10192
-3841
-984
-5361
-8188
748
-7140
-2799
-15324
6122
3120
7158
-13292
-1538
-16340
-9763
-9996
3066
-14276
2298
-4052
-4610
-8160
-1756
-10220
-2299
-6920
4109
-5100
2041
16
1777
-8164
-11008
-6025
4838
-3016
-3888
-10208
1274
-7128
-9485
-1800
-7931
-8140
2335
-17396
5123
-16332
-468
-984
2834
-8972
-2082
-4052
-1276
-14312
-1033
-10216
12569
-13272
-4590
-7092
-2558
-16328
-3789
-11232
2549
-9988
7982
-3044
-1276
-956
498
-4020
1304
-8152
-5612
-11244
5927
1060
-2800
-11220
2311
-13276
-2815
-2040
-235
2064
6650
-7116
-7421
-7144
5582
-3020
-7670
-11016
1539
-6112
-1553
-13248
-1033
-10216
1540
-12040
-6905
-8140
1267
-2828
-1554
-776
-5103
-2032
6917
-980
8676
-7108
-1558
-2024
10054
-6072
9774
-12252
2084
1276
3303
-1996
2544
-12260
10761
-7168
-5127
-7148
6885
-14332
3842
-19452
3335
-8964
804
-3040
-4334
-10212
1531
-6136
16875
-9200
1286
-16289
-3089
-15296
3077
-11236
-7681
-4060
-5923
-13072
-2326
-12284
-4342
-10224
-4852
-16320
-2800
-13300
285
-11020
1507
-4872
-774
-13300
8768
-3064
7151
-9208
-8460
-20432
-6091
-10228
7182
4148
765
-11012
-11796
-10224
2328
12
8985
-18400
7941
-11192
3052
-7160
-3569
1084
-5169
-6116
-2357
-15340
-3345
4128
-273
-3024
-8953
-9208
-264
-1000
1559
-12248
-6
-17360
-3847
-7160
1297
-10228
-3358
-12248
-17417
-11236
-1837
-4096
6417
-8180
-13821
-12256
-4359
8248
1292
-9176
5853
4144
8498
-6136
-4094
-11200
-13
-15340
256
-5900
-2811
-3008
-2298
-11208
7632
-11256
-785
-8156
-8221
-15352
-5872
-7156
3859
-9156
-1546
-7156
-3608
-9184
15337
-9148
-1263
-11240
10664
-3028
-4806
-7100
5623
2064
-4885
-3044
-4857
-12268
-6413
-3016
-13020
-2824
793
-10212
-1243
-15340
-10266
1080
-6418
11312
2546
-6124
1261
24
-1018
-13280
-7423
-3028
2591
1084
-5385
1064
-12776
-12272
-261
-10180
-4084
-13264
240
-7144
-2545
-13312
4343
-3056
2004
-10212
5377
-2016
5625
-11188
-209
-8168
11007
-1796
-2819
-4868
4890
-3052
1271
-12240
-6659
-18424
-4142
-4048
-297
56
-503
-7132
-3117
4120
5633
-10188
-2535
-6100
-1020
-4096
1745
-11220
-2005
-7132
-4618
-12264
-6868
3092
4080
-11240
6378
-9212
-1025
-4072
-1517
-10180
-7685
-5096
3589
-976
1315
-19404
-7669
3108
9462
-9172
2812
-11252
-4101
-15312
-3802
-13296
5633
3124
-4841
-12224
-547
-9184
730
-2988
-7151
-2012
7920
-11204
11785
-4876
-16882
-8168
2282
-5112
-11754
5156
9735
-6088
8163
-10192
1242
-10208
-1325
-11264
-6639
-7160
4396
-5092
-5107
-8176
-9497
-9196
-4874
-8144
-2088
-2020
6447
-4056
5617
-2028
1451
0
1770
-13268
-5918
-3024
3065
-13256
-6143
-9164
-9185
-7104
4110
-9176
-1054
-4072
7691
-5120
-2838
-8976
6133
-6144
5128
-2020
-8464
-7132
5885
-10196
-2033
-12256
12798
-6128
-12051
1032
-5405
-19376
4336
-2000
-1532
-11020
-4623
3108
4361
24
1757
-11232
4365
-11264
-4622
-7944
3358
-12252
-8454
-13292
1523
-18188
-1288
-6116
2293
-7156
6909
1064
1781
-6096
-7185
-8148
-4123
36
1800
-19208
-2851
-2016
-1017
-3844
-241
-10200
11541
-10196
991
-15344
1255
-4072
5130
224
-6410
-22268
-3324
7216
11001
-5116
-6143
-13276
1516
-19416
4859
-13308
2808
-5100
-10475
-4016
8468
-4868
12811
-9180
7436
-9188
4611
-976
-1062
-9172
-6154
-3008
-1028
-12268
1265
-13264
4624
-4044
1032
-9176
-777
-4040
-1763
-4884
-520
-2820
-3817
-10212
3087
32
4601
-6108
-5149
-10212
-2342
2052
-14568
-3052
3321
-24268
2582
-6108
4127
-4068
-1542
-9212
2058
-10208
-6951
-18424
-503
-13280
2550
-2988
3066
-1000
-1252
-7120
1541
-5100
-1782
-9188
3601
-16344
-2824
-10208
-4596
-19432
-6661
-7116
3578
-10220
-7947
-14332
6676
44
6654
-11240
-6193
-18404
-4063
-3068
1508
-9192
-14
-12272
-9436
-14320
3015
-9188
302
-8176
-3114
-992
7184
-976
-7940
-18376
-492
-9196
-3336
-6120
-5367
5148
8447
-4064
-1553
-2012
8212
-12232
-2313
-1016
7174
-1012
9983
-11256
5615
-8148
10260
-7136
-523
-8968
511
1096
779
-5068
2026
-10236
-5122
-20444
3080
-4032
-10493
-12232
4581
-8188
-3837
-7168
-1777
-11216
-15357
1056
7946
-2004
1032
-5908
5654
-2020
-5604
24
7391
-4044
-1867
-6104
-3856
-12220
775
-984
-1267
-3036
5099
-7140
535
-13284
4844
32
-3301
5152
253
-984
2299
-13300
1777
-10172
-516
-8176
-5356
2072
3558
-9192
-2315
-2040
-8452
-4084
-1273
-9136
7967
-9176
15870
-3068
-1035
-19444
2292
-16348
3573
4120
1829
-6104
2847
-10208
3597
-5104
-2800
-9160
-3053
-10168
6377
-1016
-1561
-12260
-481
-9180
4099
6184
3314
-10188
-45
-5080
2038
-6100
528
-9156
518
-4032
3347
-12256
-10700
-1996
2333
-8160
-2080
-8988
-2053
-9176
-487
-13308
7420
-8180
463
-7140
4379
-2008
-3331
-13256
-1259
-8176
-11774
0
-4621
2076
-10734
-4052
-249
-17368
-3572
-13288
-3584
-12284
-6918
-6140
-2796
-3020
7952
-4056
4590
-4080
4637
4136
-2075
-6136
-1038
-5088
-1298
-10236
-5864
3096
2291
-5108
-7671
-18428
-255
-11232
-5106
-9180
4591
-2048
-10768
-10228
-5896
-8164
-2809
-8160
-246
48
-4114
-12208
10482
-3032
2328
-3068
-4878
-7160
1820
-18420
5920
-11204
15348
2096
4362
-10208
-2586
-12040
-8178
-10232
13863
3136
-8927
-9152
-6910
-5100
5665
-5056
3834
-6092
-7691
-9168
4363
-11244
-15143
-772
-7677
-11232
2828
-3056
-3844
-9180
803
-11240
520
-17156
-9745
-4028
2819
-9172
-2
-2004
7421
-4076
-3617
-12272
-16381
-5076
-1831
-7108
-3083
-6116
1522
-9184
-279
-9176
9966
1080
-3069
-6100
-244
-10000
8491
-5088
5099
-5080
3117
-13252
-9755
-3032
-748
5372
1563
-8172
-4344
-7100
7211
-12260
-1042
-14288
-5896
-13288
-3367
-13280
4346
-19404
-265
-13300
-1795
-8156
-8967
1060
11513
-8148
-1299
-5908
-3579
-6140
-2577
-12284
-5662
-11228
-3588
-964
-7709
-10236
3561
-996
2319
-6092
11505
-7128
1795
12
1518
-13264
3071
-10208
10738
-4044
2253
-13292
-7418
-9180
5111
-10236
-1504
-13288
-3075
-6096
-8943
-13252
2580
-7144
4853
-14092
-7949
-14304
2086
-18352
1810
1072
6150
-14308
-2320
-9180
-5601
-12288
-2846
-5080
7960
-18392
10254
-5096
-1322
-11184
12536
2048
-508
-12236
-3095
-10212
-5392
1060
-2775
-10220
12307
-11196
-1767
-10216
1552
-8180
4600
-11188
5143
244
-6167
-7160
-2024
-13276
2538
-13260
-242
-7120
-6407
-13296
1299
-2028
-2550
-3060
-14091
-9200
-1282
-9188
-1554
-9188
-4608
-8180
7446
1072
771
-18384
783
-11208
3599
8240
-264
-11192
-1014
-3860
-1554
-3040
11
-15316
-3612
-984
1805
-13256
-4607
-2012
-6398
-13264
518
-19452
-1050
-16360
6922
-7168
12011
-7136
2577
-7136
-10265
-2020
503
-1004
7137
1244
4364
-7108
6929
-6108
-6154
-2020
5662
4120
-1056
-13292
-5617
-11216
-1534
-3004
-758
32
-241
-10220
-9223
-7168
-770
-11173
4098
-2024
4595
-4092
6408
-984
-4849
-9152
765
-10133
11024
-9160
-511
-11248
5631
-14296
1290
-4076
3841
-9156
36
-2004
-2840
-4056
6938
2296
7174
-5112
7150
-15352
-5105
-5896
-1294
5140
3063
-17321
3834
-7140
999
-15324
15570
-4064
3055
-7136
4870
-11220
6631
-7164
-1026
1080
-290
-3040
-9211
-8160
-3847
-12260
-967
-10228
-7712
-1008
-2826
-11196
1272
-12268
6419
-3056
-8205
-7124
237
72
3332
-6120
-5121
-7128
-776
-6136
-2550
52
2313
8252
800
-5088
-3378
-776
2265
-22244
-2527
6376
6659
-17368
-8716
-11180
808
-4060
8430
-5096
-9214
-12240
-2314
-8128
6922
-18392
-7907
-5100
4597
-16360
1788
-9196
5351
-11228
3327
-6104
-5860
-7128
3089
28
6396
-9160
758
-15296
-8727
-12256
7181
-7140
-2766
-6112
35
-5076
3096
-7976
8473
-9200
2817
-12272
1791
-16344
4639
-14324
-9243
-11220
2771
-3060
505
-3068
-2326
-9160
1020
-13280
253
-4072
-6634
-17372
10002
-12288
-771
-6084
2817
-16364
5342
-10236
-2346
-11020
3828
-12213
1019
-9216
2023
-6108
470
-11260
-6393
-7104
-10765
-6108
-6418
-14324
8973
-10236
-2300
3084
513
-14308
-808
-7124
-8185
-7164
7925
-10012
3028
-9148
10495
-5096
7946
-8172
-6386
-10196
1284
-1964
6395
-6112
1285
-10232
-2038
-15132
-4335
-4876
4343
-9172
-3059
-2032
-2015
-6100
-11808
-18404
-2803
-14276
-6419
-10212
12
-15136
-2334
-1004
4607
-9200
-6408
-12220
-4834
-12240
-1537
-5064
-3060
-9140
-8475
-5080
11793
-6104
-11024
20
-4099
-18412
-4384
-996
3089
-10232
6926
-7156
-9175
-5088
2824
-4060
4630
2092
-4356
-9180
-519
-13264
2299
-14268
-1306
-11212
1798
-4060
3833
36
7159
-5096
2290
-16336
1018
-6120
-7170
-10212
-6624
-4076
4367
-6076
-5103
3116
-3026
-7112
1273
-3052
5612
-8152
-3337
-19408
-780
-14328
5684
-4088
-10471
-8144
3108
-7140
-5679
-11192
-12528
-14316
13070
-10204
3082
-4064
-1777
-4052
-9497
-13256
4109
-7148
-1274
-5072
3606
-13292
2059
-16340
5631
-17164
-238
-3048
-3062
-12036
5657
-4060
8413
-7144
4061
-18400
-2290
-12248
-5892
-17372
-11997
-12236
-1573
-16324
-7952
44
11
-4016
496
-15300
-755
-13288
4594
-4880
12553
-5916
-6899
-988
1765
-9164
-764
-3064
13315
-10192
-1522
-5084
3062
-6100
-1106
-2020
-25
-16328
4596
-2016
-7167
-7168
4360
-17380
800
-7164
-3583
-31468
6422
-3056
2322
-10216
-5848
-13260
-3587
-8964
3632
3100
1546
-10208
2809
-3040
-4384
-7140
517
-6084
-2267
-8148
-4344
-1012
3815
-4048
6121
-6112
-784
-4084
-9484
-7108
-1790
-6088
-9469
-3008
-2581
-8156
1268
-3028
-8477
-6132
8724
-9188
-1296
-7100
-3102
-6144
4109
3088
1041
-14292
-8439
-11264
6387
3092
17415
-5068
9493
-7140
-3858
-10192
1021
-8120
-1794
10280
-2273
-1996
2316
-988
5626
-18372
-6140
-5096
2060
-9168
-4091
-8176
-741
-7136
7178
-4028
6134
-6100
3788
-5096
9746
-6120
-7688
-18380
-7394
-11208
4097
-3052
774
-11260
-10500
-6100
-1753
-4068
-8
-3052
-1283
-10216
781
-9160
2832
-8184
2820
-3044
5369
-7144
-8696
-2036
2288
-2020
22016
-5104
2340
-20228
2841
-11232
-2044
-8160
7909
-10200
2059
-18420
6159
-6112
-205
-9176
-4312
-8156
3576
-1988
-740
-2044
-4616
-15336
-499
-11264
4572
24
5848
-9992
-8951
-4084
-1264
-10220
5374
-14276
-4128
-6120
-5394
-6068
-8456
-9200
7185
-9212
-6150
6396
-3598
-6080
-5637
5156
-7660
-1996
-3312
-3856
-2277
-12268
-3607
-14320
-1017
-7120
6641
20
-4358
-9176
-531
-13304
9727
-3852
7440
-11260
6874
-5904
3069
-12040
7705
-8156
2800
-6104
8432
-3056
-16665
4120
490
-772
-2041
-12040
-3332
-5088
-4371
-11240
15609
7212
-2073
3324
1011
-8156
7902
-9196
-3072
-12284
-5392
6212
-3310
-10192
4383
-5116
-6644
-17356
3568
-3020
-1537
-11256
-10511
-18400
-3583
-3052
6399
-2016
8183
-13256
-6642
-4024
4310
-13304
-6398
-11064
-3054
-9184
5390
5148
-503
-4076
-4625
-8156
7405
-992
-522
-7152
-6652
-10212
-6153
-15265
-11011
-992
8196
-3068
4
-7104
-1285
-6112
-6400
-12260
-10266
-3052
-2314
-5120
1505
-8188
-10496
-10188
-1561
-2008
2314
-10232
8942
-2000
-2310
-9212
27
-1000
2
-7152
-2044
-5080
1287
-976
3850
-1976
7439
-948
-6389
-7148
-797
1048
1530
-20468
1339
-11228
1547
-8160
-11772
-9196
-8193
-2024
7144
-19424
7926
-2020
-1277
-7144
5651
-12268
-9746
-13284
-543
52
5353
-18352
5191
-10232
-5100
-11220
10707
-6116
-4346
-9152
-752
-10164
6900
-10145
8197
-1988
-3054
-7100
-1506
-16348
-5635
-11212
9717
-9196
-11236
-772
-5604
-7136
13827
-6112
-6919
-4040
-6923
-3040
10500
-14084
-4348
2068
-1806
-7148
1302
-8184
2554
-9164
4635
-9208
-1774
32
-1768
-9164
-8209
-13068
-801
-14300
-2042
-9208
5895
-10212
-1781
-8176
794
-6108
-12
-5096
-7153
-7140
3322
-9184
-2300
-4044
-2555
-4036
-5869
2104
5888
-4032
-2059
-12272
-1539
-2032
2812
-12264
4373
-12248
-20230
-8168
-2277
-4040
6141
-21417
-773
-5892
-2262
-6104
6906
-11236
-6902
2068
9759
4160
10469
-7156
-3289
-2000
-8453
-3020
-267
-8176
528
-7132
-3344
-6104
3581
-5076
2851
2060
4377
3120
-2300
-17356
-784
-14296
-6389
2072
7219
-13268
5627
-5112
1023
-9164
-2569
-2008
3034
44
-11768
-10240
-3060
-2040
-7405
40
2814
-2028
9232
-2988
738
-8160
-2572
-12276
14581
-1980
-14320
-3072
-2054
-13268
1541
-12248
11037
-4084
-267
-21488
-6146
-10172
807
-17372
1749
-6932
242
-8168
273
-7132
-2522
-9192
-6918
-20448
-4054
-7144
1265
-6124
3845
-6116
-6418
-2012
-3574
-12236
-500
4328
4837
-6928
-3574
-9184
-16105
-7120
-4100
-8192
2821
-12236
-8714
-4060
-1280
-11208
6385
-4068
779
-3044
476
-13304
-2843
-7132
-3014
1100
-731
-1008
265
-988
6636
-8164
11545
-16368
509
-9200
-1803
-5072
-10540
-11220
1050
-3028
-9970
-8152
-3344
-11208
1322
-2008
10997
-6088
6651
-11216
-5400
-21472
7682
-13292
-1524
-2020
-787
-11220
10219
-3012
-503
2068
1015
-964
-3348
-5092
8696
-19400
-3572
-5983
2505
-6116
-6927
-13288
-3830
-13252
-2550
-16376
-4092
-8176
2789
-11228
1519
-6132
9461
-18376
777
-11240
-1043
-18188
7401
-7140
-6417
-11024
1535
-16320
-2302
-14300
493
11276
-2282
2056
1283
-9208
-3082
-6104
9983
5152
-10991
-12260
1268
-7156
-1265
-12256
-3596
2076
-3094
-15328
4620
-11224
-6396
-4040
-1761
-4044
-7719
-10208
-2789
-1816
-804
3104
-9978
-7128
-15
-12036
-775
-9156
520
-3036
-6937
-12260
6176
-8148
-13024
-9192
-3044
-3012
3077
-1812
3070
-9180
12565
-15316
-1550
-5100
5123
-14296
-7671
-10172
-13
5160
3321
-11260
2023
252
1810
-12228
-1277
-14300
-7150
-12284
-480
-776
-2041
-7152
-482
-14268
4822
-19436
5403
-5064
4854
-7104
1796
-972
503
-6112
5383
-7132
-3589
-11228
-4100
-18184
-5109
-18432
-5653
-3024
4594
-11196
4608
-16352
4378
-11248
1509
-5104
-6136
-6116
-3334
-7148
-3383
-4056
4338
-3032
-4078
-12056
-1286
-4048
-3089
-7132
10722
-9192
-2080
-10204
-3340
-6096
-1271
-9196
-5395
-8160
-270
-11208
10478
-11016
-10243
-8184
-3596
-14296
-8684
-9172
6177
-992
4854
-992
-2554
-9152
5373
-11224
-781
-6100
2036
-8156
-3589
-18384
-2832
-4056
-5634
-8120
4629
-3032
1824
-5108
-1783
-3024
520
-14308
-7405
-11252
-4128
-15340
767
-5052
5153
-15316
-3088
-3036
5129
-4056
-1037
-13272
-2063
-7124
-10482
-5080
0
-2032
-2799
-3872
-5653
-8172
7169
-8164
-262
-11220
27
-5104
2552
-7136
-2816
-16132
7638
-11228
-6385
-19456
-1787
5152
-3607
8240
2290
-9992
2306
-5088
-3838
-6124
2820
-5892
5856
-12220
2787
-10204
4326
-4032
305
-20436
4871
-8144
-2589
-9172
-1288
-7136
779
52
2802
-12256
-3073
-13288
-1535
-3068
3070
-12264
-1782
-15320
-2312
-9164
3334
-6096
494
-9212
-2304
-14096
-13066
-6920
3047
-14316
-2570
-10176
3303
-7112
-6639
-12268
3849
-4072
9219
-4872
3092
-3056
7414
2104
-3561
-3020
10013
-1992
2550
-4068
-3118
1032
2046
-7104
10766
-8152
-1551
-7160
-6674
-7156
-3331
-3032
520
-3032
-3110
-7128
-10009
-4872
1268
-5112
13057
-15108
-268
-3060
4343
-6108
525
-2992
-1804
24
1833
-2040
3610
-10232
3588
-2000
8673
-12272
-2063
-6100
6155
-5112
10724
-2012
-508
-10208
-2026
5128
34
5164
3569
1072
-236
-13296
2826
-2032
-4071
-15340
-2032
-2016
279
-3848
-1009
-14336
236
-4076
3054
-6136
-281
-8176
7644
-13276
-1792
-12260
3054
-5104
1792
-8168
-4620
-9184
6410
-6948
17149
-12248
270
-4080
-504
-11220
1281
-5088
4872
-2004
-3566
-6920
2546
-5892
2074
-17396
2817
-10204
5378
-15356
-11517
-2036
-775
-10236
1524
-21472
-7744
1060
-9236
-6932
-12285
-3036
7
-4884
4605
-10184
-3802
-8140
-4884
-9140
1298
-13072
1791
-6108
-504
-6144
16153
-2024
-1531
-12256
7685
4144
8949
-5108
509
-6104
1301
-7148
1262
-776
6401
-5096
-4627
-4092
258
1076
-3346
-1796
2789
-6108
7159
-9192
-3580
20
-11273
-13272
7700
-9164
6386
20
3618
-4056
232
-10192
-462
-12248
5096
-5108
-2083
-2004
-4851
-7136
259
-6128
3865
252
10759
-6104
-6670
-11256
-7157
-7124
4385
-15360
-6875
-12256
-5890
-8144
-2049
-20472
-5123
-9208
-2070
-7160
-1545
-4048
-775
-6092
2304
-4876
1007
-7140
4118
-6920
2528
-11260
-8951
-8172
-3052
-5112
-5633
-10228
2776
-15328
541
-9208
509
-9188
9466
-2008
-231
-4092
5347
-16132
4121
-10200
2041
-10168
-4343
1048
-7418
-10236
-3342
-5104
-4092
-12252
-2318
-3864
-4621
1052
-1043
2080
-8689
32
-9762
-15108
2538
-7112
19
-7136
4620
-12284
-729
-1004
-5380
-7164
517
-9192
-1779
-5104
2321
3304
-5399
-12244
10225
-13244
-7925
2292
10000
-11224
3597
-15300
7185
-3056
-3329
-3044
4855
-7156
3843
-12268
5384
-11240
6419
-13280
-3577
6164
-9017
-14316
-15860
-5084
2341
-3024
5360
-14312
-282
-5048
-9467
-10200
-11803
-8184
-5389
-7140
1042
-3040
5891
-14296
4368
-11248
784
4132
4097
-3060
206
-4028
-1811
-15324
5625
-1012
-3308
-3036
-7171
-7124
-12795
-10192
-3071
-6116
14077
-5080
-10992
-11240
-10489
-5120
-2789
-3064
251
-19444
-1290
3072
-4833
-11196
-7154
-11204
3842
-5092
-8968
-6088
-15356
3092
-3609
-13300
3324
-14308
1825
-7140
-2312
-3064
2343
-15332
-5171
5144
3828
-4084
-5140
-4072
-200
-20432
1270
-12252
6907
-8124
3074
-8164
-1800
-14296
-5874
-3032
2839
-3016
-248
-23256
486
-12268
-2818
-3044
6969
-3060
4623
-13288
2293
-11248
-8462
-20412
8701
-10196
-1007
-2008
1804
-9204
-1266
-12268
3838
-12268
536
-6120
523
-6936
-2816
-5108
1057
3096
2337
-6112
2043
6176
-3337
-980
-1789
-8144
983
-3028
-1541
-10232
10980
-13288
-4338
-8140
2837
-3064
15367
-13244
7942
-14268
7722
-9188
5381
-6124
-488
-10240
-4376
-2032
6418
-7160
-4
-3064
1018
-3064
2546
-8132
-773
-5896
10485
-4060
-2542
-14292
-5873
-11248
3087
-8152
-515
-2024
-519
-5080
3582
-5080
-749
-3036
11273
-8156
245
-7108
6145
-9992
-12320
-4064
3609
-9176
-500
-2828
1010
-4048
-2553
6184
-725
16
5875
-8156
5917
-7152
-1531
-10228
6661
-6132
-774
-14320
-1795
-5092
-4085
-10208
254
4320
2563
-12248
-998
1044
-753
-11184
772
-4060
-2063
-12244
11030
-6104
5619
-12264
11514
-3052
3830
-4068
-3557
-12244
247
-1984
-769
-992
1296
-6128
1546
-7148
-11765
-7104
507
-7116
2056
4
1525
2284
-12558
-10188
2346
-11016
-7226
-11184
6183
-4072
-4114
-10200
739
-1968
-4628
-2000
4116
-17364
8973
-3048
-4316
4096
1794
-3032
2058
-772
6664
-3064
4621
-9176
3357
-12252
-1016
-8172
-2800
-10184
990
-11016
4334
-6116
3353
-9160
8201
-13284
6671
-2004
-252
-10236
491
-4056
542
-12244
12
-7140
4287
-21448
4655
-17400
1276
-2832
3879
-17388
-816
-17400
-6
-8160
-13040
-8192
4876
-12244
-2819
-7168
4351
-3048
2291
-5068
5143
-7132
6400
-12220
2788
-9184
-7462
-14096
3838
-5072
3034
-2820
7929
-9184
3548
56
-5628
-2824
3319
-7160
537
-17172
-8701
-6072
2602
-6136
-3037
-2028
-2831
-7084
-2286
5188
1238
-3844
534
-7160
987
-16364
-3047
-7136
3337
-8184
1292
-10224
-6938
1068
8968
-9188
-1807
11512
4088
-15257
-9689
-11244
-7446
-15340
-5648
-8160
-1268
1052
2554
-4056
5113
-2012
-6910
-3012
3847
-10232
-8489
-17380
-4604
2096
-6389
-15128
5616
-10220
8950
-9200
-2813
-5088
-3314
-10180
535
-8972
-4333
-11228
7419
-4032
512
8204
-233
-11224
2307
-10196
-7892
-13268
4113
-7128
-1291
-2004
2819
-972
2561
-2008
3574
-6108
2045
-9200
-4874
-10240
500
24
5121
-13076
-502
-6116
10231
-21260
-5630
-10200
2584
-1000
-3876
-7136
-7944
-13268
6863
-8164
2068
-1004
3361
-8140
3837
3100
2313
-5096
-7964
-12040
-5623
-15332
493
-12240
1571
1028
-14785
-1976
-2046
-9208
-4146
-1800
1028
5144
7119
-13300
7679
-14316
7187
7192
2846
-9148
2816
-11252
3552
-6092
253
-14276
-1024
-5120
-1031
-18424
-2044
-3036
-236
4128
5394
-12248
3856
-13308
-11
-13304
-14331
-8172
9465
-10204
257
1264
-1517
-11248
1532
-5900
5087
-6112
3858
-7168
1523
6176
-2794
-12280
2026
-2028
3875
-8120
-3590
-13276
-9994
-13260
4374
-3064
13596
-11216
2550
-6100
9753
-8156
278
-1992
-3826
10480
-1236
-8972
-3587
-2004
244
-13284
2056
-996
-1004
-3040
1754
-6096
-3298
-15320
-5663
-11224
-8175
-4868
-516
-11224
-3585
5168
5099
-2028
5648
-5068
-6657
-7132
-7164
-12264
8975
-10196
-9434
-18424
9475
-2969
1498
-3032
2042
4140
-6895
-13292
542
-8136
-4331
-10236
8708
-13288
-3871
-7108
-5103
-9184
247
-1988
479
-4040
-2276
-12268
2312
10292
1541
-12264
4370
-24292
-3332
-23288
5933
-9188
2074
-8180
4582
-8172
4584
-6136
1048
-6104
-1532
-6116
11784
-14320
2288
4108
-795
-5116
-45
-3040
-1523
-15328
6915
-6092
5616
-7160
-4074
44
-4085
-9204
2570
-6104
-4137
-976
-7657
-7144
-10254
-6096
-3095
-4056
-8724
5144
8714
-4096
-2831
-6112
507
-7952
-4386
-13240
-6191
1100
-989
-4872
-1009
-7136
-4606
-10216
7972
-8136
-6929
-17172
-9753
-14332
-5391
2056
-4376
-8156
511
-9180
11240
-9196
-3858
-3056
2559
-12268
-1783
-3060
3085
-2020
7179
-4040
4087
-3052
6153
-6144
-484
5156
1515
-9200
-4587
-7168
-6415
3096
1234
-12248
-3842
-2000
-3593
-18416
6363
-2032
-4570
-12201
999
4120
-3605
-776
6931
-9212
-14069
-11220
1295
-6144
-4615
-13280
5609
-6136
-9179
-8164
2828
44
-3630
-18180
3320
-10236
5633
-2824
5906
-8180
7955
-10060
-13599
-12276
9724
1052
-1003
-11252
786
-3000
-1759
8224
6667
-8144
-30
-9192
-985
-6116
-4341
-4068
-4628
-10232
-6143
-12252
-15
-4052
5121
-3036
-5664
-972
8178
-10016
1522
-9180
-3838
-5072
6658
-7140
-7185
-14304
12073
-9204
-3025
-6108
3339
1064
-10472
-6092
-5345
2080
-3594
-11236
4880
-7140
-3318
-7136
1279
6172
-249
-9164
3096
-10188
-9969
-9188
-5110
-3068
-2539
-3044
6898
-8156
7677
3092
-12021
-13064
771
-2032
-2835
-4060
-8960
-6924
1051
-8192
9225
-10188
7701
-11224
6377
-15108
5652
-8172
-6906
-6124
-25189
-1012
-2060
-5080
1553
-10228
2307
-12236
-9470
-3048
-2549
-10240
-761
-2008
7906
-8184
12531
24
-10985
-8180
10547
-12232
-1267
-2016
5106
-7164
-5104
-14308
-791
-5064
-6142
-22224
1253
-6084
3039
-11264
6674
-5104
-4621
-8172
-536
-11204
8675
-964
-9933
2088
-3564
-1972
2564
-5088
-6146
1048
-3330
-6104
-2833
-15360
4360
-7156
-7437
-9176
4098
248
-4359
-17313
-7423
-3056
3866
-7148
5093
-9140
7155
5152
-7169
-5052
3309
-8152
3093
-6132
4882
-11252
-8747
-1012
2843
-9176
2833
-6108
3595
-7124
-1007
72
2778
