-3044
12321
-8160
-240
-3016
-5342
-3044
-1823
-972
6418
-6104
-7143
24
-522
-10224
-6933
-2032
-11020
-5076
-2810
-7120
-5897
-12244
-509
-12244
6872
-9204
4104
-10224
-6920
-917
6383
-6112
-3343
-8124
531
-9216
-243
-8144
4875
-4052
2373
-8160
1031
-5100
1277
-3844
-4109
-13268
3334
-2036
515
-12276
3325
-16328
4584
-16368
3300
-6124
3339
-14284
-4111
-8148
-4048
-7132
1515
-19444
-1014
-10216
-527
-7140
8708
-5088
-777
-17360
7427
9276
2825
-6108
-8730
-9200
5889
4128
9746
-10212
-508
28
-2071
-8168
-2777
-11228
-3867
-8132
7696
-12280
4605
-7132
10
-16340
1245
-16328
285
-4084
6924
-14336
180
-9156
-1032
-5100
-1549
-18396
-4857
-3024
-1787
-964
-6644
-11224
2846
2076
-5412
-14312
1282
-4072
-9985
-992
994
-20420
2273
-13292
-4398
-972
11525
-5896
-1771
-10232
12536
-2020
-4062
-15320
13544
-12260
-8173
-5904
2018
-9216
1285
-8192
-3617
-2992
-3598
-5096
2041
-12232
-769
-3036
1016
-6924
3598
-2020
-3579
-16360
-1275
-12256
-2832
-20460
526
56
-482
-948
7412
-11224
-5613
-10216
-9521
-13268
7927
-2020
3059
-10216
5135
-12244
17438
-8164
275
-18380
-2798
-9208
-6136
5180
762
-16360
-4120
-9988
-2565
-2016
-9224
-14328
-8987
-7148
6438
-16336
2025
-10188
24
-10224
5377
-4056
-9703
-9192
-1275
-11228
-3880
-10208
7698
-11260
5895
-5072
6115
-6136
8246
-8180
-49
-15332
2828
-11220
-5618
-976
732
3088
2044
-16152
2313
-7140
-6374
-15348
-1535
-12252
3844
-18388
4309
-23288
-5885
-3052
-3836
-14092
-3321
-4020
10777
-14296
-488
-9184
-4672
-12276
9253
-976
-4066
-18400
7400
2048
-515
-10192
11242
-8188
805
-988
21
-10228
5365
-7144
-8979
-7128
-1047
-16356
-1027
-9156
8680
-8188
-14078
-5080
761
-12260
3816
-8156
-9987
-11240
4143
-6104
-1044
-8172
12278
-19428
6701
-7148
-254
-11244
5898
-8172
2575
-772
-5106
-13308
9468
1032
3596
-19428
11001
4120
3342
-12268
4895
-4068
3353
-3020
-5154
-3024
-3582
-4072
-11297
-7152
-10745
-7144
-4369
-8164
-7144
-7148
3302
2072
-3550
32
4586
-9156
1790
-7164
-754
-9196
-816
-7148
-3843
-5060
-5907
-3028
-10255
1272
2862
-13288
9188
-992
-257
-7152
5124
-8172
23
-13304
-3073
-10208
10719
-4076
9275
1036
8167
-9180
3091
-5064
495
-11240
5089
-1816
-8967
-16352
-2554
-3040
-1815
-4056
1767
-5068
-2060
4120
7404
-8184
2810
-14284
5141
-9996
11005
-8192
6115
32
2799
-1004
-7910
-4092
-2014
-6924
-5878
48
507
-10216
2578
-3040
2570
-16356
-3573
-15344
12031
-15348
6128
-964
1302
-6100
-10784
-6128
7680
-11240
3606
4116
5380
-4072
-4630
-11260
-4589
-9200
-2009
-5892
3867
-6076
-7976
-7156
-5619
12
8972
-16312
3615
-4068
-9953
-10192
12052
-4064
1519
-4060
3044
-8164
-11809
-7132
9741
-6100
-7961
-7144
2318
-14324
1814
-996
-3313
-11244
-3104
-7168
-6140
-4048
5644
-3032
2844
-8168
-772
-10232
5383
-9152
-263
-9164
2840
24
-6383
-7132
9184
-9136
2587
-19380
-4873
-9212
4
-16140
6405
-992
7138
-4896
4613
-8112
-6660
-8160
-5341
-5084
3841
-13260
-3628
-9184
1804
-10236
4100
-5112
-3049
-6104
-211
-1980
-4347
-14280
268
-6136
2299
-10184
2787
-5088
-8714
-9216
-4851
-10236
6378
-9144
11261
-9184
-517
-6112
-1062
-5104
-1295
-9200
-9230
-3020
3072
-13292
-3828
-2028
2541
-10208
-6629
-9188
811
-11240
-9979
-11224
3344
-1800
-3116
-2008
-2055
-13308
1578
-21472
-5376
3080
5925
-6108
-6647
-2036
4837
-2008
-2590
-4068
1041
-4080
-498
-5088
752
-9188
10980
5128
-6931
-21456
-6398
-9184
-3554
-9200
6642
-18364
-7138
-3004
5146
-12232
-4618
-3052
12552
-12276
4138
-5076
3828
-2032
-8196
-15312
4098
-19408
-2033
3104
2314
-4048
2790
-8968
3081
2124
16
-10188
1809
-12284
7148
-7148
5106
-6924
1523
-14332
755
-3016
-803
-7128
-491
-2048
-4086
-6120
478
-12256
-5382
-14296
-8969
-13268
2310
-3856
-3325
-6928
8728
-8192
-7715
-8172
-2077
-5112
3340
12
2528
-19424
-4603
-7132
8218
-6144
-531
-11244
-4106
4
3867
-6140
-256
-11216
6150
-9152
-517
-13244
3055
3084
8472
-14312
3595
-7140
6406
-9176
-6428
-11220
6630
-6104
-12530
-10200
12796
-6072
-4870
-11232
249
-10228
4370
-15300
-2040
-6104
3585
-27372
-1546
-14336
-2574
-8188
-1812
-9152
1059
-12036
9970
10276
-9973
-9168
1806
-12232
-11287
-6120
-2543
-8168
-3049
-11236
9010
-10216
4346
-11248
7187
1024
-4866
-7140
-7920
-8144
2012
-15352
-1036
-3044
516
-11232
760
-12224
-4601
-7128
6632
-15336
2855
-17321
5373
2084
1040
-2024
-3080
-7112
11250
-15316
-4067
-13304
-4889
-8116
-1008
-956
-2041
-14272
9481
-9168
5871
12
-3579
-8136
-5154
-3044
-3343
-12248
-1776
-3020
1798
-3020
-15879
-2028
5886
-3044
-3099
-9204
-1017
-3036
-4372
-7128
4079
-3012
3313
-7160
-766
-980
-6406
-3020
1526
-7136
5121
-8172
557
-14332
-286
-5076
4374
-5120
-4353
-9200
-2053
-8144
1546
-1000
-2549
-11208
1828
-17372
3089
-14320
5647
-15328
3286
-2036
12037
-972
6168
2072
3101
-8168
6103
-14316
4110
-1992
-5141
-13244
-10276
-4060
-2604
-5076
1004
-15344
-4597
3100
6907
-4048
560
-13260
-5126
-9188
9237
-11244
-1030
-11192
1249
-7940
-4126
-11252
1254
-3028
7675
-2992
7696
-10156
-7152
-10220
-230
-6072
5881
-10176
-3304
-9196
-6661
32
9234
4124
8183
-3036
8737
-7144
8179
-18188
12019
-20456
3088
-8140
-3839
-13272
-21
6164
4370
-6116
7438
-3016
2799
-15320
-2792
-14288
6141
28
2012
-11216
-9195
-6084
5102
-11240
-1533
-3020
264
-10208
533
-2040
13321
-9129
7954
-13304
3574
-5100
-1541
-13280
-5098
3312
-8197
-11196
8148
1088
-11263
-13276
4394
-8156
4119
-26284
-2053
-6916
7138
-8168
2810
-7948
4864
-10168
-4115
1068
-2351
12
-1032
-10212
4885
-9192
-259
-12264
-5906
-4084
8713
-9172
-1253
-3028
3590
-8968
13566
-6096
-3566
-9192
5114
-11228
-1522
-5904
-9204
-6124
-472
-15332
-1056
-10200
-5901
-13268
-9938
-11208
-4604
-7120
1533
-16324
-744
-7144
-4631
-3068
-4319
-5100
3331
-4876
-520
-15332
7605
-10160
-11800
6180
-8186
2056
-1791
-7088
4371
-10224
6944
-9176
-4100
-12280
-1751
-7156
1530
-7124
-6411
-7132
4854
236
2807
-15336
-4881
-7144
1823
-6068
3348
-11236
8163
4112
4881
24
7393
-8148
734
-3876
4866
-12044
-741
-2048
-5608
-10196
3859
-19388
-1553
-3008
2047
-12212
-4608
-18408
2331
-10236
-4597
-7088
-4614
-1000
-7633
-17372
-5125
-8168
3067
-972
-2830
-10212
-1006
-10236
514
-12036
-3327
-3032
-5369
-4872
-3330
-5120
4108
-8152
-10265
7412
3108
-17368
-7707
-13232
-1806
-6124
-7709
-12244
9445
-9208
-784
-19412
-7183
-10204
-12584
-10232
1759
-19436
-8462
3320
-759
-11220
-2576
-2004
3064
-14316
-1815
-6124
-8181
-13272
3574
-8148
7411
11292
-5618
-14328
14636
-3048
257
-6104
5382
-7156
2534
-3036
-2321
-3036
-248
-15336
-9947
-17372
10519
-13260
11262
-4056
-4102
-5072
-5375
-5900
6415
-11244
-1293
240
-3596
-17388
3327
-6104
1312
-11188
3866
-8152
7193
-14276
-1308
-8148
-2536
-3068
2811
-5029
4340
-8968
-469
4124
295
-9164
9203
-8132
989
-11236
2605
-1012
-1263
5372
-2
-10216
501
24
1033
-7140
-9010
-6080
-4825
-6128
14373
-13252
-1819
-10212
3583
-6108
-6635
-10184
1245
-14304
-1269
-2008
6941
-5096
9468
-6084
-7386
-980
6667
3128
9478
-11228
9463
-9176
4363
-1976
-1540
-12252
-1804
-7116
-9202
-8176
4855
-4072
-10217
-3064
4093
-6124
4603
-19416
-6945
-8184
-2818
-4056
1803
-9180
987
-17360
2849
-11264
6719
-15336
10524
-10240
-6118
-1992
1529
32
2799
8228
7174
-8140
5894
-7136
-6387
-7144
1542
-13064
-5905
-4088
4099
-18420
7137
-6092
-7415
-988
758
-1984
-2307
-3068
-2024
-15300
12281
-8184
-9218
3088
-4883
-6080
-5640
-4068
-2602
-5060
-1292
-3044
236
-4068
7945
-968
-9480
-7132
-6162
4128
-6657
-12228
-2328
-4880
-3821
-13280
741
4140
4373
-11240
7199
7412
3088
-14296
5381
-4084
3587
-3056
-1794
-6100
3339
-5896
7969
-3056
-1805
-11224
-4083
-12276
10741
-9180
-5659
-7160
1296
-9160
-7397
-12264
-1543
-6112
7711
1068
769
-10192
501
1088
-2784
-4888
11548
-5072
3839
-14316
-1550
-3024
-15916
-5100
-1788
-8172
3110
-12240
-7435
-14276
10007
0
-2302
-8156
-2543
-10220
3040
-3072
6155
-12040
507
-5056
-8223
-17360
4588
-6104
2345
-11240
1778
-5120
-249
1048
-1270
-8144
-10760
-5100
-8161
-16348
2817
-2004
277
-2840
-1308
-7120
-10265
-9184
1056
1064
-2851
-16380
-7419
-12272
3313
-7136
6931
-7116
1044
-10212
5893
-6100
-5155
-6112
6940
-8176
-5371
-10184
3064
-7124
3578
-12256
-2795
1072
-8683
-9212
5156
-4064
-3059
-11252
4586
-8136
8745
-1012
10505
7224
1265
-10232
8457
32
-1286
-5092
7164
-17352
1038
-5108
-744
-4064
-11407
-5080
28372
-7148
13324
-14260
-1048
2108
-4077
-18384
-3096
-3052
-1531
-10200
-3549
-15328
-8686
-12232
-14614
-11244
-11763
-15124
4356
-7148
997
-12284
-1038
-10220
-3887
3100
-5631
-13284
1575
5140
1805
-6920
-3332
-8180
-3311
-18424
-7432
-13292
3271
48
6394
-13072
6914
60
-5145
-18376
1300
-4052
2069
-13272
-6375
-13276
6131
-5084
-8707
-9196
5642
-14312
3585
-12260
4850
1268
-3327
-4052
4896
-12268
4338
-7100
813
-13252
-11559
-3044
6381
1064
-7421
-9160
3076
-12252
-20229
-6116
10241
-4876
-3807
-11264
-8452
-9996
1802
-13288
-2825
1040
4118
-7156
1044
1252
5378
-18380
-3843
-8160
-2022
-5120
-7448
-4060
1818
-7164
-2530
-980
-283
-13272
4842
-6116
-5669
-15324
-6651
-1000
-9974
-11228
-1016
-6108
-1770
-11184
-1790
-8144
-3102
-8108
1588
-16364
4091
-4872
-4137
-13292
233
2072
3318
-10216
-7
-14284
-3049
-16352
-1492
-15336
1797
6180
-499
-8184
-2317
5368
7380
-8164
-14834
-17376
4635
5148
-2062
-7128
-3096
-7148
4874
-8176
-3834
-12228
3848
-14316
511
-6940
-1011
-14296
-1301
-8184
-6671
-4088
-3031
-11204
-5867
8192
11799
-5892
259
-17380
-789
-8144
-4875
-9188
-3852
44
6408
-3048
4858
-12272
-4607
-6140
5359
-7168
-5124
-3020
6142
-10160
4369
-10228
-3304
-6100
-3602
-7108
-782
-8176
11284
2056
-263
-5896
-5882
-14324
1786
-16300
224
28
5384
-10196
2032
-7144
2299
-8152
4602
24
-6651
-4084
3093
-11216
12750
-15348
-9965
-17360
1014
-3032
2317
-15328
5134
-4076
253
-13288
-7445
-3848
5088
-10208
-10
-18428
289
-12260
-2851
-10224
1721
-15312
3387
-7164
-3086
-12252
12525
-6100
3065
-7144
-9990
-9200
-517
-18412
5896
-14284
-2045
-14268
6376
-10240
1508
-4068
-12543
-2004
-5881
-5096
5161
-5112
-488
-5060
-5878
-11216
5368
-9188
12038
-6084
5876
-4012
5887
-8180
-3560
-15340
3324
-6136
-5607
-7112
13856
-780
-7194
1080
-2110
-4092
6164
-3028
3561
-2824
4370
-13296
-3554
-3876
7399
-8184
-2821
-8168
6678
-7952
-4874
-3848
5908
-5064
-4059
4116
-2072
-7148
-7923
-9192
16879
-8188
5393
2060
-8715
-6136
-4341
-16360
-3074
-6128
-1807
-6916
-3095
-4028
5123
-5112
6155
-1000
-4079
-11208
-5637
-17368
5639
-13248
-244
-14328
-5910
-7156
17756
-6100
5383
-19420
-4629
-11256
-2316
-6100
1033
44
5155
-14300
2562
-13264
-1830
20
4093
-14328
4115
-8160
-13838
-9152
1506
-15108
1783
-14100
6707
-8176
3831
-3008
470
-11204
-9952
40
-4099
-8964
6139
2060
-4357
-13300
3073
5164
-4851
-10168
3331
-5892
802
-4096
-3083
-10220
-3326
-12280
11747
-3036
1294
-6100
-8440
2100
-546
-3028
-12833
-14292
7686
228
1812
-7132
-8209
-22216
-3846
-8156
1035
-14268
493
-6100
1754
-4072
2041
-3072
-3325
-13312
11259
-12264
-7657
-12044
12549
-10196
1039
-11016
2045
-14328
-1301
3076
-4619
-20440
2363
2092
8994
-12260
12537
-7128
-10236
-992
777
-1004
-5396
-6948
13807
-4080
-232
-11244
3619
-1008
6369
-12220
1297
-15316
2801
-4088
-12545
-12248
-6655
-19388
2269
-11232
10983
-3040
-541
3100
1807
-13260
-2304
-8164
3064
-10164
-277
-11212
-2315
-988
-2493
-10192
-6164
5144
12305
-16372
-3345
-6132
-249
-4064
-2815
-8140
-6883
3096
6415
-8192
-5888
-6916
-4333
-3036
1041
-10188
-5868
-1796
5105
1076
4906
-10192
14341
-9208
-1789
-12280
-451
-12236
1799
-12248
5855
-11256
1014
-3052
-1791
-6108
2546
-12284
-250
-10208
-9962
-6932
-33
-13260
524
-9172
-13313
-19408
3339
-6116
519
-6144
-7448
-10200
1798
-6124
13579
-10192
-9491
-1016
3579
-9988
10224
-11228
1808
-9192
-4367
-9204
-1302
20
502
-6096
502
-12280
2052
-19404
-6895
-11252
-8468
-13296
1284
-10204
1023
-7132
4854
-16336
-3564
-13288
7121
-9184
1278
2084
8181
-10204
-11280
-13240
4357
8220
-5099
-15296
6390
-9160
-4862
-11256
2294
-7164
-499
-8152
1521
-12248
-3580
-7128
6931
-12060
10495
-3020
3372
-3024
-2040
-11256
1022
-6136
-4627
-776
7184
-16372
-772
-8160
2573
-12284
2547
-11264
-1777
-8188
1029
-11236
-4874
-5060
-3592
-5108
7146
-13272
-13042
1056
4601
-22232
-262
-6096
1776
-16312
2820
-4040
2304
-5096
1021
52
-1524
-6916
-10482
-3048
13565
-8172
-5394
-15328
7384
-8168
-2312
-9176
-5382
-2016
2325
-992
5101
-17164
-4585
-984
19186
-5104
-2014
-18404
4104
-7112
5884
-17336
-3052
-4040
9219
-12208
6674
-4072
4340
-6116
-8423
-11228
6929
-964
-4319
-9204
6646
-16372
1292
-13292
-4139
3124
5388
-7148
4837
-6144
-21
-14280
-7442
-5064
2580
-17376
-4398
-4876
-277
-15304
-6678
4116
-2804
-3044
5380
-992
5096
-6100
-2783
-10176
7466
-13288
3804
-15340
-4389
-5068
2777
-12252
2811
-11264
-1551
-13268
-6376
-8124
-274
-11208
-517
-5064
6419
-10208
-7928
-13284
2304
-2048
-6164
5168
6651
-2012
-809
-13240
5421
-5080
-2525
-10200
-2823
-15108
-719
-15356
-8723
-9180
9481
-9176
4659
-15352
4604
-13260
1001
-4009
-2518
19488
-1806
-14292
2808
2076
3856
5132
-12220
-4872
18485
-5104
3867
-976
-1550
-16336
8440
-15280
2573
2096
3840
-14312
-1813
-4044
-4119
-15304
2298
-3056
15627
-11196
2302
-13304
8433
-4048
-3613
-9164
-2048
-8172
-9469
-11220
3840
-4044
-6636
-6112
1005
-4072
4055
-19212
-7657
1028
-7971
-8160
1002
-14296
-6903
-20464
-535
-14328
-715
-11208
-789
-11240
-6377
-5104
-3571
-7144
-546
-12240
-4337
-3056
1005
-6072
8678
-10184
4103
-8168
-3567
-3044
11286
5140
4609
-8164
1262
-3024
224
-14296
8975
-8164
-1021
-8180
-516
-5100
-10764
-11240
-3362
-18184
-9475
25888
-4876
-15336
-5371
-2020
1015
-960
-8723
-6096
-7190
-15312
1519
-14088
8243
-10204
-1791
-13280
-3585
-968
-1284
-11024
278
-20464
8223
-8156
-2047
56
-11
-6140
1064
-13288
13493
-5064
2844
20
9218
-16340
5627
12
6105
-17376
-2766
-7124
-2055
5124
22793
-4072
-4844
1032
-1065
-13272
5891
-8144
10227
-1008
-1307
-9192
-1802
-4060
2290
-12228
-4081
3096
-4585
-10236
-3334
-15352
3327
-9156
-7695
-5912
-4588
-11220
3344
-12268
-8999
3076
6638
-3064
-8438
-6076
-4615
-4048
1824
-12248
-5636
-10220
11796
-5108
6905
1072
-7441
-972
-6672
-13288
-8196
6152
6406
-18392
-4605
-9176
731
-8156
4571
-10220
-1037
-11252
-5930
-6924
-513
-12264
3571
-984
6869
-5896
-1031
-1812
-6120
-6920
-2856
-1024
-8432
-14324
723
-14308
-11001
-7132
7454
-14280
526
-14328
776
-6088
1782
-3048
-2570
-10236
-5864
5136
-9214
-1020
771
-13296
-761
-7108
2045
-14324
7670
-7160
3328
-10184
-4849
32
-2572
1056
-10771
-5076
-2076
-2824
8964
-11244
8941
-15328
7215
-2024
500
-2016
-3598
-3036
9464
-10224
-5870
-13268
-4088
-11248
1532
-3020
7663
-10200
-3302
-1996
6389
-8972
1022
-15328
1264
-8176
7677
9252
-1774
-1988
-1285
-6092
1539
1064
3041
-8128
3828
-11232
5634
-11224
4617
-8160
-6920
-7164
8719
-15312
6901
-5108
-6126
-1820
-4111
-13272
-5381
4140
-3872
-20420
1276
-8172
-6671
-10212
-2032
2064
286
-9204
-6175
-12272
-260
1068
-1252
-11260
-1544
48
3865
-3036
-2291
-8156
-3579
-2032
8180
3096
3076
4112
5383
-4096
-5386
-4080
755
-6084
36
2092
-276
6196
-1291
-12276
1302
-10200
-3872
-4036
-3356
-11220
-7449
-15312
-1471
-17372
3569
-10240
15
-9204
-5144
-13280
-3335
-13272
3321
-6096
-5580
-6132
5640
-11224
1768
-15344
-1274
-5076
6629
-9212
4117
-4076
-5875
-7148
1548
-7112
-2288
-7148
1779
-964
-6901
1048
1288
-7148
4088
-8148
-266
-14104
-9205
1036
6956
-7152
-7684
-11224
278
-10220
-4896
-13272
1538
-8152
-540
-2016
7388
-1800
-15381
-3056
-4847
-15300
272
-14336
-769
-18388
5358
-8160
-983
-2028
-8216
-5068
2315
-3024
3843
-8192
276
1060
-2558
-10208
2579
-1992
-12300
-11256
526
-5104
-33
1028
240
-8148
2824
2072
-7906
-9208
-3343
-4872
4082
-1016
-8170
-16348
-1555
-8164
2329
2100
5106
3100
-2819
-8176
-4617
4160
2309
-1012
-3283
-12260
-2812
-6084
-6380
-5100
5140
-7120
3322
-9188
789
-2008
6643
-7132
-4586
-13304
21454
4148
-3839
-13264
-11747
5144
12524
-8156
-4608
-980
-8421
-4056
527
-7100
8979
6184
3587
-15304
-1280
-6924
-5865
-2008
277
-4036
-1293
-7148
-6929
-11212
-11298
-6108
4338
-15348
-7989
-14280
12005
-2020
-3038
-4044
-1508
-9184
7157
-10212
767
-6124
-512
-4068
6885
-8156
-8161
-11224
12290
-4096
-242
-4060
-4370
-15312
5912
-14328
-4118
-10196
4879
1044
-762
-976
3070
-5120
4599
-5068
-1283
-6128
-1772
-5096
-2526
-24288
6897
-10216
279
-12244
-4090
-15336
-10750
-15324
-2561
-10192
5113
-4064
9452
-3056
260
-9992
2324
-6108
8428
-19444
-9471
-5044
1035
-19416
4882
-6100
2309
4140
-2793
-2048
-3331
-8128
5125
-3060
-3569
-9160
-5070
1072
-10727
-6104
6142
-7112
-4865
60
286
-5052
6660
-7092
5878
-13300
3056
-14096
7667
-7144
997
-5120
-9195
-972
3349
-5084
-794
-19428
3327
-12256
4104
-9216
1788
-2824
1037
-20448
2553
1032
2355
-6116
-1035
-4072
-3053
-776
-264
-952
-2840
-11256
10217
-3848
-5337
-5100
-2034
-8120
1005
-14332
-7934
-8168
9700
-5080
-1482
-10204
-5134
-10192
3602
-5072
-2568
-3060
-2073
-9117
1766
-6128
-2317
-8136
5112
-9212
265
-4060
-10747
-7160
-4610
-2016
-762
-6088
-5884
-3044
8469
-7160
3873
-14284
-7148
-9196
3333
-10216
-6419
-9164
-1296
-5080
2328
-8140
-2548
-6120
-3303
-13060
4085
-7156
1006
-6124
-205
-6112
-1804
-17356
-6378
-10216
500
-2820
3303
-7140
3857
-4088
1042
-7116
7968
-7108
4102
-16372
-2064
-14296
1286
-9208
5191
40
-6893
24
-3063
-13284
3857
-2028
3849
-5088
8657
-9176
-28
-10188
2529
-996
1277
-11220
-7683
-6112
3838
-11244
-509
-9164
5098
-5096
-3865
2084
-3603
-10240
-4896
-8148
3831
-13276
1555
-4088
3059
-16336
-8426
-18352
2595
-4044
-1794
-5932
8181
-20432
-7645
3100
1297
-14316
-4857
-5112
-9703
-7124
2793
-7140
-6422
-11184
-12566
-11228
-2300
-2048
494
-9172
-3099
-12252
-1022
-9192
3819
-15332
10465
-980
4099
-12044
8716
-7148
-774
-13076
-9225
-3028
-230
-10232
9468
-9180
490
-3028
1018
2300
-2284
10308
3868
-6096
-6144
16
4059
-7128
-8215
-14292
796
-9192
-5925
-16348
-26190
-8192
8975
-7160
-3605
4344
5881
-7144
35
-4028
762
-3044
-1516
-9144
-4108
3104
-238
-3052
-276
8212
496
-11224
2295
-15312
-11286
-3040
-4328
-2985
2086
-6096
-1538
-15116
-1026
-11200
9981
-4028
-2251
-6132
-2569
-2004
4852
24
-5615
-4052
-2333
2076
-4123
-7952
224
-10200
1597
-6916
7684
-11244
1004
-10216
-4350
-4052
-2043
-6124
1557
44
4858
2092
2555
-968
7447
2060
6937
-9172
-811
-13060
1819
-10216
-4587
-8164
-5128
-18404
2827
-14328
-252
-7128
1803
-3016
4573
-1004
745
-9996
7930
-4080
7413
-7128
218
-11232
6160
-11260
-5902
-12224
4353
-4028
-3272
28
3326
-2040
-3314
-6108
5659
1052
5113
-4044
-4317
-7084
-767
-14328
-1020
2300
493
-6100
-2049
-10200
4838
-12040
-1798
-2008
7127
-2028
-4581
-13304
2836
14352
260
-4048
-3856
-3048
-1032
-8192
-3876
-19424
-2055
-1000
-3326
1032
3591
-2824
11506
-6124
1547
-4064
3818
-12260
-1018
5152
-5110
-14084
5626
-9184
8714
-2012
-500
-2820
4894
-5080
-4839
-3052
-6
-4040
-5857
9252
9712
-8164
-5117
-12224
5115
-11232
785
-8140
7178
-10240
-2575
2104
4614
-3012
4882
-6132
2534
-8136
-7422
-14292
-8420
-19412
2809
-12244
-1825
-6104
-2563
-6124
-2821
-5120
-4893
-5092
-2789
-5104
6918
-8164
-1842
7404
-9193
1032
4865
-14320
4627
1024
2554
-5084
-782
2280
-2042
-15348
-524
-8188
1261
36
-2060
-3036
2067
-14284
1530
-6128
10009
-2028
10211
-3016
-1267
-14264
-7954
-7164
-4600
-4068
9483
-8132
-2857
-15344
-1031
-16372
9243
-9180
-4074
-13060
-1562
2139
-1555
-17356
-3558
-7952
-2557
-3024
-276
-5120
-2588
4136
1814
-13296
751
-3052
-5883
0
1553
-6932
-2316
-10204
-1555
-11224
-16917
-5056
1514
-9992
3100
-2044
794
-3048
-1255
-7144
-250
-15116
289
-3052
-1808
-13304
4644
-16340
5883
-10180
-8970
-7944
262
-2032
757
1260
-4616
-12264
4093
-5096
9722
-5092
3583
-7128
6383
6164
7684
8
7676
-13288
-2289
-8988
-14361
-7140
4580
-10204
8974
-3048
-7193
4
-216
-9180
2326
-5896
-5914
-13296
2281
-11236
10498
-7148
4060
-15360
-3332
3312
4345
-7100
3566
-6116
-3526
-5088
-2614
-992
-4882
-3040
-7669
-4064
4647
-11220
-7166
-7164
-2574
-18396
-242
-6112
-2071
-8124
-825
-14292
7928
-14332
-6666
-8160
-7444
-20476
-2316
-1020
-1547
52
6121
-11220
4854
-7136
-4343
-5064
2305
-10208
-740
-10216
2861
-14320
-6654
-7116
5115
-2032
3818
-7164
15117
-9164
-9474
-4084
7948
-14332
2046
-6120
-507
-3000
-9727
-13276
763
-6144
1022
-3048
-2574
-9184
6141
-11236
-1232
-3036
-5112
-9172
774
-4044
1023
-15336
1051
-5116
-746
-988
2336
-15332
5406
-8180
-4363
-16364
-1285
-15108
-6202
-13284
1032
-10224
-9
-7152
1548
14364
-8960
12
6906
-984
-10218
-8120
6123
2080
-1783
-11248
-4105
-6096
2044
-8152
2055
-3056
3330
-10200
3826
1056
-9
-8160
4605
-4056
-4102
-11248
-4643
-20468
2806
-12260
-7417
8224
808
-12220
2026
-14308
-3827
-2012
-5114
-15300
-511
-10216
-3308
0
-9707
-8184
-4352
-13296
1276
-14284
-2066
-13300
-263
-776
-2828
-14316
-11274
1072
-10492
-12244
-524
-12244
-3355
-9113
4107
-1012
-8695
-12260
6691
-8164
-2090
-6940
-3330
-992
3861
-13072
3017
-6132
4635
-8144
811
-5104
-2014
-12284
-4383
-6944
3799
-5100
1028
-10200
-511
-4009
5864
-13308
6150
-2832
13084
-9164
6384
5140
-1024
-2028
-8206
-8160
-7939
-2048
2832
-11264
2581
-11244
1801
-2840
8212
-6920
2299
-4092
2585
-4088
-2536
-5076
4356
-14088
-773
-10196
3802
1060
3830
-4072
9723
-7140
3850
6168
-12300
-9160
12555
-3040
2816
-14332
3586
-14300
-1511
-10228
4117
-8168
5113
-7952
5630
48
3597
-7108
-2328
2104
2596
-988
-3799
20
-3597
5140
2054
-5100
2055
-16380
2843
-8988
4350
-1808
-3069
-1800
238
-7112
6919
-19416
6145
-12284
-2785
-11248
-10216
-11032
5860
-14312
3582
-7132
-10495
-16336
4085
-9180
-5373
-8132
8978
-14272
5108
-11260
7176
-8168
-2834
-8160
-2529
3084
7148
-8148
-6135
-11216
-6083
-8148
-1773
-14292
-34
-18376
-520
36
3578
-12240
-6394
-2032
-512
-9176
2873
-5076
-4888
-7952
4597
-12268
-2830
-11236
7689
-20460
6914
-14280
-1016
-7112
-6390
-10200
-291
-7100
-3088
-7116
-7610
-10208
-2584
-1016
5897
-6116
-3032
-6076
5885
-16132
3833
-2040
3597
-7160
1030
-3032
475
-4068
-7940
-18428
-14842
-9172
-8955
-11196
10990
-7120
1022
10484
-260
-9196
1299
-8152
-9522
-8168
4113
-5112
-11517
-12248
4095
-9188
1234
-20416
7957
-7096
-765
-6104
3336
-3064
-4606
-5100
7671
-6100
3559
-6100
-8
-4096
-4612
-14316
-2063
-1980
1548
-5064
9746
-10208
-2823
-3040
499
-12264
5133
-11232
6633
-3064
-243
-14292
3850
0
-4105
-7132
1785
-19392
-7903
12
-3602
-6112
6142
-16344
-4598
1060
2830
1052
8424
-17404
-2018
-6136
-4367
-13288
-10243
-14296
-5358
-5108
7143
-11264
5876
-2820
-4102
-9168
-2564
-16324
3082
-15356
-1028
-4052
-7433
-15344
-2308
-12280
-8964
-11228
2306
-8168
1047
-16352
9223
-9188
7944
-7944
-3593
-992
1292
-3024
-7173
-7140
-4623
-8136
4867
-10188
-10991
-14308
-6446
-13292
-14326
-3056
3329
-4080
1274
-7128
6664
-5116
-5384
-10220
-6842
24
3872
-968
2834
29440
-2569
-4056
1250
-15352
5095
20
-9726
-12244
-10223
-4088
2004
-10220
3055
48
-3605
-9188
1787
-984
2266
-17384
2795
-12268
4327
-12276
4347
-11236
-3836
-4096
-7444
-18416
-1536
-10232
5689
1056
-8241
1044
-5871
2076
-11003
-13276
-7446
-8180
-4064
-6924
5146
-9188
-1002
-12264
-2801
40
3843
-12260
4082
-12264
-7685
-7088
4840
1064
-5104
-7136
-1014
-12268
8967
-10208
763
-3032
-3339
-15336
1565
-1024
-6158
-11256
1011
-16372
-3083
-2000
4110
-10204
-10478
-7104
3366
-10204
4079
-13276
3117
-8148
-5353
-4884
-505
-2028
9947
-4080
-2331
-7144
-3848
-7148
-241
-2044
-777
-13060
526
-4084
-1307
84
2084
-11264
-6613
-2012
-1319
-8128
-1763
-14324
6932
-7108
-1276
-2040
1813
-13276
-4566
-7128
1295
-17160
798
-3044
3301
-6132
-3599
-15116
5365
2104
8170
-21476
-7148
-4052
-3792
-7168
3345
-4064
-5924
-3064
-490
-9192
-772
-8164
-2586
-7136
-3328
-11256
538
-3844
-558
23004
-1829
-1012
-6673
-14276
1019
-2048
2033
-10240
-2290
-6936
6894
-15308
-4104
-5056
3544
-16320
-9962
-4060
291
-9188
12079
-14292
5104
-8148
-3545
-8188
2307
-6116
16663
-14312
-8933
9228
-2832
-972
-4638
-8188
-1501
-7128
13817
-8184
13550
-9156
-3300
-7116
-2043
-12232
1252
-16352
6426
-19412
-4841
-7168
237
-4084
1805
-6068
-1514
-16332
-8179
-6920
523
-13256
-4370
-2032
-3863
-11224
-4343
-11236
3840
-16352
-4599
-10208
-5894
-992
-6675
-13296
4331
-14336
-1266
-17360
9992
-4080
1
-10168
2548
-15344
-5378
10260
-5592
-14256
4073
-9172
-3121
-13280
-9694
-17348
8619
-5096
-10224
-3024
-2072
-19428
3838
-5084
2549
-14284
2087
-8176
-5348
-996
-4105
-8152
5587
2108
1014
-5052
-2565
-6124
-11050
-12036
-4866
-7128
6370
-3072
-1263
