-1000
1021
-7132
-4054
-9204
-1522
1048
-1822
-14292
-6895
-11244
-796
-9192
2055
-4056
6137
-11232
4854
-11192
-7715
-7124
6907
-9188
-4327
-6092
-3051
-5064
6656
-2828
-7672
-11208
-2808
-6112
7692
-3040
8184
-6088
-13312
-13304
-3370
-15336
7182
28
-6145
-7092
-1047
-16348
-8953
2064
8719
-988
7427
-3068
-5648
-17160
9680
-11236
-500
-7152
783
-7944
10762
-12272
3034
-13068
-2831
-952
5659
-8176
10233
-11244
9188
-11228
5090
-5100
7673
-3048
-8
-996
-2609
-8176
5625
-7956
-9708
-3032
-3091
-12224
10778
-7140
-7186
-5092
270
-12268
-4099
-7964
-5922
2056
2834
-9160
2572
-7136
4108
-8192
4869
-19416
3577
-1008
18
-5072
7425
-13064
-3552
-15324
-5393
-5096
9266
-12260
5873
4348
3828
-17372
-2034
-15328
767
-17388
-6675
44
-8706
-7160
-7897
-11248
8182
-5076
-3570
4156
4844
-10180
6408
1060
-752
-7160
2256
-7152
7920
-15324
-5601
-2024
-1818
44
-1002
-7156
6133
1064
519
-9216
3840
-2040
-9714
-14308
3866
-11216
6387
-9196
-3865
-2996
2559
-6096
7410
2060
-5392
-6108
779
56
-6156
-2032
9459
-13280
-1250
-7132
6666
-11220
-1549
-8160
4841
-21428
2317
2120
-13070
-4084
13776
-4064
8720
-9152
-5878
12
3034
-7116
-3086
-4872
-11814
-4060
-4600
1268
-750
-6072
1296
1044
3082
-8184
4126
-5120
-3595
-3032
-5607
-2044
-3088
-3048
1497
-9192
-3057
-8136
8936
-11252
5137
-14296
526
-16348
5629
-9180
-3845
-17364
3815
4128
-2568
4168
10223
-15280
-2303
-4088
-6896
-5080
2063
-12260
-10733
-11216
1775
-13244
-791
-6928
1253
-6128
-1252
-15348
-11539
-8164
-4346
-9172
-46
-11248
3568
-5084
4349
4
10507
-7112
-6917
-16332
-4896
-4036
8715
-13060
-522
-9164
-3082
-4044
3320
-7940
-1808
52
-10003
-12284
1288
2056
5115
-15344
-10776
-5080
5323
-12252
8926
-2016
4363
-6057
-3315
-972
10770
-8148
49
-9200
-6626
-7148
2058
-7132
-221
-3064
6676
-8148
773
-14312
7164
10276
11052
9268
-7981
5176
-3825
-15360
-2577
-12244
5098
-17400
-6391
-8152
-9710
-6124
8195
2080
-11297
-3064
-1540
40
1816
-8148
1776
-9200
1281
-2820
-8166
-13284
-8500
-10216
-1037
-7144
-3843
-17364
-8187
-8176
769
-972
3567
4
5894
-14296
-9462
-10172
4145
-11220
182
-11248
5908
-11216
-3796
-10200
4875
1072
5613
-3064
-486
-4880
-3069
-14268
-1818
2052
-8695
-7140
6928
4124
7971
-6092
1783
-8160
4611
-6116
3068
-14304
4626
-8152
4843
-14096
-5130
-6116
5878
-6120
-4854
-11232
5393
-6928
-2252
-13276
-3071
-6112
-2260
-1004
-16368
-8184
2829
-4080
-6164
-5116
2561
-9164
-3347
-9192
2051
-3012
-269
-17388
1531
-17352
-9477
-8152
6124
-7940
-5620
-10220
-10236
-8176
-2044
-5112
-8738
-4048
6862
-8968
5904
-9188
-2782
-5088
1278
-8160
-2588
-5072
5605
-8156
-7718
-7152
-11788
-14328
240
-9204
8968
-5112
10512
-2024
1805
-6932
-1802
-9184
-2271
-13300
-1019
-14308
-1527
-8136
5101
2143
-472
-5912
-4357
-14316
-1031
-20416
-3844
-6124
5621
-9172
-240
-9172
10723
-4876
-2776
-11248
7153
-6100
-2237
9244
4622
-11256
-3104
-13276
2030
-13288
6143
-19440
-2304
-5072
11511
-9192
746
-6136
1539
-4056
2292
-14264
-1779
-7144
7706
-3056
4884
3116
-2059
-4080
-1284
-9188
-3806
-14288
3037
20
-3059
-3012
718
-13244
7164
-9168
-501
-10200
-7400
2096
13287
-8164
-1059
-16324
-2553
-1024
-1271
-2032
9226
-13236
-12789
-15304
-9495
-10212
-3587
-10236
-8217
-11248
-2310
-12268
6148
-11240
-3332
-10228
-3606
-6124
-1055
-7944
-6620
-11248
3827
-13304
9738
48
-3844
-10184
1562
-3024
-5376
-3064
7912
-8188
3560
20
-4356
-3036
-8960
-9184
3628
-9208
-2574
-8184
7455
-4076
-3582
-14316
-5853
-17388
-2517
-7940
-5124
-7144
8391
-8180
-464
-5076
1550
-12244
7935
-2004
-4104
-4060
-8710
48
3572
-2012
5112
-8132
-5136
-8164
5147
-5072
6649
-7128
-4845
-988
-8186
-8152
-2033
-2016
7147
-10000
8240
1048
3850
-9200
-5629
-4896
-7945
1036
3327
-17372
-473
-7128
2291
-6132
-25
-7140
3875
-7972
3844
-22236
-532
-17380
797
-11248
-8201
-5084
-3330
-11228
-4890
-11240
3839
-8124
-5357
-9180
-1551
-16364
7435
2056
-243
-14300
-7672
-5088
5382
-17392
-2307
-17388
-2563
-6132
-764
-8152
3546
-1024
4327
-15176
-4100
-7116
-2301
-6096
2328
-16380
4884
-8136
3061
-8148
-1250
-23272
3876
20
-8185
1076
4
-9204
3089
6152
-3809
-13276
-255
-4076
2556
-18360
-10774
5148
9977
-6116
-7152
-11212
-748
-7132
-3621
-12260
-1279
-5084
-2581
-11228
21
-15324
3809
-7144
1254
-12260
3340
-4048
2538
-11264
3048
-7160
-7434
-6100
-8178
-5060
-2560
-988
-4105
-18372
-5856
-3024
4105
-8136
-7963
-15332
-1546
-10208
-2806
5152
-9018
-23288
-5661
-988
-5861
-7108
10486
-11212
1008
-4060
-3622
2080
512
-6072
2550
-944
1804
-14284
-734
-13244
-7441
-4056
-3598
-8156
-1043
-13312
1522
-10240
-9234
-5120
4343
-12040
4630
-12260
-3056
-17368
-6644
-9160
769
-2012
-13539
-11220
6139
-5096
-1256
-4064
2789
-11224
-1801
-5021
9725
-3056
-4077
-6108
-6661
-10224
-3808
-12252
-43
-8140
-4867
-10232
5109
-10200
1533
-9156
-7943
-14092
-2559
-7112
-3317
-5104
6912
-3064
11004
-4040
1549
-2836
-1016
68
772
-11224
-1532
44
-14081
-6092
2266
-20436
-9980
-6072
3360
-12280
-30
-7152
5882
-17352
-3573
-12268
802
-7124
-5623
-2024
-6626
2300
-2056
-6080
-1759
-4080
2598
-11020
-4597
-16360
2069
-4096
6858
-10212
-6400
-7100
-5146
-12276
-515
-7112
10262
1068
5348
-4072
-250
-11228
9745
-5896
2073
-8160
-6916
-2040
-4352
1052
2329
-15300
-1277
-9176
-1
60
-4887
-4060
-2260
-8116
1778
-18400
1246
-7112
4089
-2032
1799
-7104
3805
-8136
-2282
-7148
15399
-13240
6642
-7096
-13315
-11236
771
-12248
2545
-6120
-2807
-4032
-2570
-8180
5396
-968
1789
-12272
4609
-13252
4138
-7148
-5118
-4060
-1020
-6092
6889
-6136
-3057
28
-497
2096
10259
-4088
-1016
-12252
-519
-6924
-3604
-8192
6148
-23228
-6412
-980
11004
-6104
-1793
-12264
-4835
36
1307
-9140
-32
-6088
-6399
-6100
-4407
-7136
5383
-3052
-3603
-3052
1255
-15292
6673
-12256
490
-13272
5093
-9164
-7679
-13260
3032
-972
-3603
-2028
-6146
-14280
8684
-6924
12539
-7124
3076
-17404
-2810
-13288
-5140
-5060
1770
-12040
-3299
-12036
-258
-9156
3075
-8120
-290
-8152
717
-4080
-4847
-13292
5109
-12248
-792
-7144
17
-1004
1769
240
25
-17392
2813
-9200
-8935
-8168
2056
1032
-7413
-17396
-3309
-11232
3046
-16332
-10241
-16340
-219
-6104
-3810
-3052
4103
-11212
-4841
-3016
-3079
3108
2847
-15116
9190
8
7194
-4052
-4641
-9196
240
40
2826
-1980
-4868
-4088
1548
-1984
-989
-11264
6410
-10220
4103
-9992
554
-5068
-2067
-21468
6454
-1004
-6370
-18404
-1256
-772
6924
-8160
771
-4088
-6625
-1008
-229
-11240
8954
3124
-9
-8136
2034
-5120
6684
-11256
-233
-5104
-4870
5168
6397
-15312
-2829
-13288
10487
-10228
-24
-6132
2291
-4036
4601
-5120
-226
-6916
10495
-12256
5658
-9200
517
-6128
-7950
-12256
5381
-13232
5685
-13308
7148
-9176
-6141
-7140
-2332
-10220
4617
-4868
2279
-16372
5385
-13304
-2759
-7132
11242
-9196
-21
4
5614
36
4593
-2012
6674
-12268
2313
2064
4339
-6108
-6683
-1020
772
-12244
4627
-1996
-1242
-7152
5097
-4080
751
-12240
1029
-2008
-752
-8172
5643
-3040
-2545
-4056
-8207
-14284
1793
-9156
-2295
-11240
-3831
-17352
990
-9212
279
3108
6351
-6080
8653
-13252
-4882
-2028
1247
-5104
-508
4140
233
-5112
-11511
32568
-1023
-4072
3319
-6108
-4356
-5896
6636
-4080
-2787
-992
-6381
-11244
-2587
-2028
12531
-13300
-4097
-14292
-544
-6072
-2820
-5096
3592
-7168
242
-3068
-1541
-5108
7423
-5064
-2554
7176
-3324
-18424
-3356
1084
-3851
-13252
-7690
-7156
2578
-4048
-2792
-10196
-2543
-12280
-507
-17380
10210
-13292
-8476
-2020
-4346
-4060
-1790
0
3068
-12268
-11
-12244
5142
-10232
-12029
-972
-768
-2848
1259
-5060
1816
-6124
7680
-1988
10485
-10212
-15098
-14312
-8440
-6116
-6695
-16340
1518
-5104
-4845
-14304
-11008
-7940
7688
-8144
503
-2016
-3098
-5092
1277
-6104
-7713
-12264
-3566
4100
-5373
-14292
4328
-11256
1027
-17388
14389
-5060
1546
-3044
7950
2084
-3604
-10180
6135
-5072
9721
-10184
-750
-8188
-7702
-4044
795
-12260
-249
-11216
-1538
-5900
-5361
-8172
1545
8204
-5632
-1808
539
-10212
8967
32
5372
-3064
6929
-9192
-3617
-13272
-3599
-4080
6167
-9196
-7659
-3012
-2301
-10188
-1294
-2020
-14102
-13260
38
-9176
-3848
-5056
2308
-7124
-6146
-6084
1290
-3052
1051
-9212
-1259
-19436
-814
-4076
3295
-13264
-7667
-2028
-9212
-13312
17400
-3028
1019
-11248
-8946
-5068
8169
-6116
-5916
-11236
12529
-14332
4307
-3064
5584
-13252
3600
-8144
6674
-8116
11536
-4068
-2799
-7136
-4639
-7148
-4597
-23284
-3077
-980
-3575
-5108
8422
-6112
-1781
-8172
-2805
-2024
-6127
-19400
2278
28
-10963
-7164
-5629
-5088
-767
-10212
7412
-15316
-6423
-11248
749
-13256
-8698
-15312
6954
-13256
249
-11244
-2297
1060
-2063
-16356
-499
-12228
528
-9192
-274
-7124
3292
2100
3309
-13284
-988
-8101
9762
-9208
3830
-17372
3328
-13268
-233
-4060
13069
-9204
-6416
-11232
-2056
-10228
-1752
-17336
11507
-2012
-10756
-8176
9730
-11256
-9466
-4052
8399
-2020
-1237
-8156
3824
-7160
-1322
-5052
-7159
-6112
15597
-16372
-8938
-13248
-13308
-19376
-28
-6128
-488
-8976
2590
-1000
10199
-13256
-12822
-13252
-8691
-11236
13560
-2040
-5350
-2008
-4343
-18372
3610
-6128
-3047
-9192
7170
-11248
4894
-4060
-4638
-4024
4081
-6116
1515
9244
2824
-13064
7960
1072
504
-6104
-2036
-4088
2305
-8176
-5687
-9216
-4859
-3028
-9962
-984
5099
-7152
1266
-7940
-9249
-12244
7937
-20260
-6618
-8148
-1009
-10212
-5110
-10240
-3056
-17388
-278
-13284
-751
-9216
750
1024
10697
-6092
2819
-11240
-12028
-5104
4353
-4080
-475
-12252
3320
252
-3600
-9212
-7169
-15344
4649
-11248
3828
-13304
-5142
-10200
3585
40
7915
-12036
1024
-8172
-9197
-3032
-286
-5080
2063
1096
-3560
-11252
7912
-5096
-6660
-9176
11526
-17384
-3047
-12264
2825
-12260
-1786
-9212
-1567
-5112
5342
-8148
-4855
-12044
-1799
-10196
4600
-12236
-4850
-13244
3860
-8132
-6427
-16384
-4339
-5084
-526
16
13838
-5084
8199
-9184
4060
-16332
-11541
-5104
-9212
1048
2083
-8188
-5877
-8176
1039
-12216
-283
-6084
2312
-9204
-6902
-13252
-5634
-10200
1781
-9192
-5910
-12248
1529
-20432
-1812
-1008
1826
-10200
-4862
-6116
5329
-9180
-15095
-11224
2081
-4060
512
-984
260
-972
-1289
-12272
236
-7120
3070
-10160
4878
1268
2827
-6104
3083
8200
7159
-7128
743
-12248
-5111
-9192
3545
-5076
-4108
-4048
-5620
-5108
1536
-10008
11003
-10168
-2553
-13276
-7705
-8156
-4365
-12288
4373
-11240
-4047
-2028
9455
32
4069
-8164
-766
-6112
4604
-9136
-4333
-5116
744
-12244
6634
-1996
5404
-11232
-7712
2076
-1005
-9160
-11279
-6136
-6679
-11020
-3064
-17344
2572
-11236
-7169
-10184
-999
-1012
-554
-13304
-5905
-13300
-11793
-16136
1805
1264
547
-6104
9995
-6132
6128
-10216
-7183
-3036
2080
-16372
-1234
-13064
-2833
-6136
-4360
-7132
5620
-3008
6147
-4052
-5617
1040
-5849
-10200
2815
-5116
-2318
-5068
24
-8152
-6414
-11236
-7650
-5104
-12569
-1996
-3075
-4080
9739
-9188
-7691
-16140
495
-11228
3784
-12224
2023
2096
2043
-10228
2595
-7132
1798
-6104
-5150
-8152
1294
-16324
-2038
-5908
-1811
-16344
-9246
-4056
-4139
-3856
489
28
-2835
-10240
-10233
-6132
299
6172
2041
-16340
5903
-7156
1282
-11236
-4627
-14088
-6375
3096
11994
-8140
-10982
-6112
-3861
-4060
-1318
40
2834
-4868
-511
-16368
-4315
-18428
-3108
12
3628
1052
-1329
-9164
2100
-3036
-7158
-16356
2803
-3020
9204
-6136
-1527
-2032
-243
-21444
5375
-1000
4875
-6136
260
-11204
-3853
-9148
-1806
10260
-2070
-20408
10
-10220
-762
-12044
-5095
-996
8429
-14296
-5895
-11028
-2304
-20448
1031
-6080
-15350
1064
5901
-13248
-6664
-996
4338
-15340
-10
-7104
769
3175
-2605
-2824
-2793
-12276
2036
-6084
-13526
-9184
2343
-8164
-2271
1084
-8737
-9164
3626
-9196
8510
-14308
2031
-9184
269
-11208
5112
-15300
-2819
-16132
12008
44
4619
-980
7169
-12036
2852
-5092
-2790
-7128
-524
-6112
1783
-6088
-1325
-8172
-8742
-8144
-785
-9992
5654
-13296
1782
-5900
1543
-11216
3838
-9180
-4879
-5896
-5080
-10240
516
-27356
4103
-7092
-8937
-5896
-4358
-7112
3076
-6136
20
-7168
1265
-8156
5150
-13252
2300
-4056
4079
-15340
2831
-4088
4380
1024
-6900
12
-2347
-6116
-2019
-3848
-8706
-6124
-2578
-12240
248
-16348
3065
-14316
-10507
-5092
-2789
-3056
1780
-5064
-3848
-944
-8952
-7120
-2280
-17344
10002
-5092
226
-9172
1053
-14280
-6897
-13312
4833
-7160
-6133
-10192
4614
5144
-6406
-15352
3804
-7144
-7949
-15332
3615
-10232
4086
-9204
3879
-8156
3298
-9121
-749
-8136
4078
-5056
4370
-9172
-7205
-4888
500
-6136
3313
-980
-5647
-17384
2301
-980
7416
-14272
6644
-10168
10242
-7164
2325
-6136
-7420
-11216
1785
-6132
1789
-5076
4097
-13264
2043
-10208
786
-8184
-4331
-3020
2551
1068
2821
-12232
-4318
-6920
1555
-8988
-747
-10220
3033
-8132
-9464
-2032
-1042
-14264
757
-6116
-1789
-13308
0
1048
8687
-18408
1547
-22216
-2064
-14276
16890
-3024
-6910
-5088
-3566
-1984
4841
-8152
-12
-3052
4881
-13284
-9980
-19388
-757
-3028
-7682
-2012
1268
-9188
-1819
-15312
1032
-11196
-3314
-18416
-2329
-10236
2520
-3032
-6657
-6140
1517
-5096
-5402
-5084
-1539
-7132
-1819
-13280
-2787
-6120
-3334
-12236
-9220
-5044
-7178
-13284
5878
-6128
-2791
-19392
7403
-12284
-1081
-3060
-2562
-14284
16392
-19380
-716
-5084
-7719
-3028
-9221
-19428
230
-8968
-7184
-12272
-5136
-2008
-2799
-10220
3574
-10232
2821
-9184
1791
-6112
4357
-10212
774
-9212
7937
-12036
-13286
-13292
4101
-4024
-4098
-1008
7186
-4024
-297
-9216
-1281
2080
10483
-15136
6144
-13272
3839
-2832
1478
-1992
-491
-11264
-253
-8984
1290
-1992
3288
-2020
4362
-13276
3859
-12276
-543
-6084
1789
3104
5818
3084
-1272
-15116
-8968
-7132
-2825
-9200
-13319
-10020
6631
1060
1549
-12272
3807
4328
2552
-8972
-241
-7100
5125
-6100
2821
-9212
-4097
3088
9444
-8164
-7444
-1000
3317
1040
-982
10292
3870
-12272
-3627
1040
2792
-7156
9240
-11252
-1051
-7132
-7416
-7156
2786
-3060
5124
-9184
18
-1016
-1012
-12272
773
-10172
7666
-3844
-6907
-1012
6407
-12276
-3844
-5892
22
-17400
3350
4156
-6644
-11016
-4847
-6112
3579
-10220
-4630
-3036
3584
-5072
-6655
-6132
-8457
-8156
15079
-6108
6658
-8156
1025
-19420
2322
-7128
4072
-9196
10210
-8148
2551
3132
-3072
30500
-4866
-2020
4840
-3852
1555
240
-10255
5136
-1018
-12264
-10751
7200
-4319
-8156
4841
-8156
-3869
-9204
7
-4068
-3354
-10188
566
-3040
6938
-9164
-16643
-996
-3848
2052
8947
-4028
275
-13288
-1541
-9160
1022
-8176
5099
-14324
-5640
6160
-3053
1080
-9483
-1004
758
2096
6153
-980
-4344
-2016
-4379
-7156
6377
-5088
-3366
-6088
-5102
-8156
3594
-9180
3066
-4052
-3578
-7112
-256
-14328
235
-4048
6680
-2032
1286
-6080
-1801
-11204
-2291
1252
1545
-12260
-1001
-6108
267
3096
11762
-14088
2057
-10212
3803
-8160
2602
-16376
-9463
-5100
10515
-6092
-2529
-8192
-510
-12280
4366
-8964
1016
-5076
2891
-8164
11492
-7124
-5387
-1996
4857
12332
-2055
-10216
4600
3080
-4844
-20456
-4366
-12264
-9730
-8148
-262
-15300
-4074
-12260
1304
-10188
1034
-7148
3266
-8140
-1048
-14284
-1048
-11016
-3615
-18376
5395
-2040
-488
-11220
-8220
-11252
1297
-13252
-2021
-11232
-769
-3036
-9440
-18432
5110
-13260
4862
-3024
532
8
-2334
-9200
-3085
-11236
-2266
-11232
-3319
-6112
4857
-1988
3075
-12260
4632
-2000
8
-12256
248
-12264
3831
-7140
-6363
-5100
-2027
-4048
1280
-7108
-7194
-972
4888
-8120
-8450
-12212
9729
-5092
-4406
-9204
-3554
-7148
5902
-13236
22
-7148
-3561
-13288
1794
-2044
-4097
-6144
-4114
-976
-7964
-11204
1549
-6108
-1286
-10216
-3827
-3052
-3584
-5084
2835
-4056
-7420
-11240
-6641
7168
4321
-23252
10539
-14300
9983
-984
1277
-18412
-1001
-10224
-7435
-2024
-1555
-13064
3554
-2000
-2068
-940
-486
-5116
-5890
-15312
-4598
-7128
-6422
4116
6407
-8168
-3067
-15360
1545
-16364
-2617
-4092
4873
-13280
-516
-10192
-4622
-6932
-4599
-956
-15863
-2020
-9980
-3064
6661
-5104
-7173
-10188
-3814
-7120
-8708
-13264
4613
-4092
1009
-6096
-7702
-5080
3304
-12260
8966
-7952
233
-3032
10511
-6116
1296
1052
8962
-15308
-3307
-11036
11526
-968
-2527
-2016
7940
2096
43
-2008
8926
-776
-7419
-3844
8730
-9168
2291
-7148
-7164
-7116
-6665
-8152
-2036
-3072
-490
-6096
9
-5892
1282
1056
-782
-8160
225
-8140
7165
-988
5139
8
-258
-8160
1758
-16368
277
30472
-2549
-992
2850
-5092
4599
-7952
-5867
6180
-10225
68
-7448
-14304
-528
-12264
1529
-3044
3339
-10204
1288
-5896
-9218
2276
2057
-11252
17162
-12244
5140
1256
5346
1068
2286
3100
-4592
-4072
-7661
248
2285
-7940
-3874
44
-232
-11232
8686
-3056
1318
-7148
7174
-8164
1309
-1012
-2553
-4088
-3371
-8160
-6130
-13276
11003
-8152
7461
-2004
-6684
-11224
-1039
-8156
296
-13268
6123
-9208
514
48
-3618
-7124
-17
-10204
12318
-10168
7896
-7100
-2056
1052
16879
-11248
-2040
3195
1221
-15344
-3825
-10224
735
-9196
-4330
-1804
1308
-12256
9979
-5064
1794
-5072
-5631
-9200
3330
-5100
-1261
-7164
-3571
-2044
257
-14308
-739
-2820
6673
-2036
3597
-9192
1518
-15308
5659
-12048
4851
-12256
5621
-2048
7433
-8120
2799
-6140
-3073
-7124
2838
-13260
4879
-4044
10996
-7116
-1287
5136
-259
-12280
-21
-3032
-3817
-10216
-7447
-18400
9197
1036
8442
-13268
7425
-6132
6164
-4044
8447
-17388
253
-8976
3078
5120
1793
-7124
3330
-2832
-7179
-4040
4347
-18380
-5369
-1988
-4607
-10153
-8207
1052
-4838
-11224
9470
2104
5143
-7112
-1806
-18392
4068
-3044
-3060
-16376
-8438
-9208
-1542
-9164
-6902
-9200
5107
-11216
-265
-5912
11242
-13300
-22238
-7128
6149
-17160
-4
-9176
-16377
-11260
2307
-15340
1278
-13240
-17
-7144
-1256
-18408
-1805
-14304
-7711
-7156
10968
-6076
-1534
-1000
-12
-16356
3059
1044
-5362
-8124
-1048
-11256
2819
-11260
-1526
-1020
-5405
-17396
769
-15340
-8177
-18432
3305
-10220
-5164
-7124
2067
-5056
1270
-3052
-3320
-8144
-9716
-14300
-2048
-7128
5604
-16336
-4840
1060
4622
-4068
4851
4104
3350
-2016
-1000
-2044
4826
-12248
5892
-15120
-5618
-17392
8462
-10232
2309
-7124
2587
-2028
-4879
-4040
4867
7192
3825
-11016
-8442
-15308
315
-5084
-4582
-1000
-1784
-1996
-12002
-7160
1028
208
1024
-8172
799
-17160
-494
-5112
5645
-11244
-1263
3112
733
-12284
-2831
-16316
-1841
-15332
2310
-3056
1300
-11236
-232
-18376
-1806
-7136
4074
-13260
222
-7160
1816
-4076
-10777
-16336
273
-4060
5409
-6112
2564
-11244
-6944
-3860
785
-21496
-8962
-6072
-262
-24256
2272
-4064
-2800
-3040
-294
-776
-530
-4072
1766
3088
5340
-10216
16
-12276
-3338
-1008
-23844
-6132
5137
-11216
-243
-7132
-3586
-14332
787
-17168
-1780
1096
29
-11220
-2036
-5092
256
-12052
2812
-7116
-1315
-13300
-4850
-8140
3267
-2040
-1556
-5112
-764
-11184
6636
-14312
-5608
-6116
-517
-9204
-3088
-2028
6910
4124
-3321
-7124
1225
-18424
-6653
-8180
5389
-6124
-15
-11224
1300
3108
520
-10180
9743
-14096
-1308
-6108
2564
-6132
294
-9216
-14155
-10180
-8211
-12248
7181
-17348
5664
-1004
3813
-4072
-3314
-7104
-1074
-7140
14565
-1004
2328
-13280
4363
-5112
-5399
-9144
-22
-19396
-4355
-6116
-7961
-11232
5141
-7152
-3528
-5108
9727
-5088
4351
-18376
1558
-14308
220
-10240
-13101
-8176
-9694
-13260
-266
-6112
7415
-10188
1569
-11244
12311
-7164
-2026
1080
6653
-11232
3330
-5080
4370
-3056
5128
-1008
1562
-10200
-7147
-6104
-756
-11220
5109
-6140
-1010
-3056
-2041
-2000
-2553
36
794
-2024
1024
-20448
3084
-10208
2320
-14276
-800
-10232
536
-12244
1751
-10224
-9249
-5076
541
-9196
-4372
-6096
-8716
-3052
-5094
-8184
-1014
-16372
-1022
-14336
-2344
5172
1809
-2012
3357
-6100
-8948
-9196
3316
-9184
9205
-10192
-736
-6108
-8185
-8136
-5362
-6116
10740
-16380
4085
-3036
-2301
-16344
1257
-10204
-3338
-7136
5072
-15332
6676
-11161
3597
-780
-5355
-4080
3567
-5072
-1022
3312
1581
-10236
1524
-11232
529
-11232
263
2300
5885
-9152
-21
17660
-11013
-14264
12564
-8192
4135
-11264
9232
-14308
752
-4080
3294
-6120
4633
-3068
-3318
-12252
-7926
-9172
7667
-5092
-4614
-12244
-3348
-6100
-770
-11220
-3327
-3068
4108
-6132
-770
-13280
-7183
-2028
-2822
-16336
6161
-9212
3088
-5096
-39
-10200
13564
-12224
5127
-4868
2299
-1000
7426
-3052
-1018
-8192
-2540
-4068
6408
-9200
8975
-10216
9206
3092
-10995
-6140
-2322
-10000
-4334
-5084
4848
-8144
-12290
-7116
-2824
-10208
-2825
-3032
-505
-3056
5919
-5116
-5428
-6928
-1548
-5092
6626
2072
-3351
-6112
13548
-5116
-1268
-7148
1260
-4076
3859
-12228
-7673
-17156
-758
-780
-4368
-16344
3096
-21252
474
-13068
-8966
-6120
-3589
-18428
-2904
1260
4370
-6108
802
-4096
-3078
-13276
8191
-3056
7446
-5100
-6386
-4088
-7906
-12248
-4621
-2828
4881
-9160
525
-980
-3581
-11212
-5407
-12276
6143
-976
5333
-8148
-6137
-13284
-255
-11192
-756
-12240
-725
-9144
4874
-14276
-2312
-16312
-9680
-3068
-754
-4068
1827
-10208
-5147
3072
-1278
-6092
1535
-9176
9466
-9204
-1762
-11220
-6413
-7144
-746
-2028
-1547
-12252
-1047
-13284
5869
-2040
6921
-8144
-4837
-2048
-5130
-13264
529
-9140
-2815
-11240
44
-9216
1519
-12272
-2786
-13296
-3080
-11236
-2815
-8132
-9163
-17360
5110
-7140
-4084
-15336
4068
-1800
-266
-11240
-1293
-8168
-3362
-7148
-9972
-3052
4090
-3036
-5900
-15340
5895
-6080
-4888
-4024
5643
-19420
520
-4872
-7404
-2044
3335
-2028
-6937
-4044
16
-9992
9740
3128
-270
-6092
6179
-8136
13288
-10188
-2812
-14280
-3580
-9192
8980
-11196
-9928
-13296
-18
-8172
-6397
-7132
-1322
-980
-1811
-16348
7176
-14312
-8164
-7112
-8970
-13248
7416
-2044
-5850
-8148
5870
-12260
4609
-8144
4356
-7168
-2578
-11012
-786
-9204
-7425
-12044
-1811
-4064
2319
-15316
3291
-7952
-2251
-9172
1787
-7956
-5372
-12280
1042
-5112
3321
-5044
-2296
-10188
-470
-8172
-6671
-8172
4120
-16364
3851
-7160
3291
-14304
7952
-4048
-287
-5096
27
40
8693
-5116
-6118
-11228
2860
-13252
-3794
-19420
11743
-6144
2017
-3068
-4087
87
-2858
-20408
-1535
-4868
-7947
-8176
5892
-17348
7168
-7940
-3826
-13292
-3846
-13260
-4111
-8132
3599
-4068
-14076
-18408
-5651
1040
10982
-11240
4406
3096
-3601
-6124
-9442
-14316
2800
-15112
796
-7092
-4636
-16336
1577
-8156
2040
-15348
7216
-21464
-239
-15348
-737
-13272
6672
16
-518
-11240
5381
-18412
-6152
-4076
5645
28
-1490
-996
-719
-2000
1800
-7136
2817
-11228
-11780
-15269
2823
-6076
494
-18384
-5092
-12248
2319
-8172
2545
-8172
17103
-6076
4856
-7100
3390
-3016
4881
-5084
-1287
-6128
7167
-14084
-6435
-988
7907
-11228
-13846
-6104
-3612
-14308
2617
-12197
1532
-12272
1777
-5100
1304
-15308
6889
-4044
-1795
-10188
-7403
-6100
4610
-6084
5856
-7144
-7422
-10212
1031
-2012
1565
-6116
1259
-4060
-2063
-7144
8698
-5104
-8991
-10172
8724
-10216
1316
-6049
5076
-5108
1795
-20424
-17185
-1984
5144
-8112
2785
-13256
230
-8172
1790
-7140
2278
-11244
2348
-8164
987
-8144
-8214
-11224
3366
-5900
1038
-4060
1056
-7956
-999
-7160
6919
-10208
10
-1000
-6401
-6072
-4824
-5104
-274
-19432
-243
-11212
2566
-13260
-3575
-10224
-4066
-3052
3832
-19428
-2832
-1004
11252
-4072
6692
-17364
5645
-13312
-3058
-4064
1014
2088
-4876
-3028
9221
-5092
4610
-8180
-14331
-9192
2820
-3012
1010
-6124
6123
-13284
-1784
-4060
-10735
-4068
-7647
1048
-30
-4908
4113
-4076
-14331
-14249
-8941
2092
-492
-5088
233
-12280
10972
-12036
9725
-11196
-5373
-10232
-1530
-7136
5116
-9184
-5108
-8188
-14583
2072
-9233
-5068
-10244
-11196
4580
-3044
-3851
-992
1012
-5112
-7405
-5987
4608
-2016
-527
-13060
1256
60
3095
-4076
783
-2016
12
12
521
-1996
-4352
-15336
2824
2104
-2310
-5072
1549
-2040
4596
-1008
-5892
-10200
-812
-10204
-7405
-7128
-18
-12284
-493
-11236
6174
-9152
-3569
-9208
-3083
-5096
-4341
-772
-9
-8152
-2790
-7108
-1817
-4060
-7704
-10204
4596
-5060
-4820
40
-18024
-10232
-4886
-4088
3878
-9168
5327
-18392
-1235
-9204
9208
1052
-269
-11216
-1277
-14328
5392
-11256
-6639
-9184
-6901
-1008
-8967
-996
1276
-776
5129
-10216
-776
-3012
1790
-10180
-8719
4108
-1808
-7116
4346
-10192
-766
-9172
6932
-10204
-275
-5092
9223
-10224
9431
-11224
-2086
-8172
4114
5168
-5398
-12212
-12273
-5108
987
-12276
8967
-8180
-42
6208
5664
-3064
5118
-8172
-4136
-4884
-1498
-11216
-765
2300
-2030
-5064
17917
-1004
-3324
-10224
1788
-2024
-2584
-10184
8214
-11024
-1536
-4080
-1267
-7144
-516
-10232
11755
-8148
-6134
-7132
1285
-14320
-5636
-6120
2535
20
1287
-2036
-1278
-22236
4634
-8164
8977
-5076
-6131
-8136
-1554
1056
-5902
5140
-4098
-13288
1783
-9172
-6964
-8136
3608
-8164
-6654
-780
6162
1056
5125
-9172
-7436
-10232
-1523
-6092
-2315
-11192
1799
-9168
3084
-5044
19
-14096
3836
-8964
-5153
-8132
-2825
-7104
-1028
6364
-486
7212
-752
-7128
5363
-4040
-6114
2068
6362
-12220
9472
-3044
784
-7164
464
-10228
-2304
12
-7657
-6100
4868
1076
4614
-4064
11540
-9184
5121
-5116
2553
-3032
5359
1036
1798
-5076
-5590
-13296
2032
-11244
-38
-16356
-4596
-7152
-7121
-7148
-4588
-3008
-2825
-8192
-1525
-14324
1298
-9192
-3615
3080
3851
-5076
-8457
-10184
3078
-18376
-4586
-14292
6948
-4044
739
1052
-2322
-6112
-531
-2036
-245
-7152
5944
-3044
-6685
-7128
-777
-5112
-759
-18376
-514
-5100
-3101
