-10196
-5400
4104
-770
-10180
-2015
-16136
2818
-23048
750
-17388
-4360
-4040
233
3092
4583
5144
-1252
-17364
1550
-4084
-2298
-5096
-4109
60
-7443
-7156
16117
-6104
3082
-9180
-2070
-8164
1283
-6132
-1524
-14092
-1796
-8976
5635
-11200
-10776
-1996
1780
-6112
6892
-13300
8732
6160
3296
-11240
2287
-8176
-6151
-5120
-1785
-23296
-262
-7160
533
-2040
10249
-5060
-764
-12260
-6912
-6104
-10267
-19428
7939
-17364
495
-6100
-1290
-7092
770
1056
5916
-7136
-7449
-14280
-7201
-11244
-5629
-6100
10002
-7112
4600
-14256
-1257
-12244
-6152
12
86
-956
6394
-4068
-1807
-5088
1026
-11248
7938
-4872
-4860
-14316
5882
1048
6930
-13284
7663
-7168
8176
-7164
-2800
1076
1025
-12272
-1296
-8156
5655
-2044
-5160
-2036
5427
-7084
2560
-13288
1296
-15336
19221
-3072
8730
-5092
2036
-6932
3584
-10220
-257
-3064
-737
-6080
-7150
-6132
9697
-1800
3342
-6128
3074
5368
7152
-2988
10739
-3848
1806
-3036
-1267
-5904
-14855
-6140
7192
-4072
-6174
5132
-7918
-8180
-8458
3116
-3060
-3844
-1544
-3860
-5400
-1016
-760
1048
-2820
-10212
15122
-7156
-3892
-11260
3322
-8168
7445
-7152
6152
3088
2599
-13064
799
-14308
-5878
-3052
13080
-9156
-245
-8176
784
-3032
-12795
-12276
7891
-6944
-4078
-1808
-259
2092
4353
-12268
16377
-6112
-3050
8212
-3599
-12260
-2829
-4880
1265
-13268
-3619
3076
1782
-3064
-2552
4100
-238
-2040
4848
48
8464
-11220
-489
-14304
-5412
-6124
-514
-4068
-7188
-956
5633
-5056
4859
-2020
2236
4108
5
-19444
3071
-14308
-1528
1256
5639
-1024
774
-988
-3341
-18416
11014
2052
2571
-7136
-4857
-10232
3883
-7940
5623
-6120
797
16
-253
-3056
2326
-2020
14583
-6088
6926
-17356
-257
-9204
1815
-6088
-530
2076
1251
-1016
-1531
-6140
-4842
-15320
1543
-4052
-237
-12252
5877
-3032
-6166
-3872
-3552
-11208
9530
-10240
-1754
-3020
-1055
2052
-2053
-11240
-3836
-3060
4120
-17364
-3074
-6116
6930
-8192
2274
-12252
-9999
-6080
5651
-14320
-8408
12
-7714
-16364
-4340
-7124
-248
-7136
-3862
-7164
3356
-6144
-1798
-2992
-4874
44
-5389
-14312
-8947
-16356
-280
-5900
-5885
-992
2300
-16356
-3098
-3032
-2546
2084
-512
4348
7447
-6088
2281
-7132
-7152
-14332
-1535
-4876
-738
-5108
-2064
-9152
-11245
-7152
784
-2004
-2048
4132
1775
-1980
773
-4096
-497
-18416
-2323
-5904
-3565
-3020
-2288
-15336
21
-6104
494
-11236
3328
-16336
6921
-12276
15876
-15132
7674
-9168
-11278
-3032
-2299
-13248
-3378
14364
-8452
-7144
-258
-6108
-6131
12332
7414
-9204
-3793
-12268
-8185
-3020
-4312
-8144
-307
-9176
-2325
-5088
4122
-2040
12299
-18408
-3065
-16132
1314
-13280
-3351
-5084
1792
-11224
9214
-9200
2032
-11212
5408
-9168
5145
-6120
-2856
-17372
-5132
-12268
5653
7212
-997
-5088
-11772
-16348
-4091
-14292
4080
236
-2030
-16368
-4850
-10216
3357
-1796
-2530
44
-13826
-9172
-7166
-14300
-4607
-6136
-509
-4052
-270
-10192
2302
-10216
-3352
-8140
2538
-8140
10974
-10208
1032
-6924
-3578
-14084
277
-5108
-4109
-9208
266
-5068
6902
-7140
3837
-6124
2562
-13252
-8421
-2036
-5345
-1988
-7933
-13300
-3587
1056
-5613
-4048
1551
-13232
7664
-13284
-3340
1084
3550
-4088
-1796
-13260
3821
-10188
1563
-20456
-2599
-4064
-3848
-5092
5095
-5108
-3546
-2828
-2066
-18388
1504
-7168
-2012
44
8951
-4052
-6418
-14304
-1035
-9152
534
-8168
25717
-11244
-534
4128
795
-5084
7729
-8156
1791
-6116
1545
-13308
-1498
-5104
-6906
-6068
12794
-4028
-9969
-1004
-473
-6112
-4107
-15320
1547
-8164
-2053
-7124
3119
-8144
2830
-12224
10000
-16332
3832
-8188
7170
-16384
-7954
-7108
-2504
-12264
8693
-8176
-4101
8196
22
-4060
-5377
-8996
-14325
-8156
-2279
-8964
-2831
-8140
2818
-8172
-8184
2076
4870
-3020
6660
1076
-5396
-1796
-1529
-10212
6673
52
4102
-11028
518
-7140
-3824
-4076
-12816
-1000
3819
-8184
-6934
-8176
256
-14272
-3035
-4076
-9
-1004
-5386
-15344
8731
-2036
4857
-6120
-6129
-6140
5878
-12272
-2796
-18420
-3570
-4048
5104
-11260
-1485
7204
3578
-6124
-9004
-16328
4143
-17160
-6154
-1016
4846
-3024
-3825
-9180
-8463
-6108
12029
-14296
-267
-1020
1736
-11212
-5127
-7952
-2836
-4044
-5849
-9180
-1281
1032
-2585
-15116
2810
-3068
7701
-6049
732
-11256
-6396
-9180
3582
-12240
-3586
-7136
1600
-11240
2284
-968
-2546
-4048
1027
-6104
-14587
-1008
-2282
-9180
9460
-10141
-3077
1076
3578
1048
-2791
-2048
-6382
-8116
3064
-7148
-4058
-5108
1282
2056
-1746
-10232
2289
2072
8472
2080
-3850
-4096
-1000
-2004
-507
16
-5651
-18400
3072
-4068
-258
-8140
-2336
-5920
263
-7952
4844
-1012
-6108
-3028
3602
-11240
-3332
-9176
-5135
-6128
2592
2076
-3358
-10204
-2555
2084
-4849
-3048
2801
-1796
535
-7132
-7686
-8156
1019
2296
-11013
-3860
-1512
-9152
1247
-10200
286
5120
2044
-20428
-3811
-14304
-9961
-7156
3094
-17376
1502
-8184
-3812
-6104
-6656
2084
13531
-4040
-5862
-6136
2579
-4040
6153
-5092
3548
2064
-4898
1040
-2077
-9992
244
-9156
-22256
40
2002
-9996
2332
-4040
3307
-4028
-2255
-10184
3851
-1004
271
-11236
-1038
-23276
3084
-7128
803
-16348
-4853
5184
4571
-4024
-1545
-7128
-8190
-4064
-2335
-15316
-2035
2292
-3798
-3020
3075
-5120
-8696
-7144
-1035
-6144
-4094
-10212
14316
-12268
2807
-11220
5135
-7100
3563
-21484
13566
-4076
246
-10232
-998
-6124
-15341
-12248
-7653
-8184
2286
-6920
-4862
-13268
-2573
3076
-50
-5056
-802
-1016
-3310
-9184
-3853
-5108
-3320
-4080
496
-7144
-4373
12
-764
-10228
812
-10224
6887
-5092
-6941
7192
-3079
-19192
-2016
-19392
3861
-5092
4616
-10204
-4382
-3064
4102
-11236
5615
-10196
3054
-8192
3069
-5096
-2563
-2012
2284
-18388
521
-8156
7441
-2004
9692
-18420
-5645
-7944
-5861
-15324
-241
-1024
-4376
-776
-784
-2024
459
-2000
-8182
-2012
3569
-6104
7681
-18408
1512
-9188
289
-4088
2013
-12252
5180
-5088
-3598
-2004
1268
-1968
-988
2064
5110
-3844
1536
248
-2555
-8164
3096
-9172
506
-12260
8678
-6112
-3324
-8120
2578
-18424
470
6176
-7680
-5096
-5656
-3024
514
36
3090
-9216
5338
-18396
-3561
28
3305
-8168
5891
-12256
7689
-1004
528
-12260
2834
-4060
788
-8148
-3590
-14316
-1825
-7160
-8465
-2000
2287
-9180
2341
-2036
-5369
-5100
1829
-9148
7473
-8152
-580
-8164
6650
-18416
2283
-9176
7665
-9172
8197
-17156
-4106
-15328
4376
-20468
8198
-7128
2829
-6096
1775
-2024
7970
6148
-754
-1796
3332
-7132
2012
-3072
521
-2820
1009
1084
3824
-2020
-5394
-3032
2048
-2012
-2818
4152
7463
-4092
243
-14292
-5882
-11228
-271
-6108
1044
-11220
1497
-6108
-6133
6168
-6132
-12268
-15134
-3064
10723
-14300
9740
-9164
1061
-13260
-3357
-5088
3824
-8172
-4366
-5096
748
-7144
-773
-6124
-3879
-16352
-6127
-4084
-5387
-9996
2315
-6136
-1277
-10216
-1791
-7116
-734
-16364
4864
-12232
11774
2068
-1020
-5108
5364
-8160
-15122
-6116
-1749
-3056
9682
-5892
241
-7156
-3324
-2852
-2794
-7124
-1560
-2024
-2313
-4060
14609
-5056
-4846
2064
-4087
-14092
741
-6916
5630
-12248
-8433
-21492
8205
-7120
5118
-14292
-12050
-16132
-1032
5184
-6695
-8164
-1781
-13288
11745
-12252
-5133
-7152
-15393
2068
16384
1064
-3838
-16368
2036
-15116
13601
-15124
6684
-7144
-3077
-8148
-14369
-3072
513
-4084
799
-8168
-12055
-8128
1817
-2028
-1806
-5072
5149
-8172
11273
-8160
-3008
-7112
1280
-9192
3343
-9196
246
4132
-506
-7124
-266
-5120
18
-12036
1525
9268
7409
-15300
3840
-2000
-3557
24
-2599
-10240
-6430
-956
5110
-776
538
-4032
-524
-8168
-2054
-4072
5124
-9184
6406
7168
-2289
-5116
-2317
-6092
4600
-1996
4120
-7972
-4890
-15320
-6672
-6096
-1065
-5092
-1034
-14284
6190
-12048
-2782
2100
3338
-11220
2023
-4084
-24
-11248
-5375
-2996
-5395
-988
-6667
-15336
5116
-8132
-2285
-4060
776
-11252
-7922
-4872
-1261
-12248
2072
-11260
1286
-10016
1268
-4088
6903
-3064
-6632
-8188
472
-7140
2293
-788
14094
-4084
3097
-5104
8
-8176
-801
4132
774
-6916
-7419
-5088
-8981
-8180
-3577
-7108
-2570
-5104
5348
-8192
-7667
-8188
3836
-5100
-5132
-9208
1775
-10188
-1555
1044
-14344
-8144
9983
-2024
-982
-17404
5104
7200
506
-2036
-6890
20
2292
-4092
3063
-8148
-3338
-4048
7679
-10224
7408
2084
-7139
-15108
-1527
1080
2334
-14312
2302
-13300
-3030
-8132
-7406
-9168
-2301
-9180
-1002
-9188
-8203
-12260
-2816
-2020
5623
-6108
2831
-13228
10469
-15316
-7171
-4060
-1003
-10216
495
-13280
755
-6092
9237
-8156
-6895
-10180
-1000
-4096
-1547
-968
13040
-16336
-7668
-11196
3834
-11028
-9960
-13284
2532
-8160
-4891
-3044
5911
-18408
1850
-4052
1014
-6080
-4382
-9164
799
-12276
-5364
-4096
747
-6084
-7924
-10236
8686
-12264
3821
-5092
-4639
6200
-1242
-17372
-4864
-11200
-5886
-11224
-2551
-7136
-5635
-20432
3581
-7120
-2048
-7116
-3808
2056
2298
-4044
-4593
-4076
9450
-20452
-3812
3320
6173
-7116
8939
-19436
2564
-6124
5623
-10240
786
-10208
5645
-5100
-1008
-13264
742
-8164
-811
-3068
7425
-11220
-5633
-4076
2558
-10208
2305
-14324
-7669
-4064
-2013
-6104
786
-17168
1269
-8156
-7427
-8136
3559
-9168
-14829
2068
-1549
-11256
-6382
-2016
6385
-11196
10487
-15292
-2542
-7160
-4369
-4020
-10216
-7140
3542
-7108
6121
-12260
11272
-12232
2571
3092
-490
-17352
-5409
-12248
1029
-14296
-4593
-11236
1774
-4080
3344
-12220
-5370
-7104
2548
-13072
-8721
-2004
-4869
-1988
4381
-8152
2296
-984
-10191
-3056
-7674
-2028
-8200
-1016
226
-14320
2021
-4068
10277
-15136
-11015
-8184
1273
-12244
-1280
6180
-1007
-7077
6910
-13312
-251
-8108
6886
-10232
1542
-9192
-6184
-11260
4890
5132
2057
4140
3577
7180
-483
-4080
-6386
-8168
3842
-1000
4845
-7112
-765
-8164
6148
-9148
3616
-11240
-503
-15348
-4373
-3048
810
-8152
-4359
-7164
5119
-17388
-5132
1084
1050
-10220
-4355
-10024
3808
-12272
2583
-8180
4106
-4056
3382
-11208
-5374
-5116
-7148
-7152
2291
-1004
-11811
-9164
-1784
-4872
12579
-5987
-48
-8136
6918
-4080
1038
2072
-10757
-14332
-1011
-4064
-10230
-9200
-2841
-5076
200
-12256
17
-12276
-9210
-10232
-2837
16
-2862
-8164
-6437
-10216
-5911
-19420
-798
-1004
-5905
24
3817
2084
513
-5108
-275
-2028
-3543
-2032
10772
-6132
-5880
-9176
4095
-5076
-7473
-14304
-5121
-8180
-4036
-13308
7708
-9192
-2596
-10008
1281
16632
2515
-6120
-3330
-5904
-2309
-11232
-2291
-12248
-3847
-16312
-2302
-15304
-528
6188
-4614
-11228
-2537
-6144
1225
1052
-2020
-1996
4078
-5088
4388
1064
-5611
-4064
5101
-2028
-4611
-12284
7181
-5116
-5364
-17348
7443
-5112
1007
-8156
-5101
-7136
6632
-5068
-5118
-2024
5924
-18420
-816
-4092
-280
-5100
-8754
-12276
4331
3112
1034
-7120
1274
-6108
-782
-3052
-7666
-8184
9715
-2820
1285
-9156
-9487
-6136
5362
-8160
-746
-11012
-4120
-4080
-4124
-2032
5903
-3068
-2314
-9208
1301
-3048
3625
-780
3050
-13060
6374
1056
2851
-11244
-6619
8228
-808
-10216
241
-4064
-10780
-5080
7655
-4092
7171
-5096
5374
8
-3314
-5096
5904
-1020
12029
-8136
10
-10216
1552
-8164
-7152
-4868
-2074
-9208
4550
12
-767
-3848
4340
-11260
6970
-9196
302
-3060
774
-1016
-9948
-1016
8952
28
3828
5152
-4625
-5120
-3044
-5060
-2844
-6116
1829
-3036
3820
-11264
6920
-12288
-1581
-2996
-1005
-5096
4847
-8152
-234
-10220
-2029
-13284
1978
-5104
-1313
3132
25
-1984
4121
-5112
4065
-12224
-1536
-12220
2316
-3856
1324
-8180
4350
-10200
-5614
-4080
-778
-1012
8435
-1796
220
-20436
6657
-25336
4103
-9988
1042
-1016
6607
-6080
-2535
-11228
3604
6196
-12659
-8160
-2552
-8176
-3582
-7148
-5151
-8132
-1275
-4036
8
-9160
4598
-4076
1056
-15128
1807
-980
8440
-5104
-10751
-4072
1002
-12248
2802
-7952
1022
-7944
-10752
-12048
-2087
-13304
15118
-9204
-6376
-17400
-3307
-16312
-2820
-13280
-526
-8172
-276
-3032
1327
-10160
-4389
-7136
-765
-3048
-4365
-952
3326
-13248
-5151
-6096
7923
-7156
8219
-1808
4049
-8160
-2297
-2016
1526
2096
-5351
-14112
7162
-13284
-14633
-8116
-8
-16352
4360
-10220
5143
-12248
1794
-10236
-2042
-7944
-6422
-992
7944
-6936
2556
-9164
-6191
3316
785
-952
-7440
-7140
2289
-5068
-2598
2056
-14886
-2040
-6124
-6128
4102
-9204
3801
-9152
5392
-10228
3612
-4880
13859
-7144
-2305
-4072
503
-8160
1283
1080
-7956
-5052
-8472
-1016
-6634
-3844
8209
-3016
3040
2060
5666
-3044
-7421
-10212
5135
-4056
-2541
-772
-5104
-6108
9716
-15324
-2548
-11200
2289
-11232
-5613
-10212
-1301
-9204
-751
-9160
-1020
-17396
3304
5124
-794
-6136
-1264
-1020
5114
-2985
-3077
-15336
-3552
6168
2344
-10176
4316
-12236
-3343
-1000
1766
-14292
4393
-5060
1548
4144
8717
-12244
2573
-14296
9967
-4096
-2550
-15116
3301
-7124
-2561
-7112
6394
-3068
2284
-980
11532
-4020
-8189
-8136
8
-5896
-4598
-14316
258
-3052
-19578
4
5836
-6916
-7452
-13276
-8436
-10224
505
-14312
9985
248
499
3084
-6183
-8128
-6403
2100
-3600
-10208
12792
-972
6373
-15328
-2808
-2832
-7658
-18408
-5373
-5100
1757
-5100
-7
-1972
762
28
4362
-2020
8411
-7140
-6414
-15320
-9986
76
11002
-2824
-5624
-3040
6164
-10212
764
2060
824
-21484
-3080
-2820
1765
-992
5424
-1004
-1786
-2000
-3834
3308
2043
-9196
-3543
16
3349
-7144
10767
1272
-773
-7940
4340
-11248
6132
-10228
7150
-10204
7409
-8144
-7912
-3024
9
-2020
2798
-1796
-1284
-1816
2334
-10240
-1261
-9212
762
-13276
-4097
-2040
2275
4112
-250
-7096
989
30516
-2602
-7140
-4901
4120
-2817
-7132
12788
-6144
1264
-3068
-4634
-4096
-521
-6140
-8435
-4064
280
-16344
8701
-13068
-14608
-12256
-2055
3156
5136
-776
11526
-15120
-2574
-6100
-9147
-5116
-5377
-7164
2076
-13288
3556
-9192
-1321
7200
9160
-10232
-3592
-8160
6910
-2028
-6150
-3072
-5175
40
477
6164
2073
2064
-9977
-1996
14061
-3016
-5089
-9212
7668
-5084
-6404
-2992
3313
-20480
-245
-992
5617
-9208
-5637
-5080
6130
-3060
-4852
-4068
6365
-5080
4616
-972
-7422
-4056
6872
-3012
-5126
-972
-770
-16336
-11
3320
-2579
-12244
-9729
-6100
-1811
-4096
5911
-6100
2343
-10228
3051
-7128
5402
1036
1245
-5080
13346
1060
-5084
-2028
7165
-9184
5172
-11244
2000
-4872
3077
-12040
4889
-8108
-1280
-8148
-4621
-7940
-1783
-7160
-3605
-5088
-3072
-15332
1813
3092
264
-16380
12282
-6108
489
4156
4099
-5088
-4583
1068
508
-12260
9431
-8168
2043
44
5891
-13284
473
8
768
-6084
3815
-8176
1527
-7144
-8440
-16368
5374
-7124
4077
-10208
-6366
-6092
8733
-7164
4074
-13244
5114
1056
-8675
-4080
-1290
-10172
-5387
-14300
-1276
-15356
9223
-13268
8159
-7152
-3593
7204
1537
-7140
5598
-2016
5107
-13300
768
-14316
2584
-3036
8414
-4044
-10754
-3052
-6394
-10200
6187
-16364
6139
-6108
-7428
-7136
-5380
-4052
4335
1052
-4585
-6132
-3825
-3852
-2275
-21488
2555
-5116
-1540
-5080
-9957
4
7695
-12248
-7933
-9188
3596
2084
4096
-8148
11514
-4044
-3589
1092
-5374
-2016
1533
-8156
-797
-12272
3838
-11252
7940
-6116
-5370
-2008
-1270
5148
-735
-3044
5648
-9196
5895
7200
-6416
-8180
7162
-4048
-4626
-8168
1305
-11220
-15368
-3020
-3329
-10164
10532
-8172
4622
-6916
-3053
-4868
-5353
48
294
-14316
3325
-16360
-3869
2100
-6167
-5076
9426
-9132
-17872
-18372
4584
-2044
-9734
-9184
-1314
-6124
1282
-6116
-3311
-17156
-2028
-4036
6397
-10188
476
1032
2313
-10208
5377
-4032
3363
-17360
-6150
24
4343
-9188
1826
-8140
11522
-9188
-6665
-10216
4343
-10168
7656
-9200
-1567
-3032
-3075
-4044
2552
-7140
735
-16368
-5402
-3040
-732
-9188
-2067
-12036
-7464
6176
-5372
-13280
-1070
-3052
-3881
-6072
7945
-15352
-265
-8164
-10757
-15340
-1768
-8972
9200
-7148
-12807
-13308
-4117
-14328
-2760
4096
-1022
-6120
8723
-5096
-4105
-980
-10751
-1988
6613
-14308
-3302
3080
-2300
-2008
4857
-9180
514
-6932
-216
-18416
1232
-3008
7162
-8164
1237
-15348
-517
36
-1063
-3004
4105
-10212
1534
-3004
-7193
-3056
-2562
-10156
-9484
-15348
-2797
-6104
-8177
-12288
991
-11260
-2571
-13312
9472
1024
5105
-5068
-1023
1056
-2797
-10200
-2350
-7148
251
-5096
4846
-10200
-4889
-4076
3582
-7124
-6157
36
4563
5136
3605
-16344
-9730
-6104
-3309
-5104
-224
-7148
7402
-3016
-12280
-11020
1545
-14328
-517
-996
4142
3092
-3844
1056
4877
-4048
1804
-4052
3613
-5088
8957
-5064
523
-19408
1550
-14284
269
-15324
-5085
-9168
-1255
-4072
-9483
1048
5634
-3024
7429
-4040
-2059
-11212
3612
-8160
-998
-4076
-287
9224
9445
-7132
5368
-776
3076
-8968
3894
-5092
-487
-13308
-2823
-11012
-3831
-13308
-5130
-2020
499
-4064
7416
-13240
-1020
-996
6142
7224
-2515
1268
2805
1040
-2576
-984
-9717
-5072
-1042
-13284
9746
-9192
11018
-12260
-7889
32
1511
-9188
-13076
-5900
-7691
-15348
-293
-4096
-10244
-1808
6374
-3052
-4099
-13288
1533
-4068
246
-6124
-30
-3032
1782
28
4633
-3044
4844
16
2553
-4052
6640
-2044
-10535
-968
4367
-1000
-1804
-9216
4890
-4052
3089
-3844
1017
-5104
6364
-5096
-4605
-9164
1784
-8152
-16
-6060
-244
-13268
-249
-8172
-8668
-10192
-9474
-14320
-5843
-12044
-1527
-12288
6682
3128
-2350
-996
-4620
-11244
-11812
-23280
5608
-6108
-18
-9176
-4103
-21252
-3581
-776
-7934
-5892
5828
-10184
-8948
-19408
-245
-11244
9226
-6932
2303
-7128
4115
-7944
-3852
236
3331
-3844
-6629
-1016
-1779
-4036
-1551
6384
2320
-7152
-14831
-7160
14599
-14300
-2550
-13060
8493
-5108
10002
-6112
-2057
-3056
-5386
-11240
-250
-7156
14611
-6072
-957
-10212
6155
-15332
-4633
248
2812
-13308
7433
-11264
-4880
-10220
-1787
-9144
-4329
2292
1512
-5116
3080
-12268
-10262
-15344
9236
-16372
-6384
-2040
-8952
-9216
-2028
-3048
-2333
-9152
-6644
-4884
-3594
-4872
-487
-14088
-5372
-2032
252
-1804
10782
-11012
2050
-7944
6411
-9188
4119
-6108
5631
-21484
12041
-6124
-6653
-15356
-2083
-7124
-265
-9180
7927
-9188
-509
-16380
-6
-8160
-1259
3100
4341
-3040
4618
-13264
-2868
-4056
1013
-6124
-239
-15112
8445
-13072
9459
5196
-8711
1072
2025
-7148
-2838
-3032
-3319
-14320
1007
-9168
-6686
-3052
-1501
-13280
4838
-8180
4887
1076
8947
2076
-5645
-10224
3575
-3040
-1811
-6144
-4346
-2040
-2082
-15332
-7694
-13284
-1528
-20428
231
-10220
1303
-6104
5318
-780
1767
-15312
-3374
-6124
-9719
-11232
-8685
3080
9187
-4084
-13047
-8172
757
-18404
-2846
-5076
1568
-8152
8426
-3016
4095
-12232
2051
-2000
-8686
-6112
-14
-17388
497
-3860
1017
-6116
2303
-9200
-9984
-6136
-13
12
3902
-2000
9746
5136
-5655
5192
1533
-5892
-1290
-4036
-3596
-2016
8962
-8164
-264
-9172
779
-18384
5358
-3852
3585
-10212
4373
-14308
-4840
-11252
4112
-12284
5886
-3856
-6405
-7112
5632
-16356
1777
-5096
-2577
-16356
5103
-4032
2327
-7960
40
-10208
-5625
-8188
11024
-9160
2288
-7124
2310
-10204
-1019
-15316
-10773
-11208
11251
-3852
2344
36
9489
-13256
-543
-8156
-3587
-8144
-526
-7132
237
-6916
-754
-10204
1539
-14328
12544
2064
6408
1276
-2820
-13280
515
-3036
-5885
-6084
8205
-9172
1267
-3020
-7170
-2024
-1003
-4076
5400
-9188
-764
-10240
-1024
-4084
4626
-4068
-13834
2084
-14855
-14308
1053
1032
-739
-8964
-262
-3040
7450
-8136
8709
-3028
7163
-3020
6432
-15116
2298
1048
-10326
2084
2856
-9196
8140
-13248
2289
-3064
771
-3020
4323
-11248
12049
-8176
-287
-8164
-13030
-10236
-3291
-2008
10502
-8160
-268
-7120
10526
-12280
8226
-17384
3858
-7124
-4074
5364
5370
-4056
11754
-9208
-3323
1084
-5108
-3052
-775
-13240
-11016
-6116
-2338
-10192
263
-9216
-6413
-13268
-2815
3116
-1540
-4068
1538
-3024
6899
-6140
-5155
-10208
-2563
-956
5146
5168
4340
-2016
12274
-18412
-1266
-1992
-3833
-3048
-3843
-12040
5329
-13288
-5102
-9208
2017
-2036
5
-3004
7205
-7116
-502
-13248
-10489
3124
3317
-12240
2807
5136
-5644
-11244
-2802
-8180
10751
2108
-3542
-2040
6659
-10220
-6385
-7152
11533
-3048
-1035
-23276
2295
-14312
-16158
1060
3827
-8164
1786
-9152
-4072
-10224
-1313
-7164
2283
-6144
-10767
-2828
-3822
-2032
1263
-12272
758
-6108
8446
-13308
-1549
-11264
4333
-6124
-2079
-5100
-9722
-17372
-6409
-984
15630
24
263
-14292
-4113
-2048
-5643
-5100
-3344
-10228
6433
-10149
514
-5896
7951
-7100
514
-984
-5102
-3020
-3
1068
-1535
-8176
-4066
-8176
4622
-3036
3597
-10176
3048
32
-736
-12232
-4590
2080
1020
-7156
535
-4088
3821
13320
2521
-8168
-245
-2828
-2309
5152
14854
2060
5632
2288
-4875
-4872
1798
-14304
-3121
-5120
6415
-9204
995
-2824
501
-4064
7401
-7144
2567
-4096
5120
-3048
-9
-4048
5898
-8168
1540
-9188
1532
-12264
-4897
1048
7971
4100
-771
-8156
6953
-11204
7436
3076
11757
-12288
-4096
-6140
-8181
-12244
-993
-2004
1018
-6132
-5622
-8968
-5888
-980
2040
-5084
4345
-13276
1804
-13300
-8717
2064
3310
-984
-758
-16273
1007
3084
-4343
-6140
-20
-12244
-240
-4868
-3089
-10196
-9998
-12036
-7709
-7164
2822
-10208
12785
-19436
-5632
-1008
-788
-4040
13572
-17348
-1548
-8168
-13
-19412
272
-17384
1270
-5096
12571
-7960
7411
2104
-530
-12236
-1012
-14284
2343
-10176
12
-11012
6398
-6092
1548
-7140
2331
-11236
-8449
-10200
-6931
-5084
-6398
4128
5649
-14296
6917
-2016
13048
-776
3902
-11216
1549
-18408
757
12316
3600
-12240
9746
-4036
-12544
-5108
2814
-12260
-5128
-1008
-7161
2084
5899
-12056
-1816
-11212
6156
10300
-4332
3320
2549
-10000
1810
-20436
4594
-8184
544
-11044
528
-10176
-13298
-7120
5110
-4060
12558
-10160
511
-15344
1520
-10168
-7195
-4868
2058
-11224
801
-8152
4134
-9188
-2320
-8156
-5378
-3048
5608
-8988
7968
-17392
-1304
-10240
-1754
-4020
-285
-8156
10981
-6140
-7426
-11248
-5357
-4084
5857
-5092
-9526
-14264
-1002
-796
-6127
-20420
8701
-7164
547
-3048
5134
-10224
4609
-7140
5356
-7152
-9466
0
5908
-4096
-12
-8017
-5370
-14276
-15865
-788
13020
-776
795
-11232
-1033
-13312
-5616
-12280
996
-5096
-212
-4036
252
-5096
11243
-12268
5599
-16356
1034
-980
12068
-6112
1316
-7116
-6669
3120
1271
-16360
265
-4028
-4059
-9188
-1812
-7144
4103
-8976
-3595
-11260
12277
-1024
1528
-1996
-1279
-14292
3853
-1964
-3622
-3028
-9192
2060
-4343
-10220
2771
-4084
-7415
6204
-4368
-9168
7959
-5912
-6129
-14324
8468
2084
2555
1272
6940
-7152
-540
-7160
802
8432
-797
-2824
-504
-10232
3323
-6124
-2041
-6120
4364
-3052
3325
-6928
-3095
-11232
5624
-6136
-5112
-11240
-494
-5084
-10253
-2028
12518
-2000
-7159
-984
3831
1268
1760
4328
10488
-7152
5415
-9164
537
-9996
2601
-11028
-7
-9168
9951
-7128
1588
-4064
-7158
-17376
778
-6140
-5381
-5112
6874
-15308
5641
-3004
1311
-8972
-7420
-14324
3088
9248
4864
-10204
-3843
-13304
8713
-10208
-1027
-11228
6887
-11177
-10982
32
-1532
-10004
10764
4156
2052
-6088
-278
-13260
-1516
-14332
766
-6104
1062
1036
772
-8180
760
-5096
-2806
-956
-1313
1068
-2575
-2036
2553
-6108
2310
-3028
-7163
12
13298
-8144
2053
-10184
-5878
-2032
-545
-4048
5140
-992
5631
-7124
9234
-13268
-519
5152
1817
-5084
5118
-5100
-496
-9208
-2322
1036
-2524
-2996
-2328
-9208
-13599
-2040
3102
-6128
4619
-12276
-7419
4136
-498
1076
4335
-3068
4032
-12272
2569
-15356
-4368
-6112
-8
3100
-998
-15296
1789
-3012
8204
-8184
3827
-11228
231
-12252
-2306
-9168
6895
-10236
-9464
-1020
-12552
-20236
-2009
3320
-6952
-14288
3579
-12256
-5386
-13280
-548
-6072
4339
-14300
-2328
-10188
15124
-16360
7421
-19424
770
-10224
5121
-3848
14544
-11224
5617
-11236
3313
-23288
2838
-4084
4913
-5064
6417
-13272
-3611
-19424
1271
-7152
2795
-9212
-2839
-5100
6132
-19424
4329
-16348
2054
5148
-2509
-7116
8920
-8148
1580
-13260
3841
-7112
-5900
-17368
-1528
-7116
5879
-2016
-6143
-1004
-4135
-9129
-810
-14336
-2333
-3048
-1817
-9200
-4874
-9176
-1545
-7120
-8222
-4052
4607
-4064
-6669
-7152
3814
-13308
-499
-2028
3327
-14276
-501
-11224
1288
-6088
5617
-4088
-5607
-6100
5420
-5108
-3315
52
-6132
-12040
2039
-12260
-1255
-8184
-9721
-4052
8437
-3064
12513
-5092
-4340
-13308
-4880
-11020
8446
-4092
-6919
-10196
-3280
-13288
-1820
-16348
-6953
-8148
-6137
-14100
3346
-4892
7935
-4076
-3579
-4056
-1805
-9152
-311
-13060
5104
1044
-11766
-1992
11556
-12260
1515
-12236
1248
-13060
-5876
-15356
3809
-11244
-35
-3032
8181
-10220
-1784
-4096
-6895
-8152
5647
-792
-8169
-8192
-2822
-14284
-7902
-10220
-3055
-8188
1566
-10216
3651
-9176
4851
-12276
-4102
-3004
-1083
-8144
-257
-7160
737
-10200
6153
6152
502
-3040
-18
-2024
-5642
-7148
517
3120
9206
-9184
9739
-13288
-269
-17388
984
-5084
-7909
-14320
1817
40
282
-15308
4338
-6124
3331
-8164
-509
-10180
-12566
-8156
1282
-19440
-5880
-11184
-4068
-16380
-1296
-10208
4862
5136
3070
-4088
-4112
-12260
-1304
-13252
-3028
26392
-6123
-14280
1301
-5068
547
-14296
-7713
-5892
-1303
-3024
-20256
-17176
-6659
-2028
-5458
-6120
4352
3076
-4081
-5084
3602
2084
8931
-17360
-6647
-12256
-2302
12
11255
-6144
-1004
-14296
4123
2100
-1500
-4880
10244
-13296
1032
-3048
1000
-8168
-1262
1068
-4104
2080
4586
-6136
6932
-2048
-6413
-11228
4389
-7108
2776
-2020
3604
-11224
-1312
-7136
-11261
-7144
2820
-2040
9987
5192
-503
-8164
-1487
-10212
-10266
-6136
2057
-13292
10738
-6144
-3596
72
-5083
-13276
-3604
-7128
-1528
-4052
-10697
-9152
10249
-9988
-5920
-4032
8935
-13244
-484
-5912
-5701
-5104
-4880
-7144
-2337
-9164
11285
-9184
304
-6112
233
-15348
-2033
-6120
-254
-5096
-764
-7164
3580
-11244
-2813
-6088
1775
