-10240
-1567
-11252
-5619
64
-1024
-3024
9467
-992
2278
-8188
3327
-1996
-10019
1060
-1254
13336
507
-2032
-3064
-8168
-3309
-15112
2802
-2012
-3569
-4088
261
-11216
2050
-6128
6143
-14316
522
-6096
3326
-15296
8949
-10204
-2839
-5100
6152
-2024
-5876
-5100
-3602
-9168
-8954
4120
-3599
28
233
-2008
-8949
-7160
-264
-2852
-296
-10228
-2789
-5112
8466
-8156
-281
-4064
2820
-4064
243
1064
4353
-4048
-7937
-16376
530
-6112
6387
2072
-235
-6104
9981
-12264
4879
-11212
4089
-15304
-1762
-8132
1789
-10228
2291
3084
-4826
-5072
-4858
-9168
2583
-9204
2822
-8160
5624
-6108
4341
-972
1014
-6100
-1010
-10208
-271
-6108
-6398
-5096
7446
-10236
10480
-5112
6405
5152
-1531
-964
10478
-10236
755
-6076
12269
-3860
4381
-12232
-5115
-4072
-3048
-3024
6423
-11252
13818
-12048
-4333
1272
2316
-2012
2029
-3028
-4616
-12232
10496
-7140
7686
-18384
-812
36
-9946
-6120
7150
-1012
-3346
-5112
-2283
-4036
-3791
-11240
266
-8168
2814
-9172
6892
-12252
-13563
-20448
5115
-8168
488
-14088
789
-11196
-6613
-4096
5905
-4056
-9002
-10240
-14642
1032
2311
-12268
2037
-11192
212
-10216
-3052
-2824
546
-4072
7687
-6128
12286
-5908
-4127
-5112
-758
-8124
-4091
2060
-1294
-13280
8422
16
-3847
-16376
-254
-5116
10001
-10200
-13041
-7136
2816
-4052
-4098
-5068
-7681
-13292
4582
-6144
-2821
-8184
-4365
-17380
748
-13300
8946
2076
8188
3108
25
3124
-6424
-19420
-2319
-9180
-7968
-3844
-2266
-7160
-9488
-14316
2004
-9208
-738
-10160
-5878
-10216
1776
-2824
-5369
-5120
-1041
-988
-3063
-4096
5132
1036
-3604
-6120
4098
1044
4083
-5068
-3547
-17368
6891
-21448
5400
-4048
8424
-7120
-1754
-12240
1765
-13316
-2310
-4020
14843
-7140
-2019
-6104
1311
28
1785
-12264
-267
4164
4087
-9188
506
-8980
-491
-8156
11497
-2824
-3588
-14096
3855
-1012
1031
-12044
9742
-1004
-9758
-2036
2821
-5076
-2573
-1016
-1272
-14328
-3574
-14332
4330
-7940
5649
-7152
5373
-5104
-1300
-20480
-5388
2276
15908
-11220
-2096
-5892
-3588
-8140
-2072
-5084
4072
7188
520
2296
-4095
-7116
4846
-13244
9209
-11244
996
-7140
5634
-6096
262
-8132
-6676
-5084
800
9220
4091
-10224
3575
-13064
1254
-5092
-2303
-4076
-253
-17364
-3365
-14088
-768
-3040
-2551
-940
-2557
-2020
2309
-13284
-2069
-933
-766
-16372
3085
-4040
8979
-7120
3358
-22252
510
-6140
-3857
-4068
4855
1076
6654
-5088
-7193
4132
3090
-14260
15891
-12236
-1010
-988
5390
-4060
-7711
-10180
-15387
1072
-7691
-19408
253
2072
779
-12236
9
-5084
-5385
3100
1008
-13292
-5904
-17164
3124
1264
-3604
-4084
-7696
-9176
994
-14092
6391
-11264
-3309
-9208
751
-14312
14361
1260
-8686
-19408
2806
-8120
-3588
-7132
-1546
-19420
24
-6116
2029
-3020
-2025
-10204
-297
-8132
1033
-8140
-2033
2092
8467
-19428
1277
-7116
2345
2084
-3338
-12228
4610
-6132
1024
5136
-7192
-7112
8661
-10228
2317
52
-3847
-13288
-10240
-16352
-1253
-8140
-2557
-8172
3346
-15332
993
-9196
-9275
-8972
-1821
-6112
1030
-11216
-16693
-4084
-803
-8188
-3356
-19456
-2032
-4076
-5894
-1016
-8198
64
-770
-3008
-493
-7160
11504
-4056
-1055
4128
-7416
-2012
5369
-14296
-3336
5172
-4874
-12276
-8933
-6120
8953
-2000
3851
1084
-3545
-5120
1296
-8176
4854
-14280
-998
-7120
4355
-10200
11783
-13284
-1821
-4056
-11243
-6132
-5869
-6104
-273
-3052
-1783
-10192
-6644
-4056
-2591
-15328
2521
-5900
1527
-980
-9744
-10200
-1278
-7132
5644
-14320
1815
-15328
-8183
-6092
1551
-2016
-3095
-4076
-5086
2300
3327
-8144
-2815
-5104
-1528
-20428
7947
-11212
-1281
-9168
2799
-6104
2819
-6124
-2289
-9212
2334
-6108
-4869
-10212
-5131
-16364
8424
-772
-1082
-16344
-7647
-14300
2307
-19388
-220
-10216
-3089
4336
500
-10200
-1524
-10200
4331
-2000
2037
-3068
2322
-9204
-2311
-3052
2837
-4088
-3013
-10153
3094
-8160
2863
-14296
2307
-6140
-5619
4
-6929
-9184
1553
-13268
5372
-792
-14590
-6100
489
-23272
1524
-16332
5647
-5100
1002
-14292
-6645
-5068
4110
-11224
-4362
32
4796
-9172
503
-3044
5114
-3068
-11274
-15312
2062
52
4086
-16340
2290
-9172
-3
-9196
-1282
3136
-1015
-10232
-768
-3024
9253
-3048
4362
-1976
-2333
-7156
-791
-1020
-7902
-10196
-4639
-3048
-1573
-17368
-8
-18416
8684
-9152
-4096
4328
11537
-3032
8444
-3004
-994
-1808
2282
-1000
6906
-10224
4862
-8172
836
-6108
1794
-4044
-17691
-11204
3063
-9988
2062
-10196
495
-1012
-7660
-15328
-261
-12268
3853
-13268
-1272
-7164
-250
-8172
8493
-9152
3813
-15348
2282
-8148
-6119
-15328
6677
-20456
2058
-13296
795
-10196
10259
-11212
5604
-3064
-7383
-10168
12774
-11177
6383
-3060
-2574
-7124
258
-10216
-3045
-9168
1778
-1804
9979
-8156
9951
-15324
1258
-1820
7404
-3048
-4068
-17344
-8687
-5056
6115
-17368
-3818
-2824
10733
-980
-7639
-11200
-2303
-18428
5330
-20432
-201
28
4619
-5076
1062
-12268
-2555
-3056
-1818
-5084
-3799
20
2805
-6100
-3576
-10216
-3313
-15348
2342
-11244
2106
-17360
-1540
-8152
2837
-13272
233
-3040
6170
-7120
-2326
9232
-4845
-3056
-3831
-4076
-7960
28
-1293
-10000
3291
-9164
-6625
-6120
1745
-13308
-5098
-11177
-2790
-10184
4138
-7140
7933
1032
-62
-15304
-4368
-7116
1250
-8152
3622
-9188
521
-3064
3852
-16320
491
-10216
6624
-3072
-2799
-11260
1507
-6128
-3570
-8152
-4337
3124
500
-12268
-5625
-2028
-8964
1052
-4621
-7120
-2794
-14280
-3087
5132
-2798
-15356
-5421
-1992
4101
2284
6686
-11240
-4852
1276
-3586
-15332
1760
-9176
4357
-4872
10032
56
11268
-3044
-531
-7148
31
-13304
11027
-8128
783
-976
1821
-996
4335
-11240
-3842
-12036
1541
-9192
2832
-7144
-2293
-9184
-6132
12320
-490
-8184
-3363
-12244
11288
-7120
2001
-8160
5607
-6120
11503
-6112
-2566
-6116
270
-2020
-3087
-6120
-2824
-11252
-2018
-1020
-14
-10240
-3893
-8180
5398
-12276
-5616
-9208
8238
-7112
2567
-19392
253
-4044
11266
2296
8970
72
-1533
-14308
-13
-7152
12793
8220
11789
-10200
-4108
-10188
-2100
4156
-11213
-12260
-1794
6176
6167
1072
4103
3076
2314
9248
1033
-13280
-4400
-9188
-228
-10220
-2036
-14324
-5359
-16340
4628
-19428
2028
-8152
10189
-15316
-3078
4120
-12088
-8184
3591
-10236
27
-8160
2788
1036
-501
-6120
-1319
-6112
-4383
4124
3549
-2032
291
-10216
-2280
-12244
6151
-13308
1054
-13288
4358
-780
-3331
-8152
3839
-9164
496
-10224
5625
-14316
-3826
-4084
1277
-7100
8184
-7156
-10751
-11204
5907
-7148
7680
-9200
985
-13272
-3896
-5080
-8197
2060
3567
-15332
-9956
-3048
-3846
-5036
736
-8136
-5848
-8144
-5633
-5072
-3580
-8140
-10199
-4064
6649
-18348
1790
-13272
4827
-6108
-6633
-8964
5902
-1996
5687
-9200
-6152
-3060
507
-4076
-6916
3116
-508
-4076
1801
1084
-6395
-8152
2005
-9148
8939
-7132
-5095
-9168
-2839
-9176
-4
-10228
-4365
-2016
-2289
-4016
1285
1048
-7657
-15304
9957
-20424
257
-3044
4331
-8160
-9246
3308
251
-7132
7608
-13300
769
1072
1302
4136
-1794
-19416
10507
-12224
-1252
2092
-1273
-18428
3079
-15344
2580
-13284
2785
-2024
-2032
-7156
-3571
-7124
-1543
-2985
3597
-12228
-4867
-11232
3071
-6108
-7967
-2032
-1068
-23276
8945
-18428
-3323
-13284
12318
-1988
2074
-10212
-7694
-6104
2303
-8164
-519
48
-1757
-13288
6676
-12272
3105
-9188
12333
-9204
1282
-6100
10226
-10212
-6925
36
-9747
-3040
5370
-11256
1011
-8160
-261
8
-6157
-13276
9449
-7104
6171
-1804
-4083
-4052
6883
-12040
-2556
-12260
2003
-4068
3129
-16332
-2546
4152
8696
1260
-2319
-13288
-1059
-14312
-256
-2040
-11019
-8156
2573
-4068
-4358
-9164
-7679
8204
2043
-19412
-1546
-3044
-273
-964
2558
-12236
1558
-16352
1007
-2048
2817
-8168
4363
2084
-5920
-3052
8666
-7128
2060
-8124
-3072
-16344
6409
-5112
-3075
1060
4364
-7152
4862
-1836
5345
3108
1263
-4048
6417
-12036
2039
-7120
-9722
-6088
7188
4132
-235
36
12782
-4024
1292
-6112
5135
-15300
-1255
-7120
499
-11240
-6144
-10212
-8192
-9176
-5150
-17392
-4592
-2028
2580
-11196
3834
-5108
-986
-10236
1257
-14084
3094
-3072
7178
-12220
-5616
-4088
1801
-7112
-223
-12048
2796
-5029
-1260
-14264
-2862
-7148
-779
-3048
-3601
-23252
4902
-5076
10989
-3004
-6648
-3036
10994
-9996
534
-7164
11506
4140
-5858
-2040
5615
-6060
4609
-3012
2851
-9184
1269
8
1554
-13304
9733
-9216
-6168
-11248
1032
-20440
-3837
-5112
3078
-18404
-3631
-5096
1796
-12288
-4131
-5072
-7457
-14296
-6651
-5100
3310
-19400
5362
-8172
1535
-17344
1270
-10224
-765
-6104
-4102
-7112
3546
-13252
-11
-14280
-791
-9196
8186
5136
-3062
4096
-9244
-7128
-1780
-6132
-1019
-2012
7688
-16356
1772
-16384
-1
-7128
-4331
-3048
-2548
-21488
2560
-3032
12053
-9196
1020
-14308
14631
-11224
-3610
-12232
1543
-6128
-6664
-1972
-5401
-4060
-764
-11236
12532
-5904
-7404
-6132
2297
1072
3059
-8172
-6396
-12248
-3842
-3056
-2033
-2024
-5640
-16376
-3553
-8188
-7665
-12228
10216
-2012
-771
-8176
-4881
-8160
1027
-10168
7138
-10208
-1779
5168
-2278
-6088
-4343
-7128
-2054
-3844
-10218
-13284
3120
-6144
-5865
-9184
-487
-8180
1540
-9200
-1557
28
464
-14312
8689
-19380
-9453
-18412
10479
-9212
-7175
-3048
8214
-7140
13032
-6920
-5371
-9212
-2794
-4048
-2825
-10168
9716
-11248
771
-11228
2027
-10192
-244
-6116
3052
-18396
1264
-11232
-7936
-3020
30
-5092
1786
3104
751
-11248
1543
-18424
5651
-3016
-2022
-12252
6113
-11200
-7431
-9156
4342
-11212
1804
-14284
-498
-7140
-7912
-15340
21
-15336
776
20
2002
-8152
2016
-10184
1060
-5076
-498
-4060
-758
-7124
3600
-7132
3365
-17384
-2534
-8160
5386
-7168
-759
-11196
-4617
-11248
472
-11224
-2600
-13264
-7189
-9200
-4097
3316
6645
-6104
3837
-6124
512
4
-10499
-8152
7427
-10196
1512
-9212
4101
-11252
1272
-7132
2063
-13268
-507
-12268
-3329
-3860
2570
-11220
544
4180
5881
-10232
-3848
1072
8200
-12276
4627
-19432
7875
-2012
6163
-4072
4858
1028
4076
-5100
-12292
-6124
-4371
-4068
-2545
-17396
6618
-11244
-8988
-10236
-8697
1088
12827
-13268
6657
-16364
4614
1056
-3604
-1012
4080
-15312
-775
-12232
-1282
-8156
-6889
-6932
-1504
-14280
7422
-6116
3606
-6104
719
-12052
-780
-4088
-3074
-7132
8945
-5076
3046
-12260
2062
-1000
-5900
-968
7919
-9196
-9222
-16340
10487
-2020
1256
-14292
-2299
-6976
2018
-11220
-4896
-4048
-7684
-12240
-2830
28
-4607
-17396
8428
20
1744
-4060
-8989
-10188
-4071
-7156
1027
-4064
-479
-11188
2824
24
6140
5160
-4328
-3052
507
-3044
14079
-7156
11291
-3864
1293
-9172
7662
-7144
-2043
-15344
-6391
-4880
-1806
-4068
5354
-2004
8712
-11224
4076
-8968
-5637
-1000
-493
-5076
14572
5364
-3081
-6112
-12033
-6948
-1787
2076
-7433
6168
-9483
-5104
-8927
-7152
4852
-9204
12275
-6132
-2295
-8156
561
32
2530
-14312
1778
-9192
-9973
4344
-29
-7144
-8473
-12272
6137
-4024
2801
-7956
-7922
-11248
8950
-13256
5163
7420
726
-3072
494
-7084
2866
-5076
4344
-13284
-12821
-8140
758
-4080
10445
-10220
-2791
-7132
4343
-10224
15106
-13288
-5652
-6120
7425
-6120
1484
-12268
7968
-12228
1025
-5068
3341
-11244
-4121
240
5368
-6116
3032
-8184
-3076
-5096
-6128
-972
6121
-2008
-1235
-4068
6891
-12248
-759
-4056
-2836
-19216
-1528
3100
2336
-996
1006
-6144
-3093
-3056
6426
-8192
235
-6104
-1041
-8184
1026
-4876
1773
-16344
3300
-9212
3577
-8988
-5872
-6112
-2840
-5072
-2573
-11228
-8447
-10196
2557
-6104
2580
36
-3083
4148
-3604
-11212
8467
-9184
-13339
-6124
1513
-9184
-1507
-9184
-5381
-6116
2795
-21468
-10261
-4044
1013
-7148
9461
-17388
-6628
-10196
1019
-10160
9750
-18400
-6911
-7164
-2827
-4064
984
-15328
2266
-4044
-3590
-5112
5896
-22248
-7658
-6144
991
-11244
3052
-8192
4886
-9216
-8217
-10204
6635
-13312
-3585
-16360
3337
-5900
789
-11228
1286
-5080
-1537
-10224
-2057
2300
3360
-12248
4332
-15320
-3580
-9996
-10514
-4868
3055
-2032
5903
-11016
1536
-6108
-2582
44
-1531
1072
791
-17372
-3814
-8180
2574
-8172
-2076
-10184
-13337
-3028
-2579
-16372
-9502
-6128
266
-13284
-3094
-10004
-8984
-5104
-2016
1088
-3102
-15300
2594
-11236
1798
-1004
547
-6120
-2559
-6140
4647
-10200
3598
-4024
2103
-3044
4604
-11228
-4064
-3052
767
-8168
4417
-14296
-7208
-16356
5606
-13292
1576
-10212
513
-9172
-3861
-5084
1247
-10204
-3776
-5100
-1019
-12244
-1284
-11252
505
4104
10536
-5908
9740
-2016
-2300
-9196
-7687
-11216
-2547
-6124
2835
-1996
4625
-6916
499
-15320
16369
-5112
-7429
-1004
31
-5900
2324
-3044
-4073
-3860
-1255
-9172
1772
-2020
-5892
-8172
8944
-7128
-5130
-15308
-2812
-11240
4339
-6096
-1018
-8144
-5079
-9208
3589
-8172
1527
-11200
3058
-5096
5878
1064
3837
-8120
-2298
-6136
-3590
-16140
-5119
-5076
-7433
-9180
2570
-10184
1521
-10192
8460
-10208
6177
-6920
13817
-5900
-2832
1060
-4113
-8140
504
-10172
520
-25312
2560
1040
7420
-7148
-1767
-15316
7182
-10200
10222
-14292
-5129
-9992
-4370
-5060
-18
3124
-513
-5120
11250
-9192
1801
-8156
3044
-1004
1778
3096
-10466
4132
-3293
-11232
-1525
-3008
7155
-2024
775
-1012
2364
-10200
1002
-2012
-17909
-6124
-3074
-3028
257
-992
-6115
-22200
528
-13276
7901
-14332
12548
-16352
2547
-6124
3398
-8180
-5103
-11256
-8159
-8156
6389
-12252
2570
252
11485
-13284
-2040
36
1011
-4076
1556
-3036
4877
-8180
-7213
-7116
-6139
-7152
979
-12204
-4618
-4068
3580
-6124
8457
-3064
-7433
-8164
-7663
5152
-12518
-15348
-5641
-12244
-523
-10208
3086
-7112
-7700
-2020
-4894
-9196
8947
-7140
4100
-11228
-3
24
-7432
-6076
-1775
-8164
16619
3080
-2086
-8184
-6919
7200
3849
1044
-1789
-1800
7144
-11216
-5136
-10208
-5124
-10176
-6157
2096
-1541
-23000
-9494
-9208
3821
-2024
3834
-12268
-5892
-6116
9722
3072
10999
-4052
-3056
1092
1501
-7944
3829
-16368
-8174
-12236
3314
-9188
-4336
-8972
-1283
-1796
-6889
-17380
-11794
-3008
3587
2056
7914
-6928
3306
-4056
4123
1044
-12811
-8164
-10740
4
3365
-984
-9989
-13304
-2050
-3048
-3589
-15328
10725
-15328
234
-12272
31955
-14304
1294
-5072
1798
-6124
-2327
-9204
761
-11232
-1819
-3000
3076
-7152
4855
-1800
1287
7216
256
-11220
-261
-14324
-9222
-13068
-271
-9144
-2073
-11248
-4868
-6916
2786
-3860
-8227
-6140
-1507
-8188
-5136
-13236
-9504
-15356
-751
-4076
-3067
-8140
3850
-15320
4135
-7168
-3343
-7124
-4908
-16320
4616
-6104
-3312
-12260
7136
-10216
5125
-8144
-7666
-7140
-7412
-9180
-514
-7152
-7907
-3056
-2584
-5116
5321
-4068
8451
-7120
8451
8
-7413
1040
6666
-980
258
-6140
4609
-18400
10756
-1020
-6634
-14316
-2335
-6144
1271
24
-4624
-13272
-6435
-8984
48
-984
-5857
-13300
2780
-9196
-4847
-6096
-3283
-6136
6363
-13288
2554
-1800
-4616
-9164
8153
-15336
2319
-9148
-706
-11232
8178
-3848
-6132
-5052
3587
-10016
7434
-996
2068
8236
489
-14288
-3787
-4056
9746
-11248
3591
2076
-3067
-9156
-1798
-19396
-1019
-9156
7679
-4056
6379
-6096
-10274
-2012
4859
-30424
-7151
-3056
-6633
28
4853
-5092
-756
-5084
-1794
-14316
10001
-7124
-2278
-4072
2562
-784
-4374
1036
6889
-2032
3339
-5092
-3059
-8156
6379
-16376
1295
-8188
-6875
-8172
-3346
-9164
1274
-12240
-3351
-6124
3075
-6108
-10463
-3056
-513
-9188
-6395
-3028
-6149
-15352
1507
-2020
7654
-4056
262
-1024
759
-13264
-9474
-7096
6419
-17396
-5921
-4032
2053
-7956
4099
-13280
2051
-3032
-2814
-14288
7956
-9204
-5897
-2040
-1298
-11240
10732
-6112
-1547
20
10998
-10216
-10989
-14304
-4878
-9192
11536
-6112
1541
-4044
10794
-7124
7203
-5112
-1540
-3060
3302
-8144
-5875
52
4322
-7164
-6389
-1984
-2804
-7128
3319
-10184
-10990
-6916
7919
-11264
-7891
-14316
2
-13060
1561
-12040
514
-6108
5107
-12244
2538
-15316
1252
1052
-6380
-15348
-12319
-6112
-776
-5080
-3833
-13244
8676
-4076
-4868
-13308
9225
-14088
4353
2300
-1313
-992
-1285
-9188
-2350
4104
245
-1980
-800
2088
-2052
-15348
-3580
-4048
3816
-9144
9217
-6092
-16364
-9992
3845
-7144
-765
-7124
-2323
-3052
11508
-3048
6169
-3060
4887
-984
1006
-13272
1799
-12280
1791
-10204
1769
-7112
-4314
-5072
1022
1064
2064
3092
2825
9228
-4334
-6132
267
-15312
-250
-1000
6166
20
8948
-2032
-517
-2000
4877
-7136
1314
-15356
4878
-12288
5103
-7148
4591
-12284
-2843
-9184
2053
-15316
-1304
-1008
-4593
-7128
8466
-11228
-1050
-1004
4357
-1808
-7443
-4872
1548
-8180
3631
-2028
-3304
20
3569
-5112
8504
-10184
-3861
-6112
-14323
-18400
-759
-5112
6899
-2036
2335
-4072
-7668
-16360
-7698
-984
-4637
-4068
-8710
-7944
7668
-5080
-3317
-4048
-1802
-13252
-1517
-8176
-2552
-8168
-764
-3068
-227
-10212
-275
-7140
-1038
-15332
1762
-6144
7164
-13268
5367
-17160
-7132
-15328
234
-11212
9975
-9176
4364
-6132
-4364
-17392
-3314
-11256
-5653
-10216
-1514
-12256
-500
-14320
-5653
-19452
1556
-3052
1022
-3036
-992
-2020
6180
-14324
-7944
5128
4866
-1012
257
-4080
1780
-976
-8673
-12248
227
-11240
8
-12240
8202
-20248
2797
-15316
1554
-13280
2560
-7156
10003
-10236
-1291
-10204
-6920
-22248
-9991
-2032
4851
-9188
-1757
-3052
-4354
-8160
3106
-3044
-4862
-6116
-1503
-6928
-6399
-9996
9945
-10220
5101
-13296
16669
-8176
-1242
-8188
245
-10208
2042
-9200
-3601
-3844
3844
-13264
-8187
60
10257
-15324
276
-10216
-1823
-8136
-4339
-6124
-1079
-1980
1026
-3844
-1777
-10208
219
-9156
2316
44
3568
-8144
-1051
-6132
-6123
-14300
-4616
-7144
-2307
-6128
4856
-980
-11530
-13264
790
-10232
-14594
-11256
4610
-5892
8725
-12264
7689
-14084
-1286
-5120
3619
-5088
3328
-17368
-1782
-16376
3828
-9152
-6920
1264
-216
-21476
13834
-1008
5922
-10200
-5418
-20420
-4062
-11248
-3592
-7144
-2820
-10016
-1293
24
4085
-14268
2565
-2016
-9217
-14312
-2544
-6116
5667
-16348
6410
-3060
2307
-13240
10
-7944
-6124
-16352
749
-7100
1517
-17392
1033
-1992
263
12
-6692
-7132
-2025
-7152
-3367
-7956
-5858
-11252
-2573
3096
-6915
1052
-1014
-5096
6665
-7160
1304
-11212
7689
-8144
2310
-5900
-2283
2100
3343
-20460
-5862
-7148
-1069
-12268
275
-7156
-14354
-9216
3831
-7124
-6150
-6932
6368
-6120
2793
-11240
1800
3116
-2810
-14100
4059
-6096
-1788
-13312
14109
-7124
7449
-16384
-5359
-10188
1291
-8140
2539
-3052
7391
-8168
995
16
-8701
-4044
-47
-11252
-5642
-8968
2553
-19456
-3348
-7096
5347
4100
8203
-1000
804
-6092
-5409
5144
-2049
-18404
9212
-12280
1756
-9188
252
36
2042
-10196
5851
-12276
-6882
1100
7437
-1008
-7932
-9164
2595
-9192
-2816
-24316
16940
1036
-2771
-7124
-4368
-9212
5905
-7120
-11497
2060
-8215
-10204
3623
-4088
-1254
-2032
-2295
-21460
-1518
40
2049
-10196
7415
-6128
-2807
-10008
509
1060
4597
-8156
-1302
-6920
1811
-4872
-9683
-13312
14
-14300
-4386
-15312
510
-15328
-1564
-10196
-9958
-10228
-238
-4064
6947
-9188
-277
-8188
-5376
-6100
-1818
-11220
2055
-14104
-6145
7188
-3358
-1012
2819
-8160
1789
1064
1507
-3068
1282
-10208
-3061
-7164
3572
-4056
-8199
-6120
2538
-17336
-1288
-9208
1821
-9988
-2304
-11032
2579
-2824
5881
-2048
1289
3312
-4094
-2028
7438
-4088
7689
-6132
3850
-8152
2056
-8116
-2575
-4084
-5366
-8176
-3848
-780
-995
-7148
-234
-964
3575
-6112
5649
-12276
-4072
-6916
4583
-3072
4887
-6128
-7401
1072
4810
-13272
1261
1032
4100
-8160
-4090
-6928
1296
-20468
-735
244
8957
-12240
-3328
1056
-9971
-16340
9126
-2016
-8187
-10224
-3316
-9184
3084
-2016
-7397
-9176
-3368
-9168
2565
-5088
503
-9156
1546
-16332
-1788
-7128
2300
3116
-2555
-10204
5646
2068
2044
-980
6691
-4048
4885
1068
-4091
-5096
-5385
28
2552
-988
-241
-1832
-4069
-4056
-2821
-11228
-3854
1260
-1026
-9168
2535
-11220
-2789
-9172
-3847
-5100
4136
-12268
-6662
-11264
-10520
-16344
4096
-9144
6398
-2820
-3821
-1980
-7207
-8172
524
-6092
5383
-2020
7154
-6136
10770
-1004
-3357
-7152
-2544
-8964
-1040
-2820
3856
-4032
5898
-988
4342
-5068
-5620
-9184
2052
-12248
229
-3048
8165
-14332
-3054
16
-3064
-19444
-6135
-17404
4604
-6100
-8447
-8136
-2039
60
11473
-4072
4841
-9188
10209
-11208
7159
-10188
1036
-5088
1038
-10196
6387
-19404
8708
-4040
-1038
-5096
-7446
-9996
-486
-7160
12788
2076
1015
5120
2554
-19420
6667
-19400
10751
-8132
-12807
-9216
-4099
-14332
12016
4128
-5886
-5048
2546
-7132
-4618
5148
553
-9192
6366
-3016
753
1060
-5616
-18384
-4091
-8192
-2064
-3000
-9492
-988
7458
-6108
4865
-9180
-5150
-2824
-1512
-4084
-5353
16
9968
-9180
-1309
-12284
2042
-5900
5915
-1004
-6683
-14300
4604
-10204
-1548
-6120
-3339
-14328
-1035
-6100
-3287
1032
1255
-2020
2027
-7160
8191
-15332
-12020
-6076
1529
-3000
2322
-10188
-6164
2048
-4068
-8964
264
-772
-4920
-5096
-7436
-5068
2832
-2020
-502
-12272
-12494
-9172
2788
-1800
-1261
-5892
-3074
-17364
-8425
6164
-2538
-8140
759
-4060
2831
-12280
783
-16364
6165
-5092
-4619
-1804
5386
-21452
-1276
-4072
1253
-5100
2577
-9988
3644
-5104
2599
-8180
1803
-14320
12289
2076
3564
1040
-6908
-9152
3318
-16344
760
-4872
9717
-6128
-2810
4211
7194
-7144
497
-7120
4099
-8184
2829
-7100
-8467
-5076
-9755
-1000
1301
-9160
2559
-6053
-5146
-2008
-12277
-9184
2066
-3844
-8449
40
2816
-11244
-9217
-13260
-3078
-4092
3320
-11200
6647
-8160
6930
-13256
11802
-8156
1267
-10232
-1522
-9216
5128
-4868
3593
-5896
-6163
-996
-11015
-11208
6111
-9208
10496
-11208
-4325
-996
3035
-5900
6672
1032
-2285
-18368
-2559
4
-1790
1040
-9477
-3024
743
-4064
496
-6124
-4872
-10216
-1825
-11208
-7427
-6132
2809
-9200
1529
-7120
3095
-5108
6916
-11264
2037
-2012
-22
-6116
-1800
-11012
6124
-15312
-6638
-7108
1537
-4084
-527
-7140
-3826
-9152
2057
-9176
775
-11248
9762
-9208
-6639
-13292
-245
-7140
-6691
-7104
1559
-10188
-3882
3108
-5621
-996
6430
-13264
2272
-5084
-516
-15316
1528
-6128
3358
-13260
-2573
-6112
2036
-11240
3055
-11224
-7686
2072
-497
-11244
13279
24
-3109
3316
-5619
-1008
-11272
2052
2820
-6100
-6129
-8180
-5870
-9200
-3814
-2040
-1278
-5096
1572
-9160
-776
-8156
1008
5168
-11732
-10216
9450
-2028
-765
-2824
-4111
-4064
4872
-14292
-2305
-12252
8981
-3040
1529
-8152
-2043
-11260
-4368
-9188
2303
-6112
1273
-2044
2046
-808
6677
-18372
2032
-5072
-3828
-5120
9711
-14308
2307
-16384
-1277
-13280
-5112
-8168
3051
-13072
-1306
-9148
-2292
-4064
746
-5056
5877
16404
-8941
1024
14
-2008
-3046
-6104
9690
36
537
-13276
798
-3048
-7688
5148
-9017
-12240
4084
16
-2297
-3012
6949
1068
9216
-10208
-1302
-16328
6672
-9184
-5893
-9160
1311
-4036
11767
-14308
1782
-9200
-3333
-5068
5166
-8164
9947
-7136
5123
-5080
534
-16340
-8736
-988
16651
-8156
4382
-8168
-5345
-11244
1054
-7132
757
-15348
-5399
-22240
-2036
-11236
-1276
-3056
2843
-19432
-517
-13296
-1008
-13304
-4345
-21464
238
-5896
-1535
-4072
11518
-11244
-6922
-13284
1285
-3068
4843
-6140
10202
-18404
-4373
-15332
-7682
1024
1286
-10200
-4123
-11016
-1798
-6092
-4340
-10200
-254
-11256
-2819
-22216
5867
-9160
-6121
-17380
9998
-8168
2574
-11232
-1301
-6116
544
-4076
4601
-5096
3319
-7156
-2018
-4072
6897
3112
-7175
1052
-495
-10000
1783
24
-1071
-6128
-3844
-12288
5623
-7152
3540
-11252
-3107
-5092
5117
-3040
10245
-3052
3080
-6144
10514
1032
7664
-11248
-4370
-3028
-2027
-5112
-6155
-15288
-2040
-11208
-23516
-12284
-1824
-5060
7164
-8972
-3845
4
-2801
-7096
7454
-10232
6917
-10232
473
-6932
-3318
-7152
8932
-10208
-3586
87
-4317
-6068
2309
-8192
-4067
-7960
3554
-2020
1555
-6144
6666
-8180
-11256
40
-4349
8212
-1836
-4076
5
-8184
750
-11208
-9202
-12252
7671
4108
-1252
-3028
-1573
-7140
-4832
1044
5099
-8148
1507
-6120
767
-5892
2588
-8192
14892
-8140
4643
-4096
2579
-6128
1524
-8148
1539
-8176
285
-11264
-3334
-10184
-1528
-10240
-2809
-1992
-4315
-8188
-1234
-12232
8675
-3060
-5620
-14328
4332
-13288
-4626
-8160
4352
-8136
-7900
3144
-2048
-10224
3854
-10164
-1791
-6108
-253
-4076
-236
-3052
5656
-984
3586
-9212
-241
-14316
-4339
-10216
2044
252
-1545
-8148
1054
-4048
3825
-10208
1751
-13280
-1259
-11252
-4608
-15340
3560
-9200
-796
-2016
2046
-14260
7396
-12288
6135
-22212
-5644
1260
502
5148
6848
-9204
1809
-5080
5376
-10228
8940
-4052
6914
-13268
3041
-15316
-741
-2824
-2052
2048
-2050
-12248
-1848
-8144
2042
-7940
-10792
-5076
-3044
-7128
2061
-9156
-5894
-2036
-9487
-13276
67
-15328
-259
1064
5875
-3072
-483
-2004
1802
-3048
-6646
-21468
-7427
-10196
2036
-7168
-2795
-5048
8984
-3064
16
-14292
6681
-1008
-8175
-6136
-5641
-17368
-532
25908
782
-7160
9981
-956
8957
-6092
-5379
-8152
-7670
-772
-493
4140
4573
-7164
773
-9180
-6412
-7116
-8201
-10196
-7715
-11240
20513
-780
5656
-5104
-2058
-14092
-7445
-6132
-2308
-10208
5379
-5904
291
-2028
-3560
-10236
7656
-19456
-6150
-13292
-5405
-3044
-5131
20
-5886
7240
-4357
-6104
761
-7148
-233
-1976
8441
-3052
-7693
-4080
-505
-10204
-5139
-9196
3060
-8192
269
-3044
-3556
-11252
-7
-9212
3866
-13276
7144
-13268
10500
-20444
-2533
-16380
5406
-6120
972
4
-1804
-13272
2033
-10184
-239
-13232
8955
-20480
1806
-988
-9249
2300
-14595
-9212
-2580
-7952
-8731
-9988
-4610
1040
-481
-9176
12786
16
5621
-4068
5100
-15352
1832
-6104
7966
-1816
-7939
-12268
-6136
-9196
-15599
-9176
-2601
-5120
5683
-4088
7958
-9188
8952
-8180
-15878
40
-4085
32
-2312
-8116
-7155
-19436
4104
-5092
518
