-19424
-6360
-3064
-2822
-10200
265
-6108
1035
-10204
515
-11244
-2289
-5104
-723
-14328
1552
1064
-1747
-11216
8425
-15320
-3295
-20464
1005
-16372
-15
-7128
-1483
-9136
8415
-7112
1807
-16132
8157
-4068
3079
-996
252
-6136
1288
-12276
2267
-14312
-3546
-16352
2570
-7116
-3056
-972
3843
-11200
1504
-9156
1553
-8132
-3332
-7144
1286
-9196
-993
-7116
9245
-7144
-10781
-6916
-6148
-16332
1539
-14296
9956
-5096
-6899
-16368
-1548
-4056
1497
-15300
2337
-3012
-4092
-4040
-772
-11244
-1275
-14308
6637
-12268
-1267
3092
-9985
-9164
6895
-11232
6139
-13268
11805
-6128
-3840
-8184
7700
-4076
-8923
-7160
3337
-2016
-9229
-3020
3296
-10192
-8946
-4868
-7918
-8128
7932
-9172
3597
7196
4885
-6057
6651
-10212
1296
-17380
-8446
-19456
4092
-7148
-11785
1028
-2056
-10212
241
-16336
4610
-8152
-3059
-9192
3584
-14308
-8957
5124
4623
-19388
-2073
-10172
-5142
-17356
3352
-5100
3065
-7081
-3068
-4884
-987
-8192
2049
-6080
4336
3324
3363
-4064
-5389
-6136
-2817
-17328
-2568
-8192
2583
-10220
-1050
-4048
-219
-6116
3323
-6120
3138
-8184
3861
-21500
8955
-3068
7908
-3040
4354
-6100
2797
-4092
3855
-7144
523
-5892
-2828
-14284
-1522
-7112
-10792
-8156
-6648
-16348
-2617
-9168
11778
-6088
4124
-8140
-3565
-13304
7920
-984
-3801
-1972
553
-11188
-2575
-9156
1564
-9204
-1276
-12040
1243
-9200
-4861
-22204
-14316
44
-2290
-23260
6897
-1004
8715
-12256
-761
-5068
2821
-9180
-245
-964
993
-19448
-5357
-15328
-26
-7132
-8415
-8964
-518
-15336
1800
-6100
-4873
-5076
-9482
-3004
-5884
-19424
-3551
-8156
769
-12256
2548
-2012
-2562
-17380
523
-9212
-266
-11184
-5156
-13268
-1043
-4052
-3617
-6124
-2021
-12256
9997
-11232
3567
-13252
493
-10204
4096
-12240
16689
-6124
1294
-5092
-2302
-11212
-5891
-5088
-4625
-15296
3309
-12288
-9948
-15332
-3809
-10176
-3595
3108
3103
7188
-4638
-11204
-1786
-6092
-2026
-11252
10207
-968
2313
-4064
-773
-9160
-3844
-6084
-12792
-7120
6390
-1000
-11288
-4072
-10487
-18388
3343
-11208
-6645
-3040
3568
-12240
4584
-14272
10001
-8192
-3089
-7136
4613
4128
-5115
-6124
2328
-6084
6721
-7160
769
-4868
5829
-21496
-1037
-8972
-4832
-988
7181
-9176
-280
-8964
-13298
-3040
4828
-17364
-7913
-1012
-4600
-9176
-1257
-9184
5405
-5108
-5368
-5064
1264
-17372
3860
-11220
10744
1064
-3835
-4044
11529
-5112
-1064
-10192
1556
5148
503
1064
2796
-5096
-5627
-6100
-4838
-9192
-1244
-10208
2570
-4076
2047
-7940
-5888
5156
3056
-16356
-3622
1064
7691
-13296
759
-15340
-3859
-2016
-7447
-1016
7930
-8972
4361
-6053
-10505
-15344
-4383
-11212
1835
-12284
782
-4088
11501
-11240
5622
-20456
-3359
-6104
2811
-8152
-16
-13248
-6129
-9988
-11505
-9192
520
-6120
-2571
-6916
-3575
-14316
790
-10228
8945
-3852
-1797
-12252
-4622
-4892
-6399
-15312
1011
-9992
12052
-2016
495
-7944
509
-6108
283
-5120
3601
-1008
795
-17364
-9236
2084
-795
-9180
-7897
-13236
1543
-12288
3557
-7948
-4114
-11256
-2553
-12256
-5128
-15324
3066
-5088
-5382
-2016
8990
-9188
-2834
-6108
8950
-11208
-4084
-3028
-9999
-25292
7720
-8156
-6408
-4096
7441
5140
-261
-11224
-1537
-7164
-5643
-30432
-3052
-6096
-510
-8144
-8688
-9192
796
-9212
1078
-8136
15358
-17160
-10010
-7116
2289
36
-7943
-6128
-7153
-11212
-8693
-11208
-269
-3060
-1260
-12228
-281
-10184
-6102
-1012
776
-12260
7468
-8128
-1021
-6140
-9986
-9192
9986
-6116
5416
-13072
1790
-12216
-5119
-4080
2582
-2008
-3842
-19412
-1257
-12256
815
-7148
-510
-4056
-7673
-2044
-6927
-16324
-3077
-8168
-10252
1044
7437
-9168
-9201
-6096
-8685
-11220
-8713
-4064
-10214
-9168
4861
-10216
-5653
-1000
8708
-6124
778
-12280
3308
4124
-2816
-5084
-4374
-7148
-5431
-9196
2280
-772
8957
-16332
-1286
-13304
-9966
2068
-2844
-5108
-1267
-11248
3589
-7108
-787
-10208
1542
-6136
1539
-12244
-765
-7152
4887
-3024
-1268
-4068
236
-20480
513
-22260
3839
-1008
8676
-6128
3347
-7136
7958
-11244
-2560
2100
-2335
-5104
-1786
-7120
-1278
-11232
13789
-5068
10489
2288
-6907
-5092
12024
-2012
4609
-2008
-1301
-3868
-2820
-10192
8929
-16132
-1267
-2040
507
-11196
738
-10188
2624
-14328
-4897
-992
-4332
-8176
4862
-15344
-3326
1060
4113
1068
5373
-5088
1527
-6112
-5404
28
-5411
-11220
-2813
-18384
5104
-6088
3602
2300
10726
-6136
-7178
-7120
-3572
20
-1296
-17352
-1244
-3060
-6664
1036
-2068
-6140
-3332
-9164
12234
-8148
-1547
-15320
-489
-8152
-539
64
-8472
-16344
5369
-13304
-3069
-8156
794
-9192
-4589
-13256
-7185
-13304
-11011
-7164
4340
-3044
4397
-10200
1532
1048
-9954
-12228
778
-8168
-1789
-12036
-3059
2052
8960
-9204
3995
-2016
-13811
-2024
-789
-4072
-4335
-4084
8960
-12252
-4596
-6104
8177
-1004
-1537
-3024
-4871
-2044
8441
-8972
5364
3072
6123
-8152
-4860
4136
-1282
-11200
-5113
-2032
-6966
-16380
-3605
-22268
-5646
-14096
-6368
-3000
6423
3104
-754
-3024
-1486
1064
5362
-14332
-2005
-15324
1808
1052
1568
-18392
-6406
-14308
-2271
-9200
2559
-2040
8419
-4072
4364
-15316
-11010
-3056
7675
-10220
-3046
-6916
1247
-11236
4115
-16340
4605
8
10999
-9180
-275
7412
-14056
-6076
1026
-7132
7926
-14296
32
-9992
4332
-13240
-2311
-780
-2322
-18400
3078
-16340
-10208
-6088
-6940
-7108
-5594
-6096
-4879
-10149
1526
-11208
1034
-8124
-33
-9168
7436
-20420
3335
5132
-1007
-16384
-767
-11196
4365
-6128
-7173
-7104
4626
-2036
-781
1044
2814
-937
757
-11244
10520
-10168
-3585
-9172
16354
-10208
5872
-7160
291
24
-2274
-12248
5889
-952
6637
-8168
6673
-14304
-2290
-3068
1515
-7168
-4614
-3008
4049
-9208
4856
-3864
4326
-2040
3046
-10212
-7910
-5892
-280
-6140
-4086
-10212
-3057
-4064
3331
-13084
-8451
-11236
-2807
-11224
-3574
-14288
9946
-15336
7945
-6072
15388
-7124
794
-14088
-4101
-18380
-6398
-9184
-3039
-16332
529
-6132
-3533
-14320
-757
-12228
39
-10196
10482
-9180
-5618
-4056
-2237
-20456
-45
-8184
-1272
-5080
3042
-7112
2104
3104
-782
-8168
5672
-972
-9749
-3040
2545
-2016
-3602
-9180
-4853
-9172
-6914
-4884
-4629
-984
4878
-6124
1541
-8180
2326
2060
-1053
-16340
-4111
-3016
3079
-10232
3342
-9152
-7433
2072
-1996
-15348
8443
-6104
-1234
-8180
5363
-980
3323
-10212
9200
-11260
5632
1048
4607
5120
-4067
-13268
-4366
-10184
-499
-11260
-532
-13304
290
-8152
-3049
-11012
-6630
-4076
2071
-4084
-16135
-7156
4097
-1008
8966
-8172
-4347
-5064
-4869
-6100
-4618
-7136
5321
-6096
-5350
-15328
-777
-3024
-3327
-8184
7398
-13252
1012
-4072
-8948
-13300
1550
-13296
-812
-7136
-3843
-19424
2538
-7152
-11981
-10188
2045
-4048
10021
-2996
4095
-5056
-2815
-20412
4585
-6136
-7416
2072
6421
5368
745
-11196
-529
-4048
-11555
-6120
6140
-3044
5887
-23284
-2568
-10196
-240
-8112
4610
-4080
-2541
-6084
-1815
-5908
-2055
-9204
2309
-17384
-3317
-6084
525
-7144
751
-10216
485
-9184
275
1068
5381
-9164
3345
-18404
2069
-1012
-3871
-1996
1231
-6108
1303
-17172
282
1048
-9252
-12232
4597
-26269
-8433
-9176
1249
-3028
-5145
-10216
4919
-12256
-9004
-10200
3563
-980
495
-4056
3856
-13280
-5110
-6132
-503
-16376
2841
-7132
-12031
2112
2580
5164
-8965
-9180
-1036
-11220
-768
-12244
7709
-4092
11537
2100
222
-5112
-5124
-14312
291
-16344
-223
-14312
8450
-13060
1045
-6136
-8432
-1984
1030
-6092
1301
-6064
-1257
1028
7664
16
5092
-15300
-9964
-8188
5373
-11244
479
-5072
-10240
-7108
3038
-15332
-3342
4128
6961
-16368
740
-4080
-1533
-12260
-30
-18424
-3861
-4064
2548
-4032
-9723
-9164
-12557
-5060
278
-5076
6658
-12244
-8456
-5072
10489
2068
5876
-3844
2560
-11200
9981
-13312
3074
-5896
4382
-4052
2543
-14292
-6184
-1020
2820
-1008
3561
-14260
7186
-16380
2034
-976
-6135
-9164
-2838
-7100
6421
-6076
-1783
-7120
2840
-19440
3330
-7104
-3046
-7980
7696
-8136
-5628
-5104
-9454
-12276
-795
-11256
-4358
1076
4606
-10224
-3581
1044
-1578
1056
-3573
-7160
1563
-9988
-513
-13288
-3573
-17372
1492
52
-767
-2020
-13050
-6080
219
-10228
777
-6096
829
-13276
8935
-7944
-8
-996
-788
-10200
-258
-8172
545
-16352
-256
-13276
290
-9188
-5932
-6096
-6121
-5072
-9233
-10220
2565
-5084
-1036
5144
-236
-9160
-6899
-10196
-2284
-7144
-520
-16340
-1573
2084
4863
-11224
-3567
-9184
3821
-5100
6937
-11240
-4593
-4068
1526
-5064
12541
-23284
7684
-7096
272
-8152
996
-3056
2077
-6132
-4875
-10224
1741
-12068
-994
-1800
3323
-10240
6120
-15348
-1811
-8176
-2311
-6124
-517
-11020
1756
-11212
11794
36
1551
-9160
272
-4036
7470
-9129
10517
-13268
4861
-9996
-3553
-13268
-524
-16136
6703
-13264
2033
-2040
-6919
-1816
-6904
-20468
-1030
-12280
-7135
24
-3075
-12268
1514
-5080
1834
-8144
-2820
-12280
4354
-3048
11515
-10224
1016
-13276
270
-11204
1539
-14320
7944
-5100
3554
-7168
3593
-5096
-2048
-14280
-768
-5048
-8915
-9176
4366
-5100
-2095
-8148
-2816
-11220
-534
-13268
-3326
-8136
1246
-10145
-2327
-1012
-505
-15316
4313
-13300
5119
-6120
9517
-2028
-11267
-12256
-4108
-14280
8182
-7128
-5367
-11208
-1031
-4060
-1263
-4064
-9198
-15324
2795
-13076
-12815
-9192
-3066
-9168
3810
-8148
-2782
-7116
4845
-13276
4345
-6124
-269
-15132
-7161
-2028
-2308
-15300
-6149
-8168
-522
-8180
-6889
-11240
993
-17344
4384
-12276
524
-9168
-472
-10176
4598
-13256
-504
-8140
-4616
-10224
2872
8
-1788
-9164
-9220
-7128
7913
-8164
-3076
-9196
-3320
-3032
2318
-10168
-1550
-7116
-6926
-17364
12581
-7124
1027
-2036
-7140
-8164
-2089
-4060
-4860
-7128
-1042
-7124
-1019
-6124
5885
-23268
3049
2068
7655
-7152
4631
-11216
1248
-956
-6421
-13312
-4353
-9216
6402
-16336
-1528
-7152
11022
-19428
4331
20
-2307
-5092
12278
-3036
744
-988
4846
-3048
7163
-6080
8216
-6100
543
-17344
-7430
-9208
-1822
-8184
-3021
-15340
3850
-19212
-3324
-4088
-6906
-7152
-2062
-25300
-2849
-13284
3572
-3056
1288
-11232
1012
-3020
-2045
-11240
8935
-9164
-4116
-10172
-1264
-1004
513
-7073
-18495
-1000
4609
-976
-3835
-11244
3562
-10232
4634
-10172
4597
-8188
-978
-15344
-511
-13268
-3591
-11200
1519
-9172
-7167
-15328
5371
-8168
3582
-9160
5115
-3012
6417
-6924
-2049
-12240
-2833
-5044
-2816
-15320
1043
-9192
2527
-8172
-5110
-1020
1791
-13276
-4575
-4048
6653
-12220
280
-12228
3319
-8136
-4324
-5068
-1588
-6096
-5844
-13280
-3325
-17376
4591
-2044
3856
-11232
4391
-3040
-264
-7156
4639
-15312
2319
-21456
2325
-9192
13569
240
4619
-14296
-10481
-13088
-8202
-10216
2575
-10208
3077
-4876
-2569
-18368
4622
-8144
-8435
-5076
1822
-3048
-1523
-3052
5633
-9184
-2549
-6120
11036
-16336
-227
-12240
-1318
-7140
-1055
-8124
-3818
-15320
2817
-6100
7166
-11184
15890
-14316
2864
-17368
4669
36
2579
-11248
805
-9200
-12549
-8144
-7674
-5056
2309
-13284
-1540
-10228
-5892
-13280
3582
-11212
542
2048
-4070
-9168
-8167
2080
2303
-5084
-1608
-7136
2839
2072
3865
-9152
6
-968
5385
-7128
-9777
-17364
-527
3092
-2553
-19212
-1
-3056
5353
-10204
238
-10228
-2049
-12264
7930
-8156
-255
-9192
-2586
-8172
-1552
-7128
2803
-14280
-2034
-11020
2623
-10216
1818
2076
-7670
60
5888
-5104
7698
-9168
8487
-2016
11283
-5072
7419
-14268
3054
-11220
-6356
-15320
6377
-976
3300
-3024
6117
-18412
2326
-6140
-2073
-3032
-4641
-10192
-7446
-10208
3291
-11216
-13319
-11174
13580
-15324
-7676
-11196
1016
-9192
-5401
2300
-6708
3104
-3098
-5116
1825
-8144
-5882
1036
1487
-11216
1775
1084
-479
-8112
-4096
-10196
2315
-3048
-3333
20
1509
-11260
-2334
3080
-3331
-4028
12307
-7096
-9953
-1957
2573
-11232
-3590
-6136
-8
-6112
3586
-10208
2306
29984
1279
-1980
-3588
-5104
-3070
-18432
29
-8988
7685
-14296
8222
-9176
11500
-7164
3329
-16344
9731
-6100
5142
-2016
-4850
-968
3867
-10236
2819
-6108
-12781
-15348
-3072
-11216
-5877
-8184
-1543
-8168
-1808
-5084
9183
-11240
-7432
-2820
-9512
-6140
511
-19456
1038
-19404
-4074
-11208
-4600
-3008
-1003
-8180
-10228
2068
3324
-7940
-4827
-7124
-3830
-9164
-4078
-4056
2565
-12232
15085
-11244
-9975
-15356
1797
-1796
-3851
-992
542
-7116
-10000
-12260
-4604
-10192
-4608
-6096
4618
-5100
-10218
-12052
-7189
-7940
-8488
-13296
6912
-12272
2314
-5896
8223
-13308
-1025
-17336
-4856
1040
-4296
5140
2561
52
4323
-6116
-1767
-4052
5847
-4060
4112
2048
-3851
-7124
2042
-6104
4882
-9176
-8218
-9192
-1519
-19416
-1558
-5080
2058
-10196
4606
-1008
2791
-15324
-776
-15360
-8487
-15328
2581
-3032
-3051
12320
10247
-5060
-2561
-5112
-8164
-9192
1313
-7132
3837
-18404
2042
-8172
9721
-9208
-2049
-7112
2549
2076
5395
-9188
3064
-16336
1296
-16344
2
-6916
-497
-7124
295
-9180
-6401
-15300
-2315
-8176
11985
-6068
-4825
-9188
8
-11212
267
-8124
5644
40
4120
-6132
-4370
-12288
10054
-13296
-2344
-17321
-725
-5084
2312
-2004
-6147
-17332
-2826
-4080
-1045
-4005
8185
-8168
-510
-5100
3548
-808
2519
-19420
-4359
-8160
-10232
-15336
-4090
-14320
743
-17396
-1025
-13252
5377
-9208
4331
-9188
7924
-12224
-1012
-11200
-1042
-1020
1015
-9188
-2566
-13268
-1290
-6136
-1013
-12268
-262
32
-3336
-10168
-5903
-13280
7403
-9164
291
-5104
-8958
-5100
4359
-5052
9212
24
-1798
-12260
2818
-6144
-3312
-9192
2604
-11240
8931
-13280
-12539
1076
-7184
-3028
6635
-13064
-5129
-13288
11238
-8140
-4361
-2040
-1046
-11188
-5636
-14300
-5627
-8164
3875
-10196
-4886
-9988
-7185
-7164
2827
-16136
-1041
-6116
1029
-8180
2842
-10216
-9730
3159
-1797
-10224
-9725
-19452
4582
-14316
1567
44
-7173
-15340
6617
-10172
4871
-7952
-10509
-8164
10713
-16324
-6922
-9188
7400
-772
11808
-11252
10791
-8152
-3085
-4072
7675
-18420
-785
-8168
-210
1088
-771
-4096
-5911
1060
-2791
-5100
-286
-13284
1039
-5120
6887
-3048
2357
-7112
-1258
-17344
55
-3060
5607
-13264
-6943
-10012
517
-11264
-7658
-5080
-4111
-6104
3815
-6104
-3583
-13292
-6959
-5064
4624
1044
1267
-3012
-2847
-15332
7137
5148
3294
-16364
8437
-12260
5140
-2036
6894
-5076
5917
-4044
249
-16336
-6190
-7092
2284
-8152
-4313
-2028
8186
1044
511
-14280
205
-7152
-6881
-13072
-771
3076
6396
-8168
5624
12
-2040
-980
-4819
-7152
6655
-4076
5129
-21440
-4365
-10240
-5136
-9184
1519
-16360
-9191
-1964
2583
1060
2771
-5088
-6151
-12244
5650
6188
1275
-7108
3872
-4020
6129
-968
2827
-13060
7426
-14312
503
-20444
-2317
-8136
5137
-984
226
-3060
-5140
-972
279
-15360
-465
-11224
-1274
-7160
-3850
-3044
-5378
-14304
-6667
-13068
10511
-3016
-6159
-3032
11523
-8976
27
-8148
9498
-14304
1323
-13288
7398
-1812
-1261
-11232
6096
-4068
4607
-3012
265
-4076
8444
-5060
8946
-14300
3592
-11220
11227
-12260
-10241
-2985
-9992
-18428
-1322
-20468
6143
-2040
-8470
-4080
-10229
-9168
-9743
-10212
-8455
-16332
-8702
-6112
7927
2096
-2289
-12248
1568
-7120
523
-4016
5650
-4080
1805
-3008
2802
1076
6882
-13268
6156
-9204
-5115
-10180
-1775
-4080
3577
-8156
6654
-11260
-2281
-3052
8463
-7061
7684
-12244
2507
-12248
8475
-12244
-6402
-9172
2075
-12256
-4125
-19428
2084
-2036
-2796
-9200
1021
-2020
1238
-15340
-222
-4064
-3083
-976
5628
-6132
-6654
-8192
-5147
-6100
13264
-13260
3839
-16376
-5368
-5108
-7411
-13248
7432
-1804
-296
-8152
-8453
-9192
8715
-1800
-284
-14312
4646
-3020
9987
-5064
277
-11200
3868
32
-3334
-8180
-10238
-10172
-5117
-12260
7382
-16348
-5881
-8148
9956
-6120
-6178
-10176
1537
-12276
5108
-11248
8428
-14304
771
-13256
-1273
-17388
-2827
28
-5369
-8132
482
-5072
-4585
-6120
6662
-4080
1037
-15344
-777
-4076
5867
-5104
-990
-12244
-234
-6120
4598
-12236
-5681
2076
-3121
-6076
-8189
1028
-4526
-3064
10752
-4876
7415
-6080
512
-14280
6671
-18376
3557
-4096
-2839
-4048
4599
-5096
-3088
-12060
1787
-1992
3820
-14300
-1798
-6092
23595
-9164
-25032
-14308
-4104
-968
-4628
-11240
1569
-3028
-3800
-10176
5087
-12272
-1245
-12264
-4644
-4092
-5663
-11240
-5386
-14308
-10002
-11212
8750
-7144
13871
-13260
4048
-9992
1542
-2024
-2068
-4009
-10716
-2028
-2283
-8164
2840
-4044
-2310
-9152
-2590
-10232
-1325
-8156
-8492
-976
-5927
-15312
5855
-12260
-2522
-9136
3088
-16352
-4349
-2040
11504
-4076
6407
28
-513
-8180
-5871
-4096
6145
-6120
-1290
-7144
-740
-15328
1799
-13288
-7412
2288
1530
-7116
-4092
-12268
4891
-7096
-6638
-7132
-4565
-988
2079
-7140
4071
-11264
2573
-17368
1544
-3028
8959
-2836
4629
-12252
3589
-8180
10239
-5116
4882
-9204
1775
-1964
-3313
-3008
-1266
-12272
791
-8144
746
-8160
-3076
-992
17131
-6140
-4595
-15328
-1054
-23276
-8699
-1008
248
-11244
-3076
-13280
1306
-976
3324
-13272
-766
2100
5372
-15340
6647
1052
-12529
-7152
804
-14308
1519
-11244
-1034
-15308
2566
-6084
5638
-4024
-226
6176
2302
-16356
-2815
-9160
-3270
-976
3320
-2004
-799
-4068
-2051
-14304
4120
-6132
-522
-17384
-784
-13284
2803
-14320
6121
244
6622
-14296
3309
4160
-8711
-4052
7441
-1980
-1550
-6140
-4865
-12256
1538
-12220
-5895
-16368
-6069
-8156
-4633
-19400
-2313
-12260
2294
-9192
12561
-6116
8196
-15320
5929
-8152
8473
-23232
1280
6168
-5
-8132
-10777
2124
4584
3144
-6933
-11216
-2558
-1000
-1553
-14320
-251
-7132
4110
-11228
-3853
-6128
-2013
-12252
8694
-10240
2576
-11232
-10001
-9988
3853
-14280
1253
-14320
-5379
-11224
-505
-10212
9743
-6100
6918
-9184
-1576
-984
2317
-8168
6437
-9176
-1104
-11236
2341
-5092
3601
-3036
-996
-1008
2052
-2004
488
-9188
1301
-18400
4097
-5072
-1288
-7124
-6950
-7104
-4109
-10228
-3808
-7144
2303
-2032
734
-9180
-264
-7156
-4128
-12260
-8230
-7136
-3050
-992
4625
4108
-5382
-14088
6674
-12248
-786
-14296
-9244
-5088
-2283
-13304
2070
-11236
497
-12252
10744
-13288
-1273
-17404
-6413
-5080
2070
-13240
-1558
-5116
-9256
-15332
3317
-5092
-270
-7124
-7161
-1972
5367
-1008
-3830
-17356
5634
-980
6396
-14300
-3615
0
272
-10180
-3799
-10236
-5373
-4064
7409
2132
-1784
-8124
-2276
-7940
3600
-6108
11791
-4036
-4329
-2020
3824
-8132
793
2068
3046
-8148
4857
-5120
5928
-7960
5637
-3032
-3828
-12252
2829
1024
-3842
4332
-526
-5084
5877
-3036
6644
-7108
-4543
-1020
-1288
-12268
4339
-3016
7188
-14288
-6187
-7140
4347
-13268
-1025
-7148
5104
-5104
-6917
5120
998
-5100
-4335
-14288
-6181
5156
14579
1048
2321
9292
2022
-13072
1071
40
8966
-5080
-7453
-8152
7917
-7120
-9464
-7128
214
-15316
1256
-9184
1790
-8176
-2312
5184
-9963
-3036
268
-7160
-3833
-8176
2560
2056
-993
1252
-4370
-10216
-5109
-13064
4637
-6120
3304
-4084
5360
5124
-3812
-14284
-1013
-9200
-14322
-13236
-4341
-6144
-786
-13300
-1238
1068
-5119
-12268
-8704
-17340
-2817
-14292
-5118
-7124
-4098
-4048
3065
-8144
-8426
-6068
-1041
-16308
-792
-4068
1801
-2016
-2586
-8128
6414
-14296
-4854
-8184
-10468
-7952
2282
5372
259
-1988
4875
-6128
4898
-5104
-3594
-9192
2770
-12284
8670
-7160
-2018
-4072
3347
-5064
-2041
-11200
-1783
-10172
-8969
5152
-1061
-11040
-5630
-5896
1022
-8140
504
-6108
-2319
-11236
-808
-13284
-493
-17368
7925
-788
-5908
-3056
501
-8144
5623
-1992
-484
-13288
-4607
-10232
491
-7096
4648
-12252
-3056
-12244
-7922
-4040
-4596
-5096
-2
-8148
3832
-14312
-5867
-11232
6158
4124
-6668
-7140
3014
-10204
749
-2024
-1826
-1004
-2551
-1004
245
-17368
-10220
-7108
987
-3028
3071
-7108
746
-7100
9988
-9188
-10503
-7148
-8182
8
-12066
-18372
8428
2288
8924
-3052
-4619
-18408
3536
-5084
-2032
-5096
-5895
-10168
247
-18208
-8976
-5096
-757
240
-7433
-18388
-276
-2820
43
-1808
7
-8172
-2272
-15356
-2552
-5068
2026
-18408
8194
-5896
3846
-4052
-6456
-10236
11281
-8172
-456
-1972
7944
-5088
-4878
-9204
2312
-17344
5620
-2012
-1329
-5116
7414
-9204
8192
-17364
-8450
-8136
721
-11228
-2801
4132
-8187
-4088
-2535
-2040
9504
-12244
10771
-19432
-995
-4044
7397
-10208
1821
-1020
6926
-4048
3844
-6124
2809
-8172
-2068
-14308
12787
-4060
1289
-1012
8892
3132
6949
-11244
-477
-12288
-2078
1032
1014
-11256
1825
-6128
6157
60
19
-9172
1787
-12052
265
-15332
-11764
-11232
-2537
-3052
-6636
32
1279
-2044
-2522
-20428
4602
1044
-5909
-15336
-3848
-12268
-283
-16344
-5899
-7128
4654
-10232
-1311
-2036
-1277
7204
-3293
-15312
-3836
-16332
-4626
-988
775
-11232
2528
-10164
990
-3068
5925
-1004
-13776
-5044
4561
-9216
-3351
-8156
-3331
-11224
5123
-9200
-766
-8136
789
-11228
10253
-13240
-10017
-8156
2546
-7120
786
-16348
-6646
-9204
-1075
-8148
-16891
-7132
5350
-15344
-4347
28
-4330
-5088
1801
-980
2539
1052
1795
-12240
-1779
-14324
4306
-15324
5616
-5104
3788
-15316
1804
-12220
3091
-3056
1276
-5892
4620
-3044
-4073
-6116
-1321
-7132
5888
-14312
-7953
-6132
-3358
-976
-1560
10476
5891
-10212
2293
2076
-4359
-14280
10991
-18428
-2554
-19424
5634
10296
-17
20
-2279
-13292
5909
-10212
-1285
-12276
-1806
-9212
281
-2016
-2057
-7116
-3827
-22264
5351
-2004
4360
-988
2787
-12072
2049
-4084
-2042
-6104
-1044
-10200
-247
-14296
3575
-10188
-4366
-8152
-7504
-12244
4886
-8972
2040
-6096
3038
-17388
-1061
-7124
-12285
252
-7904
-10188
-3863
-937
-1793
-8172
743
-2040
6141
-15328
-3870
-15308
254
-4920
-4584
-16340
-3321
-12036
-5359
-11236
-8441
-11248
13568
-11204
7921
-8176
6166
-10240
3311
-3016
-1803
-7128
-3361
-3056
1803
-12264
3521
-6128
-3605
-3024
2771
-10220
-3567
-18184
-769
-12280
2563
-12256
1245
-12212
4854
-19388
-6900
-28372
6915
-8996
1528
-14324
7672
-4060
-3868
-5084
3579
20500
-1809
-12216
3858
5128
3297
-1800
6404
-8156
-1278
-15340
-6115
-984
3320
-5076
-263
-21468
4910
-5084
-6161
-16352
-1769
7192
1066
-3016
-9
-10200
-1288
-8136
-3062
-7156
9196
-3064
12281
-11232
4554
-4056
-2290
-8164
4857
-7116
-1271
-16332
1047
-15324
11739
-9188
-283
-3048
3593
-8148
10257
-14296
6414
-7132
1801
-9160
7429
-2016
-1506
-7164
15110
-3844
3282
-980
-5860
-4044
2034
-14272
785
-14304
-9246
24
258
-4064
2298
-13272
-10985
-16364
-10460
-6124
9474
48
1025
8
7141
-10224
-9720
-2032
-765
-15312
245
-18388
-1794
-13288
550
-2008
1502
-1804
-5128
-4072
32
-13060
6368
-3060
1549
-6128
14607
-16328
2785
-9196
-1546
-12224
-3621
-16348
-1781
2100
-1030
-3028
-3340
-8108
-2550
-12276
-1024
-7148
2298
-8156
5134
-16360
463
-12248
-3606
-21488
5863
-29376
-798
-13276
7379
-17396
4099
-988
-3802
-16368
-6152
-12276
-4866
-5116
4647
7176
6411
-7160
-3069
-6100
-3044
-10240
2050
-6092
-1029
-9156
3325
-15280
1817
20
1299
-988
3082
-2040
4885
-8172
10741
-4060
-13318
-5068
1779
-3040
8202
-10196
-4839
-17364
1805
-26300
-2854
-16352
1769
-17364
-8717
-9192
-4067
-7061
3808
-8120
2553
-4096
3614
-6132
-2063
-9216
501
-11020
-5121
-15312
-6679
-10208
-3318
-972
-13838
-4064
-15379
-5120
1755
-13284
2310
-17360
2047
-6100
-6650
-8148
11771
56
11576
-2820
2591
-8192
-4364
-14284
-2300
-4052
-266
-12212
5094
-17400
-7396
1052
-4378
-12248
2791
-5104
10742
-10216
-4864
-14300
-2313
-5900
10505
-13276
-4109
-5056
527
-5116
3317
-14296
-10493
-3040
1807
-6100
4858
-8144
790
-9192
-2557
-4044
-2546
-8140
2557
-18404
4902
-7128
-1280
28
-5643
-2988
-5899
-11260
-9981
-24308
-1550
-5084
-5658
-6128
-1515
-14316
1560
-7136
751
-2024
-4331
-4072
13276
-19392
-2051
-11248
-4584
-13276
-3093
-9168
12569
-10212
-1036
-11232
-15867
-13276
1283
-13264
8685
-7100
2299
-3060
-11259
8204
1495
-5088
-6421
-5112
3587
-9160
9734
2076
1297
-6932
3621
-12280
-2038
-5100
-3572
-3020
6933
-7124
2812
-16380
-1502
-2965
265
-10236
-1281
-15304
4337
-3036
8697
-6144
-4854
-3056
4112
-8156
2573
-8136
8985
-15336
2305
1032
467
-18180
14595
1044
3544
-10180
7710
-9204
2854
-5092
5102
-12256
-1025
-8164
5120
-1008
-1285
-3032
3824
-6132
-4625
-10180
-1516
-14296
-1522
-9176
993
-4084
-4588
6212
4859
-937
4851
-5092
-4078
44
4845
-6108
-3830
-4080
5636
-6112
1522
-4884
-1025
-9164
258
-6092
-2332
-13312
-3356
-4064
-12795
-8964
6422
-7144
-25
-4088
-1831
-5072
2590
44
-525
-4068
474
6204
-5644
-4092
7932
-2032
816
-1008
4869
-12248
-12834
3088
1310
-10188
501
-9200
4569
3100
3374
-6084
3591
-8168
5117
-2012
-1288
-11244
5870
-8968
-1009
-12264
4884
-10228
8155
-19220
1039
-4040
-2072
4100
3308
-13280
2058
-16368
4862
-7132
-4592
-14280
1302
5372
-2063
-5088
4868
-16344
-4627
40
-6131
-14304
4368
2060
-2587
-11216
3026
2064
-4386
-5036
5607
6176
-7641
-10180
-6927
-4040
-1819
-5092
-7686
-7108
2803
-996
4375
-9184
1285
-5084
-8980
-3060
-276
-21432
1511
-12264
-5641
-12236
1334
-3040
4860
-4884
-4888
-12212
2294
-996
-2549
-2032
-8457
-20436
-8718
-1976
-2040
-12244
5371
-4096
4624
-19444
-3851
-12260
1747
-4056
-1303
-12224
-13023
-7136
15862
-12204
-6909
-14296
-6090
-13276
504
-7124
-7981
-13304
-3845
-1800
-1252
-18408
-1049
2084
5649
-6084
-2790
1048
546
-996
757
-9200
-10484
-6120
517
-22216
4860
-3072
-6428
-11216
-4853
-5084
-8717
-11177
4342
-3028
1016
-5084
-1256
-10212
3554
-13264
-2834
-788
-2821
-31484
1018
-9140
2326
-5084
-6394
-10208
3091
-2020
-1518
-6100
-8176
-5116
797
-17384
3588
-6108
-2584
-7152
789
-12036
1580
16
-4610
-780
-479
-3860
-9996
-12252
1790
-3052
2820
-4088
4623
28
-3346
-15312
-1013
-8152
-3580
-7124
3069
-3036
4079
-13248
3602
-10188
774
-2024
-757
-7152
3581
-6132
519
-9172
5385
-3052
-4857
-7140
3082
-2016
2051
-4084
-6359
-11236
-2832
-3044
-3809
