-8105
10747
-12252
-6650
-8132
-2308
-3044
-9997
-5104
5841
-18384
-3065
-12248
-753
-10188
-6643
-7944
-784
-9160
-2867
-12256
6152
-5092
4123
-3048
-771
2052
-5394
-12264
1531
-7144
-537
-9132
2315
-10200
-2530
-976
6169
-12272
14610
-1992
-774
-2848
-11758
-14324
2310
-15324
-4321
-4064
-12535
-9204
514
-13296
3317
-7128
10473
-16360
757
-13272
3589
-15108
-2824
-7152
5888
-16328
-5111
-7140
-2825
-14324
-2289
-13296
1261
-964
6405
-12260
-2836
-5076
30
-10188
-6431
-11220
-5135
-6096
-3561
-20440
-2043
-16372
2309
-5084
6439
-13312
-2830
-10208
498
-15328
-12
-9188
-3066
-4024
-257
-5116
-5116
-11240
-798
-11232
8225
-11244
5894
-3844
-5889
-11012
-5358
-10196
-265
-13312
-2590
-7116
-763
-11216
3599
-2020
3824
-10200
1003
-3048
-3865
4
3868
-6108
2831
-9216
2070
-9184
-495
2048
-2790
-1024
-1754
-12272
2811
10256
497
-4096
2549
2100
-2811
-7140
-6420
24
-3063
1076
-7737
-5088
4
1276
-2785
-1016
-7964
-4076
-3048
-14084
4134
-17352
-5897
-14296
6676
-10224
16670
-15328
-8183
10284
1017
-13256
-254
-3052
775
-8172
12040
-5892
4359
-4896
11043
-5104
524
-8168
4600
-6112
-548
-12052
3581
-988
1279
-3032
-7938
-12232
3330
-10192
1035
-3848
8702
-4068
5882
32
-10207
-6124
2521
-13272
13608
-15328
-4881
-17356
-2312
-6120
-4345
-14272
1264
-11044
-1798
-7096
8442
-11264
-2062
-6092
3893
-8180
2560
-1012
8694
-14296
-5396
-11224
6118
-1957
1286
-2004
495
-5084
-10730
-19444
1237
-6132
-4
-2000
-1016
-5048
-7166
-7148
-3330
-6132
-2065
-7136
503
-12264
-6645
-13232
5
-12264
-2559
-976
2839
-18404
-9202
-13276
-1040
-15284
-11247
-19432
-4612
-16348
2053
-3044
-5138
-3064
12532
-23240
1027
-2832
235
-17380
7961
-8168
1237
-13292
1040
-2024
-8940
-9140
9228
-21488
-1503
-6132
3328
60
-4597
-3848
1305
-8156
-272
-9172
4363
-7140
-4866
-7156
2557
-8116
-3619
-8180
6406
-11161
14105
-9148
2566
-3072
-1295
-17360
-1778
-4064
-6686
-2012
-6635
-2008
4857
-12224
-3332
12
-12565
-4896
6416
-4044
10985
-5108
-7429
-15336
3874
1028
1810
-14324
2045
-8152
-1531
-9188
-4848
-17392
-498
-4076
6399
4
5866
-10196
-1278
-5108
1573
-3036
-6407
-968
-6640
-10228
-4836
-4872
2785
-8148
4607
-2992
-5913
3088
8435
-14292
-8203
-6104
-2802
-4072
-1001
-12248
-1308
-3036
-492
-2004
-7142
-4060
-7444
-3056
3059
-6120
-811
-7116
2536
-4096
3094
-3844
-9995
-8144
-2075
24
3062
-15320
-4649
-7148
2308
-9204
5136
-9184
6624
-1000
-7928
-5116
-6113
-2016
6642
-6916
-11543
-21436
-267
-972
5867
-8176
1054
-18388
7938
-7124
6903
-3032
35
-6128
-6153
-1808
-1035
-5108
5163
-3848
3048
-9188
4086
-3012
4622
-8132
-4338
-4056
1548
-9992
-9
-1000
-9985
-6088
1265
-4072
10235
-13268
-5414
-5060
-10492
4120
1265
-5100
1015
-11012
501
-9180
-2312
-18188
14602
-6092
1292
-11220
6925
-16136
6
-9196
-5599
-6136
6670
-9200
-3800
-12248
3102
-22228
-2796
-776
-2322
-2000
1001
-5100
-5886
-996
-3354
-13276
5388
-4036
490
-11208
4393
-17376
1557
-14116
9449
2076
-8166
4116
1032
-9196
1532
-16344
-2804
-9192
1289
3320
5617
-10204
-1064
-10204
2526
-11228
-482
-5056
3306
-4092
480
-12280
-6689
-4056
1019
-7144
-1538
-2016
-3591
-11232
-6402
-7128
15356
-3044
3633
-2824
7153
-2000
2303
-9196
8213
-18396
7418
-13276
-5604
-13288
-1009
-9148
2531
-5052
-2347
-8160
4837
-3056
532
-8136
6165
-5100
-7179
-10216
-32
-6104
-503
-15332
-11269
-11220
6440
-6072
9770
-10220
5129
24
1838
-17160
4370
-6096
-3302
-2996
6654
-7140
-8725
4160
-5620
-7160
8725
-2012
-5896
-2020
-5608
2076
2100
-18404
2323
-2028
-3583
-6092
-30
-4064
-14100
-5033
4867
-4005
-2543
-5104
4089
-8172
-543
-2048
-2584
-5080
-3849
-15336
-11500
-1004
8190
-11220
-250
-11212
-3353
-5068
9730
-10216
-3594
-15304
2529
-12264
-501
-4068
1532
-5096
-4075
-2004
-2577
-8152
1562
1276
-1513
-8148
7413
-4032
1032
-13296
-2295
-2020
-8187
3076
5674
-7128
-1281
-14288
-3807
-16348
-2789
-6084
5079
-25312
-9764
-992
-3077
-9988
1293
-4056
-5354
-10200
-8218
-12264
4
-12264
-9704
-984
15634
-11248
5880
-17356
-4122
-11232
-1783
-5116
-6107
-6116
-3849
1052
1046
-5100
5371
-13292
-13056
-10208
9717
-10204
-5122
-8152
3870
236
4107
1040
-3861
-4088
4620
-11220
-980
-10204
8439
-5084
6914
-4080
748
-7152
-2253
-12240
-5
2084
6395
-2012
-11793
-7140
-1334
-2044
2530
-2012
-3334
-9188
-7651
-2824
-490
-2012
1274
-14324
11040
-19408
286
-4028
23050
-7136
-4601
1056
1772
-7128
-1279
-8968
-8184
-21256
5109
-2020
-4603
-2044
-7703
-956
520
-2016
-1562
-8140
-303
-16384
-3298
-10200
4331
-4072
-2039
-2008
-6956
-7152
-736
-7940
14
1024
7450
-7164
6912
-1008
-7403
-9208
3323
-14104
728
-8192
4850
-2032
10006
3308
8718
-14320
-1753
-6128
1028
4120
3305
-8132
-4878
2060
6
-17384
3344
-9208
6675
-776
6887
-2008
-6639
4148
4412
-10216
7455
-16368
2331
-9196
247
-10196
5111
-8180
-6633
-1840
4340
-14276
5857
-10196
4126
-1024
8675
-13064
802
3120
8967
-7156
-9474
-9184
7918
-2040
1334
-21468
4571
-8180
7207
-10208
801
-19380
-571
-7092
-1536
-6132
6171
-4068
1830
-7956
4888
-7148
-3053
-8160
-2531
-7112
786
-976
-9217
-1808
-7670
-5084
-6701
-1996
2558
-4096
-12299
-2012
5151
-19456
1556
-8172
-5893
4148
-5898
-8184
2831
-1976
2821
-14308
-8165
-20464
2550
-15112
-1562
-8160
-8694
-7108
1528
-4080
-1498
-6124
6133
-996
6687
-7140
8695
-10212
1525
-12272
1544
-7108
4872
-8168
2077
-6112
-7462
-4044
4101
-14304
-7721
-2020
-1034
-5048
-2278
-21264
5083
-7077
6945
-5120
-1772
-12036
-1303
44
-5900
-13272
1520
-1020
-27
-1012
-5081
-11240
-2788
-968
5373
-16328
3568
1084
-8201
-2836
4086
3108
-5660
-8144
-2817
-9192
-12
20
2820
-13284
-259
-12248
2292
-5896
7475
-6096
-266
-10224
11013
-10216
-7925
-1004
-15125
-6112
-6
-5120
-11231
-6108
2804
-10220
1540
-2032
8466
-10176
4831
-6136
2820
1272
-5877
-1024
-1796
-9988
-2058
-13260
-6906
-6104
8983
-9172
-9725
-12268
-7721
44
3568
1036
1039
-10228
6667
-5064
6880
-5108
-245
-6120
1005
-3012
-4608
-4056
4363
-9204
7901
-2008
-5872
-5120
-9218
3080
-5364
-2844
-11491
-3056
4850
1044
4649
-7092
-530
-2016
-3899
-9164
3321
-1000
-2617
-13244
7938
-5108
3079
-7144
509
-17364
-2315
-6108
789
-2000
5889
-5084
3355
-15300
-3055
1044
-6142
-9188
-5414
-2004
6145
-14300
-1779
-13280
749
-1796
-4360
-2036
3070
-8136
4345
-5096
-3841
-5068
3089
-6132
-7919
-6120
3882
-19396
5882
1048
2048
3124
-1507
-14312
-4627
-5076
-5127
-12272
-2274
-14316
-805
-8132
-2595
-13292
2577
-11224
-4585
52
-8712
-12252
-1532
-10212
5895
-14264
6347
-5084
-13793
-4076
-999
-10212
535
-5060
5692
-6096
3834
-7156
-11531
4132
9486
-9200
-6421
-15352
-5354
-3048
-3327
-5068
-1338
-6084
3858
-13064
-5163
-4064
-1036
-10168
11782
-5096
4103
-5052
-3324
-10208
6106
-10216
-1803
-5088
-5069
-7156
6415
-6132
1775
-1820
-6408
-4024
5632
-14336
-8435
-5060
2553
-7164
-3082
-11188
-1770
-11216
-2060
-10208
-1521
3092
-1276
-15340
-3875
-7104
3334
-6092
3649
-4040
10269
-11020
-6409
-7944
-3091
-9192
-5920
-2048
3828
-16364
4889
-6108
9476
-15316
-9191
-13264
-2318
1052
-239
-13308
8214
-820
6385
-14312
5642
-5088
2338
-4056
4650
-7104
4054
4108
-1013
-7940
-3320
-980
2516
-7144
-8716
-4088
4652
-9184
1278
-6116
-9483
-8156
8948
-976
-4860
3088
2836
-6088
4607
-3044
6669
-988
2557
-13272
-6375
-6096
-2016
-11228
-218
-15320
5083
-5084
772
-15360
-8161
-12264
-11254
-15116
11279
-6136
-4102
-14324
-10254
-11244
13323
-16348
-2529
2064
5867
-1992
-2338
-8176
-3076
-8144
10734
-3060
-5635
-12224
-12525
-8184
-1758
-7140
7206
-13308
-7926
-4096
2291
-11252
4371
-7136
252
-5092
524
-6120
4118
-972
-25
-5908
3334
-8168
-12572
-4020
14586
-7952
-3823
-6120
-744
-15352
-6698
-11236
5350
-980
-4107
-14332
-6923
40
4840
-15316
1033
28
8664
-2824
-4602
-11260
-11
1032
-6402
-2048
2594
-12240
6894
-10188
-7165
-19396
2327
1044
-6145
-9208
-237
-9208
5391
-4076
2046
-10200
7643
-6128
1285
-12288
-1265
-12056
-10755
-5096
481
56
-7459
40
2822
-22252
-1287
8204
-6931
-2048
6903
-6132
-2284
-12264
-9456
-4048
-4878
-4868
-12036
-4092
2061
-14084
1819
1084
-507
-5116
-5158
-13292
-7933
-3052
-3111
-11212
6119
-8168
8964
-10008
-6912
-6100
1010
-9160
4116
-11196
-5625
7212
6122
-10184
-2065
-8984
777
-7160
761
-6128
3058
-4060
-1798
-13308
2796
-3008
5657
1040
-6391
-9988
-267
-15324
2599
1040
11221
1052
-1504
-3048
-4345
3104
776
-3036
4361
-17404
-4592
-3064
-9465
-12228
-3838
-10200
-3827
-15316
5629
-14316
1801
-11232
-4343
-13296
2302
-1800
-13324
2060
5130
-8176
1529
-16368
241
-13252
2303
-3044
1258
-7120
8717
-8176
5393
-1004
-7934
-11248
3863
8
3119
-976
2078
-9184
-2043
-8136
6156
-11232
2559
-8188
-786
-6100
9238
36
-5667
-6124
-495
-4064
1284
-11256
2550
-7136
9234
-8968
-770
-4060
-6148
-9160
8980
-1804
-8451
-6092
-4848
-8156
11003
-8176
-7669
-6132
-1522
-10224
3592
-2000
2582
-2016
769
-14280
-10773
-3060
3810
-4072
-9222
-9168
-5106
-5104
2523
-14300
5903
-8124
10524
-5088
-13281
-10216
4598
-16368
5598
12
-8687
3100
500
-2996
-2575
-4076
-1853
-3036
267
-9204
11745
-7164
-5661
-14312
-7196
-4884
-5911
-11244
-4885
-3040
7162
-6100
-3598
-4044
8465
-14304
6650
-1012
8745
-4068
6940
-11232
2341
-12256
-458
-10192
3061
-5088
-1556
-2000
5128
-18388
3591
1064
2065
-7136
-6882
3096
-242
-3016
12805
3100
8433
-15348
9452
-1004
1812
2120
-489
-18412
5654
-2048
-18667
-6084
1256
-5056
10758
-4076
-1002
-7132
264
-9156
258
-12232
247
-9200
-2039
-5104
-4103
-7124
6654
-9204
-9486
-15328
12287
-5084
6404
2056
1047
-11256
-745
-6140
17
-3024
1536
-3032
795
3100
-1037
-1996
4139
-5092
5663
-4056
-1582
-7124
2286
-10204
-1019
-11012
-1521
3092
5123
-3044
9704
2296
257
-5892
2263
-8156
11
1036
-1291
-10216
2064
-10232
7182
-4076
2018
0
6387
-7148
3341
-3068
-4083
1048
-1007
-1996
13060
3300
-1019
-2036
4633
-8984
-2329
-28368
-9428
-12268
10024
-5076
5615
-1016
-4099
-7128
6137
26916
2832
-7136
-2045
-16376
-5136
-18404
-755
-14284
7651
2052
8951
-15316
-5141
-4044
-4616
-7948
238
-6120
4383
-8156
-980
-1012
551
-9200
8199
-5104
1796
-13060
1037
2088
3853
-6108
3860
-4044
-10747
6196
-3113
-7152
-7112
-3844
6924
2096
473
-8164
-1049
-4076
-6172
-10216
8437
-11264
-3593
-9168
-4609
-988
-2038
-3028
521
-792
2316
-19408
9742
-2028
1262
-10200
-13281
-17376
273
-16160
-508
-11228
4899
-7164
12007
16
-3585
-13276
6644
-7152
-2573
28
8201
3096
1816
-6088
-5617
-9172
4114
-3072
3841
-7140
-16106
-9180
-4627
-16340
-3067
-3028
14085
2072
-2029
-3044
-1283
-956
-25
-7160
536
-9192
-11543
-9204
1022
-6124
6138
-9172
-2524
-13244
2836
-3048
4857
-1000
1023
28
5371
-10224
-27
-7136
-9240
-2024
4865
-22228
-2803
-2048
-278
-4060
510
28
-9245
-8176
7722
2080
5848
-19412
-2257
1056
-4105
-9184
-4890
-1980
1803
-13236
-4367
-12268
2571
-7104
1804
-2016
-2061
-7948
5859
-9212
1021
-16144
1281
-780
8206
-9156
-6662
-10192
-10757
-13280
-2524
-9156
3811
-5080
-7169
-1976
3312
-12036
274
-2032
2541
-3028
11532
-12268
-12057
-13292
11549
-5080
-3338
-17392
-8713
-10188
-2040
-15328
-9234
-14328
1529
-3056
-8742
-13244
8720
-7148
-13071
-12236
5364
-4088
-6152
-6120
780
-13256
-6146
-1012
6174
-14268
-3601
-9180
250
-10236
-2804
-17344
248
-2024
807
-8144
-7431
-12236
4089
-7124
5878
-7156
-2041
-7944
1272
16
1798
-2012
3859
32
-1253
-9184
3067
2296
-1539
-5080
-8742
-4872
7661
-5072
-1559
-1004
13
-3060
-7903
-15312
-5880
-14284
-26594
-9216
-286
-16320
-8471
-1008
1307
-8168
1548
-13232
10507
-9148
8935
-11192
6904
-15304
5895
-12276
-1277
-8176
-1004
-7112
-22054
-6096
3828
-8168
1030
-7136
4605
-4028
-485
-8192
1535
-12264
5660
-2824
-265
-9188
6168
-19412
-2025
-3064
-757
-9204
1532
-4084
12806
-20468
10236
-8160
2073
-5112
-3076
-7100
6410
-16332
-4120
-11236
-9760
-26336
-3803
-2016
1270
-5080
-12533
-5076
-5887
-4088
-5354
-9168
-6634
3100
7421
-15328
-7405
-2024
-1047
-10212
-3590
-7160
1790
2052
3827
-8180
11768
6396
-1270
-15344
-2550
-2000
6409
-7148
-4621
-14316
509
-7156
3306
-13060
-5371
-8128
3108
-10216
238
-11260
4847
-9172
1028
-21500
11486
-14288
-5615
-1972
-5388
-7140
2526
10256
3313
-12272
-2344
-12276
-10485
-9184
-2049
-4880
-1529
-14324
-1765
-9164
-9462
-7136
1574
-2044
-3346
-14272
-3092
-9208
4816
-4036
-6393
-12240
-5133
-9192
-2810
-10188
-5641
-9176
8199
-19212
9739
-7152
-1544
-6108
1296
-14316
7173
-7116
2281
5160
6396
-13288
-2310
-16372
-3542
4100
5118
-7160
3058
-9188
10747
-13304
-765
-12244
7434
-15312
7987
-5116
11237
-18416
776
-2012
-3296
-13209
-770
1080
234
-11260
11293
-2028
-6661
-4060
-1540
-5084
-1053
-5104
-11741
-3056
-241
-8124
4346
-8140
-1291
-2004
14566
-12240
747
-17376
4615
-19436
521
-15348
-5126
-3052
-2820
-14272
-7709
-3036
-5613
-2028
4086
-8120
-244
2068
2837
-19440
5874
-8176
-10274
-4052
-6153
-3044
-13301
-13276
-2039
-7124
4335
-6116
-2298
-4032
2044
36
523
-11216
4589
-8160
-3055
-17360
-3131
-1020
1813
-14264
-8955
-10192
7170
-10204
-11783
-8172
-3857
-4052
-6434
-776
1550
-8180
-5603
-3864
-1020
-11212
7696
-3032
-7662
-9180
2280
-4072
-766
-3024
-4849
-9200
1274
4120
-8957
-12208
2293
-21480
5111
-8132
-5093
-3004
5104
-14292
779
-9129
505
-10224
-11294
-20472
-6139
-9144
7444
-2020
-1004
-8160
-1548
-10216
3313
-16368
-7715
-11228
1271
-5072
4891
-14096
-2825
-4092
8710
-12276
-243
-12280
2578
-7108
-1059
28
-1260
-10212
-6402
-4880
-3086
7180
1
-4088
5141
-13264
-4869
-10220
249
-5072
1794
-7144
-5592
-7136
-5105
-10224
1841
-5100
4094
-2016
-2337
-12264
-6904
-17364
-3320
4100
10202
5152
1547
-16348
-12042
-13288
5127
-2016
4412
-4064
6938
-6124
3573
7188
-293
-10240
-3835
4336
2074
-6108
1269
-13284
1504
-4028
-14
-12268
2290
-15348
-9208
-5116
4828
-5060
-2831
-6116
-10982
-14316
229
-7128
4579
-3064
9950
-6112
-3368
-3036
-9486
-16372
-7692
-7128
-2834
-14272
-4855
3116
1019
-12260
2298
-3993
1026
-17388
-469
-15308
-1022
-17364
16669
-14268
-2317
-1008
11761
-9136
-5877
1056
8924
-3048
3325
-12284
-5360
-2040
-4369
-10232
4123
-19436
-3053
-7104
-1062
-1020
10782
-7132
5099
-1996
-5874
-4044
246
-7120
7936
-18392
-6144
-12264
6135
-5056
-3587
-17344
-9235
-8164
3068
-6088
1053
-11252
-3360
-3024
-4341
-14312
-5584
-17388
2044
-7124
-2077
4144
-2569
-988
9744
-5100
5117
-10220
5379
-14296
5363
-5072
10739
-3856
1034
-8168
5915
-8168
4585
-7104
-6681
-3012
-7160
-6924
7188
-2004
3588
-2040
-7412
-11220
12288
-772
8178
-7112
-3102
-10200
-472
-13264
-5410
-15292
-4639
-14284
7145
32
10234
3108
-230
-9992
509
-12260
-1295
-11200
-2344
-3008
-242
-3052
-7927
4124
-762
-5088
6162
-15124
7956
-11256
-12290
-8144
4610
-12268
992
-9180
-6417
1240
3849
-5112
7936
-3060
1813
-5068
-1520
-6124
-3865
-6120
1565
-11256
-2287
-13284
-4636
-23044
3347
-6928
1559
1088
12791
-15340
-7174
-4048
4841
-1004
-5608
-12264
-3825
-11212
4625
-8140
-2277
-7940
5420
-3032
8421
-7160
500
-15360
5893
-1024
4847
-7144
8188
-13296
-4099
-11224
-5911
1060
2066
-6092
-3305
-9196
3558
-9192
-3577
-11028
2557
-12256
-1304
-9188
-2561
-10188
1031
-3848
6397
-3048
16140
-7144
4615
-3036
-5366
-4096
501
-9164
4394
2096
-5860
-1024
-8451
-6112
9224
-4076
-7686
-5064
-4885
-2032
-271
-11248
7438
-10228
12283
-8180
-5396
-3012
1259
-5092
3353
-12256
4340
-1004
-1541
-10196
8436
-6096
-2797
-14316
-2050
-8168
-5382
-2016
-16
-13256
3332
-16140
-1788
-12244
1281
-9200
4107
-3060
3853
-9208
2547
-2020
-1794
-12256
-6136
-14324
7446
-8160
-7680
-20436
255
-11248
4360
-13304
-4356
-988
-4560
-9992
-1821
-10216
-7949
-12060
-6430
-3052
4631
-8140
-11283
-10196
-8955
-5892
10748
-2040
-1524
-6112
4828
-4056
2325
-11252
-8202
-9208
8704
36
1294
-19428
-10189
-7168
20929
-6112
2034
2084
775
-4872
12523
-12284
-2332
7212
-8189
1064
5608
4128
2061
-3040
1775
-2000
1265
-3032
-7176
-5108
1548
-8128
9231
-11256
-7
-6112
-9217
-6120
788
-5064
783
2076
5164
-960
-2030
-10200
2270
-5092
-2031
-12036
-9201
5144
2802
-2020
-818
-12264
-1564
-12048
4121
-7136
2023
2076
-1537
-14088
9682
-2028
-5368
11280
1815
-11248
4869
-9176
-6382
-9212
-1526
-1996
-527
-16184
503
-4068
-6397
-11232
-5866
-15352
7411
-8176
4887
3152
2539
-18432
281
-12256
-10743
-10228
1263
-4064
2526
-5080
-5090
-1996
8919
-772
7648
-15336
-5603
-11240
-510
-18384
4348
-17372
-10238
-13240
507
8232
2825
-4068
8439
-10216
2291
-23264
6118
2080
1775
-7952
-1020
-7948
6676
-9180
-11319
-6108
6174
-6108
2767
-8168
-9483
-2024
-1281
-12044
-4121
-3072
4582
-2020
4906
8236
6164
-6136
-3320
-5072
1763
-11240
-1022
-7168
7180
-10240
1800
-5892
2825
-14088
-4113
-12232
7411
-2008
3092
-13268
5138
-3028
-4
-6132
-6157
-2028
-1279
-16372
5153
-7132
7154
-4084
-3289
-6144
-9474
-9208
5892
-14272
1559
-2024
-2841
-13276
5655
-14308
3104
-6104
-8669
-14320
-3851
32
-8234
-3068
2302
-17380
21233
-10224
2296
-972
812
-8968
9979
-3028
-9169
-11244
4581
-2016
-10960
-7164
-2808
-1996
768
-9168
-1538
-8160
-3079
-9180
4128
-4088
-10757
-10220
6688
-3032
3583
-9192
-747
-3056
-6390
-10188
1251
-10196
-495
-1008
5861
4128
6960
-10172
-1536
-3072
-3105
-4096
11512
-3048
-4110
-3036
-235
-7140
-4620
-14300
14602
-6092
-7905
-11252
772
-22228
1290
-4072
-1242
2092
-3075
-12260
-3812
7192
2040
-13256
13845
-9188
-1263
-3036
1000
-9204
3605
-9168
785
-14324
-1558
-10180
-7964
-10204
-519
-10216
-12779
-3040
-2554
-13264
-773
-7152
-7146
-16344
-1035
-3032
1262
-7952
-3552
-13312
-2833
-8168
6665
-13288
-15773
-9212
9447
-11236
-758
-8184
-1008
-5076
4057
4116
2313
-16328
-1801
-17396
-6417
-4024
2044
8
478
-6140
4569
-2032
-3339
-12272
-8987
-6136
-769
-10188
9472
-3012
-6394
-3028
2839
-988
2283
-5080
-4089
-15336
6148
-6928
-3283
-8148
798
-2836
7191
-3060
-11808
-8168
-5616
-8968
-1243
-15316
-6415
-12280
-5608
-15324
-3593
-10228
3569
-5108
-6663
-3064
1061
-8192
-554
-1988
4104
-5076
-771
-10184
-228
-14312
-2356
-10228
3340
-8120
4880
-13296
-3879
2072
-250
-5064
-2528
-10184
3102
-15348
2835
-4064
4617
-9988
-9241
-15344
6670
-4072
-11758
-6120
-1758
-4040
2587
-7164
4369
-21492
4164
1056
2581
-6108
769
-6084
2558
1052
4859
-11192
-1556
-8972
-4332
-3020
1096
-3068
2320
-14288
-2582
-2036
-4626
-7128
-14867
-5076
-5891
-12276
-7925
-14292
-5909
-10160
-1294
-5104
4901
-16344
768
-18416
7189
1044
-9206
-3020
-1521
-12244
-7964
-13288
1060
-3036
3579
-964
3347
-14300
12769
-17328
-481
-8160
14607
-14300
1030
-12268
-1272
16
1740
-9184
-7160
-9164
6649
-3068
-7938
-14260
-754
-7152
-3073
-6920
-7438
-13292
-6161
-4032
4347
1060
2552
40
4118
-3052
3568
-1008
1032
-10228
-750
-6104
-6937
2284
7707
3072
-5834
-20472
6120
-8152
-5094
-6088
252
-3016
3590
-7140
4612
-7128
-2271
1060
-2047
-11216
3843
-4060
-4365
-7156
-8418
-20452
-1549
-22020
7396
-8132
1022
-5088
-1038
-15312
31
-26308
-6128
-21468
-4347
-11228
8190
-9176
11285
-7124
-4558
-17356
5392
-8164
8449
-9196
-1511
-10188
6657
-5056
-495
-13276
-8692
-10208
-520
-1012
3601
-7152
-1560
-19420
1036
-960
-5889
-10232
-3045
-6112
222
-14320
4343
-9160
2577
-4064
3858
-14280
-8944
-14320
2824
-19412
-2075
-6100
-3054
-12248
2838
-10204
-1003
-12288
-1305
-13288
3075
-12260
8959
-10216
5887
-5896
4583
-13284
-480
-7136
778
-10192
1289
-16324
-2033
-10216
-9463
-5076
-2832
52
2354
-18188
15096
-8184
-4598
-5080
-5615
-4076
-7713
-10224
-7449
-15348
-5604
-7132
-7169
-18376
1821
-13284
9489
-21504
-12574
-18396
784
-6116
13865
-6916
5668
-14296
512
-9168
1522
32
1793
-12228
-12809
-12264
-270
-10196
2541
-3008
-1002
-9204
-1020
-3028
-756
-4876
-8
-1016
6137
-14296
-7151
-8168
782
-17380
-10522
-9196
-3350
-7944
-3366
-13225
-4316
-5076
-2574
-988
10504
-10192
2293
-11248
4598
-996
-2813
-4092
3341
-23268
-537
-4060
-14603
-15328
-2835
-7088
-1806
-6924
-1067
-13284
-504
-7132
-1790
-15340
3806
3136
-3601
-8972
-3295
-11264
6383
-6108
-11505
-1008
6162
-2016
1808
-980
-2059
6196
-753
-5092
7677
-7116
11025
-3048
-7429
-4036
6675
-7148
-1062
-10220
-770
-3060
8972
44
2555
-12228
10737
-1796
-3100
-6076
-6682
-7136
2556
-7136
5387
-10200
-5883
1076
-3089
-12268
-7219
-6104
-4888
-5072
-4857
-8176
-6940
-11200
1296
3080
993
-3020
-4376
-3860
-2869
-1008
-12782
-5892
-5606
-10212
5374
1028
14868
-2844
5148
-3032
5115
-3060
3843
-5100
999
-1976
-1264
-976
-6918
3092
-2035
-15348
13340
-14292
-2528
-6112
-8713
-19436
5870
-4036
3834
-3036
-5125
1048
-4091
2072
-2572
-5092
-8721
-8164
5631
-12248
7931
-4048
1006
-2036
-1515
-5912
4579
20
-5881
-9204
757
-7116
8189
-10212
-2326
-4088
-6960
-13076
7395
-19448
-7411
-13284
-7953
-14284
-3860
-4080
-2775
-14324
6381
-7108
971
-8168
-8206
-10168
2807
-10220
-1764
4128
-4587
-2036
5647
-6144
-4600
-12280
-243
-3040
-2561
-7140
-11258
-8128
5632
-988
3590
-9168
500
-9176
-1306
-18384
268
-3016
3068
-12232
-2855
-5088
-455
-21452
-8957
48
8684
-9129
-255
-9180
2823
-8168
-3855
3120
8183
-13292
-3583
-7112
-248
-12252
13069
-4072
1271
-14304
-5127
-7160
3326
-15296
-12
4128
-3056
-3040
8722
-2020
7163
-9160
5392
-4060
-9441
-8192
1551
-9180
-2808
-14272
1788
-5912
-5932
-9200
5647
-19392
6159
-3024
1781
-8128
4390
-10204
3836
-13248
6410
-14284
306
4108
2337
-5084
3074
-11208
6413
-17364
-3115
-10200
-7691
-15304
17416
-14292
-1261
-4048
-2557
-17340
-4852
-9180
1822
-6920
-4119
-9200
-2579
-7108
-259
6188
11570
-12256
28
-12268
4123
-15276
-8426
-9196
-2058
-15340
-2043
-16364
1772
-13296
8149
-8184
4377
-5100
2806
68
2285
-16328
9733
-4080
-15109
-6092
15587
-7136
-8421
-17404
485
-2981
-4103
-11028
-4365
-12040
-484
-11244
-466
-13300
-1552
3128
-2067
-972
-6393
-13276
-8209
1064
2539
-13292
-4894
-796
9200
2064
6625
-6132
7412
-7164
1026
-1988
504
-11248
-3067
-2024
9194
236
-5355
-11232
2034
-1004
1546
-3036
-1299
-3020
-7687
-4060
11793
-2048
-4387
-9188
4101
-1800
-1502
-14304
7166
-11012
12
-13300
-3850
-8188
4120
2064
5377
-2036
2531
-11252
-14592
-11216
-4081
8
-7680
-13268
-2064
-10220
506
3084
-2373
-4056
1555
-6100
1561
-16352
-263
-1804
-2516
5160
6902
-4064
3594
-3032
-4857
-13308
-3590
6176
-2313
-3064
-2834
-14308
1512
-2012
-721
-4036
-1536
-2016
-8218
-9200
4384
-9192
4328
2064
3065
-2008
1299
-5096
2579
-14272
-1530
-3056
-3310
-8160
-6662
-20464
5364
-12256
-5619
-6104
2070
-5072
6143
-5928
-7191
-13284
6172
-7160
10517
-12244
-272
-8156
-7681
1080
244
-3048
5369
-2008
-5406
-13284
-9999
-9212
-5879
-6108
1246
-5068
13588
5128
1768
-23232
4601
-12288
-5391
-7136
-6126
-18408
1052
1040
5355
-964
-1259
-10236
5663
-7108
-12543
-4876
-2359
-11232
-4871
-4064
18
-6096
4617
-988
-2827
-4064
-2584
-14308
3332
-9988
5657
2104
-493
-6088
12025
-8152
6154
-2024
9755
-4044
-263
-3024
499
6192
-3850
-16360
-4918
-12264
-1016
-16348
2321
-11208
6149
-7077
-252
-19216
8149
-8156
-3822
-4060
5110
-9204
-8219
-11024
260
-6096
5867
-5080
6
-14292
-304
-9176
-3106
-10232
-4869
-7120
4093
-3856
15606
1032
274
-16140
8468
-15340
1012
-14292
-5114
-9192
729
-4020
-31
-16336
-1034
-8144
-3057
-3052
-6915
-20464
-2340
-8128
-7666
-8136
-5109
-12260
5100
-10176
2323
4132
1780
-9196
2282
1024
-726
-10228
3869
-2024
-246
-1008
-247
44
-4119
-7120
5894
-9164
-5628
-11224
3827
-10200
-3292
-3036
1020
-2000
3090
-13308
3320
8260
1026
1072
-770
-6116
-994
-5088
11723
-6088
751
-984
1833
60
-2025
-968
-6956
-7084
-2819
-3052
-3056
-10180
-4389
-5044
-5608
-9212
-2040
1024
-19203
2260
-778
-984
7681
-972
5386
-6088
8402
-11264
-6
-11256
-2569
-8164
-7170
28
7923
-8176
-3589
-13280
2104
-9188
-2296
-988
-3832
-5076
-5151
1060
-8175
-6132
-1301
-7160
2023
40
3859
-6120
11550
-11256
1268
-6140
-3087
-7116
5086
-5092
501
-2008
-5111
-12232
-3087
-5084
2328
-8188
-251
-6136
1061
-4076
-1553
-20452
-7451
-13248
-3376
-7148
1560
-15348
6138
-5104
-6357
-4044
1535
-4080
4885
-7160
-7447
2100
5355
-8136
752
-9188
-1789
-9196
6422
-1996
-2032
-984
3339
-1012
-1822
1076
283
-9188
-3629
-8152
-7654
-12220
-1268
-4064
1291
-8160
-1550
-988
1797
-3016
6373
-5080
-1556
-3024
-1246
-11232
-566
-5084
2036
-968
8974
3132
-2580
-8148
1801
-8180
-6402
-9168
1020
-10204
-6674
-6132
3614
-6140
-2053
-12240
13583
-3032
223
-4056
-1027
-8148
14609
-2008
7925
-11228
-2818
-4072
-502
-15352
5368
-16348
7701
-8980
5371
-11252
2842
-8128
-3337
-9212
2065
-8172
-8937
-12272
-1768
-11248
3311
-4052
490
-4872
2570
-12036
1790
3128
-804
-11212
-7201
248
-17914
-8168
8963
-21420
-4611
-2028
2542
-4056
1018
-22032
-2785
-6104
4857
-776
7702
-9156
4629
-1968
-2776
-5096
-2848
-3052
5629
