-17348
-1540
-21496
4124
6168
-4853
2072
7685
-5104
3340
-14292
11761
-9172
-2824
-5104
1251
-8156
-6147
-11240
6125
-11232
-227
5172
-8714
-8132
-1287
68
7187
-9176
-9978
-8164
-2546
-16332
2324
4340
4075
-12260
-7641
-5108
-5881
-15265
4883
-14276
7173
-15292
-3551
-7132
1769
-4072
6
-16140
-2324
-8192
1573
-6940
1537
-11012
4357
-6100
534
-9172
4581
-3012
-6105
-17364
508
-8144
5116
-2024
-1027
-7088
1529
-3028
9467
4140
-10222
2088
2334
1048
-4351
-11252
12076
-14256
2821
-3024
2037
-7140
-2029
-1000
2305
-2008
5659
-14280
-5331
-8164
4607
-6128
-1024
-13060
5106
-7156
2567
-6120
-5429
-10176
22
-8148
11249
-12256
-6642
-7152
6931
-992
-5363
-1020
-245
-8108
6389
-8160
6672
-9204
-1318
-1012
-1280
3112
-2065
-7152
4098
-10208
12010
-11232
3842
-2016
5653
-3064
1257
-3032
-21
-10216
-1523
-9180
489
-2024
3547
-6916
222
-3024
-1033
-2016
-1029
-9168
4628
-9212
-2842
-12232
-3077
-12284
3584
-17376
1804
-7084
-3339
-6132
-8184
-12288
-6389
-7100
5352
2076
3600
-8168
-2556
7216
-1024
-5896
-5880
-17168
-6135
-6132
-5129
-11216
3
-10216
-3053
28
8198
-14316
-1784
-5908
5880
-10208
-2314
-9180
-2527
-5104
-7690
2064
-5129
-6112
-7190
-7156
254
-984
-1319
-5064
-1028
-11252
5639
-8176
-8193
-12204
3792
-7944
7676
-2020
-3834
-10228
-4844
-6928
7194
1276
-12524
-11228
4392
-11228
260
-11236
-264
-11012
-481
-13288
514
-10208
1004
-6108
989
-9176
2555
-776
4622
-11240
3592
-5100
-8172
-10188
-2058
-4052
-3326
-4060
44
-12244
8925
-964
-5866
1040
-9477
-984
-3322
-18388
-3316
-8132
2311
-20440
1528
1068
-2290
-11244
7421
-14296
-2539
-15344
-2800
-8144
3084
-4076
-1276
4
-777
-11240
3325
-7156
2281
-18432
-12572
3112
-6106
-9200
-2831
1044
-4870
-13280
-2570
-3068
6404
0
-1054
-12240
-6140
-7952
-3346
-9216
8171
-19448
3598
-8136
-11537
-10224
-3865
-9204
4083
0
-2557
1076
1262
-8184
-5366
-4080
3058
-17156
6388
-4036
-8173
-14276
7436
-12244
-4342
-2996
1293
-14320
-3835
-20464
-263
-11232
5910
-12264
-6922
-20440
-10772
8216
6616
-21468
6658
-13296
2816
-8160
-3306
-12268
-7426
-4080
5362
2076
-4330
-5092
5385
-10184
-3582
-4044
4876
-15336
3075
-10008
3049
-5076
-2267
-22216
5886
232
-6422
-2040
3317
-16344
-508
-7104
752
-4048
-6405
3072
8458
-15316
-1291
-10212
7
-10232
-3567
3316
5896
-6068
6649
-4080
243
-21476
-540
-5096
-7173
-8168
8478
-8136
6913
-10164
5596
-5104
803
3108
3058
-6108
-2084
-10160
-534
-3072
8175
-18400
-1837
-7148
269
-12256
3329
-6096
-42
-18400
2274
-2004
-36
-12280
-2556
-14084
-7947
-20472
-4053
-10240
11765
10308
-2574
-9164
-1540
3156
-5095
-3068
-1786
-6132
1268
-3012
1055
-10240
-1279
-5068
-4550
6184
5642
-7116
6945
-17388
-2030
1044
5369
-11232
2850
-21468
-5650
-8148
-6670
-8152
6907
-6104
2796
-8176
-3590
-23256
3896
-4088
-7463
-3072
-2580
-6092
-13323
-12232
1784
-8136
7463
-7140
-2
-12189
12016
-1996
-235
-11240
-1819
56
5149
-12268
8710
-3844
2569
-8188
-2820
1088
5865
-15344
-5124
-11236
-8670
-6136
1290
-10153
-5406
-2032
2071
-13072
-6647
-17404
756
-3028
3587
-1828
768
-8128
2086
-11204
-7933
1068
-1557
-10200
14
-3040
5123
32
7921
-13272
6925
-20428
-4369
-14316
6417
-9148
516
-1000
3080
7408
-4631
-2036
13318
-1804
-3078
-10188
-2567
-13280
-242
-17404
-8965
-9180
-4098
36
6119
-2024
-3837
3104
10009
-15108
-7684
-2820
4089
-5060
-6907
-8180
-7431
-9180
7627
-15320
7461
-4096
-4092
-13308
-1535
-14320
3845
-4060
7180
-19428
-3841
-10180
-5653
-7144
-12
-7128
5141
-16132
4642
-7144
9155
-8972
-5897
-10156
-6640
-16356
-5592
-6104
247
-976
-8675
-2048
4897
-12288
2555
-4068
15
-9192
-2800
-8180
2542
-6116
3347
-12236
12813
-12268
1004
-7152
-9000
-12212
2087
-5096
-1494
-7128
1804
-4048
4329
1088
5108
-11208
-6154
-1024
1543
-12212
8171
-8116
-2819
-5100
3053
-4056
499
-8964
-4629
-18396
2309
-14100
-4866
-7160
-2857
-792
8957
-7152
-6424
-11224
11529
-8132
6396
-17340
4350
-5064
-4623
-10184
4379
5368
-9728
-7128
-2297
-11196
-9490
-5072
-265
4128
3316
-4076
-4853
-12260
-3354
-11244
-6156
-16324
1538
-14284
-3306
-10200
-3339
-6072
-3843
-4072
6623
-16328
-15367
-4092
1288
-11256
4833
-8136
-3559
-6916
5895
-12044
-4129
-9200
-2022
-12288
4314
-11204
3864
-12244
3844
-14284
-6638
-10204
-16891
-984
5896
-9200
-29
4124
1278
-12224
4356
8224
5373
-980
-2042
3076
11764
-6096
-5118
-5108
6418
-15316
-8182
-6076
2041
-8148
5104
-6088
-7659
-6112
-2324
-14264
5862
-10208
-3569
-17384
-5913
-7940
-8707
-8156
236
-8160
1542
-12260
1267
-7148
-3831
-4060
-766
-15352
5101
-8140
-490
-9212
-3533
-3028
2815
-8188
8703
-17380
-1530
-12232
-252
-4064
4597
-17368
7959
16
4122
-8144
-2071
-7940
-2318
-6076
4132
-7940
-16114
-996
1314
-4080
-1819
-3032
-1029
-3048
-7682
-15352
6189
-4052
-2540
-12260
4370
-9204
-1272
-10220
9222
-5072
-12190
-11208
-2818
-4068
-2574
-7144
265
-13296
5368
-5088
-4355
3080
7167
-24280
8448
-14292
-2073
4132
-253
-9192
-4362
-13300
-7190
1048
-3552
-12264
3061
-6120
-9785
-7960
2033
-956
753
-3016
-7684
-9176
5136
-11240
1566
-8172
7695
-3024
11266
1036
-1778
-14332
-3299
-5112
-2812
-1020
3035
-7144
10749
-8964
776
-2020
11539
2056
-4848
-10172
-7686
-9176
1031
5136
2269
-992
-5641
-17392
-16374
-13280
-540
-12212
3320
5124
-11233
-12240
2543
-18400
5901
-4084
-2549
-8184
-6149
-2844
8680
-10192
738
-11232
1048
48
-5642
-12268
-5649
-15108
5367
-6916
792
-6092
4337
-16356
2302
-8132
277
-8136
11825
-2020
6932
-14304
-483
-12268
-2321
-9172
2044
-7144
7691
-16140
4600
-18368
-5393
-11236
-4866
-2000
-3875
-6092
-8687
-7116
4879
-3020
-6646
-10220
-3324
-7116
5851
-11264
-2789
-5088
12014
-5896
-2027
-7944
-2326
-6120
-1005
-5080
-2289
-8144
-2033
-16324
-808
-5092
10244
6176
-5888
-3036
-10750
-8156
8188
-8160
10475
-6108
3346
-8972
-13034
-5096
-3852
-22224
-2293
-5112
-2013
-6124
2320
-14308
-1560
-12288
2590
-12256
-812
-2024
497
-3000
-5636
-11212
1258
-9172
-4344
-10240
-1517
-9188
-5144
-948
1807
4140
4047
-8160
4625
-15128
-3588
-6132
4365
-11240
-779
-11216
2841
-14096
-6902
-21468
3096
-996
-3840
7220
-11798
-8124
7679
-2036
-3607
-8140
505
-7144
10486
-8156
-509
-13284
9749
-12240
-6674
-5072
-293
-3844
-2577
-13260
-8921
-9200
3567
-7940
-773
-9212
749
-3852
-12282
-13300
1828
2084
-9471
-9192
-5652
1040
-4599
-14264
238
-15340
806
-8168
-760
-12256
-12025
-6068
5889
-11216
-726
-3852
232
-11220
11039
-2036
5115
-13284
1300
-7156
-2791
-5068
3307
-8188
1261
-4092
8217
32
-1039
-13256
-4353
-12044
1543
-10224
975
-9212
4378
-11028
-513
-11252
-4872
-11244
6919
-8168
510
-7156
-5871
6172
8739
-6116
-756
-5080
-770
1076
2294
-3028
-5629
-3024
-3306
-9196
1787
4128
-3086
-6116
-6154
-9168
-6702
-8164
1776
-10192
2571
-8180
-2802
-11208
-735
-7148
-5403
-5116
-4873
-8980
1026
-12264
4323
-18416
-2827
-5036
1010
1036
-1821
-17380
5109
4152
-1297
-17364
5377
-11216
-1810
-11264
-2330
-16384
7427
1108
6440
-6140
2339
-12260
-282
-14320
-5886
-9208
-300
-7128
3850
-23280
-1819
-6144
1053
-15284
-8150
-9184
-12540
-3024
5119
-4092
-3628
-6116
-4319
-10204
3109
-6132
4084
-9148
5589
-4076
-1054
1084
-5637
-8144
-47
-24268
3550
-10204
3031
-3004
1802
-5088
1532
-7160
-2074
-9144
-1525
-7136
2828
-11252
-12070
-1024
-6397
-925
5123
-13312
7424
-14296
1012
-8156
-5872
-7960
-1254
-10192
1316
-1820
-7674
-20440
-3338
-16384
14350
-7084
4593
-8172
1522
-17384
-1027
-11228
-7171
-6108
9755
-5116
-2544
6184
3332
-13296
-3839
-11244
710
-7140
-1519
-1004
1553
-7148
-1482
-11208
-13811
-10180
-1027
-5092
-779
-6132
7939
-11192
1511
-3060
-6661
-1016
2828
-14328
12046
-9160
2024
8
-2566
-3848
2818
-15108
-2810
-14292
3799
-4080
-4364
-14328
-5133
-4888
1539
-6128
3053
1072
-4
-13064
-6381
-8172
4105
-8192
-532
-9196
-14330
-17376
-3840
-9196
-761
-4052
3626
-1024
-6401
-5084
-8475
-10172
-11743
-20464
289
-13268
6407
-2008
-12563
-6088
1788
-12252
-3830
4104
7153
-6064
-7440
-7168
3304
-5108
-230
-11252
-3073
-14324
-4588
-9196
9454
-11248
538
-14300
1558
-9160
-1005
-13260
-3077
4
6
-12256
-1001
-8132
-9225
-20420
991
13348
-1536
-10192
9215
-8184
5392
-3848
-6409
2064
4339
-5116
6142
-17168
3566
-7136
6367
-9196
-22265
-4060
11282
-7164
3073
-9156
-4581
-2981
-12528
-17380
-2573
-10196
-2516
-14328
-4880
-12256
2059
-7100
-4651
-6120
-8712
-6076
-7200
-13292
6876
-10240
-7914
3116
-3846
-2016
-3046
-21252
3080
-10228
-5401
-9176
5635
-5096
14312
-5088
14848
-5108
-7442
-3020
-3619
-18392
-1282
-14320
4102
-2036
-3124
-11244
3849
-8128
8203
-6112
-7164
-4092
3593
-976
738
-1008
-6152
-16344
-5605
-14260
-6679
-11212
-1529
1028
-7699
-17408
-786
-4072
-5088
1068
4888
-6132
-5836
-5072
6407
-10196
-1271
-6132
1294
-9192
-525
5120
-1543
-4096
-3359
-6100
-8458
-972
-1278
-4896
474
4128
-547
48
7134
3092
-2829
-8164
2026
-14316
4868
-8176
6657
-16368
-3325
-792
1802
-10212
3314
-3048
-1035
-7140
-2297
-4092
-8
-9196
-15893
-5120
4923
-12240
5151
-2028
6132
-6112
12575
-2832
4620
-5104
763
-14304
7955
-7065
6939
-11216
-22
-8156
6891
-9188
6889
-1020
-1803
-8192
-7398
-8176
-6928
-7148
-2042
-9176
-2584
-2040
3815
2056
3553
-17372
-6905
-4032
-3263
-5112
480
-7144
3333
1072
6693
-12244
-2811
1052
-7717
-7152
-1011
3072
-11241
-20424
978
4116
-7143
-4056
3847
-12256
10232
3088
-512
-14088
3312
-19436
4088
3092
3
-14092
1256
-5060
-7422
-4052
1524
-12228
3579
-2028
4357
1040
9708
-13280
4108
-13300
-526
-2008
-2818
-13296
-3080
-5896
2570
-2828
-2274
-9208
774
-7144
2595
16
-497
-6080
530
-7168
-6427
-10224
1774
-3060
-5889
52
-11781
-12288
3083
-984
6679
-2028
6114
-5116
-5098
7228
-2276
-12268
-3807
-18384
6119
-8964
-4856
-5112
999
-3856
5104
-2004
3052
-4040
-4095
-11208
-1849
3104
1801
-12240
-2012
3112
6636
-12276
14
-8144
-1042
-5104
-511
10300
-7195
-3032
-3588
-12036
6911
-6132
2850
-4052
2830
-14292
6390
-12240
3601
-3056
-3819
-4048
-2794
-19404
4871
-11232
-1773
-7168
-1775
-12264
12046
-6080
10750
1028
8966
-4052
-9985
-14308
3086
-18408
1530
2296
1312
-7132
3585
-4048
-4594
3072
3348
-6104
7676
1084
-7157
-8192
-1042
-3012
-291
4124
-492
-7944
-5179
-4088
5138
-14272
-2835
-9216
-3318
-5072
9195
-8168
8443
-9180
-518
-15320
-754
232
2118
-8156
3862
-3064
6630
-4040
-12289
-7152
753
-8184
3577
-6112
-10742
-7140
-19
-10224
2296
-12256
-6126
-3064
2546
-6928
1036
3112
9461
-10232
-6658
-6108
-1232
-9988
4340
-6128
-4887
-6092
3331
-5088
1067
-4056
-3073
-19436
-6662
-5056
-1291
1076
1026
-4072
2572
-2028
5381
-10208
5902
4120
-1007
-3864
-6927
-6128
-4572
-14312
1792
12
-8433
-13060
-3842
-13232
-1575
-3052
-5114
-16328
995
1088
-1023
-8968
-4904
-21452
-9475
-2008
5404
-17372
11539
-9208
-1541
-1976
544
-7120
-4868
-3064
-1784
-19424
-2069
-3064
8434
-5120
-4340
13352
9268
-11220
1795
-18368
-3337
-1012
-3321
-8176
2280
4
-4640
-18424
-5384
-8168
1011
3084
-1535
-1800
-8442
16
4609
-6108
5360
-6132
-6893
36
1253
-7952
-7403
-3060
-965
-9180
3619
-7940
4116
-14312
-4359
-5096
-6136
-19432
-6649
-10216
-3629
-1016
4404
-14296
-4865
-13244
7654
-8192
2049
-8156
-524
1028
3582
-5108
2546
-10192
-3601
-16380
235
-5088
-1297
-9164
-5323
-5096
-1826
-13080
3833
-2012
-2033
4104
-5088
-5104
-1011
-3036
-1323
-4092
-3031
-6132
10755
-13280
-12324
-13248
3100
-8180
-6417
-7128
5659
-16368
7170
107
3334
-960
1543
-1004
7158
-13280
1766
-4060
-6422
-4052
1308
-5924
-7475
-11256
12576
-5092
523
-3048
2548
-8980
7675
-5068
4321
7168
4110
-14308
255
-12240
-8469
-18356
3047
-3060
-2061
-15312
1261
1056
-5881
-4056
1533
-3044
263
-8168
-3099
-18372
2283
-7164
-4094
-7088
2301
-14316
730
-10172
-6393
-4076
2068
-8188
-542
-4084
-5111
-8164
-4621
-9144
282
-9176
-1294
-3068
-5898
-10224
-2326
-13068
-4105
-7136
-251
1032
-8949
-3004
5067
-11208
8679
8272
-4153
-7144
2545
2080
-4073
-12228
778
-7140
-1048
-8136
1281
-11260
2044
3076
2334
-7124
-6673
-7140
-2822
1072
-4333
-17352
7696
-20444
-2299
-5896
3840
-3072
1250
-9192
12064
-6128
1552
-9172
7685
-8128
-18219
-16312
-480
-20452
-7429
-12240
-4114
-2016
1016
-5104
1009
-16328
-9235
-6072
-3284
-8188
8410
-7148
11
-7128
-3585
-2020
773
-1804
-1538
-2008
1017
-7148
-1804
-11236
-274
-7940
4117
-6132
2569
-10000
-11523
-1008
6125
-6096
754
-9208
-17985
-968
3347
-1012
-6348
2284
6709
2104
9710
-7148
4871
-2820
1542
-6136
5624
-12276
-9214
-10200
-8216
-5048
-4859
-6112
3864
-9208
14814
3140
4093
-15348
-7407
-11216
2595
12
2541
-6112
1263
-7108
-6894
-7152
1
-7148
814
-7128
1506
-4060
523
-10196
786
2076
-1767
-25312
-2046
1060
735
2096
-1826
-4068
-2325
-8192
2568
-4060
-3615
-9196
8971
-15328
-1770
-6096
3080
-8172
2344
1084
-6646
-972
1988
-15336
4064
-11252
-2809
5152
-2288
-10160
-6385
-5108
18704
-1004
12787
-14304
-1293
-5100
-1810
-16332
10241
-7104
6675
-4076
5621
-3060
4611
-13280
-3070
-20452
-2852
-10212
-3070
56
-7415
-6132
4364
-8172
-16
-18412
-6647
-15344
-3588
2068
5657
-996
-4337
-2040
4562
-5088
-5606
-5112
3872
-12256
-6657
-8192
7681
-3060
7942
-3844
-3352
-776
5905
-12228
-1823
-6124
-4882
1028
3024
-8172
508
2092
11786
-4052
3337
-8140
4835
-9168
-25
-10164
-5884
-6920
-3123
-3032
-4860
-7116
1272
-13260
5914
-10208
-4867
-6132
4365
-13296
-5876
-4076
7680
-8152
-3340
-6120
-765
-4876
-4349
-14320
-10500
-7136
2
-10176
-495
-3048
231
-21472
1044
1036
1806
-14292
497
-7108
3064
-14316
4820
-5108
-2564
-6924
6377
-9176
-2048
-13308
253
-3024
4067
-2828
-8198
-14300
-4855
2060
-2084
-7124
-12798
1064
3834
4348
-5392
-12036
513
-15324
5604
-9184
3326
-9192
1266
-7144
-1018
-14084
762
-1796
3338
3116
3091
2088
9219
-6128
-3865
-7160
-2271
-10212
6148
-8188
8174
-7140
-4888
8236
-538
3116
3069
-11232
-4343
248
-3566
-7156
-2532
-7156
2859
-5084
1790
4096
-4085
-6128
-3338
-18412
-3546
-11020
4097
-1020
16157
1036
249
-9196
7604
-9196
-6672
-964
-1264
40
-7185
-7124
1782
-6132
-1039
-8132
-4119
-5108
8148
-16364
-8955
-4880
5140
-16136
6424
-2012
-4350
-3032
-8472
-12268
5880
-14272
3830
-7120
-268
-10212
-8446
-12284
6151
-6144
507
-8980
-11497
-8976
1014
-4060
4555
-996
-6694
-12036
-768
-6116
-4369
-13288
-529
-9164
1267
-6140
-3078
-15344
4581
-8140
-225
-14116
-7722
-12224
782
-10240
4358
-3040
8946
-11252
-4326
-15356
10746
-4068
-1279
-5096
3048
-5068
-9200
-10196
-8697
-10212
10510
-7144
2306
20
6900
-980
778
-4056
-1007
-11236
-1008
-7104
4134
-12040
11541
-11200
-1019
11312
-239
-4092
-4589
-10232
-7155
-7148
-7152
-4005
2039
-7124
-753
-3040
-1786
-6128
-11272
-9192
-7179
-12252
3315
-15320
-1268
-9160
1052
-14300
-267
-2044
-5387
-12256
-4576
8196
-3563
-10216
-22
-5092
-4348
-2016
-1569
-4048
-788
-7940
8932
-6100
-1844
-6132
-1795
-6116
3081
-4868
2840
-6116
-8430
-10188
-243
-6116
-2812
-13264
4340
-13284
27
-9164
6625
-18384
-5883
-10216
-2324
-5068
-2536
-12220
997
-10000
15339
-10220
7961
-6924
6138
-12276
2051
2092
-5851
-9192
278
-11216
-7178
-11244
-6399
-5892
6885
-8152
3834
-8964
4623
-6116
-6865
-1008
-765
-5900
-4350
-2028
5664
-14292
1785
-6140
-4881
-2028
-496
-12280
-4384
-10188
-8958
-13308
1527
-15348
-4134
-4088
3610
-4872
-4340
-16356
-4613
-11208
-6
-7128
10264
-7144
6401
-1024
-14308
-8972
-10264
-1800
1296
-3040
-3561
-8148
4359
2052
-11235
-9168
6397
-9196
-4098
-4052
782
-5084
1261
-7144
3865
-8180
-5914
-18392
1523
-12256
-1257
-7136
-2605
-1008
5654
-18412
8188
-11224
1534
-4052
-5118
-14312
-3096
-988
4585
-8176
7413
-2028
-1554
-3056
4838
-1008
-3576
-4072
-2539
-5112
-518
-2020
4353
-12040
-11304
-2820
2841
-19384
5123
-14100
-3604
-3048
-8952
-4092
-515
-12264
-6158
-4044
245
-6124
-1781
5160
-10505
-4088
233
-1004
-10516
-12272
5
-1808
-12519
-7092
-998
0
-6147
-5120
6161
2092
7671
-5088
-11789
-2004
1527
-14308
4093
-14268
-9462
-11212
1543
-15336
5339
-1020
4648
-8168
-3815
-14276
1810
-14324
-2052
-4064
4152
-5108
214
-11264
6935
-5896
4847
-4044
-16881
-6120
-7975
-19448
-7184
-4888
9210
-6112
2845
-3012
-4333
-7940
-238
-10220
2531
3092
-1555
-9196
6918
-7140
-6382
64
-2862
-3048
-764
4100
-5614
56
-6639
-5068
-534
-10216
2553
3072
-3852
-11248
-13835
-5120
6139
-15348
-3108
-14300
4590
-5108
-5655
-960
7691
-19424
-1012
-2016
-3591
-6100
-3080
-9188
12271
-12284
14591
-4868
3586
1068
-4100
-5108
3588
2048
10741
-3024
234
-8188
-4090
-16356
2304
-12276
-2324
-7156
-1520
-20448
6891
-9184
4597
-2008
-1542
-8132
-6667
-10216
-7195
-12268
-791
-10208
-7214
3084
5385
-11228
-6915
-8144
-6395
-14280
-241
-11196
2551
-8180
-1008
-1808
-262
-2048
-12293
-1992
5382
6204
5922
-9152
-2053
-10184
7665
-11212
10727
1068
-2324
-13248
1854
-7160
6650
-5084
8426
2072
-7682
-8984
-5918
-8152
2560
-7132
-8987
6152
5377
-15288
259
-3020
-12013
-11216
-24900
-13292
1791
-11220
-1030
-7124
6406
-4060
6651
-6136
531
1032
2565
-2824
4864
2076
-13564
4128
3285
-5096
5675
-4052
7687
-4092
-8193
-4068
2595
-16356
-4095
-5912
774
-3048
8199
4
-8170
-2020
5385
-3844
-1798
-4092
-2811
-4052
10733
-15328
8992
-4080
-1801
-13276
-7946
-8140
-9762
-12252
-6422
-3852
-989
-10192
-3083
-10216
-4326
-7164
-6415
-980
250
-9200
-10707
-988
1477
1056
3627
-5072
-250
-980
258
-9204
-4097
-8168
-4372
-4072
8176
-7128
255
-11232
5636
16
6132
-9200
3576
-3884
5379
4132
-6199
-9988
-8689
-12244
-6658
-3036
-2816
-11204
-2593
-5080
7177
-4892
5849
56
-761
-15336
-7692
-15344
-5134
-11228
3068
-5896
6146
-7124
1790
-11232
4382
2096
-9746
5196
-1255
-7160
-5386
-13256
-5642
-2032
13079
-3056
2572
-7116
8706
-5060
-2785
1084
-3345
2064
-2535
-9180
5883
-10196
5866
1056
-11752
-11228
-234
-5080
12308
-11224
-1288
-7124
-255
-8964
2808
-20436
757
-11228
4391
-780
538
-2012
-2818
-5088
-1301
-2820
-5387
-12248
6654
-11220
-15606
-8184
-2556
-8156
1766
-11264
2557
-4076
6680
-2820
1510
-8160
-5102
-7120
-11494
-6124
247
-11216
-1509
2300
1782
-8176
7943
-9176
3582
3132
7170
16
251
-1012
-5365
3116
-4078
-13276
-532
-4080
-8985
-5096
2055
-21464
-12321
-4064
2290
-3012
-4070
-17392
-7959
-13264
6630
-3040
4352
-4088
4599
-6916
-6392
-5068
-222
-6088
-1267
-10196
9202
-14280
773
-16352
-4864
-11236
-3066
-4880
2279
-13264
2048
-8180
4854
-9208
5879
-7152
-11492
-12256
6132
-10184
1066
-10204
22
-16368
775
-12268
-1304
-14324
-2585
-8132
-7682
-9160
-5110
-6108
797
-7120
3593
-2020
-2062
-4072
6377
-1796
-8145
-7132
6887
-1984
-1260
-12268
8217
-14292
-223
-6092
-8435
-12208
12236
3116
-510
-7108
-1491
-13264
-13022
-8964
3124
-1992
-11526
-11192
3856
-15328
-3338
-2004
-3557
-10224
-5131
-3844
5415
-4076
5895
-8964
10000
-14300
10263
-8180
3832
-972
-6406
-13264
-2317
-14312
2293
-12044
5095
-13288
-2253
-13276
1004
1052
3111
-17344
729
-6096
7670
-8172
-4639
-772
-1543
3100
-9
-2848
2064
-12048
-5393
-13252
3061
-3020
9720
-6116
3362
6200
517
-5092
-280
-12244
-8973
-13284
5652
-11252
2278
-14320
-2564
-5084
-1528
-2824
262
-14324
-5893
-5100
4613
-10192
-5898
-3060
-2325
-13280
-4866
-15336
4631
-13296
3295
-12252
-1519
-10200
-7689
-3020
-5914
-11236
-9718
-9192
1069
-13284
-5657
-17305
6635
-10192
-547
-3012
8735
-9208
-1800
-10196
-1525
-2020
10259
-1004
2315
-6108
9716
-6100
6941
-6116
4572
5368
-6859
-14280
7962
-13288
-754
-10208
-497
-13304
25
-8968
2
-11256
3864
-21436
6163
-4064
3365
-8120
9508
-6100
9953
-15304
-250
-8156
-1032
-5088
1279
-7948
-7729
-11248
-499
-3852
10278
-8152
2815
-11216
-2022
-14308
259
4116
-4093
2080
-1024
-10204
-6653
-8168
5866
-14312
10778
-9160
-10479
-8132
10000
64
-6174
-17364
-2335
-12244
3852
-6124
-6399
-18432
268
-6104
-4337
-8140
-6157
-9992
-2299
0
-6665
1052
-3578
2296
-5652
-15300
2824
-14328
-9485
-13288
-478
-13284
4586
-8172
-4361
1044
-8491
-4040
-5135
2056
7914
-8128
6385
-6128
8169
-6140
-8431
-7132
5584
-6076
-3017
-5068
10477
-8172
-4612
12296
7199
-2020
770
-13276
1279
-6104
-7944
-3052
-1558
-2824
4111
-8172
-3590
-10224
-6933
-11220
2
-984
-4637
-3052
1279
-4072
-789
-11260
-5365
-17164
1286
4096
6711
-4064
4071
-9212
6656
-11244
-793
-8132
2044
-15320
-1805
-7152
8707
-5084
-3095
-7104
-2581
52
5385
-4040
-1550
-8168
2575
-9176
-5146
-16332
3322
1028
1551
-11208
-3606
-12276
-1549
-6916
5386
-13272
2297
-15116
278
-3052
8184
-8144
-488
-8968
-6382
-11236
-2595
-11208
5586
-4068
-1090
-15360
-295
-7168
-1820
-31484
14600
-5108
11256
-7128
-1018
-13300
768
-12264
-5630
-9200
11805
-2028
2041
-15340
4873
-13288
-2304
40
-8488
-10200
785
-13276
6652
-4052
17642
-4060
4046
-6916
6134
-7148
519
-992
3597
-18392
-4350
-3024
8661
-14312
-249
-15356
1279
12
-2013
-16340
1255
-4884
3305
-1008
-7185
-929
-1783
-2040
6156
-1824
-1805
-21472
-1553
-9200
-8716
-6092
4622
-5088
-5623
-11264
3832
-8148
6400
-6128
3082
-5064
1306
1072
-2570
-9192
-3072
-5096
-5649
1052
-10992
-10212
-4593
-8148
5384
1080
13323
-968
-6377
-7160
5117
-3024
-13831
-13268
2825
-6100
-2322
-4880
6139
-9160
2566
52
11261
-10192
7139
-3072
-6394
-8156
8243
-10200
-2334
-5092
5360
-9144
-11253
-6124
-6872
-7948
-1274
-7940
-3880
-13304
-8218
-776
-6154
-8980
1522
-5100
-3534
-15320
4114
-15348
-4390
-3068
-2036
3100
5110
-6112
-6135
-9192
5381
1072
-4325
-10220
3810
3088
5850
-8148
4118
-8132
6121
2112
-5888
-10224
2580
-23272
-16393
-4072
-2576
-4040
-5901
1056
6418
-12244
6154
-8180
3068
-11220
-7690
-5912
-1287
-12276
1255
-7140
1539
-10224
4327
-7128
8724
-5064
-2337
-6112
-8696
-7128
-3848
-996
2817
-6124
2043
1252
7418
-2828
523
-992
-6963
-11244
2561
2052
-1793
-6128
1498
-3036
-4877
-3844
1791
56
793
-6124
2065
-13296
-4871
-11252
2844
-6124
10993
-6076
-3043
-10208
563
-772
-3339
-6132
2354
-15324
-3372
-6132
-4869
-17160
748
-8124
-8476
-3040
9720
-7152
-1010
-5096
-2288
-976
4360
1048
7947
-5072
992
1036
-9433
-13072
286
-11196
7455
-10180
-4878
-5088
6918
-6920
-1289
-2004
5910
-8172
-2290
-7132
5646
-984
5891
-5092
1521
5176
-2545
-10212
7917
-1012
-1535
-5104
-1520
-9988
-4369
-3032
228
60
-3024
-10204
-514
-5112
1301
-9188
9223
-6128
-6125
-6112
7933
-4056
-1283
3084
2563
-4040
14333
-14292
-2836
1048
752
2072
-5871
-10188
4334
-6084
-12029
-15320
4653
-5096
2276
-3036
-3648
-11224
7926
-15336
2531
-10208
740
-10220
-3074
-4096
-5367
-18428
9014
-3856
11775
-7144
7908
-11208
-1017
4324
1278
-4044
1521
-10204
2590
-14304
-782
-3064
8731
-1000
-2310
-5044
-4591
-3028
-2292
-5112
-5153
-7160
-9475
-5084
4594
-9168
1557
-13272
4390
-4080
-2572
-10192
-4883
-1024
-3355
-11260
-5643
-2000
2030
-7140
-1539
-8168
-1566
-11236
-2044
5144
5647
-4048
13341
-11240
501
-5112
-2565
-23276
4348
-21452
-2541
-15308
-3333
-2032
8683
3096
-13837
-8160
4348
-9204
5901
-2032
-777
-1796
-1286
-3056
-4118
-10208
-3606
-10232
-4886
-6128
4895
-18212
1015
-5100
8965
-12240
1537
-6100
4102
-9168
747
1040
-2523
1048
5149
-10220
6123
-6108
-1020
-13276
-5131
-16344
2532
-17388
5880
-10232
1269
48
-1525
-6080
-3062
2068
1029
-9152
-9499
-13260
-2551
-996
-4115
-4096
13355
3084
2030
-1000
5899
-11016
3854
1104
491
20
-3375
-3044
3343
-10212
25
-5064
-3869
-9192
1533
-7116
2820
-12252
-1310
-3040
-8952
-6132
2287
-8176
770
-11020
9736
-6108
-8475
-9180
-5406
-13272
7646
-15320
-4868
-7148
5589
-17360
9696
2052
4341
-2000
2312
-2036
7981
-9180
4869
-4872
4858
-11020
-4569
-14332
3615
-14264
7214
-16132
4338
-5920
-7664
-9168
6367
2068
4884
-11036
9219
-11264
-8705
-3032
-1285
-2016
-2803
-3056
-4397
-9152
2363
-6120
-2008
-3036
-4352
-14312
-3862
-6112
-6161
-9200
1032
-14316
1033
-8192
-1572
-9152
7428
-13300
10247
-7132
801
-13260
2280
-5056
4359
-8112
-6665
-23248
2295
-2036
-2064
-6924
-5141
-9188
-1032
-9148
4385
-9212
-3580
-11264
-241
-5096
3332
2080
-505
-7124
8430
-992
-5858
-20228
-5616
-1004
7656
-15124
-4347
-3016
-9998
-8188
792
1060
-9474
-4876
3868
-13292
-3349
-10212
2280
-972
16349
5176
-2817
-4872
10764
-6096
-3329
-9200
-5158
-4076
4366
-6120
-8
-2828
5369
5192
-7696
-2040
-6912
-14272
3059
-8132
-11787
-9196
-2815
-8180
-7925
-14316
-4345
-11180
-7686
4124
4108
-11200
4602
-10180
-4875
-5116
255
-7160
-9193
10240
-2827
-9208
-5613
-8184
-2332
24
-7437
-4872
765
-11216
10498
2068
3360
-13060
497
-12284
6696
6208
2533
-6108
-2320
-9168
-2804
-5088
-3804
-6124
11258
-8172
-10253
3120
762
-776
-1000
-6120
503
-6112
-1824
-5056
-3816
-15308
-216
-14320
3557
-8156
7409
-13284
-7688
-4088
-2535
-10212
-501
-4088
4083
-4076
-6900
2052
6674
-14268
9708
-4064
8430
-6116
-3057
-10184
4864
-3020
8210
-6116
502
