-6088
-9939
-7124
-2061
-5108
8975
-19396
4070
-996
7918
-9204
2036
-3056
-1805
-12208
-1998
-20452
3071
-9996
11001
-7140
-8442
-9200
269
-8172
-5903
-5080
7692
-5064
-6125
-5048
1034
-11236
-2056
10284
8163
-1976
-7708
-7120
4630
-23240
-2330
-5040
10235
-7132
6662
-5072
2079
-10224
-6647
-12252
4853
-10220
-752
-3852
2036
-14280
-4630
-14280
3853
28
-7454
2076
-1275
-8160
2019
-9196
2028
-6100
9728
-8180
3595
-6108
6661
-4052
5
-5100
-517
-5088
-9704
-9216
5917
-11248
2816
-8148
13365
-15108
-5608
-1004
-3325
-6108
2557
-3040
44
-9164
-7198
-8180
-485
-5096
-2056
-9992
7659
1056
-3037
-13276
245
-21476
2582
-6144
8199
-7112
1509
-3016
3620
-7148
4394
-4092
2031
-12236
-6918
-12260
-7690
-9200
-4330
-11228
6383
-16344
-3332
-9204
3818
-13276
3829
6168
4889
-9192
-10723
-15112
3106
-2024
12804
-7944
4117
-1008
-5614
-10228
8708
-20464
275
-4080
-10527
-11107
-2336
-15292
-3077
-5108
-5143
-9168
4097
-6100
2058
-8132
-12251
-21448
1063
-3848
-4347
-15352
-7429
-12252
-509
-8136
-5873
-9204
-2862
-10204
2303
-9125
9985
-7152
8478
-8152
499
-6104
297
-10240
7189
-17360
10251
-7112
8692
-1992
-3590
-4060
-13839
-8180
-2047
-5108
-3565
-6092
1019
4172
-298
-8144
-524
-8180
-2798
-14308
5104
-5100
-5107
-7112
-11523
-2008
2513
-14284
-762
-2012
1822
-2824
1514
-6124
2054
-11232
-5131
-12240
4056
-4072
2071
-8152
5086
-12216
-9459
-11260
-1025
-10196
-2097
-1012
-1042
1072
6147
-10220
-1790
-13296
-7721
-12260
-5623
-5092
-1002
-3036
260
8
3066
-3032
-3117
-5080
-4602
-7136
7164
-2036
758
-12256
3829
-19444
-1286
-12264
-25
1048
2577
-8136
1802
-7136
4346
-18372
-3595
-2008
-4837
-4084
3361
-3028
-2313
-11228
2830
-9196
8698
1068
-3619
-12252
5611
-11224
-2801
-10220
-3308
-15316
7943
-17392
-2564
-14276
770
-7116
-5383
-12236
-13559
-1016
464
-2000
3321
-8144
-1472
-20444
-823
-4060
4847
-21464
-4090
-15324
-2292
-16356
1527
-12236
3526
-17348
-11779
-7136
4094
-21488
2310
-3876
-2825
-7164
9976
-4080
-5605
-6116
-5593
-4056
8464
-10188
3335
-8184
3616
0
-11280
3092
1771
-964
2801
-11220
7941
-3052
3007
-6140
-3061
-15352
-5645
-6100
2821
6384
1250
-9160
3358
-16340
4808
-16360
272
-11200
4852
-8180
-510
-5896
1030
-7124
4104
-11260
6104
-7952
-2809
-12212
523
-6124
-511
-6116
-11258
-1000
10971
-7120
-3361
-13064
8498
-16372
-5366
-3056
-8695
-15340
1822
-988
8480
-6124
1823
-3060
-544
-2012
-10741
1072
1793
-18396
-1296
-12268
-3074
-7124
-2605
-9988
11262
-13296
240
-11236
6935
1088
800
-9176
1061
-8164
5848
-9988
759
-12220
-2565
-3044
1489
-8176
772
28
-8941
56
12058
-2012
-15316
-7112
5361
-8156
-514
-2048
-498
-7136
-5620
6172
7157
2076
3074
-5080
-10242
-10192
-3307
-14332
-5381
-2016
4609
-7132
-4875
-11216
-2070
-17384
1266
-15316
2780
-10188
-2274
-8144
9189
-7140
-1782
-3008
-8918
-8152
-1789
-17364
6906
-11240
5082
1272
991
-6120
-12534
-10220
-4365
-9184
-1813
-13272
-6672
-780
-7171
-3020
5342
-8188
-2560
-11232
795
-7112
3092
-7972
-2041
-5076
-743
-7128
5883
-11216
-2835
-15336
7177
-9160
-12002
-2044
1808
-2004
2299
28
2569
-11212
3099
-4060
10776
-15320
764
-16356
1035
-13300
3853
-23288
8184
-5072
-10762
-7112
9492
-9184
265
68
2079
-11224
-1554
-780
-6656
-7148
4336
-3012
-5374
-10180
760
-13268
-3100
-10176
-263
-9168
-1266
-9129
509
-8132
-4863
-9184
3366
-6920
6163
-13256
-2548
-7116
-6935
-3072
-2307
-4092
1281
-18364
9966
-5068
-2825
-5092
5637
-4080
3325
-8140
6121
3124
256
-7112
9464
-14312
-2322
7196
-2545
-11024
1524
-5892
12068
-12256
-3578
-4064
-1788
-10208
-6177
-2008
-3593
-11228
4859
3120
5165
-7164
-4821
-13068
-509
-980
-1283
-1992
-1550
-5052
1034
-12232
-4622
-11240
1517
-3040
4582
-13292
1734
-3040
-4909
1096
14868
-10216
2286
-996
-6652
-5104
2829
1052
1777
-14316
1012
-4872
8210
-10224
1316
-22196
-496
-16360
2539
-5056
2305
-13280
3344
24
21
-7944
-1245
-3064
485
-16376
-3852
-17388
2802
-11244
1529
3088
2808
-5088
-5869
-9996
4625
-10204
-4885
-1000
1033
-6112
4100
-12276
5389
-2036
-1768
-6120
-3100
-16352
3601
-16348
9237
-5064
-5118
-7128
-5134
-6072
-3350
-2016
3324
-12256
-6669
2080
4102
-10196
8233
-1016
-7629
-9160
6126
10268
-4637
-13280
8956
-3036
2035
2076
5884
1064
6147
-8156
7153
-992
5653
-21444
2326
-2028
4884
-8148
2329
-16376
-2041
-4072
-9218
-3044
-482
-17372
7676
-10224
243
24
-10783
-12248
5381
-3032
-2255
-6053
779
-3036
-2097
-5080
2052
-13264
-1525
-5064
-3827
-6104
-2053
-17388
6384
-7104
2545
-16344
498
-17340
10254
-13284
-774
-4072
8213
-11208
-1792
-7148
-2345
-13280
2829
-16360
-4833
-9188
-3346
-14276
-7426
-4005
8983
-22220
-6388
-8140
800
-13280
1764
-6136
2024
-13244
5096
2068
-1288
-7156
-1283
60
3807
-15344
-5634
-16352
9181
-8156
-5874
-1996
10981
-4028
240
-980
11537
-792
1287
-11028
-5123
1048
12041
-10200
-2297
-16348
2568
-5092
-4613
-18388
-8464
-5076
-7419
-9180
-738
-3032
2558
-984
-3324
-2020
-1012
-20480
1287
28
-2314
-1008
3812
16
2318
-1996
8491
-1008
6420
-16336
-12510
1036
-8209
-23205
-6155
-16352
7691
-6096
6908
-980
-6395
-10008
-7711
-13300
-4564
-1008
3860
-8156
3811
-6100
-498
-11244
-3589
40
-5908
-14316
2321
-8148
-3324
-13252
-1294
-7140
-2323
-3052
-4104
-14320
7684
3128
-1549
-8160
-9757
-3000
3782
-14284
-245
-9176
3080
-11240
4392
-13064
-4120
-15344
-6910
-4088
1275
3108
7948
-14304
-263
-3044
7687
-20440
-5149
-7144
10491
9248
-1578
-11244
10248
-10192
-6110
-20444
-6881
-9988
-2010
2092
-490
-3024
-11265
-12288
-267
-10204
8966
-12248
-2829
-8136
7141
-7140
1255
-19444
4080
-5116
7441
-7152
-1520
-3028
-537
-13280
-9942
-9204
7402
-7136
-530
-8968
-3346
-1968
4861
-1000
9716
-9168
-10526
-6108
-3325
-17368
-2305
-14288
-9208
36
1312
-12212
5904
-11228
-3597
5132
-3334
1044
1041
-7168
763
-4072
-7183
-12252
-13289
-8160
15137
-6104
-5652
-7136
-1507
-17384
-11519
-6132
-5
-13256
2823
-5084
15088
-16332
4610
1044
-8419
-16340
290
-1012
1530
-17360
-268
2104
-3610
-5092
-2548
-6932
5368
-12284
-7180
-8128
5106
-8156
767
-7104
-2849
4152
-2047
24
-305
-10196
7669
-14332
-273
-9180
6162
-12288
-1269
-952
-2024
9260
-4356
-8964
-270
-5084
4580
-772
1296
-8160
505
-10208
4316
-5108
-195
-9992
1264
-12040
537
-17156
8220
-8148
-513
-11024
-1803
-9160
-4367
1052
4068
44
1021
-5044
3559
-4052
-480
-13284
-5123
-7952
1030
-4092
2818
1272
5089
-11224
285
-9176
2272
-3004
-6432
-6092
-10757
-8148
1524
-3852
-3564
-13296
-1293
-12252
244
-14268
-4833
-20416
259
-13280
-2854
-3064
-4
-6112
2305
-11224
1280
-9188
6159
-3044
-7669
-1000
520
-5072
-10795
-9184
-6159
12
11009
36
5403
-2044
2773
-6068
4869
-12252
-265
-7081
-6678
-17164
9474
-8168
-2809
-4868
6188
2064
7639
-6120
5653
-12276
-2546
-12248
6918
-3040
762
5132
-261
-6108
-3095
-9160
3849
-4868
753
-9136
-2782
-3056
5855
-12260
10777
-10024
2053
-7112
-2827
-5064
5378
-24312
4138
5176
-6129
-5092
-10539
-4072
4875
-13300
1542
-1800
16876
8
8972
-11216
4327
-6112
-1007
-10212
508
-10220
3871
-5056
486
-10160
-3564
-10220
3827
-8160
-1805
-4024
-7461
-15112
3359
-8184
1527
-6144
-2566
-3852
8426
12
538
-6136
5371
-16344
-775
4108
-2787
-3028
764
-3040
-4137
-3860
-5371
-19396
6938
-1984
-3277
-1976
-6350
-12264
3327
-980
263
-11200
5898
-6128
-7626
-16372
-2557
-11240
1755
-6144
-2284
32
-5373
-5116
7460
-16340
-3602
-15344
777
-15340
-5387
-6136
4588
-5120
6892
-6104
14881
-15284
-1259
-6920
-10785
6188
271
3076
-13295
-18428
4588
-10212
2568
1032
11769
-10212
3259
-17360
2318
-8136
-5864
-2996
5876
-4068
-2312
-5116
-10486
-5076
9700
-7148
-3087
-3032
6634
-22244
512
1052
778
-8172
-3055
3092
-3337
-10200
3317
-6104
3104
-11264
-3834
-2036
-12041
-10240
-997
-10224
3604
-5104
1560
-4072
4352
-12256
-5633
-6108
3060
-13292
-10753
-11248
2573
-5064
4866
-16372
6404
-4064
8670
-15336
-6890
-18348
-8986
16
5674
-4068
4870
-20436
-2281
-5908
11502
-16344
-5395
-3848
1769
-16380
-3585
-14324
-4338
-8148
-3840
2096
-3311
-5080
-10281
5132
7674
9236
1827
-8020
257
-10220
1798
-15324
-9983
-1008
1055
-14300
-4826
-9196
10479
-8184
1017
-3064
6924
-18416
9240
-12280
-256
-2016
11805
-11260
2557
1276
4868
-2036
10764
-6076
1023
2060
-4355
-11244
4868
-4088
554
-3044
-7923
12
3323
-7132
4
-11260
3301
-9196
-5630
4
1285
-12260
3828
-2024
6164
-9200
-7110
4112
767
-14308
-2325
-17388
1032
-7128
-6663
-12268
-2820
-11260
222
-4040
-4859
5144
2590
-17360
4350
-5092
8462
-11256
35
-8160
-12506
-4080
2270
-7940
11791
11284
-5360
-12232
-1790
-2008
4614
7184
248
-7092
9725
52
5406
-1012
4088
-11228
-2549
-1020
5923
-11232
5883
-5120
5354
-4052
-294
-9196
-1543
2048
12811
2072
8755
-16352
10251
-4076
250
-8140
-3312
-10224
804
-10176
1018
-13296
-4366
-16348
-3597
-7944
3611
-3056
-6888
-6092
3581
-6128
2057
-11212
-7907
-4056
-6933
-8116
-4091
-12256
7
-5108
-10515
-12272
-2058
-8160
-4366
-10212
-5595
2076
-1801
-10192
9490
4156
771
-9188
8185
-11248
3101
-15332
260
-6104
10242
-9204
-2317
-16368
-6138
-4056
-5663
-19420
-1313
-5052
-10480
-4060
-506
-10196
-3091
3128
-3323
-11228
-2260
-15336
6891
-2012
-1298
-2024
-47
-7132
14376
1052
5142
-2840
-229
5164
-216
-7152
-566
-14324
-2798
-14300
3344
-6132
11509
2048
-6410
-16348
-6389
-1020
-5616
-6120
-1788
-10236
5116
4136
-7162
-11204
10749
-7120
-3070
-12284
4076
-10216
-15395
-8101
-755
4116
7914
1040
2313
-5104
-5644
-6136
-1530
1028
-2307
40
5140
-18392
2315
-18356
-3847
-6124
2325
3088
-4565
-11012
-3859
-3056
7179
-7128
-2815
-2024
3566
-15320
20
-13276
6871
-7160
-3066
-6120
1281
-10224
-2040
-9188
2254
-3844
4615
-3016
257
-9140
-3094
-5064
-5404
-5096
8174
-7168
-13562
-12280
2041
-17360
500
-2028
-5386
40
-6647
-3036
-814
-12204
735
-1988
-1555
-2000
-3348
24
1569
-11220
4628
-7124
-6141
-6116
-1779
-14084
2555
-2044
-7
-14320
1526
-9188
-775
-3044
3332
-13248
9989
-9164
6645
-9172
3553
-6920
-7410
-13288
4370
-3072
3056
-12220
-10737
-15348
764
-11232
775
-964
-1273
-5116
-2015
-11264
14
-1860
12027
-8192
-8649
-7148
3802
-9168
-5146
-13300
-1788
-5116
-2871
-8160
-262
-13268
1316
-12264
-7405
2052
6654
-11228
-758
-960
-503
-12260
-10028
-2012
-1545
-6128
-3323
-14312
3106
-4048
-7411
-6132
784
-1012
2317
-7168
1807
-10220
767
-7164
2273
-7952
-2576
-1008
-1530
-3044
7688
-5072
758
-7164
-4129
1028
-262
-3072
-8964
-11196
-1556
-13268
12224
-4040
-6649
-6112
757
-12236
747
-5896
5065
-2016
-6428
-7156
-2067
-5088
-3319
-5104
2306
-13280
-14356
-4064
-4580
-5052
1578
-7140
505
-13284
2569
-15324
3302
-7156
-2044
2052
2596
2048
2332
-13284
3571
-3052
-1057
-14288
-10770
-6920
-7937
-9200
7934
-5092
1541
-10200
3047
-6100
10247
-13272
-7439
3120
5646
-14292
-6947
-8188
5851
-9184
-3586
-8172
8242
-11260
1521
36
789
-14284
3856
-11216
-4373
0
-533
-21496
-1766
-16348
9996
-6916
-8931
1060
2815
3116
4636
4116
-289
16
-7165
-13248
-1267
-11248
3563
-10016
2567
-7940
1821
-11228
-2336
-3060
5919
-13248
6
-9192
6418
-11212
10492
-8188
12277
-6928
6139
-5084
-9475
-14304
-1509
-11212
-1270
-14316
-8468
-12264
-2084
32
-8717
-13296
-7608
-9176
3845
-8980
-2578
16
-2297
-4080
-9464
-12236
-5109
-4076
5377
-6100
4345
-16348
-13785
-8140
4601
-8148
-3595
-5084
3061
-2008
537
-9144
1026
1052
11805
-4060
-511
-4868
5362
-3036
7439
-4056
-466
-8192
4094
-11236
9478
1104
977
-5092
-9702
-6060
9720
-16360
-5113
56
12542
-4068
-2829
-10200
14820
-3016
-2848
-10196
-1809
56
-5089
-13276
10997
-5064
-7437
-15332
3336
-10176
-9712
-7164
776
-13276
-5610
-12280
9235
-14292
4870
-10200
4895
-5072
1025
-4060
3327
-1008
-17952
-3064
-3580
-18384
-1308
-6124
-522
-8128
-5633
-6128
5134
-12252
-4128
-15316
-7425
-5076
-8934
-8980
-762
-15324
790
-17384
8208
-11236
-4108
-10196
-1760
-12268
1272
-2020
3275
-12228
6127
-8132
-254
-17372
-2512
-7168
7433
-6100
-3
-3008
-498
-11208
22
-10188
1051
-10200
4624
-12232
-4642
-6092
-1807
-8188
4640
-7124
-12026
-5108
-3070
-3044
-1549
-3044
5093
-13308
-5374
-5072
-4120
-7148
-289
-3036
-18969
-11204
2548
-16352
-248
-1800
6637
-9164
-2600
-12248
-4093
-15320
4138
-12248
7718
-7156
2526
-1020
-5624
-5088
4622
1052
484
-15336
-2019
-8156
-1802
-10220
-8468
-4076
4649
-17380
8688
-4060
-3568
4180
-10757
-9204
-270
-11228
3300
-6124
-7929
-9212
3815
-18424
7897
-2036
8170
-15312
18710
-17336
-19509
-10200
7161
-7164
2081
-11220
4351
-10216
-2535
-14312
2781
-2004
1035
-2020
5914
-20432
2563
-3064
-4853
-7116
-3335
-11228
-515
-11204
12827
-12252
-10255
-10232
7211
-4080
6922
-12264
-3065
-8124
-14846
-6128
6400
-6916
6186
-4076
-1786
-6092
-3840
-2000
7433
-7136
3307
-12252
20952
-18200
3348
-984
4357
5144
-2801
-5108
-3832
-1008
-9195
-1000
-20
-4048
-1250
28
1029
-9196
10769
-13268
2288
-1012
7415
-2044
5394
-6080
4367
-3008
-3877
-8168
38
5136
-3297
-1008
-7635
-14300
6158
-6116
-3350
-6104
2028
-6096
7146
-9192
-6627
-8156
-6386
-6120
13569
-8176
-5874
-9188
2794
-1012
-9194
-1012
-2056
-7948
-3349
-7136
2096
-5036
-976
-6104
4603
-11232
2821
-11240
-7660
-3072
4326
-7152
526
-14316
1749
-9000
-5624
-7152
-7190
-15332
275
28
4102
-988
-4372
-1008
-2558
-3064
-1758
-7128
-6412
-2024
2552
-9180
786
-11232
6655
-4032
-2791
-5100
-1464
2080
10221
-4068
-2297
-4072
8977
-13300
6157
-7152
6645
-5100
-1316
-10208
6182
-13280
5147
-2048
32
-21436
6934
-21476
-5141
-788
-6136
-4088
6383
6152
7686
-3024
-1036
-12036
-1253
-12236
12048
-8124
4363
28
11026
-1988
-2553
-8152
2022
-12256
-2837
-6132
-2051
-7148
3060
-25312
18
-1812
-776
-10208
-6376
-4056
4627
-3032
1802
-8176
768
-7120
8197
-14300
2568
-11240
-8460
-9176
-3074
-5116
-1530
-18408
-768
12328
-1517
-14324
2544
-17352
-2057
-11236
758
-6124
4355
-13264
1257
-2040
-3075
-1800
4626
-8136
-4088
-8188
-264
-1004
-8964
-1852
-6681
-5096
-2043
-10212
2554
-8188
-250
-4032
8417
-18428
-4068
-10220
-2790
-2008
8201
9284
-8693
-4032
-8987
6392
-13314
-15312
-2815
-6108
-513
-11236
-5641
-6076
5312
-4072
3841
-4092
250
-18412
-7452
-9204
-3333
-4052
-5908
3140
-7666
-15328
1751
-7940
-2276
-9164
3826
-10164
3600
4152
2038
-9196
749
-4868
-2266
1068
6135
-10208
-4869
-5088
-13317
-3064
5165
-4040
-1561
-1000
7453
-7120
-1266
-7152
2570
-9204
-2563
-14284
1802
-9992
-7955
5164
-2035
1032
-3129
-13276
-8167
-15324
6399
-4876
-1025
-3036
-4608
-2020
-13301
-10204
791
-12284
-9223
-4072
-1288
-6136
4848
-10200
-3112
-8148
-6657
-19424
4324
-9164
-8206
-6140
2573
9220
-4359
-8176
-3631
-10192
2300
-996
3365
-976
-5
-12268
4855
-9216
-1988
-15344
3086
-6920
-2035
-5104
-3356
-3052
5098
-5068
-3554
-11228
-1762
4160
1005
-7148
-5385
2296
-8210
28
10238
-9180
-235
40
-1768
-13284
1804
32
-13008
-10240
-3309
-7140
4090
-1000
4834
-3036
-4583
-3016
-7955
3304
-5397
-19420
-5337
-9196
-510
5180
2027
-3060
-2824
-2012
1022
-5096
-826
-6112
-3583
-980
-2591
-13072
3301
1036
-1534
-20448
3566
-5104
-6900
2052
-4358
-12036
269
-12248
-6390
-1988
1519
-3056
3517
-7092
1297
44
6145
-12248
-3309
-980
7452
-13284
-7695
6172
240
-4068
2800
-5120
5324
-8188
-1775
-6116
774
-11252
271
-13252
515
-6072
-9970
36
-17893
-3020
-3067
-16152
-1534
6176
-5364
-1812
9766
-10160
1497
-16364
2528
-1016
1520
-14320
-6386
-5084
-1031
-8160
8996
-12272
2828
-5088
2564
7208
-6396
-6120
-2335
-9988
-5904
-7104
-7681
-984
1053
-13288
3834
-13292
6419
-16324
3876
-8156
2536
-7096
-3593
-2008
-9230
-17352
1279
-5060
-9739
-10196
8945
-9172
-8194
-12284
-4604
-13288
-2539
40
-276
-7100
-4079
-13304
-496
-11220
5115
-4068
-3809
-9168
5877
3080
8964
-19448
-3590
-8160
-9754
-1024
2072
-9204
1273
-4056
-1288
-13292
-1539
-3036
4586
-9184
273
1052
7684
-18376
2555
-3032
2601
-7136
-270
-7128
12323
-4076
3080
-12268
-1257
-9168
9228
-11244
-3312
-15328
756
-21488
3307
16
-1272
-3052
-6433
-15304
13818
-12252
-4885
-13292
-9488
-3024
-5125
-7164
2303
-3028
-752
2076
-2565
-9168
-5
4104
-12039
4132
-7426
-12244
-5847
-15328
2516
-6104
4857
-1008
-1749
-13284
8196
5156
2034
-7144
3820
-13280
496
2084
1288
-22228
-5652
-6140
770
252
746
-1012
-513
-18408
-1805
-13292
7947
-2028
12533
-6108
501
-15316
3855
-5088
-1005
-2028
-2054
-8168
-3099
-10164
-5121
-6120
-5383
-988
-17
-5092
-9214
-7148
-1539
-4060
-6923
-7152
4061
-15316
1263
-20436
-2540
-12272
-3326
-9188
-5852
-960
-7445
-10192
-2820
20
-1527
-3072
-4837
-5108
-521
-5896
1779
-10164
-7924
-9204
9739
-10212
-4843
-3048
7190
-12260
4377
-5076
-3058
-2828
6115
-9164
5889
-10212
3348
-1008
2052
-988
-1253
-5100
-2314
-2040
763
-6116
-11298
-14336
786
-8164
-9478
-10216
6415
12
-274
-6136
1828
-11248
-2010
-8112
3308
-9216
-1788
-9196
8503
-11216
1770
-14296
549
-2828
7406
-780
-10785
-1980
-3592
-980
-5599
-15352
8213
-18420
-5608
-18400
4848
-1000
-255
-9204
-7204
-2004
-3343
-8120
-8221
-14288
787
-15308
9696
-10188
-785
0
-12299
-3008
-8447
-4096
5593
-7128
5097
-1004
8209
-9204
-5383
-10164
-9450
-13300
4860
-2000
812
-9212
-760
-4056
-6458
-7116
762
-12216
-4088
-19400
-3313
-13252
-4
-4088
-1802
-10212
8701
-8164
3842
32
499
-5076
2292
-5112
1052
-6916
3100
-3064
8694
-8180
746
-13248
-4839
-13276
8466
-9188
-2560
-17376
10273
-4072
8757
-4048
-271
-7168
-2813
-13288
2581
-13072
1818
-9212
-23891
52
493
-9180
1509
-12260
-2074
-5904
3076
-12240
-2331
-4872
-1030
-7140
4881
-9152
-11532
-10204
-6184
-11016
-542
-7112
7711
-8192
1537
4136
251
-5116
7648
-11248
6396
-9176
-6123
-11256
-1033
-7144
3564
-3044
-8430
-11236
-8176
-14332
-2552
-7160
747
-14288
-6135
4112
-6904
-2032
-2077
1276
-1526
-9180
9690
-4024
11301
-5912
-9211
4168
-1026
-6128
-3809
-5108
-1813
-6080
-3596
-12252
-4146
-5076
-8691
7184
-4638
-9156
-5693
-8168
2285
-3036
5
-10180
8684
-7156
-2315
-14284
4869
-8984
-2037
2048
749
-3064
-8426
-10200
-2355
12
14080
-13076
3592
2076
9477
-4068
-6631
-10200
6166
-6112
-14605
-4028
1778
2080
-1015
-15308
-512
-7136
-3118
-13268
-9961
-4068
-4832
-9180
-18
-10164
2808
-3072
745
2112
-1518
-3012
3593
-20444
7930
-4056
-5899
-4088
778
-5068
-9240
-9180
1000
-20232
-6910
60
-17
1080
1516
-3036
1791
-9176
-1777
-10180
-2066
8204
-3580
-6120
1047
6176
-3284
-4068
4609
-13272
-302
-6112
2772
-3064
3097
-9188
3345
-11224
-3323
-16340
5091
-3040
-8444
-19400
-1
-7132
-1543
1072
-6421
2092
7168
-3068
-207
-2040
12
-2008
-1046
-15284
-5104
-9160
10212
-9176
-2012
5164
-4367
-9208
-11527
-12240
6130
-13284
-2534
-12272
-516
-7116
5889
-5096
-245
-13072
-1043
4152
8180
-12240
5138
2092
280
-15312
-2802
-11188
2317
-12284
-265
-14312
1260
-6112
-6398
-11236
-2562
-8108
-5647
-10212
-2547
-23260
-472
-16340
18
-19404
-3850
-7120
6374
-5100
6888
-6108
-5094
-4868
1568
2084
-6406
-10228
-259
-2016
-4369
-1824
5862
-4092
7401
-7152
-3833
-16132
-6414
-7132
6412
-17352
-1554
-11204
1826
-6100
5371
-14332
5907
-5076
-3816
-4056
1783
-17368
-2556
-11212
3089
-16132
776
-5096
7429
-12240
248
4128
-1777
-6092
-5669
-3020
-500
1056
10744
-5060
2024
-8168
-6145
-13288
4100
-5072
1544
-7108
3103
-8132
-8183
-6100
3616
-7140
-4350
-11220
-5133
44
-2839
-4072
-8433
-13300
725
-1004
1800
-7940
1268
-9196
2565
-8172
-1335
-1000
4886
-6080
-237
-3056
1757
3292
-10715
-8184
-8495
-15308
-4885
-13252
-3612
-8168
-1331
-5108
4085
-1972
-1276
-9148
790
-8152
-1532
-7136
1580
-8152
-2277
-11244
-6146
-7128
7363
3179
-523
-3056
-6153
-2012
996
44
-4597
-4084
5643
-980
-5387
-8124
-14373
-18408
7914
-21460
6391
-4868
234
36
-1582
-14276
-2813
-7940
1292
-5108
-2044
-7168
6130
1028
2056
-9180
4597
4156
4581
-13300
7654
-8176
-2029
1056
6408
-7156
1782
-2024
-1549
-5088
-554
-5116
-1784
-10192
2521
-7152
5877
-7140
-4866
-19388
5094
-12204
9713
-16300
-12783
-7164
-8961
-3028
-522
-12264
5378
-12272
10988
0
-5378
1032
-9216
5140
8435
-8168
1767
4120
-4611
-7156
2577
-12264
-7208
3096
2831
-17376
2554
-9192
3354
-12044
9461
-3072
-1009
-4876
-5356
-13072
2531
-964
493
-1004
800
-8136
-8432
-8164
-2814
-6116
1772
-3056
-2027
-4072
2313
-4056
-21370
-9164
3401
-800
-243
-1000
-5375
-8144
-3051
-11216
-6957
-15324
9481
-13068
2559
-5076
2580
-7132
-5912
-4068
1541
-12240
3081
-2832
-3115
-6116
-2090
-17376
4834
-3064
9993
-10020
3615
-6116
2523
-11248
7165
-11200
-254
-3020
2839
-13292
-1269
-16344
8208
-7120
-4353
-972
-3325
4136
1806
-13308
1536
-12264
4108
-5116
783
4136
-3555
-12236
-767
-11228
7161
-14316
4097
-6104
-4622
-12264
-726
-8184
3609
40
3832
-10232
-9999
-10228
9751
-6112
-4601
-10196
-2039
-1024
-1277
-6096
3854
-3044
4592
-1988
-4595
-17384
-6172
-14316
3853
-16356
5646
-6080
3337
-1008
-2822
-4064
-4624
3080
-5327
-6136
-1507
-13272
-1528
-7140
-3567
-11208
5882
-5060
-2571
-11228
-4328
-5068
-1563
-9200
-5121
-8188
3335
-8972
-10012
-8160
-4853
-20452
-3091
-2820
8973
-15352
-1305
-11264
-7127
-7092
-479
-10216
-8460
24
12517
-9196
-4350
-3848
511
-13280
2575
-13288
-300
-6104
-3563
-1004
6147
-4072
-252
-12244
-11244
-7148
1794
-6108
-3312
-9176
-277
-18400
-7917
-17160
-1029
-13248
5647
1040
-3330
-6112
-2843
-14104
2059
-11224
-1781
1044
-516
-9992
2282
-8176
1052
-18392
1292
-8152
6684
-12248
3852
3096
11008
-1008
1
2052
10987
-8184
12303
-10180
-4639
-11208
-225
-10220
4372
-11252
4128
-12272
-793
-10212
3576
-8172
2837
-14284
-1035
-5892
-1764
-7132
-3341
-6104
-3055
-9164
-1256
-11252
-5152
1036
2777
-5092
-5394
-7156
774
-7128
-6381
-7968
2043
-12056
-2335
-8160
5879
-9192
9249
-8132
-8425
-10188
12024
-15324
-3317
-3056
-6400
-21424
6131
-4072
-4579
-5100
202
3116
-4860
-5080
-4348
-24233
-18
-7944
-7449
-13276
-3320
-12244
-4882
-8168
12539
-4076
4879
-11228
-7424
-8964
12537
-7120
-12267
1052
-12276
-16344
-3068
-7088
10999
-7132
-2819
-12248
-8703
-11208
4576
-11228
-5373
-8152
-1293
-2016
-3320
-2036
-2034
1064
-5157
-9192
-3589
-10220
507
-2820
-1527
-7952
2831
-2020
1781
-14288
9999
-15288
-6397
-17160
-5357
28980
7112
-15332
2290
-10228
-11520
-12268
8502
-3040
-5683
1052
-12301
-2032
14078
8236
6941
-17348
3062
-13256
5683
-1996
-493
-14316
4821
-12244
-2287
-9160
1528
-7944
-10695
-2824
-7710
-2836
9984
-23260
971
-20428
-1331
-8156
-4302
-9156
-1528
1040
-1778
-6080
-2023
-2012
-2566
-972
-1775
-10176
31
-13248
1288
-10224
7727
-17368
-12318
-12268
-9248
-10192
1032
-8160
1550
-11236
3551
-14320
215
-9176
1040
-8144
3591
-7164
-2795
-11232
-5892
-11200
-3576
-18384
1293
-4056
-9769
-6116
2282
-13060
2332
-10200
5365
-8136
1059
3116
12297
-7136
-3569
-12260
3052
12
1288
-11212
3576
-6920
6896
-14264
-481
28
1009
-9212
-9729
-14296
5863
-11264
1800
-16384
2805
-8192
3553
-6128
3637
4140
991
-12240
2317
-7160
3322
-17384
-2572
-13276
-24
13324
3075
-5904
2821
-2004
7173
-5052
-543
-17336
-9216
-13296
-978
-16156
-1546
-4880
2058
-11260
6102
-9196
8967
-12276
5133
32
-6664
-11216
516
-10224
8954
-5088
1015
-13068
2012
-2016
-2325
-9188
-6909
-14112
-11276
-7140
-5629
-6924
5139
-8160
807
-1996
12
1064
7960
-5896
-1539
-3060
-3863
-11212
536
-2028
4093
-2048
3360
-12044
-10491
-2836
13012
-3032
-1551
9240
3856
-2000
2809
-1972
-6628
-7148
6642
-19428
-11230
-9176
-9948
-10204
-7934
-3008
-6168
-7092
-9211
-8164
-1018
-7156
-2314
-7152
4615
-6068
-1054
1080
-1265
-980
8473
-18408
-222
-11252
-1525
-984
4902
-9988
-3586
-10236
3579
-9192
5106
-6108
-771
-5036
-3829
-12248
-1541
-11228
-2310
-4056
6139
-13248
4861
-19432
7990
68
-527
-14308
-1293
-7136
-3873
-8964
-247
-6096
-11520
-3864
-1054
-2044
531
-9200
-2325
-5076
5395
-9172
-758
-7136
7687
-17372
246
-11248
-7432
-9196
-13296
-12264
6133
-10224
2000
-9136
-1514
-15356
-2551
-4064
4848
-6112
6638
-9184
-2567
-6136
-760
-9192
4869
-5108
4802
2076
-7695
-9204
2817
-12256
5935
-15312
-3570
-16372
-8456
-6112
2307
-3040
-8710
-8144
-10
-5072
3090
-2008
-1550
-5096
4319
-12248
-3062
-12112
-483
-5076
1041
-8180
-11542
1028
6948
-11232
8705
-11232
3865
-19452
12299
-9176
-7165
-3020
5386
-20436
4339
-9192
464
-11208
2596
-9216
-3844
-10212
-554
-10200
-10709
-6108
-9228
-7108
6925
-16348
-11251
1068
-11275
-16364
-509
-17376
-553
-11220
2870
-8160
3822
-11224
24
3100
5867
-2040
-2544
-1988
-2052
-9168
-2796
-9152
514
-13268
-1059
-3052
-4831
-4080
-3325
-11232
2016
-11204
-3313
-17360
6889
-21496
-4379
1032
-2832
-7116
-1001
-7156
-4182
7224
-4367
-2000
1793
-12260
-11758
-11244
-6360
-11252
5192
-16372
2850
-11236
-1750
-4048
-5106
-12256
-3576
-9196
-3596
-5104
-17665
-6088
-485
-7148
2848
-4036
3095
-8164
-2025
-13272
1789
