-24296
-39
-5092
-1799
-10196
3342
-6100
5621
-5088
3853
-14304
2065
-4076
505
-9200
-9224
-8148
-15614
-12252
6660
-4080
9930
-5912
254
64
-6151
-11236
2826
-10220
-243
-11240
-3085
-10172
-10494
-16132
4617
-1984
1768
-21504
500
-11188
-13567
-17392
2793
-6124
4332
-5100
2064
-13284
-3583
-1992
1778
-11216
-5368
-13244
7684
-14304
-3081
-3032
-1581
-12280
3081
-3008
-6913
-7140
-3067
3324
2312
-15308
2805
-10192
-2840
-7152
-518
-7128
6867
36
-5
-5060
-2839
-15312
2317
-3844
-1531
-9172
-4339
-15316
-1268
-14308
-5911
-10232
-6179
-6108
-4616
-3036
-15825
-7160
-9230
-10204
-2564
-15308
2531
-11228
-9980
-6080
4381
-5116
16121
-8132
5117
-8164
-7960
-5080
-9952
-5104
-270
-14284
10470
-7112
-232
-8148
-279
2072
-10489
-16356
5614
-4040
-8184
-6136
3584
-3032
-547
-14328
-6668
-6132
-11011
-4076
-5918
-4028
3040
-9164
-5112
-4076
1306
-7120
5881
-2028
-7449
-12240
-4330
-5120
-4103
-14308
3810
-952
-13298
-12288
5872
-10184
-12527
-2016
-2580
-968
-4875
-22244
3070
-15324
10265
-5088
-7971
-14284
-1536
-16312
762
1088
-804
-6128
-5607
4
3582
-10204
776
-8180
3576
-1008
-10229
-13296
-2076
-11252
523
-4084
-2583
-14316
-5112
-12220
7394
-8184
2562
-5064
1817
-4064
10244
-10220
5874
-3012
2819
-7108
1551
-10168
-1532
-8164
-3336
-14272
6670
-7144
2056
-8148
-4334
4128
3842
-3020
-1507
-11244
-1537
-6092
-2576
-17404
-4612
-6916
6879
-3848
-4345
-14316
-2047
-9188
780
-16340
-1784
7196
7924
-12280
13331
-5068
2284
-3052
-253
-8156
4350
1068
-2567
-5021
3086
1036
9207
7200
-5680
-14280
-1785
-5088
-3871
-7128
-1017
-9140
-522
-10188
3095
-3048
-2543
-5080
5619
-5084
-5921
-2016
8974
-780
-8689
-10160
-4880
-12276
2570
-6144
10466
-18424
4615
-18400
-488
-1976
1529
9236
2298
1036
1017
-11252
4850
-11236
-1771
-10228
-4595
-12276
-3336
-8132
-9999
-1984
-4628
-4064
5415
-4872
5659
-9996
-6388
-11264
-7428
-15265
3805
-4868
-3072
-13252
-8707
-11216
6453
-10012
10506
-9172
744
-7116
268
-16364
-1267
-8968
-2060
-24284
4332
-16344
6910
-12244
6400
-2036
-12061
-7100
-4859
-7164
-6655
-4096
-560
-6128
1795
-7168
-7927
-972
-991
-3848
-3060
-2036
1306
8
-5115
-16380
3855
-12236
-8679
-15320
2553
-15288
-263
-984
-6156
36
4799
-10220
-8469
-5084
-8722
-4048
-5647
-23252
-1
-11244
-2326
-4056
-2826
1068
-12033
-4076
6122
-5112
6403
-6916
-4623
-15320
790
20
1530
-8140
9252
-7144
6133
-4080
-796
1276
4350
1068
-2312
-10184
2524
-16364
1218
-5056
-2539
-9188
-2833
-10192
8955
-3844
-526
-14336
-14362
-17376
-492
-5892
5368
-13260
-1017
-1016
8399
-14304
2313
3108
9436
2112
-753
-6144
9500
-11228
-2302
-13288
-3602
-6100
-3071
-6088
-3869
36
-5091
-16308
4591
-7152
-8178
-11236
1050
-8164
2080
-6116
-1795
-13288
-9469
-3052
-3832
-5908
3097
-7120
-4344
24
11297
-9212
-2549
-8168
-13621
-7128
-11
-11016
-1534
-10188
8720
-6128
6413
40
17388
-14304
-4065
-18400
5105
-4040
-9244
-9996
-4125
-15340
6961
-9200
5130
-14324
1320
-17364
-767
-9168
-498
-6116
5120
-8148
4858
-4076
-1767
-15312
3113
-10236
18181
1076
7409
-9172
5920
-6112
-2568
-6096
-4624
-4052
-5661
5180
-262
-4084
2579
-8156
539
-9208
4833
-10204
2287
28
-10730
-5080
-1040
-6104
-6685
-8968
2577
-7140
4584
-10200
-3306
-5920
-11558
-13252
2788
-4096
-2595
20
2050
-2000
-11519
2096
-6391
-13308
-6653
-4064
-4373
-8144
9213
-12232
-2077
-12236
-2041
4136
7664
-12260
-3078
-9216
-9443
20
-2291
-5060
-543
24
12286
-6132
-9464
-976
-1003
-7116
4
-9160
-5638
-1024
4068
-3056
-7666
2124
-537
-10236
4063
-12236
-10467
-16376
4342
-17372
-6390
-16380
1050
-11228
1804
-1000
-2282
-6076
3570
-5052
-3320
-3032
2787
-7156
-292
-6108
-9928
-12044
2317
-9184
-258
-5100
4849
-11260
3295
-7152
-4354
-2020
-14316
-2036
4094
-3044
265
10268
-241
-7128
3546
-12248
-2042
-13296
7
-12276
-8717
-6108
3561
-13304
1297
-15316
-7424
-5076
-4869
-3048
-7434
-15340
3321
-12040
1572
-8128
6622
-7948
-2577
-11244
525
-13304
3332
-5100
-7423
-5072
-5673
-18400
9445
-4080
6679
-13296
-3330
-13272
1272
-8116
3592
-5100
-3054
-964
-5622
-8176
13047
-16368
-12796
-6140
7665
-12264
-3045
-7152
-1540
-1008
3831
-5068
-3334
1272
1802
-7144
13284
-7148
-1552
-14304
-804
-7168
5135
-1996
-3574
-6104
-1772
-12224
24314
-13268
-1274
-10184
-2301
-12220
3816
-12248
2824
-11220
2278
-7156
-999
-6084
-4867
-13264
1806
-20444
7964
-2028
-3332
-6088
7929
-2032
5113
-13296
7923
-4068
1779
-9200
10260
-5100
767
-13280
-232
2072
-2073
-5072
3838
-8156
6619
-6124
243
-18404
2582
-5056
-777
-9200
-5402
-14332
-2819
-14332
1264
-8144
-1800
-12232
1034
-7136
13542
-6140
3294
-19420
1551
-4076
-3078
-12248
11305
-6084
-4616
-11232
-7182
-6920
-768
-2028
-1293
-12272
18944
-20456
1026
-11244
-12536
-2008
-5106
-12052
1764
-6144
-6872
-15288
4086
-18428
10506
-11264
2314
-5112
1805
-15312
6630
-7136
2296
-22240
-1026
-9144
1070
-10180
-493
-2028
-3044
-1012
1752
-16372
-27
-14272
-2312
2112
271
-10168
-5369
-9172
-790
-10236
1266
-784
2309
-7120
273
-5084
-9728
2088
-4120
-13292
2063
2072
1763
2120
-5374
-14308
-4623
-12220
-7947
-13248
1299
-13256
7979
-2012
7465
-7128
-3316
-3028
-2561
-14292
-6142
-5088
-5908
24
-6167
-14300
6428
1076
-4861
-9156
10236
3120
-10759
-6104
-2582
-1000
-1517
-10212
-4343
-11012
-3843
-19440
-4080
-1012
-213
-5068
5870
-4868
1031
-9992
3322
-15336
520
-7156
2006
-1980
-1531
-5084
1566
-12284
251
1056
3325
-14296
2004
-7132
-2845
3112
-26
-11236
-3056
-6108
-222
-5080
-1028
-6100
4089
4112
-2326
-13256
6976
3084
-1028
-7100
-528
-7116
-7115
-7152
1270
5144
4840
-16324
-1555
-8124
-1303
-12288
5626
36
-6380
-9196
-3072
-10224
-790
-3044
-3
-15332
-1026
-2016
1543
-3060
5114
-16336
5657
-11012
-1036
7232
6158
-5076
-272
-7108
-288
-14336
-1522
-9216
11005
-17372
1268
-11228
-755
-13276
6416
-3032
-4620
-9176
4623
-8180
-3578
-14304
10496
-10208
-10201
-4080
9459
-3032
-6130
3324
-253
-18400
-12287
-3044
-4863
-10168
5893
-7124
5912
-17168
2022
-7144
-4338
-8156
-7405
2064
2334
-4052
2084
-2044
-1520
-7116
8189
-3064
3853
-14312
-4359
-972
1788
-16348
1809
-772
-3586
-776
-8982
-5080
-4630
-7156
5092
-12224
3564
-10216
1027
-10200
-9727
-12260
2291
-8148
8427
-4072
-9727
-1961
7674
-6112
4872
-10208
-2807
-8180
-6877
-14300
-4074
2116
-6155
-6140
-3608
2112
-3339
-9188
-3299
-21492
1808
-4072
4097
-776
13331
48
6648
-5096
-2536
-12248
4631
-7948
-5650
-6132
-6417
-12264
3047
-1008
4339
-4072
7465
-8184
13069
-9216
-1032
-4044
2339
10244
-8196
-8176
-5140
-14324
-6379
-9196
-8434
-14092
8646
-20480
-17629
2076
2041
-8180
5640
-984
2809
64
1537
-6144
8234
-1796
3300
-3068
9458
-15328
256
-9180
6881
-12208
3055
7188
-5922
-3040
-12027
13328
510
7212
-1295
-7152
1804
-7112
-3314
-11248
-6881
-15316
249
-11224
-11778
4108
798
-4880
-4082
5368
-8979
36
-2793
-12272
-5362
-6088
8378
-5080
6895
-5088
-2073
-8156
1306
-8152
10788
-4068
-3851
-6120
-524
-11024
5378
-17384
-6141
-5096
-2598
-14312
1061
-12260
4052
-996
1799
-15324
4605
-7136
4870
-17376
3362
-9196
-2330
-10212
-3838
-15328
2060
-10204
10743
-10000
-4861
-11220
2575
2068
-8438
-8168
8950
-14104
754
-6124
240
-3028
-8934
-5104
-8474
-1992
-505
-7128
-1831
-8136
-6169
-9996
8187
-7152
-5662
-12248
-1286
-14108
4603
-13308
2307
2064
3582
-3044
-5403
-3056
2560
-11224
1518
-12260
-224
3088
3845
-11252
-491
-7152
6367
-17396
-2548
2288
8734
-7132
1547
-10208
7681
-9196
2807
-4060
5908
-6104
-1505
-4096
5645
-4060
1273
-968
-1296
-968
4339
2056
-4629
-4048
1569
-6136
4088
-7120
-6203
-7144
-6900
-8116
3059
-10224
764
-3020
-4342
-12248
7157
-17156
11532
7192
-4604
-8160
517
-9188
-6935
-16360
3792
-16336
-2328
-12280
-259
-12268
-12034
-14304
6384
-15348
-743
-6088
2831
-8176
-4060
-6096
-2525
-988
1294
-14296
7436
-3040
-1774
-8132
2035
-12276
1018
-8976
3829
-6108
805
-7120
-6640
-16136
-1512
-5116
-1540
-8140
-3039
-11252
7951
-22260
-1277
-5076
-7940
-5100
7681
-10220
-1796
-11012
-9751
-12264
3852
-9188
-4870
-780
-2291
-10228
-6919
4124
28
-8140
3835
-10200
-8
-2004
11244
-3052
-5372
-12288
7686
-18416
-3366
-9152
-2563
-6144
-3352
-2016
3828
-8156
4368
-9156
1796
-15312
-231
-5108
-3577
-9208
7120
-11264
-1802
-14328
-4110
-5892
-1523
5172
8218
-2048
10449
-12228
3573
-10204
737
-12068
-5923
-12256
-5610
-5056
4111
-6124
-3055
-7168
5643
2092
773
2120
-1545
-1016
7440
-13252
-1260
-15324
11245
-7128
2052
-18372
-1264
-10216
5650
-10216
-6399
-6132
2293
-15356
-35
-3020
-3526
-7944
3549
32
-2326
-10224
3094
-9188
-2835
-8128
-7443
-13292
-4352
-776
-6681
-6104
10539
-9216
3836
-6140
8700
-12040
9468
-4040
2808
-6116
-7130
-10220
-236
-3040
7453
-4088
-6164
5176
6139
-10180
-6129
-11248
2558
-4060
-7673
-2008
6666
12
2600
-8160
5635
-8112
2063
-5100
2092
-6088
6131
-6112
-765
-16340
4340
7196
-4337
-9180
-5872
-7140
2797
-972
-5409
-1828
13303
-7092
-2311
-9200
-7627
-13280
-4616
-10216
-266
-12272
-4112
-17348
1275
4112
-764
-10200
2847
-16356
9737
-9200
3061
-10204
2771
-6084
-5145
4096
-9493
-8144
3830
-11016
3853
-9196
-760
-5096
9244
76
8716
-12220
1258
-1016
-2604
-11252
-1028
-5052
-753
-4044
-2833
-11232
1035
3112
-6913
-1980
4601
-10192
-6142
-2008
1772
-6124
-4113
-8176
2549
-14320
6126
84
-4060
-13296
-2573
-9192
515
-12280
-3076
52
2825
-8144
7695
-6108
5605
-4060
-1545
-8188
1020
-4872
-9230
-17364
-7670
1052
-7415
7192
-1541
-9216
236
-6100
-1782
1072
778
-8152
3871
-12256
3321
-10216
6436
-4084
2309
-10196
-4393
3116
6661
-1808
6399
-13268
-12791
-10224
-7159
-8184
5903
-7084
-1776
-16364
5597
-9144
-5381
-8136
2019
5136
-5075
-8144
12550
-11212
-5369
-9208
6963
-7100
13868
-18412
4856
-13280
2057
4148
-2087
5176
-7914
-6108
-16328
-9192
-14
3076
-5891
36
2307
-6120
-797
-7144
-5848
-11236
1015
-18392
-6881
-13268
1804
-13288
8696
-14312
-6690
-6140
-12
2080
-4855
-17368
-5896
-11252
989
-8188
3840
-16348
-3041
-11216
-3306
-23240
-1811
-10216
-18
-6124
5618
-4052
-2307
-6116
1001
-13244
-12023
-5108
-4887
-6088
-12046
-8156
-4368
-11212
5363
-11252
5870
-12240
-2795
-13312
-1290
1056
5125
-8128
8444
-6140
-5648
52
-5596
-11252
-1298
-2012
4854
-4064
5140
-1024
-2541
-10168
2533
-7128
-2312
-3008
13343
-12244
-4869
-10000
12003
-10172
1774
-17348
-6694
2104
3359
-12088
4602
-5088
-7147
-988
-1019
8244
1279
-8144
6447
-10176
-4324
-15356
-6921
-18424
3585
-7096
-3322
-4084
-3046
-6096
2040
-8980
3068
-16332
262
-9184
-4099
-5076
-3588
-11236
1994
-5076
-1542
-7152
-4833
-7112
7170
-16360
5145
-8168
15
-5904
6410
-13256
8425
-19396
-4093
-10192
5118
-10180
-5887
-4040
-3543
-5084
-5102
0
8192
-4048
6653
-5108
2829
-14280
271
-7132
5883
-13296
4
-14280
4138
-7140
3859
-9168
3310
-8164
5349
-13256
-6413
-9200
-5127
-9172
1022
-6136
-8220
-9148
-6629
-5084
762
5148
5406
-8192
7157
-14300
1800
-7140
-5108
-7144
13041
-4048
-1298
-8192
-1523
-13292
-504
2060
-5651
-16336
1783
-5096
1047
-5064
5116
-8188
786
-8132
-5622
-9160
-2548
-11040
6413
-2820
-509
-5072
1777
-3036
-2547
1052
-4361
-11252
-11275
-6144
-1020
-11228
-1286
-8132
-8
-15308
4103
-2824
3858
-8136
-4367
3132
-5127
-5076
4582
-7160
-264
-19392
1826
-6104
-9498
-13296
506
-11248
-1541
-14316
445
-7144
-7693
-17380
-3602
-6120
11991
1272
-4333
-16344
-6916
-11216
7708
-12252
3338
-8172
-11514
-8164
-1025
-8144
-9248
-11204
-6927
-4072
6162
-14316
5395
-2040
-3582
3128
-14871
-10216
15343
-11244
-3591
-4028
3055
-8160
-11505
-5072
2799
-6080
3792
-6096
-1504
-14308
-3093
-19404
1498
-10212
259
-5116
3574
-19452
-10974
-3004
-3337
-9164
5146
-6120
-6413
13340
-10998
-8180
2055
-13284
9762
-15340
-7439
-11208
5637
-8164
-4099
-9992
3600
-8176
763
-15336
1519
-6120
2284
1036
-5862
-6108
-1017
-9204
-5121
-10240
-1501
-10232
7163
-13276
-1036
4120
1011
-10200
-7150
-11228
1823
-20456
-11775
-10212
3060
-9212
1309
-7152
-2320
-12212
9212
-13296
-1267
-3020
2303
-13244
1551
-2016
3593
-5048
-14838
-14308
8172
-10204
-11018
-2844
283
-2820
-2064
-3052
11529
-8132
4624
-8140
2057
-6132
4323
-6068
-2823
28
1759
-9208
-1543
-4076
-4098
-15332
4095
9464
4337
-9160
7909
-8160
-1005
-4084
-772
-3048
4879
-6096
806
-7132
5613
-15332
7734
-996
-2294
-16372
10741
-15296
-754
-952
2594
1080
2808
-12264
2792
-5080
-2809
-8120
-1779
-10224
-3117
-1012
2857
-9164
-3092
-4876
-7678
-10184
8446
-6120
-2301
-16348
-3341
-12288
-537
-8180
-4129
-2985
-1508
-10220
-1034
5148
1301
-10000
8930
-15328
-2831
-13288
-4582
1024
789
7196
5602
-5900
-5381
-14308
-3080
1048
7444
-15288
-7700
-5892
303
-11216
-2311
-11228
-1510
-13272
7431
-2044
-15350
-772
8686
-13256
-5881
-9148
-4870
-10196
1585
8
-7722
-9148
-1258
1084
-3576
-2824
-2083
-12264
-12574
-1000
-12783
-13276
-23
-7128
-2026
-964
12300
-10145
535
-12252
1531
-4092
-2322
-9172
5650
4132
10182
-2028
1038
-9208
-3
-784
-2312
-8976
-1021
-11236
-294
-976
-8959
-4068
5368
-1004
-5617
1044
2296
3140
2564
-10216
3293
-12228
-10003
-5100
-3325
-12248
-9981
-4076
3056
32
-1267
-4068
2580
-10160
-4614
-4056
-3810
-10204
8466
-6092
2577
-12260
5393
3112
-6938
-6140
-7946
-5080
1825
-3016
-5892
-1980
12
1100
7412
-9212
-2562
-964
8424
-8164
8692
-9172
-2529
-25320
9212
-7108
-2837
28
-3087
-7120
5642
-8156
-1520
-8184
5119
-16132
-4086
56
-265
-15352
-5131
-6124
1249
-3024
-11269
-8180
4613
-4868
-1222
4132
2335
-12268
7672
-9208
6936
-5100
506
-11248
-1009
-1796
34
-3056
-7179
-5116
5072
-2040
-4077
-7140
-4611
-11236
-1031
-2012
2303
-1816
5357
-4028
3058
-10228
-3347
-3876
4095
2292
6962
-3044
8135
-9188
11004
-14308
6400
-7148
-3029
-3068
4866
-12236
-780
-11240
3599
-12240
1775
-23284
1041
-7940
-13059
-4060
7667
-8164
-10504
-4064
-1772
-5084
-1534
-16336
-16392
-5088
4850
-4060
1287
-7156
995
4108
-2823
-16136
-3078
-2004
2820
-16324
4163
-8968
-3359
-12244
-2572
-9180
5618
8
4369
-11228
-2057
-13064
-15092
-4052
3851
-8180
792
-16348
6412
-7124
-8744
-3848
-2285
-2016
-3533
-15108
-3337
-3020
-1507
2068
-793
-15328
12581
244
3035
-13280
-4364
-6120
-1016
-8180
8409
-3060
-2795
1076
9974
48
8461
-2036
12811
-4080
-7655
-4076
6382
-8164
-3773
-13300
-2587
-5108
6649
-8188
-1319
-4080
-2542
-1000
6679
-9172
2308
-16136
5333
-13308
5354
-19204
5903
-12284
7937
-17372
-758
-4028
-2805
-10224
-5394
-12060
-2296
-6920
-532
-5088
1
-13276
-248
-9216
-2851
-13260
-7410
-4044
-11271
-9192
2041
-16372
-2811
-5052
-9449
-2024
-505
-10216
5882
-12272
13058
-17348
1003
-17396
5629
-13248
-8457
-5108
-1018
-9188
-2821
-12244
-7682
-5892
3583
4160
5914
-17380
-7925
-10196
-12553
-10224
-1794
-17372
-259
-7132
2334
-5908
2601
-12268
2834
-10220
-5889
-11240
-2323
-5060
-3840
-8172
767
-17400
5370
-8136
3823
-17368
2561
5160
-781
60
-6383
-5100
7164
-6124
13
-13300
-4098
52
-7950
-7136
-7390
1040
-4618
-7100
4093
-5120
-5626
-14084
-20012
-16368
-3848
-4044
9205
-5096
6665
-4084
2569
-11204
-2843
3076
-3587
-2028
5923
-10208
-10987
-15336
-2806
-11212
1279
-5100
-9461
48
4867
-6108
-1795
-8136
1019
1092
2083
-21468
-228
-2020
6394
-12272
-4354
-992
-14833
-7136
2302
-10000
-2310
-3056
6662
2068
7144
2076
-771
1032
-9482
-3008
3335
-12252
-8967
-3036
-1012
-2016
-5660
-13248
8181
-4060
3831
-17380
-20520
-5108
5114
-12244
-5164
-972
-4847
-6124
13598
-12240
3351
-7152
2304
1060
2313
-3036
-4103
28
8179
-9216
3825
-8120
3350
-3052
-3844
-12252
2808
-9992
2324
-6092
2807
2096
762
-4016
-3573
-12056
-13322
-11240
6897
-23296
-247
-8148
2
-8968
-229
-4072
-532
-2028
1806
-3056
-5105
-14092
1547
-12236
242
-3860
-1814
-12264
8203
2300
-4094
-8148
6417
-19444
12029
-3024
2318
-13280
4114
-8148
11473
-8164
262
-4064
-4807
-4040
-3360
-19416
5647
-4072
2581
1052
-6
-13292
500
44
3082
-7148
6890
-15304
-1312
-2024
-3065
-8176
-3862
-7156
-2756
-3020
3576
-11248
-10769
-7940
2579
-4096
-6638
9260
-5124
-1024
3348
-996
6152
-8164
7405
-2032
4875
-21476
-2318
-15320
1281
-12260
-4088
-19440
-1801
-6088
2545
-10212
719
-8148
-510
-8184
4373
28
-4388
-14300
-3846
-10216
-7140
-2044
-2546
-1008
1025
-4048
-2790
-10212
3800
9288
4872
-4876
-2082
-12236
-1268
-6084
2586
-6080
1787
-6112
-5866
-22236
2773
-2828
-1550
-5916
-1011
-8152
2832
-16320
5084
-6132
2836
1036
1535
-5080
2013
1036
6689
-10232
1028
-8964
5394
-5096
-786
-3064
-1292
-6124
8166
-4076
5341
-6132
6161
-9188
4367
-3060
3101
-12244
9202
-8172
3328
-4096
-2574
-4040
1528
16
-514
-10220
1281
-7168
-12589
-11240
-5388
-1000
5888
-15348
-3575
-4048
-8164
-9192
4323
-7128
-5116
-16376
241
-11240
10546
-3052
8680
-6128
-11535
-9164
6628
-6104
4106
-10228
4052
-14249
11259
-6928
2083
3112
5395
-13288
276
-992
6393
-8168
2542
-13300
10781
-10224
-3074
-8192
-42
-17352
-4093
52
-2552
-8172
-11499
-6132
6142
-5120
-15330
1108
-3336
-13076
-742
-1988
-6895
-992
8455
-6108
3552
-4009
-3539
-13288
5854
-4068
-6174
-12260
4085
-10208
1322
6192
3829
-5116
4606
3100
-2296
-776
-6687
-6096
10761
-8152
5896
-8120
-4063
-12256
-1543
-12244
13040
-7124
3040
-8144
2066
-1004
-725
-2028
9257
-15332
4878
-6928
11477
-14304
1073
-5116
3598
-2024
-2801
-6116
266
1100
-2021
-5088
-6166
-8980
3540
-12040
4599
-8124
517
-8188
1006
-8172
-4839
-9204
-7418
-5092
11542
3088
-7370
2096
-1535
4116
7453
-7136
5365
-14316
-8711
-6140
-5120
-10208
2324
-8184
-4573
-7140
6134
236
-760
-16336
-2038
-976
-3886
-5068
-7164
-9168
7953
-1012
-7479
-7152
-250
-6116
-9996
-15340
-25
-3032
-5115
-11188
-3828
-10200
-750
-13256
-1023
-2020
-1757
-3060
-1298
48
-4064
-8180
-4381
-10216
-12510
-15340
2065
-7136
3369
-984
14911
-5076
-9738
-6076
-2047
-9204
-3050
1048
-9732
-6096
1553
-7148
-2050
-9192
772
-13256
3834
-8116
-8487
-10212
-2069
-14268
-4799
-9172
1498
1068
-2585
-5084
-235
-9172
4616
-9200
-3822
-14300
-1013
-13276
-4073
-4876
-1313
2064
11800
-14268
5899
-8176
-5878
-8180
775
-6144
14327
-14304
-495
-17400
3065
-5084
-1261
-6096
3562
-8140
-4108
-7088
4604
-8180
-3114
-9176
1271
1024
-9223
-7140
-12
-19440
13549
-10145
1531
-16340
1283
-4032
-4877
-3028
-11514
-13288
8218
-11240
-1032
-3072
-5131
-4064
-6144
-4088
-3583
-20428
-7673
-11208
1501
-12252
-5896
-8156
6376
-16332
3325
-14312
1010
-15344
1824
-988
-8955
-15308
14868
4108
-253
-8156
-3079
-6132
-3858
-5096
5885
-5013
-3824
-5900
1
-12236
10718
-14292
-7652
-14316
-8449
-2008
-9994
-6104
-6182
-17392
-2081
-13268
4378
-776
-1294
-12288
3353
-6116
-1026
-10220
3088
-996
10491
-5076
-5084
-8168
-2319
-11240
1040
-6120
-1021
-11236
3062
-5088
1034
-11236
10757
-16332
-4848
4
-3338
-12260
9481
-19424
2578
2096
-7183
-5900
-3852
-10188
4396
-6136
5381
-17380
-6660
-4076
2327
-984
1299
-12216
2794
-3000
10535
-9129
2332
-3028
-19
-2004
-2787
-7092
8725
-7148
1299
-15336
-4587
-8964
-1265
-11216
-2773
-2016
4361
-12284
-1548
-17376
-772
-4872
2355
20
3335
-8176
-1823
-15308
-8708
-3868
5418
-5100
-4890
2080
1054
-13260
-3066
-5120
9984
-17364
2842
-17372
-1
-5116
5863
-17360
-2037
-4012
-2033
2084
4351
-4064
8209
-9176
7180
-3040
-6930
-11196
-3091
-16368
264
-18392
-6941
-5056
6364
-18404
3101
-6060
7457
-21488
-7985
-18364
7431
-7964
1779
3132
6382
-6108
1062
28
3823
-9208
3555
-15340
2
-11240
8406
-5096
-10485
-8172
524
-1000
-5404
-5108
-1335
-7144
5387
6180
-7432
-12040
12026
-12244
-16653
-964
-48
-5108
-1511
-22020
1790
-17309
-7414
-10188
1512
-1816
3613
-7124
5348
-4048
11787
-11188
3076
-9188
6137
-4068
-4357
-7144
1031
-1012
1043
-5084
-7171
-10224
9182
-19376
7172
-15340
-11806
-8148
-758
-9188
3110
-13280
12247
-10212
-16098
-4028
-9946
-11236
-11509
-8148
3536
-18372
-6639
-13272
5393
-9164
7158
8196
-2547
-12284
8442
-3048
-1762
-2040
6933
-7124
244
-14316
-1288
-4076
27
-5084
1013
-8152
-7957
-18416
-1022
-20408
-11519
1036
2800
-2020
4348
-11264
242
-7164
547
-14316
-2064
-12040
-12020
-8964
-4119
-8156
507
-9196
2799
-16352
-8960
-6084
-1308
-4076
501
-10180
10513
-4076
2073
-11228
2314
-10224
531
-3064
8479
-11204
-537
-17352
-3333
-9160
-2051
-10164
1540
-16368
-7403
-7160
-2550
-3048
-2821
-3040
-751
-11028
504
-12280
5860
-3036
8665
-20236
-6906
-11224
6897
-7144
-5903
-1016
-1013
-4052
248
-14292
-6429
-10204
10963
-6140
1300
-6084
4098
-1024
1270
3104
1
-3048
-1543
-13312
5104
3152
2327
-15340
-757
-5092
-7191
-996
5344
-10196
-1284
-10188
-9716
-11252
-4078
-8156
-4582
-8168
5139
-7976
13814
-10192
-33
-6080
-2786
-8172
2012
-9152
3079
-7116
-2578
-7156
6408
-7164
6160
2080
7699
5132
-6888
-11220
-5379
-2012
9203
-14272
-2790
-15312
2815
-14272
4842
-8172
-1531
-8168
4870
-18416
-5159
44
1808
-5088
-5902
-4088
-4084
-3052
6885
-13292
-7948
-7948
4286
-7164
-9681
-8188
6895
-960
-5881
-8120
-9932
8
-2276
-8116
6132
-2828
-6639
4
-528
2080
448
-7140
7202
-2044
-5882
-9164
-4098
-9208
-3848
-7952
-6396
-3008
-1847
-2020
-11774
-8156
234
-1024
-3593
-4088
-5612
1040
7672
-10196
6621
-19428
-5876
-18400
9742
-4064
11
-20440
10749
-10212
749
3096
-532
32
-2791
-12040
6921
-11256
1313
-10153
6645
-11248
1798
-17388
274
-9156
2555
-14332
-5913
-3028
-2553
-9196
-2828
-9184
1258
-10000
-10492
-988
-748
-8160
3023
-4016
8969
-10200
7906
-12248
1541
-18416
1262
-13272
-1775
-10196
-6939
-12272
753
-1996
2570
-13068
5129
-10212
9177
-13072
-7132
-12252
-11278
-1992
-15115
-10232
-1823
-9188
-10240
-10240
4647
-980
-6636
-7132
4884
-7136
-2828
-12220
5431
-8168
-3121
-7128
-4615
-15312
5885
-6128
4635
-18384
-2806
-11216
-539
-12268
8206
4332
-4344
-25320
5622
1044
5119
7196
5668
-8136
-4318
-9188
6915
24
13041
-12236
-4868
1052
6420
2064
9488
-12288
-7
-3008
-7922
-9164
2559
4340
-8164
-3072
4901
-1808
3340
-8984
7644
-12248
1541
-8192
14609
-8148
9464
-6128
-7439
16
6904
-12268
-515
-5096
-12820
-5120
4363
-4072
-4867
-2008
1008
-14300
-2545
-9172
-5
-3052
2572
-1000
-4086
-6096
1539
-10204
-5621
-12244
11547
-4092
1545
-6108
-7191
-984
-9236
-10196
9230
1080
-6414
6148
5369
-17372
-3879
-11248
512
-2020
-8437
5140
-2324
-14276
-1266
-8192
256
3072
3590
-5924
5365
-11228
1042
-1988
3279
-9192
-1776
-14308
-6667
-12256
3588
-5080
8923
-4052
2827
-19424
2557
-12248
5616
-22256
-8203
2112
-1804
-4088
-4613
2092
-4316
-6140
4121
-4048
-6438
-14336
-8450
-8968
-9
-6100
6147
-8164
8236
-4080
8956
4100
7664
5140
16463
-6124
-2274
1056
2281
-7144
-1521
-13244
5618
-7152
-2573
-13236
2081
-6132
14300
-6920
-6404
-12260
-7944
-17168
-3329
-12216
2815
-13300
-1302
-16328
-4065
24
7426
-13264
-7929
-6116
3847
3112
1288
-12268
-2770
-4032
-9238
-6132
-3096
-2008
-3595
-2004
-496
-1004
7687
-3048
-2558
-13300
6887
-12240
-1235
-11232
-5370
-4060
24
-9176
7152
-18416
795
-13304
-1261
-11252
-798
28
-4130
-8176
-2612
-780
-1782
-10204
2293
-3981
-12287
-4096
-2555
-4064
4311
-9180
-1770
-8156
8685
252
7679
-2856
57
-1800
-1279
-2828
-771
-12264
8720
-10208
4331
-12268
4614
-12040
1283
-6120
5893
-8968
501
-13280
3308
-9192
2320
-5116
8127
-11196
-7949
-12260
2824
-7144
-2034
-11196
8472
-11260
-1539
-3052
-1838
-12260
5855
-7168
-3327
-10204
6341
-1812
-5885
-14284
-3611
-5088
3320
-11252
1040
-1996
8427
-12256
-1792
-10216
-5931
4144
3601
-968
-2340
-8984
4364
44
11267
-9160
-2846
-11028
-3560
-8184
7662
-1016
-3063
-13296
-811
2076
-1521
40
-220
36
-1539
-5900
1010
-10196
-8213
-10240
-2590
-11228
-5654
-2012
-6385
2288
8452
-7116
3078
-9212
-8190
-9156
-1771
-9204
3359
-1796
259
-8128
4850
4120
-465
-9200
-2565
-4064
2613
-7144
1774
-5072
1520
-18388
-1021
-7948
5146
-8140
2768
-8132
1792
-8168
-4353
-4020
-2045
-9164
1808
-10196
-3037
36
4091
-4092
-7162
-5912
-3833
-12268
-12780
-18396
5632
-5092
-6369
-14300
2305
-9168
7425
-4072
265
-8172
11513
-5068
-228
-9144
-1532
-20432
-10002
-972
-2031
-5072
3326
-2032
-542
-9208
-265
-11220
-8470
-4060
-3296
-13068
3577
-10188
-3353
4124
7220
-4068
-1771
-14272
6946
-16356
-3067
-7156
7166
-3032
1544
-16344
6386
-11260
-772
-15300
3041
-10204
6383
-9144
4098
-9168
2829
-16336
-5381
-976
-3837
3132
1249
-7152
-5647
-12244
1249
-7164
2246
-5104
2053
-10208
-8216
-7116
235
-11240
-3093
-6144
-10761
-6144
-12
-13280
6677
-11196
-6122
-13288
-1010
-3048
222
32
7170
-11208
-2820
-21488
528
-980
744
-13304
5
-13272
5607
-17340
1043
-2992
-536
1060
766
-4012
-6159
-13288
763
-4872
-2543
-8156
10251
-2020
-8951
-28416
3826
-17352
-6147
-7108
-5365
-11232
-7898
-4028
2826
-12189
2557
4
5642
-984
-746
-12236
-5643
-13296
-6382
-9152
-1024
-5100
2578
1036
2841
-10192
-12550
-1980
-9240
-16324
-741
-4876
5872
-11244
-3572
-8128
8478
