-17380
-785
-9192
-10002
-4028
-2560
-16344
2546
-11236
-2533
-21500
3835
1044
2258
-4020
227
-9204
-762
-16356
2269
-14268
-4336
-14316
6412
-12256
-792
-6132
-13078
-8176
-2269
40
4052
-3064
1033
-6128
-5635
-8156
-1026
2072
-3845
-12040
-3797
-8144
984
12
773
-6124
2044
-14088
-486
-8144
7443
48
-1534
4096
-3614
-5096
3081
-3008
-1787
20
-10273
-7152
-2535
-19212
-2804
1044
7204
-4056
-2063
-13252
772
5136
-771
-6128
-4093
-12260
4843
-12244
5847
-13300
-1518
5140
-1051
-988
-5931
-5088
35
-12264
10262
6184
2550
-3048
-1790
-7120
-3612
-12272
-10238
-10180
-5127
-12036
-3066
-7136
5107
-4076
-2771
-3032
-3077
-20456
5148
-12272
5916
-4072
5353
-8188
3596
-3040
-2334
-7116
3342
1056
1029
-4088
-2010
-5084
5119
-22224
-2311
-8180
-9468
-3028
-3280
-11220
3323
-1988
-4324
-11232
-12245
36
6414
-8144
-1239
-9204
2562
1044
5627
-14324
-9701
-13280
1824
-12252
1550
-6108
11261
1080
-4608
56
4871
-972
-5381
5184
5599
-18404
-4898
4120
2849
-992
1769
-18384
-7666
-5896
4343
-9176
-466
1064
527
-11016
3085
-14300
293
-14324
488
-6064
-781
-4056
-504
-10220
-1305
-12252
248
-10192
-3083
-12036
-7944
-14284
-2548
-10184
-5154
-4060
-1542
4160
288
-5100
-1549
-5100
5892
-14088
-5876
2048
1778
-12272
-2307
-6132
3124
2092
3062
244
1845
-9216
-3309
-12236
3096
-1016
6130
-9200
4886
-11236
-14819
-9180
6882
-2004
4093
-5092
2032
-5072
-767
-6072
-4338
-8172
10724
-12220
-1265
-15120
1297
-7956
3091
-4888
6650
-7112
4109
-14300
237
-11020
-8722
-3028
-5378
-5104
767
-6100
765
-11252
797
-12220
-8708
-1996
-6367
-11248
8956
-6124
8200
-16360
-2844
64
-3565
-5096
-7434
-6136
1281
-14336
8424
-15312
-268
-5072
511
5168
-3334
-13280
4622
-6136
275
-4068
-2576
-9192
-8475
-8976
4096
-7136
7689
-8192
-5089
-15336
-520
-12228
-2535
-13280
7942
-2004
-3080
-18404
-3083
-7160
11752
-13304
-6663
-8184
-3823
-12244
-14949
-5112
-4788
-17372
9947
1068
-718
-13264
6882
-8136
773
-14300
-2869
-8116
-517
-8164
3357
-7128
270
8204
1777
-10153
-3293
-11196
1541
36
5890
-12244
-2559
-13272
-5393
-10220
6398
-9176
-3554
-9212
-789
-14296
-10971
-14292
-1780
-8192
5919
-12264
230
-1008
2807
-12256
-2777
-7112
3308
-7096
-2045
-4048
-4326
-8148
-1
-3072
4831
-9188
-1535
-8148
-519
-6140
2057
-7164
245
-2032
-3334
2076
-3808
-10240
-5640
-11252
1780
-7940
1282
-10224
4401
-1016
2283
6396
-1260
-5044
-2319
-14284
2055
3112
3595
24
4347
-6952
-4601
-4076
-260
-2012
-5361
-992
-5908
-15324
6659
-5080
-11544
-18424
4568
-7160
-8988
-3056
8182
16
5872
-8172
-6614
-16352
-4631
-17372
-5652
-15316
1286
-12252
-790
3144
-247
-14296
7413
-8156
-253
-984
4892
-2840
10266
-4084
-11782
-12256
4844
-9192
30
-6096
2028
-4072
-4112
-13264
-2037
-10208
486
-8144
-9245
-15352
-3064
-5092
743
-11248
-4609
-12256
-2843
-12252
9459
-788
-1262
-11224
3104
-2824
-5173
-8192
1804
-15332
6403
-6128
-1042
-11020
-264
-8164
4349
-1988
-10675
-14112
-10290
-5084
15351
-18416
1824
-2016
-2857
-12260
12052
-7164
3323
-6100
7954
-8188
3348
-9168
4363
-13292
4602
-10184
8201
32
-264
-7100
259
-6088
-2
-14328
6922
-5092
-1010
-5116
8198
-13240
3603
-7152
-7424
252
12275
-5068
-1778
-11012
-2306
-4080
1747
-14292
-2839
-8128
-1778
-1004
8947
-3036
2830
-8140
-3861
-8128
-2565
-4092
-7180
3112
9245
2076
6908
3100
5667
-9164
-5648
-6132
789
-3024
497
-17368
4630
8
-8202
-13288
9958
-15304
-1029
-15348
8189
-1020
7157
-3040
3820
-12272
-5350
-8964
1813
-8968
3350
-3848
5646
-8172
5665
-5112
3079
-5112
5646
-7124
4091
-16364
10272
4148
-9179
-4056
-13054
-6116
3816
-11012
2069
-968
2314
-14324
2073
-10000
4125
2300
1817
-24320
8199
20
2536
-13256
-6665
-12256
3046
-11256
1531
-2012
-784
-4080
6667
-7144
8988
-11016
-526
-21492
2809
-6124
-508
-11012
-9219
-6088
-1739
-12276
-4875
2280
-1527
-5080
-3065
-2024
3591
-8168
-3283
-3040
-2810
-14304
-1247
-8172
2813
-972
2820
-22028
1311
-11240
9213
2096
4084
-5092
2783
-4072
-4587
-11016
-1065
-12264
6937
-7136
-12563
-992
-1796
-15344
29
-2024
-8955
-3020
-1280
-24300
-12277
-19428
-9475
-6096
-518
-14276
-8183
-13244
1802
-964
3308
-5084
2292
-8144
6650
-15328
6668
-14316
-1518
-7136
3093
-12260
5378
-12256
-8453
48
3378
-15308
-3605
-16320
-5611
-15348
3806
-8148
-3561
3088
5137
-15112
3334
-6100
-769
-5076
-2575
-10224
7449
-4084
4094
-13284
-2074
-14316
-12022
-14304
-13869
-2844
5594
-13268
-2823
-14312
2836
-7124
6133
-12276
-2572
-9184
3860
-7132
502
-7148
13567
-11208
3354
-4072
-7156
-9192
6142
-5072
-2301
-3852
-1299
-10192
10734
-7128
-10998
-6136
5881
-7156
2033
-13276
5872
-17172
1536
-8148
-7165
-3032
8925
-1008
782
-18404
14060
-7136
2831
-8964
37
-8180
-8701
-2016
776
-2036
2301
-8144
1308
-8128
-7658
-3032
3069
-15352
-495
-11240
-493
-9160
-4885
2096
-7407
-4072
14550
-13300
1506
1076
-4642
-7120
1560
-11224
6373
3296
-6648
-16344
9727
-6104
2081
-2040
-5589
4132
3843
-19452
-7907
-9180
6
8
-4604
-5908
10744
-964
8913
-10192
7189
-5076
779
-14308
8984
-24088
-3068
-8148
11274
-7148
-2567
-3020
3061
-11248
1813
-10208
10984
6180
-773
-13240
8693
3096
-2560
-11244
-265
48
524
-6920
-520
3324
3863
-8160
-5077
-13276
-3315
-780
13349
-9172
1520
-11212
-7152
-11224
-10256
-956
3324
-10184
2568
4
2833
-9172
-7703
-9192
5639
-17388
768
-7140
-9197
-10208
6419
-15340
-2829
-8176
-10255
20
-528
-6112
-1049
1096
-1775
-1000
5066
-4056
2584
1080
-4084
-14300
2817
-9204
-8690
-5116
8443
-16360
-239
-6108
-7149
-15352
-541
-9172
-5382
-6092
-2545
-6920
8696
-11256
-1268
-10188
-9207
-3860
1535
-4088
263
-8156
2572
-8188
2307
-4060
-2046
-1796
-1554
-17404
3597
20
-1528
-9204
-2050
-11228
6143
-17396
2011
-11224
-8686
-2032
6658
-15360
-2832
4128
-5123
-2036
6915
-3064
4350
-22208
-2821
-21468
3845
4120
6943
-7096
2545
-2040
5642
-14308
-2827
-4056
3372
-2004
1265
-7116
-8191
-6120
6136
-2024
245
-4076
-1828
-7108
-5382
-9192
-4612
-17388
4355
-11248
-2587
2088
265
-15316
-5682
-5076
-1844
-5072
1287
-4044
4099
1072
2569
-6144
240
-7108
-3
-1000
805
-12280
7952
-4068
1308
-8144
-3330
4156
3883
-18384
-4617
-17392
495
-7944
-8223
-11028
-231
-6124
519
20
-7456
-7120
513
-7148
1254
3088
-3107
-15124
531
-5892
1265
12
-4100
-5088
-1012
-12268
-2542
-14300
6144
-11244
10264
-6112
8208
-3844
5918
-15348
-2039
0
1046
-11236
-14
-5096
-6641
-4076
1763
-10220
250
-12240
-7174
-7140
5093
16
-1788
-6916
4103
-2024
-1271
-2820
-4575
-6140
6671
-19208
-8939
-11240
-271
-7100
4296
4120
-3838
-14280
-4107
-7156
2570
1024
-2063
-5120
-11272
-776
-1840
-7132
1287
5148
-2547
-3040
10483
-16372
2326
44
-8443
-2040
15133
-18412
-1263
5368
4345
-18180
-1772
3088
6410
1048
1259
-26324
-5896
-4056
-3
-8172
9202
-8972
-9980
-13276
5091
-10216
-8930
-1800
-1783
-8156
-3812
5140
6630
-772
-5384
-6132
-5093
-10192
2812
-2036
-14
-12244
3331
-2828
1299
1072
-521
-10188
-6176
5372
-6138
-16372
539
-7140
1536
-11212
6925
-8156
-5161
-4028
1299
-1800
1012
-1992
-5165
-11032
2817
-12252
-3057
-3068
-2810
-6096
7149
-1980
1293
20
6647
-12252
-5850
-8188
10741
-8184
-294
-772
-268
-6092
-6167
-1008
3290
-10188
-17248
5372
-3843
-6116
5641
-15344
-7159
-3020
-8459
-1976
9766
-10212
2301
-13296
4596
-7140
2331
-12076
5406
-8124
-2058
-940
5669
-5072
4858
-13292
743
-6144
8707
52
1553
-8188
5328
-14300
-1779
48
-2053
-6092
-3821
-9168
5101
-9180
4612
-6136
10230
-5088
-3563
-10212
-2312
-4020
6383
-11256
5590
-4080
-494
-6124
-5382
-6104
-6674
-22236
-2831
-4076
7410
1060
247
-17372
232
-9208
4893
-12244
2060
-13284
-9239
-2824
2076
1028
2298
-6136
2785
-4872
5124
-4064
-2835
-5076
-781
-12248
-2017
-8168
-4887
2064
4616
-9184
-2300
-15332
-12051
-15324
-4805
2052
6892
-21472
9716
32
1029
-11252
8213
3088
4100
-13060
-3318
-7112
4083
-20232
-12277
-6132
-270
-15340
-4870
-7156
5133
-9180
-1780
2116
-6917
-11256
-5411
1076
-4844
-12244
-6901
-9152
1275
-13288
6651
-976
-2539
-4096
2291
-12240
1793
-5088
-737
1044
8166
-11192
3561
-6920
2548
-7144
-1012
-13268
-5370
-13280
-3332
4132
1789
-3064
-3574
-952
-4366
2072
6133
-7104
-69
-12256
6391
-2004
-1274
6188
2287
-11220
3081
-960
8446
-12232
-29
-8152
7942
-788
2074
-4076
13560
-5096
-2342
-3052
4112
-3012
12764
-17332
-6668
4
-6866
48
-515
6172
4333
-1984
-7943
-14108
3086
-15308
19993
2104
-7422
-21260
-4085
-11236
7937
6156
2552
-4072
772
-10236
-5633
-11260
-5865
-15336
264
-5120
-1806
-1024
-11278
-10216
5634
-14284
6898
-9184
-4823
-2036
8178
-12240
530
3104
-1548
-7136
1827
-7108
-1287
-3032
2538
-5108
4355
-5120
-730
-5892
980
-11204
2561
-6128
-11
-12264
2785
-16364
-7936
-13280
-5885
-3024
4091
244
-3278
-13280
12810
24348
5868
-12276
-4599
-7160
4343
-13280
-19
52
-2546
-4072
-2554
-11224
4075
-10208
4606
-4080
-3816
-4096
4890
-6108
-233
-7148
523
-7160
-6385
-2000
-2042
-3844
-5140
-8132
-1803
-6092
3591
-7140
2311
-15316
-5124
1048
-12058
-16384
4129
-964
3855
-8164
-5620
-5936
-4828
3144
8436
-7128
5638
-17176
2819
-4072
-2315
44
-5929
-18388
-1530
1044
-3833
-5120
3573
-6136
6137
-2024
-2803
-10220
-4621
-4088
488
-2828
2027
-9204
10247
-984
-5344
-15324
4338
-1004
1556
-11240
-771
-2032
-2549
-6136
801
-9176
479
-6916
-4103
-10212
1738
-14308
753
-7120
-524
-8176
-14
-1004
-3830
-10192
-6646
-3844
6366
-7944
-2563
-11208
2529
-9176
8727
-4060
265
-10216
3840
-14300
4124
-6116
-3610
-10164
-5145
-7952
7668
-4072
2805
-19428
-2042
-12264
1051
-1796
7941
-18420
1778
-4884
1024
-10220
-2554
-12276
-1795
-1008
4852
-15112
2072
-16132
5384
-12040
2038
-1824
-1034
-12268
-3886
-13284
-2568
-13272
-1539
-8156
-4381
6172
3589
-5080
-3076
-11260
7402
-4036
-2036
-4072
2264
3088
4360
-8140
-9979
-952
-3318
-1012
-5918
-992
6431
-12068
-5102
-8120
4122
3096
-2040
-10224
1287
-19432
-3282
-6136
7150
-11236
1043
-7136
4106
-16352
-6634
-10232
4624
-13280
-3600
-5104
-3316
-6112
2581
-984
-5102
-13292
-1358
-7120
-2068
-10232
-20
-3008
7424
-9168
-8690
-10192
-520
6152
8956
-12288
4624
-7140
-3354
-13308
-542
-5104
-1527
-3052
2590
-11260
-8468
-4076
8714
-3020
8
-8136
7897
-10220
-8967
-4072
4574
-17376
8201
-23284
-17166
-7124
-10769
1032
3079
-12216
-2551
-12264
7453
-9176
3311
-6076
-8718
-2024
-10199
-9180
2061
-7132
7921
-3032
-1250
-17164
-6627
-9196
-5393
-8160
7166
-14300
2248
-10200
11
-12220
3606
-11188
2781
-11220
-1246
-9156
-11819
-3044
5869
-5040
-2039
-20480
-10007
-10224
-3345
-9200
-1549
-12288
-5613
4120
2279
1088
-4888
-8136
-4383
-8164
-535
-992
4120
-3056
14060
-9172
-5594
-5080
-510
-5112
-7941
-2012
3806
-4048
7934
-10204
8206
-6112
-12794
-9184
-5408
-6124
-4115
-2048
4313
-11184
3061
-13252
1516
-18364
2857
-5112
-514
-6116
4074
-7128
4850
-7152
6671
-4076
-4868
-9204
3600
-10204
7177
-22240
-6636
-4028
3322
-12240
5127
-6116
-9231
-3056
5651
-2012
5646
-15324
-468
-7156
-2037
-8172
-7205
-4072
4588
-4036
-2768
-10204
4636
-15292
-5654
-7136
-4873
-7116
6928
-13308
9753
-9200
11265
-14308
9184
-14296
2285
-14284
-6384
-7096
-4836
-2044
-4
-1992
3093
-4040
3586
-15336
-4608
-14312
1030
-3056
5389
-6124
6614
-4076
5381
-10228
783
-12040
775
-9129
-7697
-4064
10265
36
4084
-11236
3335
-11188
-5113
-8180
-7414
-11020
3067
-10220
-501
-11228
-4314
-5112
-6895
-7132
6396
-6924
6886
-7156
1820
-6092
-3608
-6100
-2274
-15300
4365
-11208
8700
-3020
8482
-15112
7668
-10224
2258
-11208
-521
-7148
2317
-5084
-8695
-14280
-2064
-3072
-10761
-10216
6937
2048
-5886
-9192
-3346
-6108
4887
2060
-2803
-7144
16386
-15312
6645
-8164
4390
-8132
-5842
-8148
-6169
-2040
-4634
-3068
6357
-14304
-4846
-10204
-7404
-4872
-3347
-13064
-3565
-7152
10247
-1008
-1811
1276
-5612
-8140
1797
-3008
-7424
-3032
-6362
-7136
-1034
-14328
9
-16324
-2
-7140
-4099
-9992
-237
-6144
7155
-11208
-11507
-6132
5399
-11228
5125
-5100
5903
-24280
-6405
-1008
4105
-11252
8964
-11228
7189
-6140
3348
-8144
9734
-4092
-1266
-9204
4871
-11208
7688
-5052
-3832
-11016
727
-5096
4842
1040
-4857
-5056
-6893
-12276
-5880
-15112
5838
-3068
-780
8216
3844
-3040
-3305
-11020
-3055
-10228
1763
-14288
1825
-8180
-11266
-3044
-4856
-5092
13567
-9188
-3870
-14304
1009
3100
5399
2072
-5115
1048
-5117
-4064
7391
-8176
-5140
-5088
6639
48
-9758
-4084
-491
-9992
2826
-5072
-6612
-13276
-249
-16348
4366
-8176
2831
-12264
7667
-10240
2573
-3036
1514
-16360
-8420
1060
-1776
-6140
-10249
-18416
2328
-6068
1281
-10188
-3070
-8132
-1270
-12220
-9189
-3068
-773
2088
-9477
-15336
779
-6132
2318
-2020
6389
-992
-3828
-3064
-765
-15348
-4351
-3072
-4088
-3044
4115
-6116
-1280
-1996
-4346
-7152
1783
-3024
-519
-3048
6142
-4084
1565
-7156
-9215
5144
-1587
-6104
-747
0
266
-6116
19
-12272
3104
-6136
2797
1040
506
-15108
533
-780
-4
-21436
-5146
-16384
11556
-16348
6834
-10192
-11797
-7140
-784
-9992
10526
-3060
-741
-13284
-1015
-3028
4392
-2824
-3301
-4868
8729
-7120
5156
3084
10470
-14304
-1025
-4884
4351
-9129
-1536
-8160
-4358
-9192
6177
-25344
-2044
1024
-5360
-11248
2796
-11252
-2089
-3060
-3334
-15324
-11505
-14308
555
-5096
-1255
-6108
-991
-10212
7188
-7148
-11021
-4060
529
2092
-5097
-996
1256
-9160
3885
-9208
4616
-8168
746
-9988
-2320
5160
5154
-7168
4904
-17360
1279
-23276
-6674
-4068
3087
-3068
-6667
-2004
-7937
-2016
-4634
3116
4111
-4044
1328
-12048
2042
-1988
-1037
-776
9244
-6124
10747
-8964
-24
-13084
1536
-15332
-2296
-8120
6088
-22264
3886
-6080
1806
-1008
-6381
28
-7916
-11024
-2577
-15340
-14067
-6108
-2323
-11220
6387
-9204
1038
5124
-8441
-11236
13855
8196
-1313
-2028
-3553
-4056
5905
-11212
-4832
-3856
-5877
-2020
-785
-2040
-3864
-8192
8431
-8156
-9489
6164
2343
-16364
5450
-9996
5345
-17404
7986
-10220
-1290
-11224
4122
3072
5154
-4076
1260
-10196
-1006
-1016
-2784
-15116
8158
-7156
7936
-6096
262
-7140
3335
-8168
-10498
-10204
-11244
-7128
-1044
-4076
514
-5100
239
-5108
-1278
-1796
2056
-12264
5868
3092
-3284
12
3324
-6124
-788
-4084
2822
-6120
7958
-5104
1028
-7940
16
16
-4361
-2020
-7190
-11228
3325
-7124
-1531
-4068
1818
36
3568
-17172
-8669
-12056
2342
-7944
6910
-12268
-4076
-9176
7431
-13236
-1289
-4064
-6389
-9168
-3280
-11260
-1562
-2008
-3570
-3048
1286
-3052
-248
-6124
-7932
-12256
6173
-6080
-6623
20
4618
-9152
779
1032
503
-3052
-17753
-14308
9749
-968
-3622
-9204
-1524
-8176
8712
-12268
7909
-15320
-226
-12212
-513
-3004
-6911
-4088
4870
-17352
455
-20432
4851
-6132
4083
-7120
-5372
-3016
-1308
-776
-4334
-13256
-744
-8168
14270
-5096
4563
-3036
4103
-3040
1245
-6088
-6904
-5104
2305
2092
-8204
-3040
-4336
-8172
-6667
-9180
4101
-19436
1753
-23264
1020
-1008
-8200
-10196
-2308
-10172
-33
-18432
7202
16
-7918
-11208
13052
-21260
-2006
-6120
-4105
-11244
-6145
-11208
5644
1272
-2303
-12288
-8732
-14324
3634
-5064
-4872
-10208
-780
-7132
2310
-7144
2822
-15312
11262
-10156
1815
-9192
-1283
-9208
9738
-13312
-2565
-12288
3592
-6144
1591
-12240
4602
-4072
-3587
-14312
5361
-4044
-12776
4120
7422
-7136
-6660
-10208
-1041
-8968
-1321
-8164
-4341
-9152
3067
-5088
-13110
-2012
1806
-14304
2555
-11236
-8420
-10204
-2299
-3016
-5893
-3028
-4834
-17396
5350
-5092
5126
4340
-5641
1056
-761
1060
1800
-3848
-3049
-1992
-7154
-6096
3086
4128
-1757
-11212
-4353
-15108
-5356
-992
1532
-10000
-3337
-9172
-276
-13272
-3300
-9184
-1543
-5112
-3093
-13300
751
-10220
-1801
-15292
11799
-8136
-2815
-15320
4084
-6128
-5337
-7148
3575
-8116
2055
-5076
5051
-13312
-12753
-9180
-3025
-8152
7916
-4088
4359
-6120
11797
-13260
14073
-13276
-4090
-5080
-5360
-10180
-20566
-9200
-4357
-3052
1005
-3024
1787
-10196
2054
-5084
-15616
-13300
8960
-11012
6927
1032
8428
-13284
3358
-4088
503
-12268
-1809
-4040
5104
-17360
1
-13276
2048
-13272
-2331
-12224
1282
-8136
-526
-5068
-255
-13296
-14084
-15324
4409
-5908
-517
-14336
-2541
-8172
3087
36
-287
44
-13558
-19428
-3591
-10208
-7442
-21460
2533
-8156
-5617
-20436
2855
-7140
-1016
-784
3339
3100
-1799
-6088
-4844
-2040
-792
-10000
4637
-6100
-3303
2084
-2042
-3036
2560
-15328
5667
-11224
-4095
-12244
-11993
-10224
-13577
-3040
253
-12060
13579
-11236
9212
-13256
2793
12312
-4546
-6053
-6154
-6124
2529
32
5118
-2036
-520
-988
997
-5892
-6921
-6932
4094
-3020
-4877
24
2326
-11264
8470
-1000
7666
-9168
-233
-6144
5140
3076
1037
-10204
-3042
-7120
-4117
-7148
-271
-11212
-28
-9172
271
-18380
-5598
-7092
-4329
-9156
-8184
3092
-1586
-6112
-9487
-15328
3580
-12260
3126
-22244
-4105
-5100
5116
-7140
783
-7132
6364
-13264
-8157
-8192
2544
-4096
-5107
-18428
1055
-12244
11526
-6116
-2782
-10220
-6661
-3040
1813
-5072
-8705
-1972
3321
-9992
7928
12
1529
-10200
5359
7208
728
-16344
-2799
-10184
-1805
-12264
-2305
-14260
-759
-3844
-2552
-15344
-2853
-12260
-5608
-14088
-792
4104
3347
-6120
1253
-14300
-3058
-17372
7448
-16380
2801
-18388
5912
-16364
6905
-7128
-1276
-6120
-4591
-1996
2060
-12036
-5624
12
-5112
-3052
-10724
-10224
-3817
-9192
2017
-14320
-1082
-11244
-1525
-5084
-8189
-10216
-9262
-6112
-10486
-15320
2822
-9176
804
-10204
-2295
-8160
-7121
-7148
-2056
-5896
-10721
-3048
-5083
-12280
5889
-11224
2299
-11236
1558
6180
2568
-13276
2309
48
-767
-8164
8227
-6132
4362
3120
-4848
2064
-8470
-6140
-5601
-10196
8497
1060
5371
-11012
-3333
-11240
11280
-11216
-1562
-6132
-230
24
755
-10196
2315
-9180
9459
-3048
-5100
-10004
2549
-15324
3343
-3032
-8206
-5096
2294
-13292
8716
-2012
5381
-6132
5621
-7948
-5945
-12236
-10225
-8168
6172
-15348
-7973
-20436
9468
-3032
501
-20424
-2555
-1800
2040
-11244
-3578
-16364
4638
-1012
3291
5156
-8994
-5084
-2014
-3024
-2295
-11204
8427
-15328
13
-7132
-3596
-14308
-1535
-17376
-3051
-7148
9936
-2024
-7431
-5100
-1540
-2012
-1775
-1812
-2803
-4052
-3087
-3012
8471
-3052
39
-16356
-4586
-11236
7162
-1004
-223
-10200
-8723
-3068
13552
2048
-4582
-3036
6642
-4072
-1799
-15324
-7191
-9160
-5404
-9200
519
-6096
-10248
-16352
10011
-5076
4593
-3016
-2581
-15340
-2334
-8124
4852
-14328
-9266
-9152
-4583
-14280
-2067
-10224
-5887
-5100
9730
28
-2797
-11240
-4589
-5116
5367
-9204
7726
16
6398
-4064
-10266
-4048
3071
-6116
-8677
-13280
8005
48
9487
20
7932
-11240
3328
-3856
-502
-7120
2548
1268
8465
-7132
4369
1072
-5864
-4052
4658
4140
6907
-9148
491
-1988
11274
-4060
-2274
-3064
-3862
6172
-9236
-14084
-3311
-8132
5894
-4048
-3856
-5928
4605
228
4888
3128
3827
-4088
5356
52
3080
-7144
-1802
-3004
272
-2020
7461
-4052
-2573
-10216
5099
-6072
9695
-5068
-13822
-9164
-5620
-2020
-2066
-2004
2586
-5112
-2578
-6128
4591
-7112
1271
-10224
-4118
3104
-1032
-10220
-9467
1068
8970
-6116
2829
-5108
4587
-9184
-8175
-2008
-6643
-19424
2291
-8116
7399
-5108
-8715
-992
203
2076
-1018
7188
265
-22232
6417
-3052
-6900
-6108
1823
-3016
4401
2060
4877
-4056
-3587
-4064
-5375
-7156
5384
2068
6621
-14316
1017
-12040
-1045
6164
-504
-11252
4344
-3016
-546
-3844
-246
-7124
13080
-11240
5388
-9204
1782
-1008
788
-3048
2048
-21456
2560
-13284
7681
-6132
751
-5116
-11446
-10220
2809
-3072
12030
-9192
-3347
-9192
1792
-9156
-10989
-10208
7642
-7120
2310
-8148
-286
-7132
9748
-17376
-5371
-12036
6376
-13300
8967
-5068
3301
-6120
-2544
-5108
2289
-5096
-5667
-11216
-3076
-11180
3069
-16356
-12
-7120
-4100
-26356
3826
-1008
5365
-3028
-1825
-6108
-6364
-3040
-5382
-18384
-3812
-10220
-10760
-4060
-10762
-13084
-1035
-9192
-1272
28
3047
1092
-5365
-8184
-5934
-11240
1499
-14300
3800
-13256
-3557
-8160
-5388
-13256
3339
-4068
-2820
-11224
-2059
-8168
3043
-3056
4106
-6136
-7098
-9184
-3350
-7092
-7699
-992
1302
-20452
1506
-5088
6151
-4072
4901
-17384
4891
4136
7446
-9156
4369
-4096
521
-18392
4356
-984
7922
-4032
495
-16360
8735
-4876
-3307
-10184
10517
-5080
-4853
-16340
-3603
-12284
-1308
-6140
-6151
-2000
-495
-4868
7954
-7168
-2288
-3040
4869
-2048
-258
-2016
6178
-15304
-772
1104
7945
64
8412
-6916
-1033
52
3572
-14308
-2053
-7152
4605
-10188
-479
-4052
-4326
-10228
-3121
-5076
1033
-9172
-22
-6064
3804
-5068
-1810
-7132
-1265
-4032
6396
-12044
-9691
-15316
7406
-12244
-9661
-10232
258
-13276
-2605
-21436
-3079
-6120
-5351
-10192
4054
-2040
6139
-13268
-772
-22196
8958
-5116
-4840
-2836
1510
-1000
247
-9176
7450
-988
2603
7416
3074
-5096
-5370
-16368
-23
-6108
3579
-16372
-7923
-9180
-2295
1056
-251
-10192
8
-13280
6363
-6116
-3082
-6104
-4105
-12048
-3330
-16132
-1550
1084
1803
-16332
-6634
-11208
-2290
-12256
4364
-9172
2058
-4084
-6368
-6108
4892
-9184
-1571
-16340
4618
-6128
-2572
-11248
-1794
-8184
-6174
-3044
-1254
8
-292
-4028
7966
-1988
-250
-4072
11271
-12268
1808
-996
11762
-9208
523
-14280
-6689
-5100
4350
-2032
2829
3320
-259
-20416
10208
-10232
-7938
-15360
4370
-10224
1013
-9176
2529
-9208
-4336
-9208
6415
-16372
3861
2300
1818
-11244
789
-14268
4592
-7124
2813
-4076
2298
-772
-506
-4088
-548
-10196
6102
-3028
-9472
-5104
-1003
3120
11486
-3008
-4059
-14308
-1525
-3036
-1806
-10196
-6411
-6076
5362
-4060
-5636
-8176
6364
-6116
7664
-11016
-1008
-7940
6
-13272
-4827
-5096
-5361
-15112
-9453
2060
4066
-6112
227
6156
9492
-11220
-224
-18384
-1542
-2032
2797
-3064
-3386
-6140
-14315
-5892
-2817
-6092
1259
-2024
801
-12260
-266
-12280
-3314
-10180
-6635
-1808
3337
-5088
5913
-1008
-18219
-2024
16644
-2000
-11789
-14312
1740
-6120
-7157
2072
-1291
-8132
-8691
-8164
3575
-16344
-3072
-7124
-1001
-7116
-3606
-8168
-10
-10200
-6902
-9200
6420
-5084
7677
-3056
-1275
1080
532
-5092
12000
-13304
-13859
-5104
3831
-4080
-1808
-15312
-282
7200
-3615
-4060
-5646
-2008
-767
-9992
-1026
4140
1555
-9204
4099
-9184
11001
-11220
-293
-8160
4094
-10200
239
-2040
-4087
-16328
4350
1048
-5941
-15336
6917
-5100
-2820
-7144
-8702
-10192
-8201
-4080
-759
1076
1047
-6072
9466
-7140
3049
-1808
2793
-3032
-744
7212
281
5124
4362
-12276
11499
-8160
2597
-9125
-5671
-2028
-1257
-1008
1841
-20464
4357
-6084
7398
-17336
-6154
-10228
3059
-2024
2835
-12264
4607
-9188
12292
-16344
262
12
6
-15356
-4143
-5068
-238
-8140
1283
-4016
-5869
-7116
-3607
5144
6661
2056
5910
-14260
7656
-6136
754
-16336
-3080
-11252
-1528
-2024
734
-7124
550
-5092
8941
-9996
-8904
-1996
7957
-3048
-3578
1260
-2550
-17372
3054
-10184
271
-10184
5621
-1976
8187
-8984
-1787
-7136
-1315
2080
-475
-10176
11017
-12268
3323
-15348
7687
-16316
1023
-4092
7672
-13060
5886
-12244
3868
-13060
2310
-16360
-2325
-17384
-1326
-976
5379
-8180
-3324
-17168
7
-17376
2340
-13300
12768
-9216
14869
-12232
-3077
4183
-6384
-1828
3073
-3068
-4354
-11200
-3839
-12288
6442
-6136
4095
-8168
-1566
-10240
2083
-6120
1267
-8160
-11240
-4056
-1761
-8168
4322
-5092
10227
-5088
537
-788
3590
-4096
-278
-3060
1579
2300
3557
-11264
1524
-4084
1263
-13268
2793
-10224
-12019
-9172
-12018
-992
6925
-3008
7432
-15300
7678
-12264
3802
-5072
7654
-7128
4881
-8140
2050
-5104
-1540
-5096
-2049
-14308
3321
-10196
-4870
-13304
-261
-5100
4
-7168
-14069
-5056
-5125
20
-2800
-9172
5155
-12272
7688
-988
-5630
-16332
4835
-1972
-6388
-7120
-7408
-5056
3319
3116
-1539
-16312
6386
-8124
2568
-16372
2039
-15348
-6639
-2032
5855
-18372
2042
-10192
5368
-7160
-1792
-13280
7689
-12280
507
-13064
2532
-11012
5659
-5112
-1766
-6132
-5346
9236
-8949
-13284
4568
-17392
-7431
-9156
9217
-8168
7959
-5064
-6655
-11188
-2516
-15320
-519
-13252
-7693
-3056
-3323
-9216
-10216
-15340
241
-16136
1294
-8180
-769
-18416
-3325
-11232
4609
-7100
4322
-3052
-2078
8
-2261
-5060
7969
-9172
-3323
-20468
-8172
-10232
1782
-1004
-6673
3108
3833
-9200
7661
-18408
1551
-2024
-3600
-13260
9244
48
-264
-2024
1253
-20440
8165
-9176
-5594
-5096
11528
-9160
2100
-980
3334
-5080
-3573
-3028
3823
-13256
3063
-9180
7693
-14272
-6686
-16376
4090
-9208
-5134
-10200
-2075
-6076
1289
-9216
5125
-4080
5395
-9184
1039
-22252
-1533
-12224
-3606
-7120
6883
-9184
-7415
-17392
1264
-8180
7431
-15320
-245
-15336
763
-12276
6671
-7128
5864
-7092
-3362
-7144
513
-8152
30
-18384
4850
-6116
-2815
-4056
-4058
-13264
1497
-2004
-5117
-14324
-6683
-12284
4590
-6124
4327
-8152
6662
-3068
-14329
-14292
-4622
-4068
-5901
-13292
-7910
-13260
-9192
-7132
-241
1056
-3348
-18420
6942
-19428
-2823
-14316
242
-2044
-482
-15308
-2812
-3036
-7702
-4076
-1058
-20432
-9225
-8180
-2819
-6116
13332
-16336
-3083
-7156
-1506
3116
1021
-980
4
-5068
4828
-11212
-16377
-8180
3
-10212
2835
-5040
-2312
-8152
7145
-10220
2033
6156
-759
-7108
-8224
-15332
-287
3072
6191
-6084
-6404
3120
-10716
-20416
3053
-7148
-4124
-6100
-8724
-8148
-786
-4868
3305
