-3064
-1014
36
3817
-14288
6161
6152
7229
-3024
3318
-9996
4603
-18392
-5124
-7944
-5871
-4012
9685
-4084
-6878
-6136
-521
-9172
2275
-10184
-1755
-6104
1504
-8144
5637
-6100
-3303
-10212
722
-7152
7949
-984
4356
-2000
-5385
-5104
6887
-5072
11518
-10024
-4113
-8192
-3538
-1020
-12551
-11244
9714
-11220
2769
-11240
6401
-8120
-3604
6176
-5366
-5892
287
-5080
5377
-3012
3565
-1024
9212
-6116
-12775
-7940
3597
-7144
-4582
-9208
-3578
-4052
8191
-7132
6158
-12256
-8
-3028
-2035
-6108
4874
-8152
5373
-13276
12785
-2848
2822
-4048
-4858
-5080
4097
-5100
5864
-7156
243
-11220
-4371
-9172
-1285
-4068
780
-964
7192
-2008
-3623
-13256
-1551
-9180
-2818
-7156
-3837
-11252
-5100
-8180
15
-9184
13576
-996
2533
1256
-245
-6120
-761
-13276
3881
-8172
6417
2060
1029
4
7408
1104
5596
-12036
-8178
20
-270
-13268
2804
-14288
8693
-22248
-282
-5112
1532
-10224
-2005
-11212
11789
1052
274
8
11501
-11236
1037
-9188
-4625
-10196
-2056
-3072
765
-13268
521
-5068
-1250
-10240
6409
-14288
-6925
-3844
5656
-9176
-3316
-5092
-2329
-7148
5625
-6108
11261
-13260
5372
-15344
-9683
-11208
2524
-9184
-1551
-12260
-5101
2100
247
-10160
-6884
-1964
3356
2096
7443
16
2284
-10232
-4334
-12256
8182
-6112
-5124
-1976
-12785
2064
1038
-8144
-9472
-6920
-3857
24
255
-8160
-2301
-17344
2564
-13260
-13075
-10236
-2048
-3068
5145
-21264
-1522
-8184
4878
-6128
268
-7128
2567
-4040
-6387
-10188
-1260
2048
-3357
-9188
2799
-10224
-8166
-10184
-783
-18345
7706
6172
2539
-5932
6916
-16364
-4628
-988
-261
-14296
1325
-4040
14071
-11228
11528
-2824
9227
56
-767
-6088
5879
-8180
-3054
-15308
4115
-10220
2575
52
2844
-6124
-4113
-15324
6406
-5112
-4841
5164
-1056
-7120
-1808
-16344
-2571
1272
-2800
-6116
3075
-13284
7682
-12248
2538
-8144
7414
-976
-6423
-12248
-4110
-11244
-5149
-7128
-1311
-1000
4065
-10188
5652
-13264
3073
-5912
2568
-17356
-2579
1076
-9006
-16344
-5088
-5116
-4088
-12276
7151
-4060
775
-4068
2830
28
-5372
-6108
2026
-5060
-1018
-11200
-2324
-2824
-535
44
6672
-1016
-2038
-9180
1284
-2024
-6398
-1004
-8986
-5068
2548
-8144
-287
-2008
-4891
-16364
9494
-6112
-4839
2048
11745
-6916
1268
-4088
820
6164
4616
-9208
15379
-5088
6656
-7124
3076
4144
3312
-6116
-8973
-13268
-3301
-5108
-748
-1000
8709
-7132
4859
-8144
4596
48
-3597
-2028
-6894
-8156
-3309
-7124
-5675
-7104
-1003
-2008
-1528
-11224
10525
-6132
-3362
-5056
2570
-7140
12807
-13260
8954
9252
-8210
-4056
4906
4112
32406
-992
3022
-11012
738
-4076
7949
-11220
-6390
1060
-7897
-11216
10244
-5100
4078
-5084
2554
-8152
-6406
-9184
1022
-11252
11803
-1004
-3337
-5900
3834
-7128
2545
1044
-3570
-13296
-5111
-5092
-11560
-4044
3117
-772
-1799
-12189
-3081
-13300
-3331
-8140
3589
-13240
12290
-3032
-4866
-5104
1547
-9176
2822
-16352
2311
-13296
1233
2092
1780
5136
-7687
-10200
-2817
-9200
10999
-19456
-4332
-8172
6934
-5104
-251
-16352
494
-8172
2810
-9212
514
-8180
-1241
-7124
-16959
-4048
2824
-2020
3838
-2044
-2287
2052
11504
5180
1278
-17376
2072
-7152
-4346
9240
2526
-9172
6685
2076
-8735
-10172
-3859
-6132
1301
-6136
-9987
-5108
7154
-8148
1823
5180
-1001
-9992
8967
-8156
-6941
-3072
-7177
-972
1799
-8140
-3072
-2028
-11236
-15308
11734
-968
-5414
248
6151
-7164
-3070
-11216
-6681
-19456
756
4183
-1273
-13256
-7963
-15356
3865
-10220
3588
-11264
-2571
-4876
1541
-7948
-1822
-19369
222
-2024
-7162
-12268
-9726
-10208
-3840
-3068
1509
-6108
-5085
-14328
-12051
-3032
-3074
-10188
-4839
-15352
7946
2096
9454
-8152
2326
-17380
6651
-13068
-3590
-5108
-527
-11252
3585
-2044
5126
-12268
5153
-8152
3826
-10192
-774
1040
-7166
-14336
2808
-6116
2558
-7132
-5133
-7120
4070
-13284
-1837
-9184
-720
-6128
11013
-13300
-2319
-2820
-779
-11256
-1562
-16136
2269
76
2532
-6108
-2058
-18404
-286
-5088
4630
-7144
3613
-7948
789
0
789
2060
-276
-9140
9249
-16372
-5154
-5064
523
-13296
1044
-12280
7172
-2028
-5625
-5096
260
-17400
1021
-6104
-6669
-13296
1282
-17172
4598
-9204
-8985
-12264
-271
-9168
-7924
-4088
-5641
-9180
-545
-20456
-2049
-11224
742
-9184
-4081
-8136
1235
-15336
5382
-14328
-4351
-13312
7648
-1024
-1800
-10212
1310
-9172
4378
-9184
10253
-7144
3094
-4072
-4867
40
-3093
-9180
-4092
-3056
5907
-9196
-5362
24
-4350
-5096
16914
-5076
-5879
1024
-2758
-11260
-2068
-14320
756
-992
-2808
-12268
4896
-5092
14836
-5092
-8703
-1996
-2309
-6088
2578
-9196
-1
-25340
-5121
-11252
-1064
-8192
-5872
-9204
6134
-13276
-216
-7164
-4592
-7140
4056
-5104
3605
-7152
4083
-8156
-2570
-16320
-5132
24
3580
-7148
2796
-12276
1032
-4012
-2791
-7104
1514
-6916
-4564
-8152
-3079
-6144
-5373
-11200
-2816
-4068
7952
2076
5888
-17388
-13568
-14304
-5652
-7116
3070
-7132
-7633
-6092
-2300
-5084
-1291
-5033
5356
-4064
1798
-11264
-11518
3320
11009
-6104
257
2088
-10950
-3856
10717
-8164
-5907
-8184
4351
-11220
-6385
-3040
2823
-13284
3303
-3048
-2571
-7132
-4654
-9200
-5110
-3056
-3582
-9188
6162
-3044
8443
-8192
-10250
-976
3336
-4088
-2565
-6124
-5110
-9168
17453
-21436
8232
-992
-4324
-15336
-2055
2092
-4373
220
7656
-7116
3059
-10200
-1522
4128
-219
-6088
-3315
4116
497
-12276
-2778
-780
-2576
-18388
-1293
-2008
5149
-6136
-2049
-13260
-3806
-16372
2035
-9148
-3065
2048
-1791
-13284
-3575
-14316
6421
-9992
7442
-2008
-10471
-2836
-8475
-12240
-488
1084
5355
36
-2285
-5088
3067
-3020
-2562
3136
4865
-4048
-3091
-5068
-1562
7408
506
-11240
-508
-8184
-1571
-7136
7444
-8176
-783
2060
-1550
-7140
3839
-11252
8960
-18424
-497
4316
-1018
-3844
-501
-14304
-8722
-8140
1510
-8968
-2331
40
3606
-21464
1012
-8164
-2809
-984
16
2064
736
-5072
-3099
-7132
-10511
-6068
-7175
-4072
-1547
-7124
-2042
-12280
9442
-2848
5110
-6108
757
-14292
-7921
-5092
2539
-8164
-10018
1072
4365
-9172
-782
-2016
2260
-8144
3038
-11256
1525
-13072
2840
5152
24
-12232
2560
-12220
-1006
-13308
9166
1036
1564
-2036
8456
-5076
-2829
-15316
-5139
-980
1815
-8152
-16943
-1016
-7969
-16320
-2540
-4084
5348
-1992
1819
-4060
3326
-9160
2564
-14296
-6652
-3032
-3831
-13288
-5394
-15324
-2792
-984
-5638
-12288
5650
-16368
7423
-10208
4366
-9184
-6394
-17384
-3370
-6072
-9723
-6112
5920
-12252
-4356
-9168
6676
-12268
526
-1008
-5423
-2036
3877
-3020
4896
-7144
288
-13284
-8757
-5084
2057
-18416
-806
4132
3333
-3844
523
3116
-4882
-8180
2305
-8140
5132
-11248
-33
-7144
6417
-992
-4840
-2012
-5887
-7160
7173
-8172
-21007
-7152
5117
-6128
768
1276
-506
-992
-2318
-11200
764
-12244
-43
-2820
-2061
-4060
-6875
2296
2776
-8976
-1544
-4060
1302
-4072
-2571
-9140
-6136
-8148
6398
-9164
5653
-4092
-7709
-10208
-2283
-8184
514
-2016
-2279
-15112
-7955
-6120
-18
-16360
2298
-4060
-3036
-6116
-7176
-2996
2572
-11012
4607
-12220
2305
-17160
4335
-11224
-3307
-8156
11030
-14328
-2776
-13288
4613
-5120
-5900
-10192
-1515
-4064
-4606
-3072
8435
12
1740
-13280
-4849
-8144
-10259
-1008
2273
-10236
-5131
-3072
9457
3084
2336
-5104
-2798
-20436
4352
-1004
-1289
-2016
-5898
-6096
-1769
-8164
-1011
2088
511
1048
-2523
-776
8958
-15340
-5853
-3016
-3069
-10216
3628
-13296
9716
-8172
4355
-11016
-4109
-9188
-1278
3120
-3055
-9160
7128
-10228
10768
-15348
5635
-11260
-2337
-20436
-5379
-8128
1513
-7148
-3333
-15336
-7958
-12240
-5379
-14300
-7957
-8140
275
-15352
-14583
-5900
1297
-7948
3862
-9212
-1806
-3032
-6945
-7108
-3079
-11232
4806
-2824
-742
-3000
-792
-8192
1805
-7956
-7437
-7168
507
-2020
5878
-1992
-4829
-14288
-1749
1028
-2076
-2004
2582
-9192
1559
-4076
9208
-9172
-4876
-10236
-489
4136
-7903
-10212
3288
-13080
7713
-17384
-1532
-1004
-3822
-6120
1740
-8184
-2788
-6132
-799
-8168
-4067
-6112
5110
-17372
5368
-5060
-1817
-956
-1326
-1012
3604
-9184
-4349
-10208
1019
-7120
2808
-6084
-3065
28
-235
4104
-512
-10200
2040
-6100
-5157
-12248
5345
3092
1786
-6084
-10249
1064
-2034
-8168
-1539
-13296
515
-7104
4350
-13252
498
-9168
10769
-4076
2331
2052
-2603
-11240
1282
-12272
1517
-15336
-2299
-3036
-6394
-8120
5379
-16340
4108
1056
1791
1264
-5864
-6124
-2815
-7164
-508
-11208
7125
-17372
-1015
4132
7464
-17388
2296
-6100
720
48
2052
-6076
-4357
3080
8454
-5092
5123
-3844
2286
-14308
4885
-11216
1257
-3044
3352
-4036
-7160
3096
785
-8136
-2525
1076
-2833
-17372
5629
-10220
6944
8432
3048
-1004
9703
-2044
1322
3084
-277
-2008
5883
-14324
2299
-2032
-8173
2068
-1525
-1004
1526
-1992
5367
-12268
6635
24
1811
-6104
4376
-3056
5142
-14088
7158
-9200
-3824
-6116
-820
-3056
-7935
1068
5376
-9200
-8983
3108
-1277
-4088
-988
-15360
3060
-11012
3084
-1008
1499
-15320
-504
-17184
5876
1036
-501
-9184
6434
-3060
2572
-13280
-11514
-5116
-2299
3120
-3814
-996
-2842
-5104
4597
-8188
-9199
-4064
-6638
-5060
-1313
-9188
-10491
-15324
-982
-9176
-11779
4140
-3823
-14296
3824
-8188
14537
-13292
249
-9172
1775
-3844
-1542
-13296
-9
-13264
12022
-8124
-6884
-13296
-6926
-10216
-784
-12256
762
4156
-745
-4016
-2074
-16368
-5595
-7132
-14929
4140
-1021
-2004
-1796
-5048
-1838
-14316
-2571
-8180
-3835
-6128
5874
-8152
-10225
-4092
1006
-4012
1331
-2004
-3085
-10200
243
-11248
-12329
-968
-4117
4128
-2317
-4868
5884
-20256
6648
-3052
302
-1804
3869
-972
-7162
-7132
9454
6168
10769
1048
-241
-4076
8175
-5100
-4846
-6096
701
-17388
-245
-5072
-4864
-7104
-4302
-1996
-3369
-6136
785
-13240
6671
-6136
505
5156
8696
-7144
-8456
-3044
3333
-17380
-8449
-9180
4845
-10000
-12285
-5080
1028
-6100
735
2108
-11515
-2012
-2576
-12256
2043
-3052
2614
-11244
-801
-12248
-3068
-5092
-6145
-2820
-263
-992
5872
-5100
-11783
-5088
3333
-8192
10233
7216
-4125
-4068
240
-5932
-5630
-16344
9469
-5108
-809
-10224
-3276
-6084
6162
-5056
10738
1076
9228
5160
2066
-1024
-267
-4080
-3844
-6140
-6390
-3844
1779
-12036
-10496
-8192
-15886
-10212
1556
-7132
-7414
-13312
-2003
-9204
5403
-13280
-1029
-5064
503
2080
1560
-8184
6152
-2028
10720
-4868
5897
-11212
-480
3112
1567
-3068
6155
-12244
3072
2296
263
-8192
3328
-996
-1021
-17332
-11544
-784
3053
-14308
3077
11272
-3542
-19428
4098
252
-6661
-5092
6386
-776
-3813
2080
3076
-8132
-6676
3292
-3354
-6112
-7714
-8180
-5091
5152
5605
52
3821
-3060
3623
-12236
-233
-13276
5382
-10220
-2816
-12048
778
-984
-242
-6057
-4622
-7128
-1023
-6128
1000
4
-2809
-6120
-6892
-2016
8683
-3844
-2561
-9160
-537
-17364
4867
-1000
8739
-8984
2305
-9172
-6387
-5096
1020
-15300
8415
-4088
4859
-4092
3080
5124
-1276
-3052
-4361
-7132
4104
32
-4347
-1004
6905
2072
5856
-10196
7190
-10228
-2578
-976
-1739
4124
773
-4060
-17878
-3844
14509
-5056
-5121
-8148
1274
28
1804
-6140
2543
-9184
10478
-3024
6938
-2016
1315
-6104
1807
1032
-1280
-7164
8933
24
5917
7216
-5908
-8168
7923
-4868
-11775
-7952
1826
-7112
-9456
-6108
-2528
-15324
-265
-17332
-1025
-6104
-265
-14288
-2594
-9160
10234
-2024
-1246
-11216
535
-10236
2310
-4040
1795
4344
1311
-7140
-1022
-8172
-12555
-9204
4629
-2000
8463
-13300
-8476
2088
3621
4136
-2590
-2016
13009
-15316
-1532
-8164
3385
-14100
490
-11228
-7671
3124
259
-8192
3570
-6116
6180
-3068
12784
-5076
1548
-13276
-8183
-4076
-4353
-10236
8937
-1024
-790
-6960
-760
4340
-14587
-937
3571
-10216
-8426
-964
-1996
-3068
8426
-13284
-259
-7140
-3053
-9992
-1034
-5076
1794
-4076
-1030
4100
-3838
-1812
503
3120
2040
-4876
3088
-8172
1792
-6932
-6930
-4080
8415
9256
3827
-19420
5113
-7140
-3109
-3004
1830
-9192
-253
-1004
7941
-5096
1279
-8136
3605
-5084
-7683
-4048
5862
-12284
-711
-2000
2824
-4056
-2562
-8192
6661
1236
-4337
-4080
-4113
-11188
3581
-13300
6156
-4064
-2529
-7156
-2854
-7132
-259
-16364
-245
-3844
-8929
-4036
2345
2064
-7945
3092
531
-6924
1027
-5892
-7399
-10184
5894
9232
10773
-4868
4079
-6128
-6370
4348
6634
-11216
1259
-960
1263
-968
544
-4076
7407
-11224
-5630
-3048
2300
-3848
5620
-13312
6920
-4072
-3569
-7144
10760
-13248
2570
-4092
-12778
-8136
-1538
-9192
2332
-2028
3316
1072
-6169
-7152
-486
-13284
5843
-12036
1779
-6124
10254
-11252
-512
-8132
10470
1056
-5594
-5112
4321
2276
-5905
-1008
4655
-9204
1005
-7144
-7159
-5088
4840
1036
-1549
-8140
8993
-14332
-6427
-9200
-2042
3080
5103
-7120
-2321
-5108
-753
-996
-6398
-2012
1286
-8176
6390
2096
1308
-3848
2573
-992
-13619
-9208
499
-7152
6917
-2008
1279
-10212
-230
-11220
5114
4152
-7202
-8152
-2302
-8176
-4346
-8968
-3066
-3048
1306
-2036
-777
2060
3085
-4052
9721
-9204
5105
-2016
-4320
-4084
-5646
-13308
-2814
236
2601
20
6141
-10204
4627
-1020
-9756
-8164
-3018
-20452
257
-7144
5373
-4024
-6149
-7104
-1793
-7940
-3356
-10224
-3841
-2048
2582
-5120
-2012
-1004
-1022
-9180
4357
24
11239
-13084
-4062
-6108
2069
-772
12288
-6116
5129
-8176
-7955
-9200
-810
-14252
14321
-10232
-2298
-16340
3064
16
7139
-8140
-1549
-13064
-3548
-14308
9759
-988
-1248
-9176
-2827
4148
-2286
-4900
4870
-5112
6120
-17372
-6659
-6112
-2551
-6132
4340
-7156
759
-10212
-4640
-2000
-1792
-9200
272
-2016
254
2080
3586
-11232
-826
-14308
-2013
-2020
-5639
-6064
-264
-12240
-7437
-3044
3849
-6112
1539
-8972
8958
-17384
6940
-14316
-6899
-10204
-4108
-4048
-5111
-9156
-6416
-13296
759
-7116
7936
-8156
2592
4168
5929
60
1562
-11228
1021
1048
1780
-12252
6413
-9176
9718
-14328
-9509
-3848
-3316
-2040
-7671
-9168
-6427
-8108
6150
-13288
-3596
-10176
-5884
48
-3835
-7120
3096
-12268
5359
-7140
-2333
-11240
-4322
11312
4644
-10204
1023
-8140
-282
-6104
1296
-14300
1020
-7136
3565
-9988
-6914
-2024
-3587
-9216
4370
-6916
-7685
-11220
-2306
-5116
9701
-9992
-1268
-8164
15368
-10212
-4616
-7156
3355
7192
12273
3124
3584
-3032
-793
-4092
5381
-4052
7417
-1016
5065
-16332
-8723
-992
-1798
-15328
3370
-4092
1814
-17364
9209
-6124
-4635
-16300
-4852
-7116
-6175
-11208
-4360
-6124
-991
-4080
-3073
-12284
1043
-4892
2030
-11208
-3066
-14308
3063
-18388
9764
-13288
-8182
-4064
-3048
3072
9432
-17156
-490
-12052
1309
32548
1774
-10208
-3354
-18424
7462
-6104
6644
6200
-5358
-11248
-1296
-6144
-10223
-9988
5073
-3044
-10013
-10196
-2803
-10208
-5647
8220
3817
-4080
4092
-5088
-2529
-7132
-4606
-12260
254
-10176
-6623
-3060
3055
-9176
3781
-7148
-12568
-17368
-1506
-9212
499
-5056
8430
-952
3077
-8144
2051
-19420
-2548
-10168
-1555
-9164
3325
-6108
1774
-14280
8708
-12260
-745
-7164
-3316
-5080
-2818
-7144
3301
-2040
-3352
-7116
-2556
-5080
-12061
7168
-1546
-14280
-3827
-6104
1554
-15312
2575
-9192
9236
-13268
7719
-14084
6175
-10232
-2845
-9188
8226
64
-3349
-3844
3318
-9208
3809
-10172
-3314
-14084
2559
-984
996
-5120
7419
-21468
-8179
-8156
-6893
-7164
-7633
-992
-10015
4096
-8238
-996
-3312
-9192
1541
-4064
-12570
-9192
6098
-10192
-9232
-10000
7678
-18412
4869
-7112
5109
-10176
-8482
24
10769
-2024
-4887
-8152
-6890
-7160
-793
52
5068
-6076
-4355
-12040
2562
-4072
-11530
-5064
-1294
-5084
-11255
-14320
2309
-1879
13591
-7136
-5904
-6108
6676
-1016
5388
-984
6141
-12064
-4070
-9180
4067
-9180
266
-6132
-1550
-12036
6630
-3056
21
-9144
7688
-7128
-4376
-10196
-4606
-4068
3298
-12284
-1797
-9148
1017
-18376
-2596
-8172
-8687
-3052
-2574
-3872
5426
-4096
9749
-11224
-2830
-1024
2026
-6104
26
-7144
4823
1032
-785
-5068
14
-13292
-3854
40
1020
-3024
-1788
-9216
5148
-5104
-3309
-2016
-2802
-12244
-1037
-16372
-1793
-9148
-4620
-4068
-7708
9264
3821
-5092
4312
4
2055
-4056
7968
-5116
7922
-15304
-266
-22224
7440
-15360
3813
-9152
5620
-16368
3596
-5064
2578
-5088
-4366
-6112
4121
-12260
-5647
-20432
3061
-2028
1038
-14332
-259
-8136
8978
-1008
4629
44
-1054
-15328
-25
36
4102
-18416
15
-11224
15611
-2828
-4111
-12232
-1789
4120
-1743
-13272
-3070
-18428
-7924
-6120
1782
-3044
-7170
-7944
7656
-11224
1564
6216
-7161
-4060
3077
-10204
-3087
-4064
-1256
4144
8470
-5088
768
-14304
3322
-2016
5413
-12264
-3072
-5056
6435
-8168
-251
-5076
4870
-9148
-9997
-10236
-500
-6916
-2597
-2824
1299
-16372
3871
-12248
8417
-4060
-1771
-15344
-4863
-11236
531
-9200
8155
-7112
2066
-14296
9451
-2016
-280
-13284
1267
-13280
2348
-776
-2828
-6140
4341
6196
2812
5152
-4879
-3052
1274
20
-3593
32
-1032
-9168
4595
-7944
3320
-12228
-5613
-17396
526
-3028
-2055
-2048
4080
-8148
1320
-5040
8675
-3064
472
-14336
-5626
-3044
-8442
-13236
-6649
-4084
-517
-14328
-9221
-9204
-2567
-9196
-1756
-4072
5337
-4064
1551
-6080
-6648
-3048
-4057
-10224
8201
-2036
-3310
-10232
1319
24
792
-11224
2841
-6100
-9711
-8144
-2303
4168
1292
-2004
9975
-6092
770
-8140
-258
-5036
-3335
-7148
-2779
36
-781
-18380
3076
-18396
9747
16
4085
-7952
2569
-14308
3580
-9200
-2331
-10184
-6891
-3044
-4090
-13280
-2291
-15320
268
-12212
-4839
-10224
-5900
-11248
12796
-4068
-3329
-7156
3573
-980
-5121
-9184
-10517
-11228
7148
-9132
6912
-9204
-4876
-12264
1281
-10204
-3583
-6920
7685
-14316
-5356
2080
-8933
-2020
6933
-11252
5354
-15340
-2545
-6104
-759
-7152
-15889
-17404
2802
-8172
-6111
-6128
3062
-7148
275
-2044
4882
-10240
-6892
-2044
1034
-1012
-3830
-8180
-14888
-12280
6401
-15332
1022
-10192
-733
-11212
-1540
-988
-5124
2104
-6392
-9200
-5353
-5092
-1542
-5100
-5842
1040
-9005
-5112
4626
-4088
9997
-19440
-4900
-976
-793
-8168
4591
-8148
7961
-2036
-2800
-10184
5143
-13272
4358
-17400
-753
-12264
5641
-8184
-2029
-8180
5136
-12268
4645
-12288
13318
-5104
-6438
-7148
-5091
1100
2506
6368
-10256
-4096
-3854
-8164
-798
7220
-6933
-4056
-1543
-9988
8939
-3024
-5099
4156
-14358
-7152
3320
-8164
1010
-19416
9986
-8156
-14076
-12048
-1783
-5892
12260
-14288
-3868
-4052
-17926
-8172
4620
3152
-9211
-5076
270
-2020
-4855
-8168
7431
-7152
-489
-5092
4093
-9192
24
-12256
-7432
-17332
-1514
-9192
-4327
-8168
4084
-2032
5945
-14300
-7705
-2020
5402
-8160
2811
-8144
1542
6392
-6450
9232
-6180
-9196
0
-10200
219
-12268
262
-6080
-7189
52
498
-11200
-1791
1060
-5
-8168
-1285
-12280
-7176
-9168
8207
-3040
-3566
-10216
-772
-12256
-7448
-6100
-8437
-14324
2585
-10228
1562
-11244
-7452
-18372
-5649
-15320
551
80
4330
-8176
-1787
-11228
-2782
-3004
10985
-16356
487
-10224
-7704
-15344
-3327
-6120
2824
2100
-7902
-6132
-6342
-9196
4618
-5100
2257
2056
4857
-8156
-782
36
-15146
1044
-1032
-20420
-9751
3092
-4613
-980
1800
-7116
2806
-7124
-5111
-9200
3609
-19428
13852
-9164
-7419
-4040
265
-10000
-11516
-6100
-6647
-9168
-1275
-9188
5091
-1008
3343
4124
-12561
-13300
1255
-4052
-2815
5132
3041
-15300
513
-5056
-6890
-3864
1012
-14296
3314
-9204
-7390
-9172
-4648
-5080
1237
-22272
-4373
2300
2106
-9164
-13839
-2028
-4631
-7132
-4077
-4048
-10521
-8152
1531
40
215
-11260
-7933
-11240
-4106
-11252
-4352
-3028
-5883
-3060
3811
-3032
13332
-6092
-2797
-13300
12801
-2016
754
-7132
-2803
-11244
-1814
-4028
-510
36
2552
7180
-2534
-15344
4595
-13276
-4109
1056
-1020
-2820
5379
-6924
2533
-8188
-8432
-12252
-7162
-2032
3035
-8176
9221
-12224
1036
-3064
8468
-5104
-17
-19428
3871
-3036
-5635
-13292
-544
-10216
-5622
4128
2276
-12268
-2032
-14280
1291
-12216
-3326
-4092
-12324
-6104
-2826
2088
-1289
1084
2056
-3040
-6641
-10212
4379
-8172
5353
-5092
-2096
-1800
1019
-4088
8198
-16376
8960
-5084
2090
-5092
3564
2064
2088
-12284
-263
-11260
2850
-1000
-5666
-8156
-6649
-10240
-6706
-7148
-10484
2135
13047
-8184
-5391
1056
-13077
-5096
5101
-4048
13817
-19412
1010
-7132
-4100
1068
-4321
2084
-3057
-17352
-2034
12
-11257
-15332
5909
24
15085
-976
-497
-6904
2825
-6124
-3857
-2036
7175
4124
4848
-12244
-2824
4104
-1818
-11252
-6659
-4084
9959
-5072
2332
-18432
526
-8176
-1007
-14296
-1529
-11224
2807
1072
-6921
-1800
-7462
-6112
-4865
-19208
2554
-15336
510
-4096
789
-6088
4111
2092
-8954
-2012
6148
-12268
7943
4120
2815
16
-3022
-3036
1241
-15296
5414
-13276
6947
-4888
267
-8164
-52
-12260
-6670
-11208
-9497
-15340
-4080
-13248
-775
-9196
472
-11236
1023
4132
3824
-14304
-4084
-14324
6168
-13288
2817
-9180
9996
-3056
-4878
-5892
520
36
-502
-10204
-3575
-6112
-2059
-16348
-3338
-3028
-2544
1252
-3547
-4060
3382
-8180
-1013
-7940
5109
-7948
-1257
-5092
216
-15320
3571
-7168
2561
-7132
-4601
-7112
-7950
2080
-5403
-4052
4873
-4068
5903
-14304
495
-8972
-4102
-9204
4332
-3060
4069
-4080
-4540
-15356
-1028
-3060
10739
-4064
-253
-3068
4349
-972
2835
-3068
777
-7160
-5375
-9188
4052
-13296
-6638
2104
5164
-10220
2754
-13296
7175
-9992
6674
-7128
2036
-996
-1794
-10216
-8935
-9188
6149
-6108
5108
-9212
-2814
-12280
-7907
3088
6372
-2024
-2059
-15336
5895
-2012
4379
-11260
-1248
1056
2050
-2036
-7415
-6108
-541
-5116
2571
-11228
-6396
-10180
-5654
-14316
786
-14300
-7669
-3044
1019
-9188
1767
-8148
-3586
-19220
9263
-5084
8972
-2020
1824
-4052
-3105
-10224
2790
-4036
-14813
-7164
4597
-13292
2324
-9204
3075
-9148
8
-11020
5898
-8168
7198
-1004
5136
-9192
1787
-6076
-5146
-14324
785
-11232
1265
-7156
6380
-6112
-4070
-4056
-15621
-10236
-5153
-8180
-525
-10208
3290
-18416
1515
-12264
12269
-4040
-532
-8176
-1796
-8140
4383
-8168
527
-6104
6682
-13244
4886
-14252
-2049
-9152
-2334
-1984
-3842
-8140
4850
-4044
-6160
-13292
764
-7116
2088
-5892
511
-12244
516
-6124
1543
-3044
3612
-4048
3340
-18400
-8203
-11016
8964
-9208
-239
-4092
-5072
-9148
748
-19396
-3324
2080
7428
-7152
-5626
-4084
-2562
-11256
7199
-12272
-15
3080
501
-10196
2816
-3000
-3587
-8164
-2076
1044
5395
-10240
-1745
-4036
4851
4
3331
-8192
15
-8180
-241
-8101
5108
-1024
-3096
16
-1782
-9160
239
-13260
-1302
52
11005
-5116
-3851
4152
6658
-13256
4855
-14112
-11540
-5084
12816
-7136
-2549
-14336
8994
-21460
3353
-1012
4629
-12240
-741
-11020
783
-10224
7392
-7112
3040
-9140
1810
-2012
2061
3104
2565
-8140
-4335
-976
-3103
-12260
-5381
32
7414
-8140
-7690
-9208
-5389
1276
3063
-6132
7979
-4868
12265
-19444
-2586
-7156
-5390
-3012
6451
-17352
-6168
-18404
2560
-1008
-10518
-3036
13054
-11024
-4865
-9172
-7657
-11224
4126
-19452
-1811
-4056
-14110
-3044
-4890
-3844
7680
-6096
2554
-2000
8474
2060
-3087
-7096
3618
-16332
-3355
-5112
4854
-2048
5655
-6092
12321
-7096
-2594
-6096
-3787
-14084
-5143
-2048
5895
-2028
-10729
-8184
-2311
-2036
1828
-4064
-259
-7144
7173
-4052
8173
-6108
-8942
-960
5629
-796
-1287
-7112
-2559
1080
-5372
-9168
2056
-9144
3603
-14284
3331
-11240
-9743
-6120
-3578
-12284
7663
1036
1014
-7136
-4875
-8172
7943
-2820
4866
-7144
-5894
-4092
7667
-4084
11050
-4868
10220
-16360
3860
-4084
8467
-8164
-12782
-1992
1494
-8964
251
-996
-3311
-2012
-3138
-5112
-4064
-1016
-1011
4128
-5909
-7152
-295
-7132
4838
-6132
788
-13292
11517
-7940
8709
-17400
-4827
-8172
778
-5052
-3107
-5084
4900
-1800
-4071
-5080
-749
-12240
-6894
-13292
7936
-6108
-5382
2072
10490
-17392
-8209
-10228
5626
-1000
-8975
-21464
780
3128
-3545
-8128
-777
-7128
1798
-13272
-32
-11260
2813
-7140
11281
9244
2287
-14324
-3070
-12040
-3092
248
-1812
-8180
5075
-4080
1042
-5896
-1541
-3856
-3827
-9192
-9762
-11228
13108
5156
-1556
-9160
-1026
56
-2061
-8172
-4080
-5052
1483
-11232
-6365
-3020
-1818
-10236
-6661
-18188
3332
-14324
-5918
-11228
520
-968
-6385
-13252
-8463
-9172
4348
-4060
-4299
-9176
-10269
-2008
771
-4032
3301
1048
-4076
-11028
1531
-9129
2307
-5100
5638
3128
6650
-18380
6131
-3856
-6408
-6084
-9689
-6112
5619
-2036
990
-5108
-6921
-10196
-5390
5140
-7706
-11236
-3078
-22216
-4367
-17176
3108
248
-550
-10220
11525
6180
-6138
-17384
-2058
-6116
1463
-3028
-3296
-11216
1047
-12228
538
-9192
-7401
-9192
6386
-9172
-11257
4104
-2045
-5112
-1537
-13268
-4606
-11200
-4105
-11252
3071
68
1289
-15352
6656
-2044
13833
-11228
-1799
-14284
-6902
-16356
-8949
-5116
5373
-4092
-1296
-9160
-13803
-9172
-4088
2092
3070
-15280
-6910
-14280
2034
-12228
-5929
-2036
-3047
-8160
7414
6188
-8180
-7152
-4064
-1008
4853
-4060
-1523
-3864
-489
-10208
3086
-14324
-1532
-11216
2073
-18388
3589
-11216
-229
-12276
11780
5176
-9201
-3052
-4592
-10224
3089
-988
-6416
-11248
-5103
-7140
-1062
-7128
-5119
-7096
-1030
-2012
-5361
-1800
506
-14308
8466
-4040
8200
-11232
1263
-988
9970
-1000
13343
-8156
27
-8140
11534
-10224
-3811
-5116
12763
-10216
4622
-4044
1283
-14300
-7943
-8148
9993
-2004
-2036
-17384
-8200
-12288
2525
-988
-10251
-11012
761
-10000
-488
-14332
-508
-5068
5631
-17344
-3792
-21480
6367
-7156
-4116
40
13328
-15360
2801
-2016
1316
-4076
6393
-6108
-9442
-7120
8458
-6956
5606
-7120
-1006
-14241
-3339
7392
7947
-10196
9984
-4064
-4062
-3990
5640
-7108
8735
-9192
5877
-6104
-4099
3120
-6138
-10216
2281
-5088
-10238
-2020
-7417
-9172
1533
-12264
-8451
-6076
-1545
-9200
-3600
40
-1032
1028
1274
-8148
4853
-4088
2808
