-12260
7407
-4868
4872
-984
6140
-12268
-3324
-9200
4597
8
1519
-8160
6633
-1000
3109
-1804
3605
-14288
7657
-10220
7673
-13088
1299
-7156
1273
5168
3079
-14112
1026
-1988
-5395
-10232
-1816
-5116
-9463
-2048
774
-3064
-1019
-5056
10243
-10192
1312
-792
1273
-5900
-6439
1064
-9959
-10192
3339
-3064
4340
3316
-1005
-10228
-3800
-784
-9203
-11236
5910
-20464
5386
-5096
2801
-984
-3337
-7116
-3796
-5908
-1267
-10236
1029
-11216
-9248
-5892
1781
-11260
-523
2068
-9476
-1800
-9744
-7112
1773
1044
-1300
-9192
4883
-3064
-3812
-17388
7679
-5096
-251
-13296
6901
-6136
2301
-11012
-10289
-12264
1533
-6092
7420
-8132
3868
-3056
238
-9192
-2041
-16344
557
4096
-4351
-10204
-5638
-8164
-2299
-7160
4592
-5104
5151
-20420
-2083
-4068
-2542
16
-240
-1980
-8703
-10220
-2291
-9152
6662
-15320
-2594
-4048
1295
-10232
-3353
-11228
-22
-14328
-4581
-8964
4117
-13256
5145
-7164
5355
-6116
-3325
-14300
-9014
-17336
-530
-8172
-7947
-15336
-7688
-7164
3285
6172
-3831
-12036
4090
-3024
-540
-4868
11013
-14296
-5352
52
6652
-8192
-2553
-15332
-7673
-14332
-2054
-6088
7403
-1020
-1521
-6112
-2814
-18380
-3340
-14296
3304
-13296
732
-1984
1781
-9200
2078
-8992
-8457
2060
3086
-5048
-1756
40
-1509
-9156
2566
-13284
-3335
-5896
-1555
-3028
6389
-3052
1808
-8168
3834
-20468
3583
-2044
-3828
-6132
-220
-3008
13791
20
-5094
-9188
9448
-4912
539
-11232
-2567
-11204
16
-8180
12561
-1016
3091
-3844
7934
-5060
5609
-2020
2068
-8148
-7182
-7116
2799
-19440
3846
-7148
731
2300
1499
7224
-7177
-7144
6921
-10240
482
4132
-1283
16
-1245
-10232
-5911
4
-1795
-11216
7206
-10204
1515
-984
-980
-9164
11
-9188
2284
-6100
-1256
-12284
-4590
-3036
-1999
-992
-6672
-11212
-5359
-9184
3094
-15328
7140
2084
-6914
-1984
-1043
-9204
-4867
-4076
5151
-2000
4849
-11236
4090
-15332
6155
-4084
11297
-7128
2021
-8176
-7171
-5068
1826
-15328
1793
-8184
2308
-8156
-3837
-4080
-6383
-3868
4364
-5904
-2576
-3000
520
-15320
-5679
-14320
-746
-12240
-5108
-7164
2012
-16332
-2057
-9172
6913
-17388
761
40
-7440
-15304
-12517
-12260
3553
-21452
5861
2088
-6670
-6116
1
-7112
11015
-9184
-6156
-12036
-2802
-772
-494
-17388
7443
1276
1014
-10212
-2315
-1984
-16870
-8156
4838
-6108
-2850
-11256
-1562
-5088
-2091
-4068
1802
-968
-2053
-10176
14553
-8160
-2543
-2012
1332
-12276
3560
-16380
-3827
-18404
4846
-11232
-3821
-11244
11235
-7940
-3060
-15352
-13865
-20460
-2288
-5092
5593
-16324
-12579
-12248
10722
-10212
-2562
-5084
275
44
-8980
-1800
4625
-18404
2582
-4072
9739
-8148
10237
-19444
-5391
-10208
-248
-6140
-1292
-16336
3333
-10220
-2057
-20440
3305
236
2064
-9196
507
-14088
-3850
-5092
-8720
-2040
3597
-17160
531
-6128
-1802
-16336
-9721
-6140
4831
-11228
-8441
-6104
-14605
-6916
5369
-9996
7427
-14288
-9970
-11228
2300
-6140
271
-10004
-6149
-7168
790
-10188
3333
-11200
4867
1084
3880
-4080
7189
-3020
1274
-9192
5632
-14276
6933
6208
-9000
-5084
1268
-4072
-6717
-6144
5410
-9180
-9207
-16364
-7161
-7112
-1272
-23220
-4855
-12280
7932
-12280
-503
-17380
-3875
-7128
2276
-2832
6887
-1020
7914
-10204
-766
-6116
-5904
-10208
-8450
-9176
9967
-4056
4119
-10200
-5643
-13252
-4904
2080
-501
-4016
6159
-3044
4086
-8188
1299
-5076
2041
-3028
-3555
-7144
2561
-10184
5085
5148
-7440
5136
1522
-6104
-3839
-11216
3826
-6944
11536
-980
-2808
-12260
-8474
-1992
-6695
-6120
-1258
16
7161
-14284
6146
-9204
7174
8
3089
-9156
282
-12036
-4114
1072
1051
-12284
2021
-11224
2840
-15344
-6935
5120
4103
3080
12565
-8180
11262
-15340
1275
-1012
-501
4128
2354
-4868
-2569
-1008
5629
240
7425
-4076
-3823
2088
2305
-13288
14307
-11012
-1560
-780
-4843
-8164
-4608
-3044
3053
-8180
7197
-4080
1752
4148
-2565
3104
8944
-15300
-214
-4056
2047
1080
766
-5076
4078
-2036
-6624
5160
481
-1020
-3329
-1020
4627
-4060
6932
-10212
3053
-16352
-5633
1272
3865
-8152
-11033
1036
3815
-7156
9472
-8192
-2014
-4080
-1277
-19400
7703
-8164
-524
5156
-4358
-26332
-2574
-6136
7400
-9200
2579
36
-4079
1060
-1020
-1824
5853
-10208
-8984
-6916
-6168
-5072
-1032
-10224
-2304
-14328
-7438
-16336
4333
1040
-3100
-9168
1538
-5076
-10534
-9184
5618
40
6672
-3036
-4096
-8144
251
1268
3051
-1024
-6363
-1800
6149
-6128
4604
-16340
-1812
-17376
-3634
-10200
-3086
-8148
12527
-12268
-9697
-7108
6905
-8140
2605
-6924
-3559
1048
1270
-2008
-253
-8168
1565
-3036
3346
-10224
-3052
-11232
2042
-5080
-2823
-4064
-6412
-3032
-9954
-3028
-10765
-8156
-3059
-18392
1532
36
12298
-1012
525
-14316
4364
-15300
-3324
-3052
5117
72
13835
-9184
2599
-7144
-2067
-6092
3076
-6928
1572
-2040
8179
-980
11263
-10192
-3063
-10228
4353
-8140
-8458
-11252
1254
-8180
-5155
-1816
1009
-2032
-3846
-7952
1783
-6108
7694
-5088
-2049
31508
6162
-9216
-2043
-4056
10490
-4096
-12270
-4052
-1044
-19428
3031
-20480
8952
-9172
6912
-5088
39
-8132
-6676
-3060
-2283
-5060
2813
-6136
291
2096
-3602
-7092
10789
3116
-2861
-9212
-9515
-16368
-5872
-6112
6410
-13304
-2560
-10224
-3300
-12244
9169
-9168
3051
1036
-14119
-7108
1040
-4072
-1062
-20420
-2816
-3068
-9961
-6092
7685
-4020
4344
36
1765
-6076
508
-6120
-10977
-14288
-5389
2092
534
-996
489
-8168
-4604
-4020
-6400
1028
-3034
16
1547
-15304
-4108
-7160
-4556
-9152
-2533
-3068
9955
-988
5
-6136
4293
1044
-1283
-6120
-4339
-11196
6404
-13240
2078
-1808
1052
-8172
6401
-6092
12556
-5104
-5895
-14332
-2010
-5092
-6673
-14304
1274
-7948
3830
-13064
-3327
-25324
-5394
1272
4605
-6057
17
6224
4088
-13264
2287
-20448
-750
1060
-1034
-13268
-3087
-9168
1530
-5100
-9243
-4064
-5858
-7140
2286
23876
5634
-4048
-6638
-18408
7423
-12268
-1270
-3028
-7193
-2040
-6403
-2008
478
-11232
-536
-4056
-2024
-6128
2567
-18368
1281
1072
-3302
-7112
-3605
-14272
-3589
-5120
-6884
3092
-1568
-6120
7433
-3048
-7915
-2012
-2299
16
9471
-15108
6673
-17364
-2530
-10184
-255
-9184
-6141
-7152
-2309
-10216
986
-3032
-736
-11244
3321
-4868
2506
-4020
-1519
-7152
14601
-7140
-1233
-9204
764
-17376
-275
-7124
7188
-21500
9240
-6112
-489
-7100
-3059
1088
-1046
9256
9989
-4076
-1028
1044
527
4116
6112
2084
1046
-19436
530
-17380
771
-9184
4091
-7152
7925
-996
11502
-7144
2088
-4868
-2058
-14304
13856
-7108
8688
-14316
-3013
-7128
7436
-9180
5104
-4060
-2041
-4060
8469
-11240
-5930
-11212
-5375
-8148
7163
-14084
7954
-11212
15880
-3032
-2552
-10228
-1826
-5056
-1025
-8148
3548
-1004
5387
-16344
4880
-8148
12020
-17317
-756
-984
-5167
-8180
9984
56
1812
-18396
-261
2080
-2060
-13260
4099
-6140
1264
-2008
-5368
-10220
5888
-3016
7150
-15336
1791
-11212
1806
-9196
2566
-8144
3829
-8188
-532
-1796
-3071
-4068
1286
-10236
10769
-4092
10981
-13296
-6125
-3016
753
-7132
-5373
-5912
8944
-4072
11514
-3072
3834
-10192
12048
-9216
522
-11208
-6127
2116
1262
-2036
-5351
-13292
-5383
3120
2022
-8156
6895
-5092
-2575
8228
2568
5184
-5646
-3032
-6910
-13280
3079
8
-514
3156
-3326
-8152
-3072
-3852
2034
-5096
283
-12064
7118
-8188
1061
-9180
-7660
-11240
2283
1048
772
-5100
1792
-7140
1796
-2820
-4115
-2020
-2833
-5116
721
-7156
-2550
-1808
-4353
-9212
-6931
-5096
-6641
-3040
-3058
-3036
-519
-8188
1541
-13268
-1557
-13072
8698
-3044
-6399
-3040
1511
-2824
4906
-6124
-2558
-8164
1275
-4076
5618
-9168
-2021
-2032
-509
-7112
3303
-10216
-12784
-10192
6420
-7132
1543
-2020
10486
-10232
4888
-9132
-6129
-1000
-12765
-11192
247
-9188
-1495
-2028
3343
3072
3334
1048
3362
-10216
-11808
-7132
3592
4348
-799
-12272
-6910
-5088
-4610
-12272
3338
-11192
7939
-13060
3336
-7108
-3864
-10208
10754
-4080
-1790
-6104
-1290
-5052
-1301
5172
-9501
-14304
1563
-5096
-271
-1008
4841
-4060
4092
-5080
-5639
-996
3812
-4068
-6910
-7096
3322
-4028
-2826
-5120
1006
-19436
8705
-976
2547
-4032
3581
-984
999
-5096
1775
-5096
5858
-984
-4372
-8964
1026
-14308
9496
-11256
531
-8192
4070
-6128
5089
-6132
-8174
-19424
-2813
-18416
744
4108
4845
-11220
-8476
-11240
2573
-14288
-2276
-7128
9983
-10200
-5369
-12252
-12794
-7164
-3339
3124
2286
-9216
-220
-988
-1010
-9180
6389
-8168
1289
-16376
263
-12280
-1795
-12276
7184
-7132
-10524
-13288
-2040
1044
1547
-988
-1753
16
11504
-6128
-16922
-4068
-4610
-4072
-1816
-9176
-3825
2048
6659
-10240
5136
-7124
-3838
-6104
13041
-3844
1056
-4084
4891
-10216
-9766
-10216
3876
-3056
-3303
-996
-4347
-9188
-2600
8224
-4354
-8120
-480
-7144
3856
4
-4340
-2028
-1547
-16340
1017
-7156
5896
-5048
281
-6120
-2810
-14249
15100
-1012
-5409
1064
-7933
-7144
-3326
-7144
8180
-6124
3573
-8172
-9474
-2016
-3581
-5088
-4129
-13304
1000
-5080
6124
-12236
-6125
-925
1307
4128
7965
4140
9411
-9188
523
-10200
3344
-5104
-4356
-9216
-208
-11220
4392
-7112
-20
-7148
-8739
-12212
2824
-8180
18313
-9156
-2070
-2032
11504
-7152
7659
3112
-4367
-6096
-236
-1804
-1263
-13256
-8672
4144
-785
-8156
-2801
-2004
-1527
-3036
2039
-12044
2274
-4048
5127
-5104
5392
11292
-1269
-7136
7436
-12252
4893
-12228
-3044
-4084
3838
-7120
3592
4120
-6176
-4084
-5092
-13284
-4110
24
722
-11224
-3308
-6916
-6409
-10212
-4082
-10192
-6898
-7152
-4881
-20228
1010
-3060
-6394
-11228
530
8
4355
-16356
2024
-8192
-4871
-12252
1533
-5068
-4372
-8168
3278
-11208
-2839
2072
8450
-9192
-2294
-8140
-13465
-10232
2022
-8176
6402
-16360
-1822
-3052
-234
-18408
4064
-2028
-8698
-8140
5100
-3032
-11509
-5116
-2560
-7128
-4110
-4084
-4869
-16140
-5642
-14284
8437
-17388
1036
-6112
-3824
-9152
-7725
-13288
2549
-5108
-44
-8168
-232
-3036
-238
-10220
4091
-7164
-1520
3096
7899
-3060
3583
2056
-5667
-980
1041
-7140
-4056
-6920
-3579
-6932
-5084
2088
2821
-14288
4605
-8168
18387
-5908
12539
-5896
-544
-9176
3095
-6100
-2311
-8152
-4109
-7128
-3787
-6136
2541
-6112
-2264
-4048
-4069
-5080
-10505
2088
-3314
-2016
-2544
-4044
-1012
-13072
8220
-1996
2333
-5092
-1247
-7104
2546
-11212
-761
9224
8952
-6132
2065
-2004
-784
3072
2294
8
1764
-1796
7456
-14320
2050
-16368
-9704
-5108
9186
-4052
1017
-14328
-3796
6184
2012
-7948
3870
-6112
-13
1040
-3330
-2032
6876
-4056
2638
-2028
-738
1080
997
-7144
3325
-3064
-6150
7204
8412
-5088
-5401
1064
6875
-1976
10985
-9168
1315
-7116
-8674
-5112
4571
-2020
1566
20
-2554
6144
4867
-1996
5390
-8168
9208
-2832
2328
-22236
4
-2836
3537
-13272
-2065
-4076
-9757
-2048
1
-3052
-5640
-5068
-4371
-3052
5123
248
775
5312
-1306
-4044
-4587
-5072
-9207
-3056
-14338
-4052
-8219
-13284
10488
2088
-2849
-6124
532
-7168
3068
-2044
-6153
-5056
801
-11028
-7159
-13260
-3312
12
5364
-8184
4627
-3052
5638
-5060
8417
-15348
-4139
-5896
2816
-10228
11019
40
3608
1040
1042
-3036
6176
-6144
-5418
-14324
2282
-9180
3311
-7128
8198
1064
-772
-11196
4627
-13304
2603
-14308
-1293
-8132
-6383
12
6439
-992
1794
-5060
-1796
-6108
-16
-17408
-11241
-15108
516
-8124
-7155
-7144
5820
-12272
-1839
-10208
-1051
-8136
5089
-2820
5398
-16136
-494
1076
-3315
-10220
-517
2100
-3582
-18380
-6926
-8140
1025
-8964
-4078
-7132
-6163
-12252
7402
-2032
-5151
-10212
3846
-8160
-3575
-9152
530
7216
-11527
-11188
3330
-13280
10749
-2024
-3059
-8144
5092
-17376
2282
-22244
-1571
-16132
-4860
-10192
7693
-7168
-249
-1012
-6418
-9071
10016
-13304
3586
-6136
8680
-8172
1552
-5116
5392
-15124
-2813
-16348
1517
-8160
-5132
-15328
1558
-9172
5398
6176
-7189
-12268
766
8
-5644
-8180
2378
-3004
746
-6104
-1561
-15360
9243
-12216
1051
-2024
-13566
-988
469
4172
7215
1052
9245
-14316
-6377
-8168
-11799
-3032
-1796
-5072
3324
-1988
-4336
-11240
6415
3092
-4633
-11244
-4379
-7152
-3573
1276
10513
4136
-247
-9196
-1281
252
3586
-12228
1297
-21488
-3819
-5076
1789
-5904
4107
-21472
239
-988
-8458
-4052
1517
-13280
-4880
-964
2856
2060
-4816
-14324
-5148
-8164
3543
-12256
1300
-5060
760
-2000
-534
-7112
-232
-7081
269
-6112
-2598
-6116
-19
-6116
5357
-5064
-531
-15336
1019
9248
-3088
-8176
-3072
-10204
-4615
-2020
-1581
-2000
7932
-11212
-5098
-3036
6384
-12040
5678
2088
255
-6124
2840
-6080
10780
-4076
226
-3892
3867
3100
-753
-7940
-4849
-13288
-3107
-8180
-10999
-4076
14555
-2012
-9967
-14328
-10
-7132
-5393
-9168
6404
-16360
1778
-4044
-5122
-9200
4602
-2020
-6916
8
1793
-10216
-4638
3096
-6136
-12284
1272
-3052
504
-16376
-4389
-7148
1541
-5120
5397
-5080
-8946
-19436
-1043
-1020
733
-5108
2528
-3020
-2308
-13280
12030
-13288
1808
-5092
-3853
5207
6889
-11240
-3052
3128
-8436
-8188
-258
-4084
7174
1072
-2808
2076
3584
-7148
4114
-6092
-6670
-4084
2063
-14288
-527
-1972
-2311
-988
-507
-6116
-6689
3128
-3322
-12240
3855
-8968
6388
-10236
-7694
-3032
8425
-8176
1569
-6924
2825
-6092
-1057
-8140
3305
-5080
3325
-996
8955
6156
2803
-9180
5116
-5080
1226
-5076
522
-10236
-7154
-8156
3830
-3044
6143
-13272
-5162
3084
-1786
-5084
-2295
-7948
-9763
-14336
6417
-2032
2073
-5076
10518
-11240
-989
-10196
-3587
-6132
8456
-3060
-3318
-5108
2029
-11240
7684
-2000
-1023
-4072
2290
2068
1281
-8164
1264
-7136
6917
-9180
-5883
44
12838
-10184
2300
1048
-8694
5356
-250
-18428
-2792
-8140
5368
-7108
745
-11240
-5384
-9196
-1289
-4072
3593
-22236
5134
-8976
3619
-7148
3091
-7128
-4413
2112
-6633
-13260
-1782
-5108
1271
1060
-3603
-3064
-2293
-5080
-5600
-8152
4893
-3068
-2345
-5029
-3559
-1980
-282
-4096
3296
-11184
-4340
-16356
-13309
-12232
498
-5900
-11795
-5088
-2830
-16348
-2832
-10204
8475
2048
2061
-15344
3604
-6112
3052
1056
7690
1068
3602
-6128
1261
-10188
-1787
1068
4577
-9208
-2061
-9216
484
-17384
-6146
2292
6627
-13252
-3859
-7132
-3327
20528
8179
-9172
1044
-9144
4621
7172
6681
-4080
-1265
-2020
472
-10212
4627
-992
-5638
-10208
4633
-16372
1037
-7152
-2799
-7132
7192
-6928
-2013
-11236
-1805
-9180
-1521
-4072
-5917
-6088
-9477
-8144
8949
-2024
2313
-988
3582
-4876
-6130
-11240
-3316
-960
-3058
1272
1523
-7128
11777
-14332
-2823
-11248
-1010
-12240
3565
-4056
-3602
-2820
-7953
-12248
1805
-4872
-725
-7136
3333
-12264
-4842
-2044
1291
-6088
-237
-7108
-9735
-7092
1753
-9188
-2302
11316
-2097
-15356
-13075
-5084
11250
-14296
-6154
-6132
-3567
-5108
1254
-12288
-2841
-11212
510
-11212
-9964
-2048
479
-5084
7156
-11192
7437
-3848
-8187
-9188
7175
-12236
-7412
56
-2829
-6932
-4344
-13264
1778
-10208
-3017
-2020
10475
-11248
754
-12280
-1290
-2844
5643
-17360
-8425
-8156
-1535
-9168
7430
-7948
-1
-11212
-4097
-3040
506
-19428
3336
-3844
2819
-5084
-2309
-5080
11012
-13236
8435
-12244
2798
3100
2506
-4084
-5888
2064
4592
-972
-2575
-10192
5906
-10212
-14
-10180
7949
-10224
8733
-10200
1759
-2820
-1517
48
2788
-1796
515
4120
-2793
-8188
8685
-1008
523
-5092
261
-7100
1289
-8172
8444
-14304
264
-988
9478
-1008
2573
-6088
-5925
-4068
11247
-17376
759
-16136
-6154
-9200
-8205
-1816
-5095
2084
1026
-6084
4356
-5076
-2293
-3072
2060
-13296
9234
2084
-1546
2076
-5914
-13308
1818
-8144
10779
-18384
-2830
-3052
-2304
-10188
1014
-9180
-10735
-7168
7171
-6096
289
-5112
-754
-7152
-2817
-18184
-7902
-16340
-536
-7152
-3070
-9172
2561
-5056
5915
-2028
-2000
-10208
-1789
-9204
7705
-2008
527
2068
-710
-6136
1295
1044
-1779
-1816
522
-5104
-5071
-10224
3852
-5096
-2049
1244
-1024
-2016
3316
-6108
3056
-12272
-5426
-8148
5081
-10216
4853
-14316
-5644
28
-3077
-6120
508
-6116
-267
2280
2062
-8152
-6176
-6108
3335
-10224
9951
-10004
1820
1068
-2302
-13264
1267
1125
-6432
-13060
-1300
20
-7183
-2000
3575
-1984
-1245
-11232
6885
-6084
3572
-14304
-8695
-6924
7406
-5080
-8222
2108
-1804
-3852
-1522
-3028
-5876
-7140
4378
2088
4632
-7164
-1
-5112
3833
-4056
-14335
-9148
1781
-2048
5408
-7128
13053
-18416
6938
-7128
2003
-11224
1564
28
2807
-3040
9479
-10188
-20
-7096
2813
-11224
-6393
-13308
-10528
-2012
3854
-8132
-6156
3128
-7688
-13060
-3352
5148
3346
2100
-5642
12
-7184
-952
3350
-4024
513
36
7686
-7156
6918
-8972
-3335
-9188
266
-9204
-6154
-5072
1542
-4036
12276
-12276
3813
-7112
-6899
-2036
1814
-12224
-5385
-11220
-15
-8176
6667
-3040
-6935
-16352
-1560
-19412
-4092
-4052
-2816
-10204
2066
-20456
-257
-7120
-3849
-8176
-5895
-3028
781
-10220
19189
-10200
-4633
-972
-8706
3108
-7908
-12040
1239
-19452
-7636
4344
485
-6108
-6122
-12280
-752
-5096
7926
-11208
10745
-11248
-4154
-4076
252
-18412
6118
-12256
-5387
-9176
2540
-7132
-3570
-5092
-7686
-16360
2804
-13276
-8470
-7088
-3628
-12236
-6396
-1988
-5879
-10200
4109
3096
12519
-6100
-2556
-12268
259
-6116
11266
-8120
-3577
-8176
-1767
-4060
-2007
-15320
6171
-6128
6676
20
2861
-15312
-6111
-15304
5882
-8152
-2295
-8144
-1007
-15340
560
-11240
12030
-5892
-1307
-10020
1814
-16352
11534
-20408
-2285
-16384
5392
-7128
-1049
-11232
11787
-7168
-764
-6096
-4314
-4072
-6137
-4060
-2031
-4868
7671
-7100
-6
-12260
-237
-9212
-3046
-5112
-8705
-13276
5640
1044
774
-8156
-3074
-7132
264
-7108
-1047
-8136
-5133
-13280
-11
-8140
5628
44
-1058
-14316
2571
-7136
9524
1068
-1292
-3848
1005
-10232
511
-6916
-1537
-6140
4864
-3072
-516
-3848
512
-7940
-9221
-6916
7164
2068
-3069
5148
1021
-3056
-2798
-4084
1549
1040
-2546
-6112
-2807
-13308
-2249
-4060
-2332
-1008
-6900
-9176
-1008
-6108
1039
-7164
2030
-15328
-526
-5908
6138
-17376
-1065
-976
9219
-13256
-521
-6932
5418
-9152
-7658
-11228
-4355
-19424
1772
-7144
3587
-11256
1018
-1796
4840
-7160
2325
-12248
-9232
-12036
3026
-5108
9261
3112
3321
-2040
-1012
-5088
729
-6096
-3539
-4080
3564
-10188
7930
-14308
-11500
-8164
-2795
-8188
-3077
1080
6393
-15344
5368
-5096
-7930
4112
-2070
-5096
-1290
-11248
-3330
-6128
2301
-10208
4
-4084
-493
-1000
3101
-20456
-2277
2060
1059
-5108
10725
2064
-4348
-10212
1293
-23248
491
-992
-2804
-5088
-4847
8
8205
-9208
4846
-10196
2520
-10224
-5877
-4048
-15108
-14104
781
-5896
-6914
-13240
-7914
3144
-4082
7184
-1302
40
-12786
-984
3591
-8176
-260
-2048
-1564
-5092
1505
-6096
7410
-14324
-257
-7148
-5386
-10192
8944
-6132
4851
-5116
-3628
-13252
3361
-9176
-7398
2104
-4365
-8192
6411
-8160
765
-5100
-5111
-1004
-6666
-3048
-6371
-6128
506
-10184
8201
-2028
1276
-6084
4859
9464
3552
-9216
4842
-7132
-3617
3092
-12754
-9212
-4335
-19408
-4105
-7081
-3558
-3844
-4330
-5080
7653
-17396
-3097
-4016
1250
-11248
-2021
3088
8963
-4092
7461
-4876
4914
-6108
3825
-2824
2787
-996
-291
-6104
2012
-2044
-7952
-12288
-15076
-4076
5586
-8168
-3846
-10220
2821
-3052
-2069
-1804
-2316
-16368
530
4096
10214
14372
-4358
-15324
-2808
-15348
-1811
-10000
-3330
-18400
-5602
-12256
3092
-9184
2017
-9192
2825
4108
1020
-12268
1296
-8172
-3572
-2008
7166
8232
-775
-7140
3304
2056
1609
-12272
-1283
-2020
4650
-8152
4659
7216
7152
-7940
-4883
-9180
-9985
-8164
-2071
-2828
-3331
-2820
-2315
-6112
-243
20
-13825
-4068
-3101
-9184
1547
-8168
-11019
-7940
-10235
-12064
3411
1028
2312
-3052
-1806
9264
4386
-8176
791
23296
-2
-10216
-1047
-12272
12033
-7116
9215
2108
-2831
-14332
4086
8212
12009
-10137
-2010
-15340
-5883
-7136
-2281
-11224
-4633
-17388
-6153
-7124
-3826
-5092
2834
48
-1037
-3064
5
-12216
-11747
-6116
-1512
-992
2597
-7960
7406
-15312
11
-13268
-9719
-9996
-9484
-9192
-2819
-11240
11780
48
-2068
-10224
9697
-7952
5633
-3020
10012
1060
-4097
-7152
3813
-13064
-4098
-9176
9219
-11216
529
-8128
2567
-6916
-4628
3100
-1785
-18384
-1780
24
4353
2092
-7174
-988
-8465
-13280
-1823
-10200
-7158
4156
-3061
-4076
8971
-13288
-750
-15320
2548
-3036
-3617
6160
1019
-2016
2573
-5100
4910
-13300
-2085
2072
4377
44
-1034
-7152
-3827
-12044
6645
-3036
482
-5036
533
-15336
5828
-8124
-5615
-1008
2051
-11244
3829
-4056
-485
-3028
12792
-3852
10494
-4040
-6140
-11220
3337
-5060
-7184
-18396
2053
-8180
6145
-11252
-1520
-3036
3829
-4084
-9459
6212
-1036
-2000
-4368
-5112
1278
-7140
-464
-972
1302
-10220
-1749
-6112
-1033
1068
3603
-2048
5396
-5104
14608
-6112
1303
-10212
2060
-1992
10741
-4056
3076
16
9495
1036
-3356
-9184
6378
-16336
5394
-4052
-1526
7416
-2797
-11216
1769
-9188
1053
-996
6915
-2008
2571
-984
-9972
-7148
8437
-9196
1262
32
1024
-2004
-4092
-5108
6418
-8180
-8473
-15340
5909
-18400
6166
-5076
2543
-4064
-992
-18392
5127
-6132
-768
-4040
-4849
-12248
-1993
-9160
-760
-7132
-521
-17172
-2282
4096
-10262
-12272
-3829
-3008
6698
32
9497
-10192
-5333
-4872
-6392
-9216
-7189
-4052
-2055
-4044
1522
-9212
-5134
-9196
5358
-5108
2594
-976
7160
5140
-1748
5172
-4330
-996
4106
6200
4326
-2020
1284
3112
-1295
2296
2815
-10224
15
-11240
-3854
-1012
2810
18452
-12082
-2008
5102
-6112
-736
8
-2306
-976
-6117
-6136
1507
-9204
2545
4136
1273
3076
5405
-5120
4592
-10232
-6172
-4036
-4871
-980
3596
-7148
12553
-6128
2569
-7160
-2324
-6104
-3072
-12268
-241
-8164
-5868
-5892
9192
2076
5601
-1992
-489
-7148
6876
-6084
-2794
-16344
-3886
-6136
5628
-3848
-3379
-4084
-1287
-12284
529
-15312
-284
-11224
13596
-5084
3862
-980
-1559
-7136
-221
-15340
-801
-7152
-2320
-7112
-7973
-3872
-4122
-9004
2286
-14336
7163
-9200
1746
1076
-1285
-2824
5403
-10176
-3846
-9164
-4107
-13300
-4613
-2832
2308
-11228
3298
-13076
7966
-24240
5639
-7136
3340
-12264
3064
4
5382
-18380
794
-11252
5875
-11200
-2018
-15304
1062
-1000
3817
-9180
1281
-7116
-14583
-10172
15077
-16320
-2046
1068
2358
-5892
7146
44
-3090
-5080
-1528
-1004
-2311
16
-501
-13292
7922
-2040
-8113
-7144
-1550
-12256
2801
-4096
-4627
-7940
-8706
-8164
4370
-9196
5123
5372
-5914
-1988
-1805
-4068
2306
-14328
-10474
-4076
-4336
-4068
5137
-10220
-4113
-6124
-5867
7184
5349
-4052
1271
-7152
-5866
-772
1824
1076
5639
-6096
3082
-8168
-5622
-1984
6657
-7156
-5593
-9192
-4099
3084
-6941
-6932
3606
-8160
-2322
-6928
-2562
-5892
-4353
10296
1561
-6084
4129
-4088
14866
-6080
2008
-11204
1023
-2008
-4102
2084
-2280
-5072
-286
-6112
5933
-12272
4586
0
-6387
-10236
14822
-5084
-10267
12324
7455
-3000
5357
-22240
-7929
-3008
4631
-1796
2056
-13268
-514
-6116
-1271
1084
7380
-10192
-5626
-9129
-6893
-6096
7391
-9192
4881
-11212
-9970
-12228
-4591
-8160
3064
-2040
-5644
2296
3816
-5072
-11515
-14249
-253
-6124
-252
-13308
11044
-1016
8659
-8180
-3098
-5892
-3093
-7108
2273
-12260
5094
-2820
-6375
-6924
-3570
-10232
3342
-4024
-1797
-6936
3313
-11260
10243
-9992
9492
-11252
8452
-3072
-1531
-2040
1552
-11220
-508
-11024
6394
24
-2028
8
6180
-7144
-2030
-1020
-1556
-7128
-6174
240
2833
-8188
2059
1268
12767
-984
3568
-10192
9206
-7136
1824
-6116
-2078
-1816
-1772
12
8750
9252
5904
-6108
-1019
-9188
-774
-4868
-740
-8188
-529
-4040
-7174
24
7669
-2016
277
-6116
1553
-4076
4311
-11240
9706
-3052
7652
-12268
9520
-6108
7195
-3028
-9723
-10228
-14817
-14292
8967
-7120
4362
-7156
-2056
-4064
-3284
-6088
4102
-10224
-4856
2080
12049
-8132
1298
-27376
-5637
-992
-8442
-10240
-3339
-780
8182
-12280
-2074
1040
-2032
-8156
-266
-7148
-9976
-11224
-5611
-6092
-2348
-2000
5373
-9196
-4092
-980
-2053
-25100
17432
-3060
-2560
6212
-252
4136
6408
4340
-5879
-8976
4562
-20480
-3122
-5080
282
-18424
753
-772
-2052
-1808
260
-9196
-5882
-15316
-8943
1044
7695
-10216
-5135
-15304
-4091
-8152
7411
2092
-3606
2300
-15605
-8144
-2042
6144
2335
-3848
-8685
-5100
-5583
-8156
-3313
-9176
-5119
-6940
-3852
-13260
2005
-14280
10514
-5080
6685
-2024
1015
20524
5375
-17376
-2308
-6064
-3323
1036
-3078
-9192
7399
28
-3349
-12228
2050
-972
-2559
-5080
-4601
-9204
-1031
2268
6912
-9156
-9477
-4012
-9736
-6928
5871
-13260
1
-18372
-3590
2096
-2319
-8136
-3569
-3044
488
-15320
6897
-17368
-4874
-5104
1269
-2028
3568
-3856
2067
-3016
1060
-13292
754
-5096
-3321
-16140
529
-5080
5632
-7128
1822
-16324
2269
-3020
-245
-7152
-3858
-7156
-1577
-11260
-2813
5172
1069
-6100
-4611
-14296
7208
-5100
1788
-11212
7457
-9160
6414
-2020
4113
-5916
2047
8208
-4874
-8112
5124
-17360
-6708
-2824
1267
-9176
6698
5168
4080
-3860
3097
-3024
3812
-11248
-6909
-4020
2594
-14308
-5138
-15356
-6896
-5120
-6697
-11236
5101
28
-4841
3088
-3555
-10240
15625
-9172
-5604
-8160
6915
-4044
-5383
2064
5369
-10192
-503
-4072
-221
3108
4616
-1796
2788
-11264
-6685
-8968
-5339
-12208
-1828
1040
-4878
-8180
1522
-2040
4079
-6132
-2518
1056
2039
-12276
247
-2036
-6899
-11208
-3067
-9200
-5627
-8132
6129
-14300
4376
-6092
-1552
-10224
-777
-8156
240
-12288
4579
24
-8200
-12268
3827
-11244
-5669
-9164
1570
1052
8939
-8152
-5618
-7077
-6385
7224
-8444
-7156
-6156
-1996
1480
-8164
-6663
-13300
2803
-9180
280
-5892
-1304
0
4588
-8116
-28
-2000
-10538
-12260
747
-15292
9712
2060
1282
-6124
-2814
-9180
8429
-6108
-1268
-5076
7924
-3028
-2577
