-10212
-737
-15324
3095
-16368
10219
-21448
5640
-7132
761
-980
-6159
-12272
8202
-9188
-6618
-14268
2532
1080
4878
-14272
-5880
-3052
-1540
-16340
534
7216
4120
-3064
-8717
-4024
1514
-6112
-4624
-10188
-277
-8144
6945
-6116
-4857
-4872
4357
-7112
-4596
-9192
13037
-8128
3069
-15316
992
2100
4843
-4096
-1057
-16360
6674
-1976
790
-10192
-7456
-12236
771
-16344
7415
-10184
5875
8216
4314
-18200
2343
-4084
-3605
-22240
1776
-11244
5384
-10188
5124
-12224
-2326
7192
-262
-5080
7412
-7112
-2818
-15352
6659
-17376
-3087
-9196
-3541
-2820
-288
-11232
-10731
-6120
2581
-8180
-486
-12236
9730
-13280
-1544
-12248
6135
-2000
-5152
-3848
2827
-8156
758
-13272
5119
-11252
-5631
-9188
-6148
-13280
-3584
-4084
-8462
-8136
-2531
-3036
-3350
-13284
7183
-7948
-1292
-6144
-530
-11216
-4574
-7156
-7438
-10164
4366
-7148
11257
-11228
-8443
-968
484
6148
-11230
-10192
6397
7204
4132
-11232
-2812
-18356
3805
-7112
8442
-5120
2308
-9156
5362
-19412
-1782
-12264
-4145
1088
4114
-6076
5908
-7124
4093
-1996
5367
-8116
1555
-10204
11833
-4005
6659
1056
2567
-6112
-2287
-6116
3328
-3048
4873
-9172
-2015
-9180
11773
-3848
-2068
-992
1562
-6092
4611
-13252
-8396
-12264
735
-22204
-7945
-14308
994
-10192
-8697
-13268
234
-11240
2808
-7164
7648
-12216
1542
-15340
-270
-2020
-3585
-4072
3786
-3032
1286
-14284
-3869
-9196
-9756
-6116
2028
-5076
-2549
-3056
-2820
-14304
-1043
40
2563
-9216
3294
-13272
2842
-5084
-3053
1264
3590
-5068
-8184
-13292
13844
-5120
6193
-21444
11278
-8112
-1776
84
3291
-964
6143
-10212
775
-8184
1530
-12244
3818
2068
-502
56
-4648
-6096
8968
-2024
-6686
4
-4097
-23240
-484
-2020
-5867
-5104
5653
-15300
820
-984
-3329
-18412
-744
-14320
4583
-12228
1764
-15356
1804
-4052
-5383
-2012
-5102
-7156
6148
-6128
-1529
3092
1533
-7108
-7430
-12240
-4863
-7148
-763
-10216
-3845
-10204
13310
-3008
5678
-12244
-2044
-6132
519
-12260
-5100
-12248
4089
-11256
238
-8148
10757
-3048
-3829
-14324
9220
-9184
256
-11012
3847
-13260
-3086
-11236
484
-4076
3085
-11240
-4059
-3020
-252
-2036
8715
-13272
9236
-14316
1302
-5092
-7920
-7128
-1580
-5084
269
-7152
13594
-16136
9000
-11244
-2021
-11192
-4859
-10172
790
-9192
2565
-12272
-214
-4084
12551
-10212
-6174
-9216
5099
-8140
13533
-15300
4069
-13312
-4860
-11260
-1807
-7128
-5382
-2024
5611
-5108
-6938
-16148
5378
-9180
4379
-3060
6924
-1976
8698
-9188
-8677
-4092
4101
-11252
4107
-5080
5839
-10208
1557
-5108
-2566
-4076
33
-10168
-3581
-11256
1012
-4080
-1298
-9168
9758
-11216
-4
-14288
9972
-8976
1278
-5108
3078
-11236
-1073
-16352
-6650
-5076
755
-10196
5887
-7132
-4881
-6132
-1484
-13264
-261
-6144
-5125
-5068
2505
-10200
-1030
-7128
8693
-12276
-5378
-15332
-5340
-10188
11281
-8168
-2063
1036
6126
-10228
-779
-8140
-4602
6160
3823
-9204
8954
-6140
1001
-5076
-2071
-984
2318
-980
-1017
-2020
6401
-6076
-763
-8964
4873
-792
1542
40
3806
-1000
-1291
-2036
4628
-6108
-8199
-4064
272
-992
4068
-984
279
-11204
-2561
3072
8449
-4080
-9459
-10192
3098
-7124
-5889
-4064
10753
-5100
4146
-3036
6182
-15116
6430
-6084
13065
-5108
-12286
48
-5675
-12288
7419
-11208
-7158
-6088
-10485
-9156
2285
-9180
-2283
-3020
-498
-11256
3841
-15340
-1554
-3048
-3599
-3044
5892
-8160
6896
-12036
3074
-6124
-6399
-11244
-3867
-12248
6
-10172
11789
4108
-1776
-5084
3863
-2824
6903
-968
-2813
28
10214
-6124
-8173
-6124
1800
-7152
-1781
-6100
5407
4132
-1068
2072
-2289
-776
2806
-13260
-497
7180
-8751
-6080
9777
20
-1054
-4072
3313
-1016
-7418
-7164
11283
-5088
7960
-7124
-2041
-14292
2801
-14296
4382
-5096
5880
-1796
5612
-1980
4639
-6140
-6388
-9204
1825
-10200
-2606
-7144
7441
-11040
-2830
-7124
4837
-13280
-4349
4336
-2556
3100
3843
-7124
-2038
-6132
2826
-4036
4076
-3852
-7433
-12288
1247
-8176
-989
-13280
-5639
4144
-3574
-3024
2270
-8124
-7930
-6920
-3380
-10232
-7149
-14312
9678
-10236
2820
-7144
1558
-8972
497
-21476
2815
-12220
-9958
-14272
3842
24
6902
-11216
266
-992
9199
-6080
-2538
-5916
-236
-6132
5134
-992
3333
-7160
-11284
-3040
7135
16
7417
-968
-4084
-5052
-5113
-14328
-1025
-17384
-4368
-13276
-733
-11236
-3591
4120
-1537
-988
-4868
-14276
2290
-5104
5128
-2028
535
-8152
-12040
-5116
-3836
-12284
9465
6176
5367
-7140
-3341
-5068
-1042
240
14900
-10196
7944
-7140
11515
-7112
-4613
-4072
-6903
-12228
9971
-6116
534
-984
-9456
-6924
-2577
-17352
8936
-8132
-5115
32
3050
24
7652
-27308
5639
-3008
-3057
-12244
-6162
-9184
-1291
-6140
-8434
-12044
14834
-11224
11053
-15360
-5898
-6104
766
-6088
2032
-1008
-1268
-10212
-11039
-11212
-1557
-4084
-6168
-4036
-1242
-6116
-6636
-5116
4615
-13272
4311
-9172
1515
-11224
1305
-6108
2588
-1848
-2567
-4064
-7663
-3056
-2550
-23256
-9461
-3068
-4874
-19372
1287
-10208
-10777
2064
3081
5156
513
-10228
6118
-15352
-6130
-6928
8702
-14320
8198
-5084
263
-12240
-6
-13300
8972
-9192
502
44
9999
-2032
-1272
-13064
-3576
4124
-5881
-8160
6902
-14288
1327
-2000
-491
-13280
3073
-12252
-9717
-15352
10747
-6140
2294
3132
2551
-7944
-2570
-8188
7140
-6108
-2762
-18380
-3837
-24304
9495
-3012
-12301
-7112
-5340
-3872
-6639
1040
-5880
-7948
7665
3320
-2060
-3056
-6658
-13260
-2847
-9200
1558
72
7169
-4048
6417
1032
-6659
-6088
5868
-3028
-1256
-12236
2839
-7952
-2793
-8972
-5141
-13284
3077
-6112
7439
-3068
5339
0
535
-8180
-1531
-15296
8435
-1984
-4850
-2820
-2036
-2820
-266
-9188
-747
-12240
-6895
-14296
-8416
-5052
-5686
-4048
2569
-8172
-8192
-14276
2579
-11252
-1559
-7124
3591
-11236
4892
-11244
-9740
-7104
8216
-5104
-7203
-8156
-749
-3056
4363
-6112
6604
-8128
-6382
-7956
-8416
-8172
-1044
-6092
3062
-5072
-5902
-5060
-4082
-3024
-8712
-16340
-6161
-9216
-3078
-7124
7144
-14332
-13
-6128
-2788
-16368
-6894
4148
6936
2052
740
3316
-3859
-6132
-7421
-9204
-2285
-5092
10741
-14312
-6673
-4076
4346
4104
-3272
-4012
-1044
-12260
6904
-3032
-2803
-16352
-2015
-11244
9693
-13276
-5138
-11240
1819
-13288
-2319
-2824
495
-976
4886
-5084
-7159
-1012
1040
-3848
5114
4096
-2065
5128
-2005
-5892
-17765
28
10224
-3044
-274
-9208
-8209
-2044
2047
-2848
-735
-15316
-3342
-2048
-795
-6112
-6665
-5056
-1786
-10180
11522
-21488
14854
36
7444
-3016
-20461
-772
-4625
-13280
-9720
-7136
-2082
-21272
3321
2060
2588
-2044
-5902
-4084
19962
-1012
-4088
-13268
510
-5116
1769
-17376
-2078
-3056
496
-9196
258
-6088
-1552
-12276
4620
-13252
6398
-16368
2808
-6116
6683
-12236
-8928
-3036
4314
-5892
4843
-7100
2054
-10232
6157
-14276
-4887
-8136
7670
-12256
8946
-5120
-4850
-10196
3094
-12244
-9432
-9208
3338
-10216
-5358
-3028
9477
-6108
-1046
-6116
-3842
-10200
8954
-6124
-4569
-12236
5139
-14084
7421
-9180
-4377
-6124
-3074
-8168
-3823
-9200
-3309
-14336
1535
36
-1051
-2024
-2569
-4064
-2307
-13292
-2825
1044
4592
2076
3072
-6092
-1302
-5120
503
252
1554
-6132
7155
-19380
-2809
-972
-1803
-6128
14573
4348
-8187
-11244
-3062
1048
2290
-3032
2051
-6116
-8700
-8192
-7399
-3068
6395
-4012
8201
-7164
25
-4080
14870
3076
-1839
-6120
-3565
-6096
7434
-11232
3319
48
-4096
27408
-3835
-7132
-3564
-8164
-2071
-13284
1787
-7128
1792
-776
519
-15336
-4595
-4036
1249
-13268
5150
-10204
5632
-8188
1816
-13244
-3815
-15360
-3866
-13060
766
-2032
7939
-12240
-1268
-19208
-5627
2092
12022
-8148
1589
-10188
-5131
-8120
2584
44
-4083
-9188
-2537
-12276
-10268
3112
2596
-8148
1053
-1016
3063
-13308
6625
-18396
4120
-11188
-1553
-10188
-747
-5104
254
-7124
3819
-8964
-2306
-7140
4090
-10188
-1512
-2000
6624
-7144
7421
-8116
5395
-11220
5641
-7124
11261
-1012
-6903
-13272
765
-10180
270
13316
-4862
-10216
546
-6108
2523
-14276
-2801
-4088
3603
-6116
13106
1036
-12044
-11252
777
-6132
-8437
-16344
1778
-13264
1550
-7156
7178
-8176
-752
-18364
494
-11260
-2794
-8188
-2566
-7124
8968
-1992
783
-10212
1530
2092
4112
-17368
-1534
252
-3584
-4064
13348
-4088
2807
-7164
239
-2820
-2556
-8984
8164
-2016
2044
-9172
506
-9212
3831
-10208
4354
-12240
4
-5080
2551
-11252
6901
-4044
-6912
-13308
-2840
-3060
5364
5156
1292
-2889
13565
-5044
5869
-10236
-1791
52
2284
-956
-11254
-11036
-3586
-14332
-1797
-14336
-4325
-8972
3833
-12288
3120
-6096
2563
-11232
5382
-5056
2083
-14308
-6668
-6140
-4875
-15116
-11558
1044
-264
-9208
5924
-3064
-5123
-10228
-5376
-7168
-9486
-5072
7687
-12236
-2788
-7112
-2819
-18412
6121
-7160
-8192
-16376
-6439
252
1275
-11252
-2054
-15296
9461
-4084
-13783
1264
11259
-9200
4091
-13284
2299
-9164
764
-8144
-6413
-10236
32
-7160
7678
-12224
6680
-11220
-305
-9180
-5617
-8180
3798
-5120
488
-5096
238
-6932
2294
-12244
6375
-9196
1757
-12272
-272
-8168
2578
-976
4366
-14288
11546
-16380
-9149
-960
8722
-11224
-4093
-22220
-7127
-3052
-2788
4104
2838
-6128
10253
-9200
-2804
-7132
-20
-9184
4888
-11240
-1057
-9188
-5884
-1996
3313
-6112
267
-8164
-3355
-5088
-4349
-13236
-2792
-10196
1535
-4072
-2056
-9168
-3
-1968
-3554
-5080
-1022
-8168
8164
-15316
2045
-8176
-7162
-4044
11248
-3028
2044
-9200
3561
-17352
-4068
-17404
2809
-6080
15101
-7124
3344
-7128
-7406
1040
2582
-11220
3306
-4052
2311
-9160
-4334
2052
-5081
-19416
3363
-1988
6661
-8164
-4856
-14268
-2563
-6072
2052
-13304
-4857
-3036
-4840
-13284
266
-5088
9220
2076
-506
-996
6110
-6108
-2059
-2832
274
-7156
4905
-7144
-7414
-11252
4872
-5029
749
-18372
6135
-9184
8458
-16356
273
-15312
4378
-7104
-1518
-13276
3102
-20448
5370
-5072
5858
-9192
1035
-15241
-8719
-19444
13013
-20452
-2531
-11216
-1292
-1984
11768
-1996
-1300
-7940
-2773
-12276
1541
-6128
-27
-15344
-8199
-17160
-7454
-3024
1553
-2820
-10496
-7148
11029
-12264
4590
-2020
-2590
-17388
8977
-976
3838
-13276
-4080
-7140
1323
-10188
14595
-5072
-1285
-11012
-6633
-6072
-543
-11212
-499
-22240
11519
-22256
-5091
-16380
3064
4124
1516
-4052
8490
-18420
-208
-13060
-3840
5136
-239
1080
-1279
-14316
1549
-8144
-8941
-7140
-809
-3040
-3581
16
8230
-15328
6918
-1796
-10249
-11212
-1544
-15316
-3552
52
-2309
-9140
8703
-11240
-1529
-16376
-1239
-5084
7424
-13264
-1268
-15352
11021
-7108
2573
-7144
-1293
-10180
-7631
2108
3846
-20456
751
-5088
6924
-14328
3570
-3848
4596
-17364
6130
56
2816
0
14609
-13064
-10243
-4060
-12810
-5088
4317
-21452
-10768
-20456
-7442
-8156
743
-11012
-7431
-9160
2785
-13256
-3869
-12232
-2830
-3060
-10978
-2020
-274
-9988
-237
-7140
-498
5120
3570
-4064
4607
-7944
-4621
-9192
-6398
-12044
3576
-792
1008
-4068
-5859
-5084
1285
-772
2554
-8152
-503
-6088
2303
-10180
6152
-9988
3865
-992
18188
-7128
11248
-13268
-5382
-1796
12781
-12216
-3284
-7156
-785
-7108
3588
4144
-5893
-780
6651
-13084
1558
252
-29358
3088
-26
-7168
2575
-6140
537
-10212
2277
-3020
-2573
-5116
-7733
-16384
1023
-8172
6160
-7952
-5892
-10160
7691
-9152
2287
-14284
-4601
-6080
2327
-5084
2537
-7160
-10986
-4884
4106
-4080
-1323
-6924
2566
1276
5616
-9196
1508
-14292
-1507
-7128
4070
-5892
1793
-10232
-9218
-976
-4111
-5120
-4076
-4088
-1067
-16324
-3326
-4048
4087
-8164
-1570
-12268
-3792
-9172
1014
-5092
1015
-7132
-2796
-6128
4614
-6128
754
-8192
-1550
-5092
-7682
-10224
-1015
-7144
7904
-9164
-4870
5136
-5129
-5076
-11240
-11224
-2540
-5896
-1548
-8168
-740
-1012
8954
-11032
11269
-3020
5617
-18368
-2841
224
-6866
-7160
5850
-16148
221
-2008
-6658
-13264
5612
-7132
-5893
-1988
-1312
-7132
3799
-7124
451
-13276
-12524
5144
-490
-9184
234
-11244
6950
-5084
-2099
12
1832
-3060
2279
-972
-7651
4116
9983
-9168
-5887
-4064
-8938
-16368
-1564
-17388
3314
60
4624
-7128
-263
68
9960
-4872
2053
-10220
-4089
-3032
-3070
-11240
-8453
-1000
-2280
-10180
4056
-11256
-271
-14280
-1303
-11032
-9981
-10224
-2086
-3068
7938
-2032
-5871
-11264
4064
-4084
-6433
2056
-3590
-6124
745
-5904
8197
24
2291
-12040
-3574
-4056
-5881
-12040
-10289
-5088
4609
-4868
6640
-9176
1841
-7152
-4135
-15336
-1744
-4064
-1284
-2036
6922
-15288
-282
-12236
-3554
-9176
-5138
2108
-8954
-23288
6943
-12280
-3568
-2048
-4589
-6124
5128
-9176
-1283
-9196
3330
-14332
4353
16
-1804
-11236
-3087
7208
-4100
1072
8705
44
776
-15348
6652
-3024
4094
-8976
762
-11260
-6383
-8168
8697
-12244
-1281
-8148
3578
-7156
-6680
-3044
3307
-5108
11536
-15352
2559
-9208
-8481
-5112
-4369
44
-5359
-8176
2831
-5076
779
252
4363
-11204
6922
-6076
-2569
-4064
-1003
-3036
-8167
-5088
-2
-12264
-3331
-13284
-5863
-18420
4356
-10164
3054
-7116
-2567
-9992
-5900
-16340
7923
-7132
-7665
-4092
-2560
-5104
5641
-3048
-5651
-8964
4068
-10228
-534
-9192
-6690
-8164
-747
3084
6187
-8176
-1523
2060
-5381
-19440
-8410
-7144
2302
4156
-9235
-12272
-1758
-11260
-5389
-4064
1237
3108
1779
-7136
514
-21492
-1536
-6108
1781
-7116
6097
-4052
10247
-20424
-2303
-1976
2807
-10228
-3331
-5076
-765
-7156
-5895
-1992
8447
-9192
-1030
-5104
-1782
-8968
2304
-6120
-1037
-5104
5100
6392
3630
-6096
-10243
-3048
5403
-5100
3096
-14308
-3043
-14320
10220
-14288
-2081
-9212
-2563
-8176
-3583
-3044
496
-21488
536
-5116
-1048
-2036
-2854
-12256
6658
-4060
9508
-4076
-1505
-1012
-2569
-10208
788
-1988
-778
-10208
19461
-11232
-3074
-3020
-12287
-10200
-1029
-14100
-4888
-9212
6160
-6108
6698
-4868
-3345
-9204
-12038
-22232
1779
-4868
-4361
-9184
14516
-7152
6
-15320
-17
-11232
-4636
-8164
6663
-1984
5376
-10200
-506
-11236
-5630
3076
8727
-11169
2548
-6112
7386
-2828
-797
-2024
-5141
-2004
4891
-12236
-2799
-10176
8208
-10224
-516
-5096
-10475
-6144
1802
-13252
-14377
-7156
2047
-11224
281
-11252
531
-14324
8666
-9184
6159
8212
6145
2092
-8194
-11248
4593
-17364
3075
-6932
-3844
-14336
4585
-2036
-4369
2084
5879
-14300
10772
12
15086
-13280
-3073
-8160
9468
-4096
7167
-1996
-4066
-4080
5641
-4056
-3063
-12252
-1029
-7148
4104
-4064
1008
-8176
11502
-21472
-12527
-8184
-3351
-11244
12816
-13244
7927
-9188
2592
-9200
1250
1068
1525
7216
-7716
20
-763
-12232
-10226
-10200
-568
-7104
1044
-7144
6686
-4036
4873
-12252
-6187
-8968
2310
-9184
-15365
-2024
2817
-3028
746
-4036
-2041
-12036
-740
-12248
-5106
-11220
8173
-17384
11271
-5892
733
48
-1539
-6136
5647
-8112
-6896
-8168
227
-7156
276
4096
-2789
-11204
8699
-12244
11262
-5072
-1570
-9988
-729
-5112
4632
-11232
-2064
-5068
6403
-7168
5374
-13284
510
-5112
-2057
-6116
-4074
-16360
-1010
-14292
-1017
-5072
-1019
-6120
17947
-3020
-510
-5120
2562
-7132
-5884
-16132
-480
2080
2284
-8164
-8707
-11204
-9768
-10200
-3055
-12256
5606
-7164
1003
-8140
9463
-11236
1004
-22208
2315
-5080
-2312
-10208
-744
-15316
4090
-12272
-7155
-14312
5652
-12256
5110
-4048
-6418
-19396
9468
-3040
9693
-11248
-4356
-8132
7941
-6108
-2808
-12236
-9748
-3000
3329
-7940
-1796
-12276
-4617
-772
12774
1068
2308
2092
-1782
-7092
7397
-11204
-3603
-8168
5124
-7152
1035
-11260
-11494
-11252
1269
-11220
13035
-992
-1325
-1984
6148
-5064
8464
-19220
269
-2012
5890
-8132
1268
-14304
-5373
-9168
5362
-13268
-4602
-14284
1796
4148
233
-11224
510
-972
244
-9204
3061
-17388
-9222
-12044
-7649
-4076
-1031
-6144
-6625
-11256
-2038
-18188
-4340
-17396
-7210
-5104
-1271
-4084
-2588
-7140
-5881
-15300
1001
-12256
-506
-12236
5856
-3052
-1280
-14272
-1783
-4076
-2561
-4056
-12075
-11228
-4629
-5112
12012
-9196
-6617
-21488
1815
-3060
-5114
-4052
4852
-14312
-3340
56
8226
-10216
262
-6124
246
-6080
-1518
-4072
2829
-12264
11486
-13292
-5877
-984
9498
-4072
-6681
-14300
12583
-17380
7931
-3016
-3599
-7156
-1032
-12220
-2806
2048
-1272
-12256
515
-6104
-6143
-10216
-1829
-2008
-6141
-11228
-2835
-11232
-4105
-2036
4328
-8964
-7429
-7144
-6134
-8160
-8954
-18188
-6423
-7088
-499
-5108
-4320
4
6149
-12264
6161
-13244
4055
-8160
2087
-13064
280
-13284
-1287
-9172
4868
-12268
1495
-4036
-243
-7140
7452
-7136
1280
-12268
6137
-6136
-4874
-3012
5889
-14300
2546
-19444
-235
-11228
11028
-10216
9192
-11192
7943
-3000
8225
-17392
-6905
-9164
6066
-6120
1012
-20452
-259
-11200
4374
-2016
3581
3080
5643
-6104
2554
-14324
-530
-4088
-294
-3024
-6903
-4076
7682
-976
2029
-15340
-10511
-9156
-9505
-15352
-3833
-5892
7690
-2016
-5140
-13296
4876
-16384
2802
-14084
3570
-9988
-16359
-11232
-4354
-9212
-4371
-7128
-6699
14380
8441
-9160
-3609
-15344
-3096
-2044
243
-7140
-4848
2068
-6931
-968
-11008
-5084
1823
-13276
-1562
-10200
-5648
-5116
-3096
-15108
10539
-11232
-1055
2104
-5121
-13288
-1554
-9164
1529
-11240
2285
-6092
-1026
-5096
-3868
-3036
1292
-2004
-2078
-7948
2557
-8140
-2872
-10208
-12533
-10180
7187
-19412
5631
-18416
-6402
36
5415
-11236
-3839
-18376
-997
-14300
2294
-9204
-4071
-14312
11047
-7136
268
-3868
-224
-14320
9724
-9180
761
-7152
-1014
-19416
-11760
-12288
3334
-16380
5620
-7128
-4104
-12236
286
-5084
-10
-3064
1779
-12232
496
-16368
-13064
-6116
5899
-13060
5119
-2008
8221
-5072
-13610
-8132
-4580
-9996
4105
-9212
-2013
-4072
-5395
-13288
-5370
-2000
-274
2060
1806
-15352
-6910
-5088
6956
-10192
-4091
-992
-768
-792
2562
-17384
1279
-2004
33
-15356
5382
-3044
5131
4112
3050
-3052
-3329
-4088
-6889
-12224
470
-5104
1277
-7164
11234
-14336
-1295
-1004
-11751
-11240
-5413
-11232
2536
-6116
2854
-12248
4904
-5892
-6947
-4080
3589
-9160
-3583
-14332
-4326
-8184
-6395
7180
-5645
-12228
2544
-14292
-1792
-9208
15100
-6084
-2039
-13292
-5650
-6132
-1763
-12040
2038
-9156
256
-11220
-3056
-780
-12311
-13280
-1799
-13308
2019
-5076
-3590
2112
9702
-8176
-4826
-11208
7424
-12240
1302
-10204
9207
-12244
-4134
-10228
-6104
240
3908
-1024
2064
-4068
-798
-8164
-553
-15360
-5118
-9188
-6937
-5072
-1062
-17360
5618
-9996
-11778
-17364
2805
-7132
-2305
-9036
1267
-8156
3338
3112
8195
-8148
4127
-11240
-1236
-6136
5911
-15308
1779
8212
-6672
-17364
1257
-18380
-5647
-10228
-986
-17317
6396
-3056
-6406
-3004
1552
-14300
-5666
-5088
-3599
-10184
-4348
-3012
10
2096
7418
-11208
6912
-16376
5143
-7116
1291
-10196
8467
-18384
3592
-13260
-3847
-17388
-3830
-13300
3360
-2004
3
-11200
-6657
-7144
3860
-17344
745
-8128
-512
-13260
3310
-3060
7183
-5080
4359
-8188
-1044
-9156
5130
-17372
-6911
-6140
7919
-14312
-3580
-16332
-7702
-984
-6911
-2004
-3034
-8164
-8431
-15324
-4901
-11228
1011
-8120
-474
-4052
9757
-14320
-1517
-9188
-239
-3064
4142
-7120
13561
-11224
8958
-11236
-3290
-8120
6643
-13064
8958
-4064
10019
-20408
9952
-4056
9226
-11012
13064
-6920
-773
-10216
4623
-12244
-1035
-1832
3552
-11208
1273
-10200
-242
-13280
-4100
-16352
5875
-9156
-1045
-10188
7390
-3052
1772
-7120
4091
-9992
1534
-8152
-2803
-6072
-12781
-17388
3316
-10184
-4835
-10224
-1255
-5100
5596
-12244
-1294
-13280
7936
-17360
-3557
-9192
5139
-3032
744
-1012
-774
1024
-5110
-7116
-6632
-15312
3087
-6076
-1761
-19412
-2304
1076
6915
-11260
2584
-12252
3305
-2000
3864
-3036
-3343
-17364
2291
-9172
3064
24
3859
-12044
4362
-13276
3864
-8188
3040
-8164
-2273
-14316
6928
-17352
12029
-6104
985
-24264
3071
-13260
-2345
-6120
729
-2028
-3101
-5056
2290
-2028
-4874
-9176
-6153
-13260
1301
-5084
-1286
-4072
5354
-17380
8231
-7108
-1551
-10212
-2527
-11252
-3347
-3056
6184
-11192
-7657
-9180
2066
-2016
-7709
-5892
-3342
-8176
6434
-13280
-509
-10212
-6170
-11208
-4325
-7124
207
-2832
-1526
-8980
-10739
-12272
1787
-8168
8155
-5108
17916
-16368
7446
-11236
4620
-8148
-767
-17184
3809
20
16138
-13284
-4362
-6920
-2824
-4080
-3843
-6124
4856
-15352
-6143
-11232
-5916
-3064
-2827
1040
1041
-4056
-2525
-12276
4092
-7160
-1305
-5092
-7151
-13060
-1284
-8188
2559
-5064
4577
-9196
7143
-9216
-14067
3100
-4083
-16152
12046
1052
-2840
-11024
-2821
-952
-511
2064
7948
-14324
2581
-9156
6907
-4092
-1538
3128
2573
-10204
-5118
-5892
3
-12256
3036
-17380
-1507
-12224
-18442
-7156
-7687
4112
-5655
-6108
-7742
24
-775
-14296
-3863
-10156
-10999
-14308
-6127
1088
-1001
-12036
1021
-15348
8480
-980
-2808
-6104
4606
3104
3059
-6108
-2839
-10232
1802
-8184
-1028
-992
5125
-14312
-994
-5064
-13287
-4088
748
-5108
6659
-15332
26160
2112
3367
-6924
3563
-8176
-10767
-3844
-6619
48
3823
-980
4100
-5068
3857
-8160
-10265
-14304
-7402
-4028
2323
-988
-4090
-7144
2554
-10220
5379
-5048
-2832
-3068
-3063
-7984
5108
-1000
-1523
-12272
-2814
-9212
2842
-8180
1017
-5104
-8224
-16332
1563
-8148
-2078
-9156
7929
-4868
4620
-10188
4865
-11224
7137
2056
-9479
-7136
-1820
-11244
-1979
-2028
2802
-3028
291
-6120
-3613
-9176
1278
-8172
-293
-9192
3834
-8172
-748
-10224
10197
-6124
2579
-13264
-4367
-1016
4374
-5096
6877
-8176
-476
-7164
-9229
-10196
-4099
-6100
3305
-24276
-5362
-11236
-2593
-11244
-2821
-9212
4588
-8168
13309
-16324
28
-6116
-4090
-6112
-1782
-8144
4849
-18424
-3086
-6116
4094
-7144
-6410
-11192
-10201
-7156
5396
-7132
8253
-16336
5855
-19204
-3
-784
-5099
-2012
-17393
-14300
4354
-7160
-763
-8156
4366
3084
3592
-8188
2809
-12216
5105
-11252
6422
8240
5931
3100
3318
-3048
-4367
-13284
1273
-10176
18119
-8192
-7658
-4040
1010
-5072
1293
-14120
4091
-11244
7910
-7144
6665
-8172
-5890
-4084
750
-13272
-10266
-6108
-10998
-1996
2530
2060
-2306
-12280
-7160
3096
-7162
2300
11041
-5096
4357
16
-2844
-12240
297
-8144
6132
-11224
-5420
-8140
-524
-3060
6651
-12288
2046
-17160
2024
-11228
4347
-6116
-999
-5084
-2307
-2012
7408
-10200
5358
-1996
-4851
-4080
5644
-5084
8694
-10196
-18151
40
-521
-9196
5153
-8160
-6655
-5096
5912
-3048
2812
-7940
21200
-11212
1515
-12244
-1284
4140
-4610
-7144
1803
1048
6108
-4084
-511
-15336
-4598
-18388
-516
-9148
-759
-4068
5118
-16360
-2556
-2040
-4069
-3072
3351
-8148
5116
44
-3333
-10180
494
-15332
1285
-8140
-3589
-10208
-2320
-11224
-7189
5188
-514
-4064
7458
-9204
1553
-14316
-990
-2012
-6403
-16380
-2616
-4044
-7423
-14332
9455
-6100
-3057
-7136
-1592
-11240
7916
-11248
-3798
-12036
2041
-8156
1
-12244
-2594
-15116
794
1036
3801
9260
-1773
-11236
-1520
36
-2555
-7160
2051
-12224
9735
-4060
9218
1080
-5141
-9212
-2555
2084
-2095
60
-996
-7148
5662
6180
-6663
-5080
-771
-7148
7944
-9156
1529
-7152
557
-5076
7162
12
-527
-8152
-3602
-4084
-3846
-4048
4868
-16372
14604
-18388
537
-12236
6182
-10192
-3283
-10176
11014
-12236
-2818
-16368
3347
-3060
-7685
8
6610
-13288
-532
-11016
3865
-9168
246
-17388
-13564
-1008
-3561
-9184
8164
-784
-7945
-9176
747
-16344
4588
-13244
-1049
2080
255
-10184
-6423
-19412
-4329
2100
5368
-14304
-2054
-5896
6654
-10240
6890
2080
-8194
-10200
1538
-8184
771
-1020
7165
-6132
7403
-3016
-6610
-14296
793
-5116
-1810
-6084
2797
-10196
-8471
-6092
-4073
-4076
1776
-7956
7685
8220
3312
-3036
6374
-3048
-7667
-2048
-3060
-8136
2248
-17164
779
-7128
-6672
-972
-1016
-996
-2572
-8172
9460
-11244
11751
-15320
-517
-7976
9216
-3044
5925
-3040
11547
-6924
4096
-14312
3044
-11232
-6154
-2820
5633
-7124
4876
-14292
-3317
-6068
10523
-10212
3583
-2004
-2814
-2048
-772
-14296
-1027
-17324
-3317
-6100
-229
-7116
-1035
-6072
7664
-5072
3880
-14316
-7671
-10184
-5851
-12236
3346
-8156
560
-10172
4068
-15360
-5648
-16376
5379
-1000
-538
-992
-4863
-8148
8737
-24268
796
-11236
-3813
1276
-2091
-3844
-3303
-12240
-774
-6128
-3554
-17380
5137
-12260
-3064
-7144
1032
-4056
7153
-3844
-8727
-13244
22003
-5096
9219
-8164
4858
-9196
257
-7132
7421
-7132
4591
-10176
-9179
-21496
-247
-15348
2802
1048
-32
-12264
2038
-3048
-2544
-5080
-4097
-10184
-5
-7116
4617
2068
3843
-2000
-2073
1072
5906
-4064
-5372
-1024
7143
-5108
7974
36
-6130
-24233
5383
-8152
4364
-3945
2526
-9180
-7184
-13252
2574
-6124
2813
-12244
-3845
-7168
-1504
-11260
-1799
-16304
-4315
-929
-3839
-7156
-7432
52
1804
-5068
3839
-11224
-4365
-14332
5129
-6112
2571
-11220
-258
-14288
2788
-9148
4076
-6092
-5637
-12268
-2047
-11228
5109
-2012
-765
-1020
-4359
-17380
805
-5076
-1801
-1008
-2291
7212
-5625
-9188
-8438
-2008
-2032
-16368
-2539
-6932
-7686
-3048
777
-9204
-539
-1992
-8700
-9156
2301
-5120
5115
-8168
-5134
-13308
2315
-10204
-1524
2096
3597
-4076
11249
-14276
7937
1032
-5101
-6116
4854
3080
-1513
-11236
-499
-812
4087
-5088
2574
-20472
4589
-8136
1832
-6072
8198
-5052
515
-12268
4645
-4048
8
-19428
1066
-10168
3331
-7128
-12271
-12240
5116
-15336
7666
-9192
-3559
-11240
767
-12208
-769
-10188
224
-12244
508
-9160
-3058
-13288
495
-4028
-1005
-5088
-1559
48
-5351
-11252
-513
-9168
-3319
-16336
4849
-6100
6629
-4056
6411
-7116
-5375
-12268
8967
-6092
-2299
-19412
-6905
-11248
-3076
1060
-517
-16132
9003
-17380
-12786
-9180
1240
-11220
-2039
-13300
-1250
-13288
1795
-7136
-280
-11228
-1287
-7096
-10701
-6092
-7215
-2016
-2044
-2012
-3054
-15344
-6135
-17396
-5881
-9192
4628
-12260
6913
-13296
6419
-9208
3086
-7148
1030
-13312
1018
-10236
1027
-13308
-1816
-4072
-9692
-3052
-536
-10220
1541
-6128
-6919
-6076
7456
-5088
2839
-16380
-8967
-13060
2281
-8176
-4623
