-22212
1524
-4068
4880
-6128
-4623
-15360
1797
-11240
9227
7180
534
-4036
9457
-9204
-11509
-14316
-2809
-4880
1038
-12236
-1769
-8180
-6923
-13060
5075
-7156
-5657
-6140
1786
-14304
13053
-14292
-2033
-3036
546
12
-10487
-12040
-3083
-4064
5921
-2020
9251
-4076
1049
-19408
-1247
-6116
3317
1052
7166
-11228
8759
-11236
3833
-996
4122
-14336
4594
-9200
8190
-13276
-4096
-7152
5900
60
7978
36
-788
-3004
4848
-11264
7690
-5080
1303
-15316
-32
-10228
-6152
-15284
-10224
-11256
-3574
-1020
-7177
-4064
-2840
-8156
2851
-12284
-3351
-11232
-536
-9996
9235
16
-781
1060
-2315
-9208
1287
-14304
-3587
-12268
-742
-8148
15568
-11228
-5106
-6116
4277
-9200
-9685
-8184
2004
-13284
-5335
-10196
-4882
-9160
-4090
-7092
-1037
-1000
-1295
-12248
-15605
-14320
239
-6088
2553
-4060
-8447
-2012
-262
-4044
5860
-3044
-3566
-16352
-3589
-3068
288
-14264
4847
-6060
8697
-5072
-9478
-17356
4586
-9180
1286
-5120
-3098
-11212
1523
9248
2553
-6116
-2560
-2044
5606
-14308
-8200
-4040
5873
3092
-8442
24
4880
-8164
9211
-5092
4620
-4872
4352
-6128
-8972
-8996
4093
-1016
-783
-10184
10798
2104
2290
-7116
-3837
-9204
545
-6112
-2297
-4868
3546
-12280
1542
1028
6917
-11212
-3050
-10200
-12300
-9192
-2818
-5100
3871
3116
-4136
-12248
3083
-3068
-4612
-10168
1031
-16336
-8450
-18404
4328
-2044
5634
-7152
513
-6924
-18
32
-3846
40
-519
-11024
-5862
-9144
-248
3084
7909
-12268
1791
-20436
11000
-8160
-7141
1092
1021
-8160
9749
-5100
24
-16372
-9200
-4060
-779
-11204
-1569
-4872
-5362
-10000
-12816
12532
1276
-4060
-4362
-6116
-5892
-7140
4375
-11244
5893
3080
1801
-10236
-2284
-9144
-4346
-972
8962
-15312
1017
-7132
536
-7140
4879
-10212
1798
-16352
-3868
-8172
-8690
-3044
-768
-13264
1543
-13280
3082
3104
4057
-10196
1056
-11232
-1277
-10200
-3852
-2040
2302
2272
9246
2076
6133
-6112
6970
1076
8188
-9216
4580
64
-5132
-2020
2023
-6112
3618
-7156
-2320
-6076
-8996
-15324
1537
-1008
-5409
-3024
-3849
-3052
-1790
-3056
-9523
1044
-9727
-20456
-1041
-2016
-4365
-956
-6146
-3008
-2333
-16132
-7944
2104
-13077
-6076
-1781
-16328
9476
-984
6414
-8128
1289
-8140
-1807
-8156
6675
-11236
-826
-5088
-4094
-4076
-479
-12224
22
-17380
987
-11220
5110
-7096
-9496
-2012
2836
-1984
1263
-10232
6659
-12264
500
-5080
7424
-11212
-5641
-17400
-13556
64
4357
-3032
-258
1111
-6365
-19204
6124
-9152
-7920
-4060
8962
-9204
-5645
-3060
3606
2088
-5391
-27305
-6418
-13264
6628
-9152
10272
-9196
-6147
-9121
4358
-10200
16871
-13288
1525
-11260
-1029
-15336
1271
-17368
1749
-4020
3832
-10208
-5107
-18364
-1765
-15324
3086
-7132
-10731
-6096
-6130
-1008
-9947
-11240
-6435
-15108
-6892
-10212
-7412
-6096
-1042
-25292
-10240
-5092
-6396
-3020
-1288
-12236
-7691
-1000
-259
-4068
4607
-10216
-1781
-3040
3593
-7136
1033
-5120
7405
-19436
4075
-5084
783
-4868
-5385
-15108
746
-11208
-8459
-16368
5354
-11264
7202
-4084
-7412
-7144
-8171
-7128
514
-20448
2035
1036
4099
-2000
-10224
-16336
-248
-2032
-2
-6140
-3834
-7128
-5
-9176
-5643
-7124
5104
-10188
5608
-4092
-11
-7160
3340
-4056
5637
-4056
7412
-23048
1522
-9196
2293
-11220
-2820
-5076
4112
-9148
13342
-6084
2047
-6112
4389
-10240
-512
-12256
-2049
-3020
11743
-4868
31334
-17376
4140
-4048
3073
-8176
-5370
-21432
7147
-8968
-6897
-3044
8715
-3040
-5129
-9172
11767
-3064
8981
5156
-2063
-12252
-998
-3016
2312
-3052
1509
-13060
2569
-13260
-6143
-7104
2606
-5092
-2831
-5096
-2563
-8176
2313
-1976
4864
-22268
2044
-9212
3583
-10184
5609
-7140
-6181
-10236
-4893
-4056
12572
-5112
-5086
-8156
10509
-9188
4368
-8184
2322
-6140
5314
-18400
-4854
-13280
1039
-15324
778
2056
10747
-13072
6410
-7144
-5905
-6084
-4345
-6076
2573
-17156
-2838
-8964
9215
2112
6154
-4072
3068
-972
234
-9160
10989
-3048
6660
-4040
2041
-12284
528
-18388
-12800
-15324
-5110
-20448
2036
-9996
4875
-6128
-2262
-12256
2829
-8188
7640
-10200
267
-13232
-9224
-6112
-2550
2072
-17158
-8160
2798
-7124
3039
-12260
7411
-10196
-1515
-7164
-2028
-2036
2787
-10176
5893
-6104
-7435
-3056
7465
-2044
-7950
-9200
-1765
-14300
-3800
12
-3339
64
4353
-7156
-5579
3104
2073
2060
9226
-988
5637
-12248
-5130
-8176
1012
52
-3324
-4064
12559
-8156
4611
-20472
-5853
-6136
1784
-6104
10800
-11228
-775
-13260
1784
-16380
-5108
-10232
4892
-17384
1270
36
520
-5072
241
-7128
-4072
-12244
8924
-2004
-11536
-11224
-6670
-12264
504
-5068
-6678
-19404
-2305
-8116
3068
-9164
3092
-12280
4834
-1984
-3566
-14296
4595
-4064
-1812
-4096
14110
-1000
-5126
-4088
13337
-4092
-7457
-9188
2278
-1996
4854
-9172
488
-11244
1840
2128
2513
-13268
-1280
-13264
-518
-12272
10502
-14304
-7410
-8184
1529
-9216
-546
-9188
-758
-10192
1553
-13308
2580
1040
12562
20
3628
-2024
7668
-14268
5400
-11248
-719
-9208
5375
-12244
-4329
-14272
6641
-6120
5880
52
9221
-7148
785
-9156
-1542
-11248
2054
-4096
4826
-21452
2054
-7112
-772
-2000
504
-6128
-2545
-4076
6373
2076
-3793
36
-2557
-7124
-5615
16
8148
-17352
3835
-4096
30
-5080
-3314
-5112
-5373
-13288
5902
36
-6645
-12236
-3316
-3024
-1004
-8188
3328
-5072
510
-2028
-1529
-11212
-3886
-772
2303
-15328
-4115
-8128
-4851
-7092
3059
-7128
4318
-14296
-243
-7132
-10257
-3008
-534
-9208
-6688
-9204
-5900
-20464
-5926
-12268
1563
-9136
254
-7124
-783
-13292
8201
1080
2817
-9200
-3112
-1816
-6433
-13308
1531
-9184
3039
-3044
781
-10240
3838
-8180
-1297
-11240
-9
1272
-7407
-3012
1506
-15328
-6671
-12248
-497
-3048
8940
-2992
765
-15336
-6920
-992
2800
-6108
-2579
-8168
10758
-9204
1280
-16380
4877
-1804
-5120
-7152
-5640
-8160
-15866
-10180
791
-6144
2811
-13264
-9228
-15328
-502
-5112
3846
-10228
8155
-10224
-10990
-13276
-3595
-4044
-3061
-7116
34
-12276
5360
-7940
1802
-15332
-5900
-17376
17669
-2016
-7215
-16360
1793
-10172
-3589
-6120
-3587
-1980
-772
-7144
-2809
1100
-6903
-12228
-1528
-4044
15107
-5044
4583
-10184
3604
4112
-1537
-8144
-2840
-16376
-9722
-968
-5343
-9176
3816
-10240
-5884
-5072
12510
-1988
514
-4088
-2302
-7144
-9963
-3044
787
-21480
-8445
-3020
1800
-2008
-1288
-1800
-495
-20440
-1068
-8164
4367
-2032
-3517
-14296
-7150
-6124
-2530
-8180
6140
-13264
4616
-7108
-2799
-9148
-3825
-24308
-3353
1064
7424
-12244
-4891
-5084
2058
-17404
-257
-5100
3305
-6096
31
-12244
-1266
-8132
-3095
-9188
3595
-21472
3593
-8180
-13597
-15356
-6910
-7132
-748
-15112
-2327
-14288
-3053
-11236
-1530
-4064
-3617
56
-473
-10164
-3562
-1024
4092
-17368
-11300
-4092
-751
-6108
4847
-4076
3355
-19436
7183
5168
2804
-7124
2801
2048
1050
-12244
-6407
-7148
2045
-7128
-9540
-13288
4873
-8124
3089
-16372
-2786
-13260
4840
-6076
-1266
3124
784
-17380
1527
-9160
-1831
-9184
3322
-6088
-6921
-12280
5623
-7120
243
-8168
5619
-3036
-10246
-11224
2302
-9192
-3845
-6096
-3065
-8164
-6190
-5076
9955
-996
7925
-7136
-2549
-4060
2315
-13292
-4391
-10200
5089
-10192
-1526
-5064
39
-14296
995
-8172
-4609
-16320
8215
-1008
-3356
-5100
14108
1036
8696
-14320
-1027
-4052
-5626
-4048
6674
-12288
-5370
-12288
5612
-5108
2577
-12252
-8882
-2024
-12120
-9200
-2307
4156
1790
-5100
-12826
-7124
-6913
-776
1001
-3008
4874
-10200
1754
-10168
5636
-10232
11558
-11244
-2815
-11264
-5348
-988
-7431
-11224
-4334
-9176
-1044
5144
1051
-8152
-3090
12
-8184
-6140
6165
-4064
-6671
-11248
1046
8
1277
-15292
-1579
-7132
4617
-2032
5881
-3028
3057
-7136
-1797
1064
4867
-14260
5093
-6124
-512
-11228
8190
-4080
-771
-2036
-3602
-2016
-238
-1804
10507
-13064
-5615
-12260
4060
-1988
-5624
-7128
-10465
-2032
-467
-11200
-3566
-9216
-3816
-2028
-14608
-10188
11993
32
-1766
-11236
1783
-4056
-20042
6176
7902
-3028
-3066
-3072
4341
-12228
12310
-9192
8137
-9188
-5619
-8128
-2335
-14268
-3072
-11228
-2272
24
-792
-8136
-730
-9204
3563
-7160
27
-12256
-3602
-12224
-12003
-13304
-3107
-9184
-2275
-992
6737
-9180
-3619
-10172
-2292
-5080
273
-14304
-4593
-2024
-1291
-2828
9970
-6116
5391
-960
-520
-3064
3840
-6120
-6122
-15316
8678
-8184
11532
-8164
-11503
-17360
8226
-23288
-4632
-7144
-3347
-996
-2067
-8132
7155
-7128
-2610
-15328
-2246
-10208
-3105
-8968
-234
-7112
6899
10248
6652
28
-7676
-7120
-2775
-22232
-7462
-13240
12570
-12224
506
-16320
3307
-14280
6398
-12232
-2528
-2856
8461
-9168
-519
-2036
-2834
-4028
-1823
-7148
-4064
-9156
-9724
-4072
8211
-7152
-3841
-9180
10252
0
3588
-20408
3301
-11200
-1554
-3052
-4600
-3852
-60
-8164
-270
-10212
-5377
-11236
8172
-13252
-7949
-2040
-234
-8144
1803
-5072
-9486
-7136
-7906
-13300
-2304
-9988
3615
-11232
-3
-15320
-516
2092
-524
-8136
-4103
-8144
-5358
-9184
1031
-11196
280
-16348
1010
-9200
-5642
-3020
1279
-5912
-1241
-13248
10998
-992
-3843
-17376
-20
-10216
9699
1048
-9996
-7124
-10495
-6136
3061
-5096
2041
-16324
7701
-10212
1292
-20468
-5071
-1024
6
-5084
-9725
-12280
7147
-11220
-1561
-6132
3333
-6144
760
-9212
4083
-6108
-12795
-7160
-510
-13256
10519
-11236
-7397
-6116
6638
1028
-1033
-15112
-8174
-12252
-4851
32
-1775
-17188
4351
-5072
-2051
-8152
18955
7200
3857
-9196
12780
-9216
2836
-11264
-2314
-10212
-1802
-14336
6903
-6112
-3594
-10208
-17716
-8192
-1030
-4872
1031
-5088
-3336
-8972
8711
-7132
-1022
-10184
-3064
-15332
-4086
-6136
6894
2084
4579
-15300
-1293
-5052
8193
-17372
7134
-9180
9983
-14280
-5115
-5096
4073
-11248
4318
-984
1787
-14304
-9986
-4076
2854
-14308
-1539
1080
-7219
-13268
-2312
-10000
-33
-6140
-6933
-5904
-2557
1048
-1540
-22208
-2572
20
3576
-11244
18
-10000
-8206
-15340
-8995
-8144
1536
-8172
-1797
-13312
7678
-4072
-1286
-5068
-1549
-5108
-8726
-4060
5120
-18432
-1537
-8140
-3828
-7108
3317
-7112
-9199
3108
6159
-20460
-5890
5120
777
-17364
1025
-8128
-767
-8164
-1272
-7112
-743
-14308
-2826
-6116
-753
-7112
787
-5108
-9239
-11220
-4371
-6136
7667
-10196
247
-7140
-2586
-972
-9732
-3848
-5360
-2000
-246
-15304
-17968
-1000
-4307
-13280
4614
-1964
3078
-6104
1017
-14096
4663
1056
5391
-9988
1231
-4036
1516
-9136
1600
-10228
13580
-2852
-2546
-3012
4376
-8192
2096
-16336
-2571
-8168
-6426
-13288
29
-2012
-2092
-4056
518
-992
-757
-5092
-3581
-8160
2823
5372
-12573
-14324
-4366
3100
-2286
-9204
-4110
-6132
4654
-10240
2822
-16300
-2580
-4076
1283
-10212
8947
-12272
-5894
1052
-4888
-7128
-7694
-8160
-5397
-12268
3580
-19396
-1537
-4060
740
2068
-2255
-13236
-4869
8240
-2810
-7156
1787
-8172
-995
-9196
-2802
-12264
518
-24320
506
-6120
1846
7204
5101
-8172
503
-13296
-5108
3084
6210
-7112
-772
-10172
260
7204
-18622
-15352
-11586
-8144
-756
-5112
-1783
-5060
-9202
-2036
-10255
-7120
4315
-10224
2540
-15308
-294
-17168
-7692
-10216
-4130
4124
-14605
-4072
-3304
-7144
518
-4080
3076
-7948
-6163
-3040
11983
-8176
-2805
68
-2055
-1000
4075
-14316
2828
-1000
1798
-4076
-770
-7136
12025
-9188
-8664
-12256
4
-2008
-5130
-6116
-3591
-6124
1499
4132
8451
-9192
-6385
-5068
2331
-16344
-779
-7168
9491
-6136
2562
3124
-7131
-13304
-4090
-11192
3623
-9188
6915
-5092
-1274
-17388
6383
24
2331
-4052
3833
-10236
-1542
-6112
12562
-996
-2561
-8132
3600
-12260
-4874
-22224
7667
-10212
-1789
-3036
291
-3056
3030
-7116
3081
20
534
1044
1301
-16348
4324
48
249
-2832
4868
-10220
8442
-2040
2282
-7132
-2551
2056
-7163
3084
-1772
-5076
7687
-22224
-2555
-19420
3321
-11216
3792
-6108
-3324
-12248
4621
-5084
7950
20
-2831
-5104
8945
-3844
-6657
-17392
-5413
3304
5098
-10192
3298
-15116
2021
-11212
-9208
-7156
-14104
-9208
1270
-3848
-6114
-2004
-4837
-8972
1525
-7088
5352
3116
-8179
-1996
3603
-17396
-1541
3124
4350
-996
4060
1076
-6393
-8164
2834
-6128
-3321
-15304
13532
-10216
9465
-9152
-12091
-9132
4605
-14328
11060
1064
-12526
-5092
-3554
-5104
-6658
-11212
7626
-5112
-3580
-7160
-8220
32
-2041
-5080
-7144
3140
8230
-14320
5889
-5076
1018
-14308
-8219
-5076
-3091
1088
-2591
-13272
-4118
-2012
-1519
2072
3104
64
-2048
-9132
804
40
11507
-10220
6948
-15320
-1312
-8176
514
-11252
-276
-6108
-2029
4328
3591
-5112
6125
-12264
-2537
-8168
-2322
-3024
4852
-2036
2299
-12260
9219
-3044
-5584
3096
8944
-10192
-1044
-9148
9516
-12268
-3071
-10192
-2528
-17380
1515
-5080
6162
-10208
-13281
-3008
3838
-6132
-8159
-4084
1023
-3064
2054
-11024
-7494
-12232
-2048
-7144
5128
-3048
-5110
-4876
2543
-14312
1285
-4052
-21245
-3848
-10207
-10228
-6594
-6104
-773
-7128
-4133
-6112
-1289
-10228
-10760
-4076
-8162
-5052
-4861
-11212
-3073
-9168
-1565
-16372
-5892
-2000
2005
-18404
-4879
-1988
5368
40
-2307
-14296
-4848
-8140
10747
-1996
2796
-15344
-4609
-11256
-1276
-7944
-273
-12264
-6418
-12208
-264
44
5126
-10228
1265
-5056
-2317
-7112
-2815
-14312
7422
-9208
3563
3316
-3844
-7112
9480
-11224
3065
-4084
9495
-11228
-9513
-9204
11229
-15336
-1020
-8144
-4127
-12276
1285
-9188
10282
-14284
-3561
1096
7450
-12189
-239
-5096
2012
-5912
-3307
-9208
-2054
-8152
-14369
252
-3064
-7136
11767
-10200
-3342
-12240
1038
-976
3074
1072
504
-4084
2789
-10212
1577
-6128
1263
-15348
-2580
-8192
3886
-4072
4862
-6072
-5620
20
521
-11228
3584
-6072
5108
-8168
-16385
2080
-9244
-984
-7149
-13268
-3094
-9156
-2806
-6084
-4408
-8077
543
4140
-10731
-4072
3829
-7088
1506
-5052
7683
-2016
-3310
32
1023
3140
-3828
-10176
2029
3104
5105
-9188
-503
2056
1571
-11216
-3587
-4052
1785
-17372
-1767
3088
-7194
-5072
-6920
-15328
-3826
-7164
7436
-5096
2578
-1996
-280
-8964
2820
-6096
-9203
-8124
3590
-8120
-6616
-5076
5597
-5088
5385
-992
5350
-4080
-2537
-6112
-8476
-5076
4598
-8168
-7706
-9176
-5873
-10200
1301
-8168
-4374
-3012
10220
1052
4336
-17352
1020
1268
-1310
-11256
8441
-11212
-5881
-9172
-3869
-10228
-6903
-15356
1254
-17396
1289
-15324
1534
-5912
3544
-3048
-993
-13288
-14586
-19428
1535
-4072
13837
-4044
-255
-12268
9954
-19408
6655
-5076
-752
-18376
-2055
-14292
-5640
-6100
-6408
-19412
4112
-10192
-6629
-6124
6387
-8160
-8197
-8176
4109
-2012
-8180
-14316
13575
-11240
-7654
-1012
-12051
-10220
2055
-8152
-770
-3844
2825
-13252
10748
-1004
1534
-28360
-6449
-13276
5379
-7124
6671
1072
-4339
-1016
5387
-15332
7395
-6124
258
-7108
-10970
-5068
8199
-5088
5915
-14292
-1052
-14292
11262
-13276
-6659
0
2826
-21252
3584
-16364
-507
-3036
-2577
-8140
-5893
-11224
-531
-12268
219
-20476
5645
4152
-5099
-5904
5854
-14288
-1519
-8192
2319
-9172
-2816
-9176
9951
-8168
-7689
-6108
2096
-3052
-2022
-11212
-1013
-12268
-8952
-12264
6663
-18400
-1803
-8192
11257
-16324
-2536
-3008
2023
-8148
-1526
-13288
-9489
-10236
3309
-9204
-1798
3316
-512
-6120
-805
-5072
-3063
-7132
766
-9208
8711
-988
2061
-15360
5095
-6112
252
-4088
2015
-9188
-220
-8160
-2299
-11244
10006
-15344
-3828
-7156
-2297
-6140
-3117
4112
-3865
-14328
4849
-15112
-4318
-8168
-3099
-3020
2039
-4044
5086
-8124
546
-19212
6941
-13292
1264
-13264
-3080
-7160
-3092
-5084
793
-14316
2318
-1020
2840
-3060
-1051
-13284
-5639
-15336
2287
52
-8219
-4884
-3608
-6120
6183
-18396
-4883
-12044
-4617
-12252
796
-5088
-1800
-6112
-4875
-7164
-246
-8188
2836
-2032
-755
-17384
2261
-8984
12567
-9200
-7686
-5092
501
-5072
2552
-6120
2038
6196
6913
-8184
2319
-20464
2288
3104
1012
-7132
5630
-15348
-8201
3104
-2046
-2044
6663
-16344
-2300
-2000
2036
-13252
-761
-12240
-1270
3108
-493
-3012
1257
-4872
-11501
-12268
6886
-12208
-1299
-13060
-6395
3088
-282
-9160
-2858
-5092
3062
1056
2039
-16352
4347
-8168
9718
7180
3552
28
-3580
-9164
-10744
-5060
14099
1060
-1788
-13268
-7154
-12048
757
-14272
-22066
32
9981
-6128
7417
-21456
6674
-2036
2812
2076
-9
-16372
3060
-18400
-2808
-8140
-7669
-8184
-494
-15336
6940
-9992
-2318
0
-243
-8148
10767
-10204
4117
-16332
-3830
-8180
1256
-11236
-3105
-12272
2811
-2036
240
-4068
-1531
-14316
-5407
-8136
1562
-15292
5382
-9156
-4080
-13264
-6434
-13296
4643
-4072
-8995
-3852
-209
-13276
-5372
-10184
3334
-12052
2010
-10188
4371
-8156
9452
-13244
-6945
-9156
-6119
-13248
-7899
-4056
6068
-7140
-3067
-1000
-1527
-3000
7404
-9188
-8217
32
-5837
-19384
-5364
-14300
-5411
-6132
269
-5088
9205
-11236
-259
-11020
-2078
-6080
-5661
-10236
-2340
-3032
-3099
-6128
9003
-20393
6425
-972
2082
-1000
-6961
-5088
-13101
-6084
-9493
-8188
-3588
-21484
-239
-14320
-1299
1032
-1275
-8128
499
-10204
-5385
-6136
2074
-7128
4111
-8128
8456
-8156
-5928
-13296
-760
-13284
262
-11232
5119
-15112
1334
4
10506
-13284
-6616
-14280
3835
-12268
-5378
3096
-1287
-8140
-2806
-26312
-3060
-21484
5838
-9136
-3011
-4052
746
-12264
2034
-7128
-4370
-13276
-2552
-11220
-5900
-8148
-1577
-3048
-3331
-15348
3347
-7104
1550
-13284
1009
-5104
541
-3052
-7705
-5048
-11035
-6132
520
-15332
1033
-23224
-1051
-15344
319
-13292
1794
-1972
999
-8152
2607
-10208
504
-7152
-9978
-2048
4872
-18372
3299
-15328
-5391
-17360
2837
-10228
7157
-11264
9436
-10196
1305
-7944
-471
-14308
2510
-10196
1297
-7132
13563
-12216
-9946
-14292
-2576
-5084
-3120
-14328
-2064
-5112
-1546
-11220
6870
-19416
-11011
-8188
-2816
-17376
-1530
-12248
-4901
-2000
2546
-8964
-6386
-5084
-4123
-17372
-2809
-17388
4880
-3044
4875
6188
9979
-4080
9450
2076
782
-10224
-7920
-6096
4080
28
-7137
-10180
-6154
-20452
-8726
-7136
2547
1064
-1281
-964
-7923
-2828
-4354
-10216
5893
-14328
2065
-2020
-8703
-12252
4380
-10204
-7938
-12264
-1036
-4088
-744
-6916
-2015
-6104
-796
-3036
7207
-14316
-2610
1052
-5135
-6120
9733
-4048
-1559
-4048
9256
-3036
3825
-9176
-10246
-21268
13057
-5064
4872
-6064
-4570
-1992
-244
-13276
-8458
-2016
-9711
-3064
17144
4132
-6380
-6132
-1799
-5044
8454
1064
-796
2052
-7436
-2028
13565
-13280
4077
-11256
6879
-4056
2839
-9184
6164
-6112
-1523
-12248
-9247
-16364
6175
-14324
8176
-18408
-6638
52
-5115
-6924
6636
-10192
8457
-3024
-1731
-12256
7447
1111
3334
-12240
-5142
-16352
-55
-3040
1266
-6116
2558
-7088
-1295
-1024
5604
-11208
498
-9172
-1522
-6136
-7440
-12280
-1294
6168
-3561
-10204
781
-8156
-803
-6108
2552
-2032
2580
-12280
-799
-16352
-1251
-3024
-1294
-8152
-6916
-10208
-271
-6132
1498
-11256
4834
-3016
-758
-12232
4342
-8164
-2021
40
-5640
-6088
3315
-14288
-6165
-16324
-4342
1080
4332
-11236
6178
-14324
5624
-3036
-1043
-6088
-1533
-13292
-10221
-15344
3087
-17372
-7132
-7148
5131
-12244
-290
-5064
10
-16364
2563
-25268
5646
-15348
780
-20432
-2012
-3000
-1768
-7116
1784
-6072
-1480
-4044
-544
-5068
-5869
-15352
-6378
-5116
-5116
2064
476
-15328
-9465
-2012
2
-8188
4107
-3048
1790
-13304
10218
-5072
1834
-11173
-2344
-11208
12040
-5088
1001
-12280
-7675
-8132
-474
-4084
752
-9164
-4591
-3060
11251
-7160
9211
-2000
-5119
-6124
-2051
-15292
-11582
-10208
-10242
-7140
4368
-5100
6129
-7140
4315
-9188
-6395
-8192
-7181
-10220
-2555
-3044
4329
-14308
3608
-13264
-4848
-980
-3878
-21456
528
-13280
5091
40
1037
1052
1550
-8112
-4876
-8148
2329
-7100
3556
-13276
4102
-11244
3591
-1004
-2515
-7136
-5120
-18384
1032
-11224
3821
10284
-9728
-10240
-2325
-968
783
2060
2784
-9196
-1796
-9140
5099
-3040
-247
-9180
20
-17380
-8476
-3012
-7168
-17400
-4859
-3044
-287
-2000
-1766
-3028
10986
-7164
3380
-6104
3603
-14296
1258
-5896
2084
-5084
7432
-13296
1005
4168
9231
-8152
-1757
-16348
9997
-4872
502
-9160
7936
-2036
-8426
-17388
8410
-7168
4910
-17384
-775
-1972
13063
-6136
-4587
-12288
-3551
-956
1301
-12236
-6939
-3060
-3320
12
-503
-996
-6155
-6140
-4885
-9204
2575
-8976
5927
-5104
3560
-10192
269
-5108
-778
-5076
-1007
1064
2322
-6068
12555
-10176
-7166
-13292
-772
-10236
-3565
-2044
-235
-5076
5903
-3848
-3594
-6084
11
-12224
-1275
-9152
5896
-2016
-3854
-3000
-1303
-7152
-4628
-8160
-7698
-13288
261
-10168
-7638
-10200
-4333
-5096
7154
-7088
-3331
3108
-6652
-11216
-5121
-4056
-1552
10264
748
-12264
-5160
-3064
-4320
4152
-8920
-12268
-4101
-4072
-2539
-13276
540
1040
-2040
-6108
-2330
-18416
727
2060
5122
-9148
6
-15344
3553
-13304
-6940
-14084
-1817
-9148
-7190
-16344
2066
-12252
-3074
-5076
2252
1068
-4107
-11252
-3060
-6092
-25
-15340
3341
-7960
1012
-7152
5894
-10196
4896
2068
-3333
-9140
3550
240
-5628
-11192
-1267
3104
5420
-3044
13047
24
-2530
-4072
4095
-15320
6137
-6104
-2297
-11240
8
-3052
8957
-4020
6140
-10208
5415
-3028
-1041
-10216
-11755
-13284
-6636
-10184
8490
-11252
-757
-992
3611
-11260
5369
-7948
-2815
-7104
-4867
-984
8185
-3012
3090
-8156
241
-11016
-8342
-3028
26309
-16348
7191
-13296
-992
-3048
-2062
-12044
-6648
1052
-1553
-7144
-5378
-8144
-8946
-10212
-9743
-10216
518
-12260
-544
-14304
-10757
-12248
5619
2120
-4372
-8968
-3855
-1004
-4620
-8152
4632
-3068
-8199
-5052
5636
-18380
-2633
-17348
-9215
-10196
-10512
-17376
-1254
-7120
3826
-2020
5103
-6128
999
-16344
-1790
-9192
3829
-7136
3326
-8168
6147
-996
-248
-2040
-10223
-14312
-4109
-17400
4856
-5112
-3339
-2016
-2853
-11196
-1518
-5096
-1
-6112
2828
-8168
2539
-12264
3851
4124
-5371
-5033
-11761
1260
-6645
-6072
-5387
-11028
9253
-9200
11509
1048
8455
-7152
3608
-9140
-478
-4068
-5636
-11208
2828
-13264
8696
-12252
-2277
-8180
-2305
4128
-744
-21472
-4129
-6144
-4592
-11232
-3581
-9184
-7162
-11012
-461
-3060
-1035
-12256
-8192
-7017
11780
3124
-3047
-13312
-1300
-9180
1002
8248
-5652
52
-4117
-14092
772
-11256
2314
-2044
5160
-10020
7927
-11228
6396
-776
-15097
-23272
-2288
-13268
16405
-10236
-1774
-2824
-6394
-9204
-2318
-7136
1057
-13288
-551
-15312
8974
-14292
-2811
-2028
503
-17376
-4122
-2044
7404
-6140
-3101
-2036
-6390
-9212
1803
-9168
9237
-13060
-7414
-18396
12817
-14276
17915
-11264
-1521
-1800
-3073
1036
5377
-9180
-2833
-15300
-6162
-14320
2558
-8152
5633
-7104
3076
-5108
-7654
-5100
-2799
-12252
5891
-11256
-3059
-15300
-3351
-17372
3602
-11220
1283
-10008
1275
-9184
-1326
6168
-4611
-1004
-4834
-10216
-13357
2076
-3616
-9184
2032
4128
-750
-14304
-15
-984
-2551
-10172
7923
-12280
-506
-2016
-269
-3028
-5125
-9204
3836
-17388
-12262
-1008
3831
-9204
-3324
-9208
7433
-7156
-1299
-4088
-3857
2048
-2075
-8192
-245
-12244
8700
-3004
9502
-4080
7948
-10168
789
-4888
5
-12236
-497
-6100
7655
-6128
-2028
1032
5106
-16352
-4352
-10196
-2837
-13300
9191
-9168
1548
-1000
503
3096
7488
-976
3065
-25336
4123
-5120
2071
-17340
-2307
-3024
-3564
-11260
1586
-8184
7669
-5092
1038
-5096
3817
1024
-5904
-5084
1
-6940
2544
-6112
-8188
-8136
-2078
-5092
-1243
-7088
4880
-5104
-1531
-2024
5893
-13300
-779
-11220
2058
-8156
6120
-9176
-4342
-11260
-1552
-11224
3577
2292
-247
-11224
1834
-4052
6
-14256
-799
-8152
7422
-8140
7651
-11228
13061
-10212
-1547
-4084
-3611
-3064
-513
-14336
4091
-988
-2319
-2020
6178
36
778
-6108
-508
-3024
-4640
-11248
2307
4096
756
-4096
8961
-9196
-11030
-4872
-6922
-12052
-4624
-5104
-2302
-12248
5613
-3016
7442
-6124
5158
-7940
-1546
-8156
-6431
-9204
8173
-7156
-6407
-12256
2813
-6928
240
-2016
1025
-9172
1565
-1004
-3578
28
8712
-5080
753
-5084
-5122
-4056
6669
-7116
-10242
-4060
-1045
-5064
-15890
-11012
-14850
-12276
-11504
4120
15379
-12256
2063
-13064
8442
-9192
-4853
-5896
5394
-7160
-6407
-10204
-10514
-8172
16124
-9992
-2040
-19432
4102
-19412
5910
-21268
1021
-9216
-8198
3116
-8451
-4080
-4372
-17396
-4357
-16144
-6152
-19420
-1021
-2012
-2556
-11236
-3335
-8168
-4377
2072
-1311
-11236
-3081
-6100
-3553
-11188
-2047
-17380
773
1032
2318
-5072
2547
16
-3370
-5092
240
-11260
-501
-8160
-741
-5100
-13821
-13296
12795
5180
-9994
252
4638
-3072
273
1092
988
-6136
4579
-5088
-7904
-19424
2310
-11032
7434
-13304
8201
-2032
-6411
-6132
7689
6164
3294
-5096
7197
20
-5627
-3060
3592
-10216
5863
-22236
529
-3040
-1552
-5108
4666
-5100
8163
-8140
-4844
-10216
494
-3044
4416
-15360
1756
-11228
30688
-17180
757
-10188
-1036
-14092
7426
-9180
-500
-5088
6155
5368
7950
-7136
256
-9200
-3334
-5088
1298
-10240
1297
-9184
-10244
-8140
10510
-14320
-4094
-13272
-6381
2056
-2819
-5100
9752
1060
5399
-10232
6924
-8184
1758
-9172
1023
-13064
1790
-10228
-2569
-4060
3275
-2820
-2550
-7168
1558
4116
8419
-1000
-7437
-14324
-3289
-7100
2030
-11216
3378
-13300
-4347
-8180
4863
-18392
239
1036
-743
1056
6654
-6104
1045
-12228
2036
-5896
-7694
-8148
-6154
-14324
533
-12280
12313
-7152
2880
-4044
-4586
-8140
-5149
-9180
4856
-5080
10245
5128
-4847
-6092
-5402
-9172
-7926
-11244
1551
-11196
-781
9444
7406
9216
-288
-3989
8994
-4076
-10239
-13312
-7719
-1820
1810
1032
8455
-9184
2295
7420
-11025
-4868
-1018
52
4351
-7128
3829
-2040
2036
-10220
-2803
1060
-226
-5096
2600
-6116
3829
-3844
3350
-13068
1282
-3028
5120
-17168
-5351
-7968
-1024
-11256
6120
3324
-6380
-8180
4846
-1008
-2851
-4092
8178
-10220
-9460
-10184
-5655
-9188
-25
5168
8956
-12220
-7415
-7944
-7684
-2032
5694
-1008
2314
-12284
3041
-16336
13337
-4868
-4110
16
5636
-13284
-4057
-10184
-1283
-4064
3343
-4072
-754
