-5112
226
-7136
1508
8224
-3835
-10184
7676
-21464
-255
-11196
-9979
-6116
-279
-10176
1534
-2000
-7153
2096
-2084
-12268
-4606
-18404
-6408
-9168
-2055
4
2557
-3052
-1030
-6144
4870
32
-6120
-3016
-780
2072
-1516
-14304
-527
1064
4078
-6104
739
-3064
4895
-15296
6413
-9121
3839
1276
-3610
-1984
-9199
-3016
1289
-8972
5404
44
-3871
-4092
1309
2100
5605
-11200
7945
3108
-2062
-4032
-7413
-8156
8934
-9184
1249
-5104
-1014
-20444
495
-12264
-1523
-2008
-6389
-772
-7933
-972
-2065
-1980
-8142
-8192
-3844
-4060
-2812
2064
-10507
6200
4847
-3064
6917
-11212
1519
-8172
4143
-12268
10766
-2996
6909
-10224
2552
-2032
2308
-4048
4080
-11016
-2051
-10228
3315
-12040
3584
-4052
-2570
-2036
3618
-17160
7713
-14284
-3100
-2020
2775
-10228
3841
-14328
2061
-2864
-6627
4324
6905
-5092
-2541
6156
720
-3040
-779
-14296
1549
-14316
4380
-10184
-2851
-2020
-3893
-16136
-8196
-13272
9462
-10228
-3550
24
-5643
-2820
10025
-12236
1545
-9988
1029
24
-3311
2076
-4884
-8132
-7934
-5120
8937
-5100
3052
-5064
-2792
3108
-511
-8176
-8214
-11244
-8189
-8168
-2016
-1004
-4096
-8160
-2857
-5120
-3810
-10196
-2829
-12044
1814
-4028
-786
28
-2571
-5892
6945
-6096
533
5132
2566
-3056
1035
-2836
-1566
-8156
5884
1056
1539
-13284
-4069
-11024
6136
-20444
-1826
-6100
-2012
-6021
262
-2832
11011
-2000
3113
-9208
11266
-8192
1508
-3012
4339
-11177
5895
-10236
6158
-13248
-7930
-11016
-2093
-14320
4853
-7152
-258
1024
4608
-24292
1035
-5104
3064
-8168
5885
-13312
-3076
-960
-6890
-5088
-4381
1044
7200
-5088
3580
-9192
526
-6096
-7687
-13276
-2785
-1992
-6660
-12260
8947
-6112
1252
-21468
792
-11192
-2321
-2012
-5877
-11012
4092
-5100
2584
-800
1782
-7148
1273
-10188
-4065
-10216
-2765
-15320
2290
-17344
-6614
-10196
-7662
-6064
-11805
-10220
1791
-9172
-1566
-10224
-8481
-4052
-3568
-6124
-1783
-10212
6164
-11252
3599
-13288
8981
-9176
4357
-4072
7939
-11248
9744
-8980
-1559
-2008
-2551
-12252
-2574
-3028
-9466
-2044
-7181
-9168
482
-4052
-1829
-11256
13542
-980
-5925
-7156
5398
-8192
7437
-8964
1787
-11244
-4591
-15336
-3070
-4084
8735
-5076
785
-5100
-991
-5076
5915
-5112
4875
-7140
-5605
-7168
-3552
-10168
6361
-2832
-6672
-17384
-4868
-8184
4614
-2000
-2057
-5116
531
-8972
5918
-6112
-8915
-984
-2841
-3024
-2041
-7164
13806
-13272
-1570
-11196
6944
-7948
3315
-13312
9487
-1004
-2824
-4088
-1766
-5096
-6387
-19412
5873
-10196
-750
-4084
-7
-2024
-3608
-5084
2045
-13272
-10260
-15120
2582
-13276
1506
-3068
6354
-16356
-7949
-2040
-2269
-8188
-9211
-10224
10714
-11260
3373
-15320
-2076
-6108
-4599
-6920
-2041
-8184
-544
-6092
10
-12236
-9445
-2876
5657
-7120
6154
-3848
-1771
-4088
-753
-2824
-4117
-2012
5351
32
4859
-7136
-538
-9988
-3054
-12236
3052
-8148
-3620
-9168
-1016
-5068
45
-11016
4840
1064
-3595
-3044
-3325
-15120
3088
-6116
2799
36
5335
-6128
-2290
-10004
-4109
-7100
-2812
-12268
-3545
-5092
-3089
4096
-9212
-3072
-3829
-2024
-4840
28
3795
-4076
-10270
-1796
-3601
-10012
3340
-7968
6678
-7940
-224
-10184
3858
-9172
8195
-12264
6927
28
-5391
-3036
4321
2052
-20088
-12232
6919
240
4334
-10232
-1792
-7168
4084
-4096
-16
-6112
485
-3056
5100
-9184
-8683
-4868
517
-10196
5378
-11248
2566
-11016
-15107
-3016
2566
-10172
2588
-5084
1272
-1016
5132
-17372
4115
-3028
3107
-1992
-2528
1044
-2816
-19436
3577
36
-3573
2108
14041
-976
5910
-3020
-10245
-4092
7684
-4076
-10007
-8160
2059
-6100
2313
-8144
1752
-3048
3337
-12272
-3833
-4084
-1529
-3048
-6403
-11216
-2808
-11220
1804
60
-12039
7192
-7446
-5120
-3570
-3040
4080
-10204
3046
-5104
-11057
-10196
9730
-6124
2047
1060
-1002
-976
2813
-9172
5623
-9212
-2053
-6112
-1810
1048
-4847
28
7409
-17368
-1525
-5100
4363
-13280
-2054
-14336
-3073
32
2781
-4048
-770
-7956
5377
6160
-8185
-14332
-6181
-3032
-5658
-11228
3069
-15312
-5844
2072
8949
-11248
269
-772
-5070
28
4078
-13284
-3333
-14336
489
-8160
10008
-4076
3846
-9156
2576
-15344
752
48
-8982
-3056
4609
-5116
9222
28
5397
28
5890
-10212
5647
-9212
-1019
-14096
8405
7180
5909
-984
1576
-9208
9717
-15352
1561
5132
-265
-7160
5087
-10220
-4658
-6112
-519
-15300
12766
-5044
-1230
-11228
-6918
5144
4297
-7116
3065
-6112
-5618
-14316
15339
-5112
4077
-12252
11004
-4068
35
-14332
1809
-984
-573
-6084
-3590
2080
3607
3296
3074
12
-1811
1064
-3853
-11232
9258
-16144
3071
-5104
-2543
-7940
8952
236
5371
-4036
6141
-3032
-7148
-8176
3300
2056
5626
-1984
3843
-5084
-2278
-15332
10745
-14304
5399
-16360
6912
-772
4663
2052
3314
-6140
-8192
5172
-12794
-8144
-4100
-11212
-6380
-4088
1039
-7152
5111
-6064
12
-4040
4318
-5096
2278
-7164
-4858
-4084
5110
-4080
-4367
-7140
6938
-9184
7148
-3056
-5373
4136
5397
-4088
4607
-13284
5374
-4072
3869
-7128
3340
-3848
6902
-1800
3049
-5104
-2051
-9216
-4330
-2024
-2320
7200
-8468
-6116
9750
-16352
506
-17352
13820
-2012
-5362
-4876
-4612
-15332
4869
-7116
4845
-5092
10012
-6124
1528
-4032
-6375
-3056
4343
3072
500
32
3308
1036
-6421
-11228
7956
2064
-3312
-12284
-2327
-5112
7195
-16368
-4323
-2036
-1263
-3028
-516
2084
-2579
-14084
1786
-5900
-1235
-12248
9201
-10228
494
-9216
746
-4052
10526
-4092
-5929
-7116
-3302
4340
-3080
-4012
490
8232
-1067
-3016
-543
-2032
-1537
-3064
7930
-6140
-4348
-4068
8712
52
-8498
-9216
2561
-16364
4373
-8184
-3056
-4052
-11282
-14272
4648
-13292
-3124
-968
-6157
-11224
14338
-1012
-3857
-6140
-3871
-4048
-7201
-5104
-5873
-3852
-2775
-12036
-4652
-3028
7439
-15320
-3837
-8188
4847
-5112
-3339
-8164
760
-14300
-797
-6064
-282
-7136
2032
-7148
-13838
-17396
484
-11228
1302
-2048
-2747
3324
-12534
-13308
230
-14296
1271
-18188
-11276
-14288
-15
-6088
-1549
-10204
8166
-10200
-2841
-4072
-1781
-6112
-6635
-14088
5643
-11236
1783
-13076
14082
-13228
-9720
-996
-511
-11252
-10017
-8176
-18429
-18408
-5888
1256
4609
-14316
2550
-1000
-5112
-11252
12790
-17388
6374
-6124
6369
-7124
-4902
-7160
6134
-1012
-2794
-3052
-808
-4068
-5379
-16364
-2015
-10200
5360
-10224
-509
-5100
2070
-5096
-1538
-6092
-1331
32
505
-11240
5636
-4080
2298
-4036
-6155
-11244
9223
-15328
-3077
-22248
-4330
-2032
-5913
-11228
4903
-784
-1285
-2012
-4915
3100
494
-17404
9225
-9204
4810
-7132
2092
-21472
-3909
-4068
3831
-7136
-4379
-7948
8160
-9204
6354
-25340
4362
-9160
-9724
6172
3577
-13244
2545
-10204
-5402
-5084
-491
-4036
3113
-7148
-3562
-3036
-512
-8176
-4856
-2032
6429
-11236
6151
-5092
-1052
-4064
-1281
-16372
6927
-14312
1320
-5076
3547
-8192
-1020
-4080
2310
-7156
6403
-16380
8966
-4064
8422
-8156
3063
-5120
6343
-7164
-6364
-15348
-242
-4060
-3330
-8152
-3810
-9176
-5900
-2024
-7160
6164
-1261
-3028
-1799
5136
771
-18400
2862
-3012
-3597
-10176
-9490
-9164
-6630
-14324
4388
-21492
4595
-1992
2072
-15292
-1046
6148
5377
-5036
1741
-12276
1787
-13280
-11554
-3052
8941
-6104
10502
-8152
-10249
3308
4844
-8140
-8717
-7116
-3368
-5112
215
-11232
758
-9180
-3574
-11232
2308
-4084
524
-13296
-6157
-20424
-490
-9152
-810
-10232
9480
-6124
-6143
-8968
-7427
-17396
-3591
-8172
-10792
-4088
3854
-8152
-10749
6192
8955
-10212
-2778
-12272
-5376
-5116
514
-3008
-3096
-6108
-471
7196
6132
-12268
2295
-18216
8193
24
249
-3072
4
-3020
-3317
-5100
-2819
-4068
-4342
-4020
-3085
-8160
-7175
-9196
1279
-18180
6874
-11256
-6124
-1000
11258
4
-5374
-11252
-537
-8148
-7680
-992
-5642
-10192
-6144
-5900
7388
-19432
-11270
-12252
1805
-16352
-3124
-11252
530
-4048
-8411
-12256
4068
-10208
-4625
-4076
-3376
-5076
5625
-11224
-7668
-11264
-5617
-11224
3309
-7148
7213
-6084
-798
-20464
-2524
-8180
4827
-14336
2818
-12248
-1291
1048
-8180
-4056
-1561
-18408
-6411
-6112
1308
-14296
1797
-12236
3583
-19440
804
-4080
9
-12048
-746
-5096
-3617
-7132
7429
-7156
-5893
-1012
2020
-6116
6916
-11256
-7443
-3040
7168
-8180
2784
-9196
-6422
-6120
5631
-3056
3562
-7168
1008
-17380
-257
-7136
1547
-5112
6164
-11044
-3071
-3044
-1517
-5104
-6658
-1016
3065
-3068
2830
3104
6402
-8160
-8198
-6120
1510
-8148
-2068
-7144
7215
-6120
1265
-788
-11232
-13284
788
-12272
-3081
-13284
-3597
-4096
6654
-12268
8185
-5104
-5874
-10196
1550
-10224
5334
-4064
-10718
-6049
3863
-14300
8711
-5056
4146
1272
-2533
-4052
4349
-11244
-1788
-15296
-1294
1040
5402
-14100
-1807
-11256
8211
-8168
4106
44
-13290
-8156
-3851
-1996
-3839
-12276
-3833
-12256
-237
-7140
4874
-16344
-760
-15316
3077
-11232
-7709
-7124
1276
-12212
-217
-3880
7673
-8168
2550
-12052
-1282
-6128
-3075
-5080
260
-10204
8482
-3048
-250
-4076
6676
-4052
2293
-4060
-2851
-11256
3535
-9200
1024
-3012
7946
-13276
-8974
-12288
1515
-3032
-4839
-13272
3584
-9196
517
-16140
-284
-19204
-522
-5104
1540
-16332
-2308
-8164
-510
-8184
8681
-3064
4855
-12260
-6918
14580
3854
4124
8954
6184
-6131
-13300
-1296
-3028
-3095
-20236
247
-6124
9966
-3036
-8959
-12264
1049
-15324
-3580
-6112
-1567
-10160
-9677
4104
-3096
4136
532
2080
-3075
-19432
-2323
-5900
-3303
-7944
8707
-11228
7447
-14292
-9435
-5072
10462
-7160
4321
-9196
-10740
-9164
-9212
-18396
9222
-5076
2
36
1560
-3056
1023
-4072
5391
20
1298
-5080
-10226
-4064
-7213
-14320
3579
-4056
781
-16360
-771
-15320
5137
-7116
8943
-18356
-1776
-12284
4348
-13268
-7153
-980
-3079
7204
6427
-6916
4853
-6112
-5362
36
4881
-12264
9727
-3064
2324
-10204
2772
-12232
-8450
-7156
3300
-13284
-270
-15300
-2839
-5056
-3607
-14324
776
-4072
7398
-2048
5872
1272
-13785
-4920
2271
-8144
-36
-3032
-2274
-9176
-1020
4116
-5383
-15352
4628
-10208
2005
-9188
-7696
-3024
494
5160
3341
-4072
4359
-6100
3083
-4036
-1558
-9992
2558
-14284
14879
-17360
-7183
-7168
5623
-15340
-1809
-13248
-2072
-16352
2554
-4056
3849
-10220
2539
-5080
4890
4112
3860
-6092
-2562
-11232
-16396
-2008
1039
-12244
-1238
-12272
267
1032
3321
-8164
2569
-9204
-4616
-3000
-5879
8
1806
-976
-4608
-5092
264
-13276
-7381
-11244
-3332
-16364
6653
-772
1540
3312
-4630
-10240
25
36
-3316
-5076
-7201
-19396
815
3124
-1290
-10220
-267
-10232
-2838
-12040
4331
-968
3091
40
-4060
-10216
5865
4
-2008
-7940
3063
-2012
-273
-2028
2553
-11252
-4622
-9168
-1529
-18404
-1046
-6120
-4114
-9196
1776
-9192
3827
-4052
-13300
-2032
-6936
-5104
6697
-12256
-2282
-17368
-3876
-9208
-3361
-15340
-1522
-10224
-4577
-15352
20719
-12252
-4
-6064
-5116
-11228
-11274
-18380
8461
-9184
-11498
-6144
-9983
-7140
-1552
-14312
1766
-10176
-485
-7128
-2821
2088
1774
1064
-4856
-6084
769
-11236
-495
-4056
-15604
-12252
-7164
-9204
13822
-5084
-2053
-8184
-8714
1036
7944
36
-252
-11204
-4346
-6136
281
-9176
486
-2048
-3328
-13264
246
-5084
-5110
-6132
10967
-9188
-2063
-18376
-10784
-11220
-1052
4132
1032
-5084
4101
-14312
-1028
2076
-2006
-9164
4867
-8136
14618
-6088
3592
-8152
6124
4120
8448
-4052
-4897
-11224
-6632
1064
-1268
-8144
-5142
-7164
-1514
-10180
6849
-3036
-254
-3048
14489
-12260
739
2076
4848
-9216
-7967
-9216
-1783
2064
-2010
-4080
-1812
-9192
2306
2092
-6426
-4872
-5135
-3032
-1783
-9176
1272
-7940
9249
-8172
6115
-9192
1783
-9152
-1799
-6132
3860
-7168
-14072
1036
4870
-17364
-4130
-8156
2256
-6124
-2565
-952
4083
244
-4852
1088
6897
2084
-9197
-10224
-789
-12280
-13037
-3064
-5870
-10180
6462
-11248
8706
-964
234
-14272
11270
244
3596
4320
1245
-992
-5112
-8176
9980
-7124
1022
1056
12020
-5084
-11522
-7136
-1555
-10220
-17
-12248
2811
-10228
-9228
-12260
2793
-12272
8215
-8136
-9471
-1008
2819
-5076
763
68
9485
-11260
756
-9204
-503
-5084
4141
-11224
3600
-6108
-1818
-19416
4609
-11248
-3313
-7960
-1551
-8188
-232
-11228
-6133
-11240
5861
-5092
3086
-13244
4627
1084
-11496
-7148
4606
52
-3365
-7108
-5379
-784
3811
2076
-3343
-17376
-4579
-8160
-3621
-18408
5883
-6112
3319
-9160
-8932
-7152
8972
-1012
-7662
-3848
5367
2088
4072
-13268
6394
6156
-3107
-1020
2041
-15328
-7412
-9184
-5623
-7164
5671
1056
4362
-9168
-3560
-6112
7681
-8968
3888
4160
-2817
-8116
-3087
-956
5629
11288
-10257
-13260
985
12
2818
-10176
-7164
-7132
1
-4048
1790
-14296
-4306
-11264
10487
-5092
-11486
-12040
4612
-12272
-536
-4064
4104
-2856
3870
8
-1292
-9148
6631
-24272
-8419
-16368
3814
-11232
9199
-7156
1510
-976
-3324
-6128
9962
2068
2829
-5088
7378
-18404
-5356
-2824
-2302
-4092
-12026
-4092
-7169
-3068
-2076
-12256
5331
-5116
-1313
-4056
7934
2135
-4354
-7124
-5372
-984
-2060
-12280
6121
-5084
-4331
9236
-5625
-1824
4569
-14308
1574
-15320
-772
3108
-1287
1048
5870
-2004
-6398
-6104
6129
-7136
-5394
-6916
3071
-5116
2315
-7160
5846
-7164
-2028
-980
5883
-4892
6140
-1988
9237
-7164
3604
32
2555
-7164
-5379
-10236
1771
-7148
-2561
-7944
-3029
-11012
8198
-10220
-5118
-5068
6878
-7128
-8681
-3048
-1249
-16336
10767
-944
4341
-8152
9227
-8184
3305
-11204
524
52
3327
-6132
6407
-6116
-6884
-11252
9204
-12284
-11281
-12052
-496
-9200
-4849
-7156
-6150
-5120
10750
3084
-6122
-6072
1501
-7132
5930
-7120
7158
-11236
-5635
-8180
1536
-6112
-6141
-8972
2303
-11256
-8182
-5100
1510
-23252
10213
-9196
-2815
-5084
-7426
-14108
4369
24
4065
-6128
-4091
-6124
1785
-4088
6437
-7144
2023
-10224
5667
-12236
3375
-11028
-1012
64
-3578
-5072
807
-23276
-5140
-3072
-493
-6124
-5123
-4088
-1039
-4096
-3840
-5120
1760
-7120
-2028
-5088
3796
-964
-2583
-16344
2844
-5092
5625
-7140
-1308
-1016
12553
-6132
-1291
-1008
-2568
-984
8471
-4048
2052
-9188
1537
-5096
-2095
11288
-1789
-4080
-4359
-11244
-258
-10168
-7687
-9172
4599
-14268
-10487
-13296
-5136
-8148
4604
1044
1290
-16332
6911
-9164
-4330
-16320
-7926
-9992
-513
-6136
4872
-7116
19208
-12040
-10226
-2004
8452
-7136
-4356
-11180
499
-15348
-4846
-8188
-4372
-12260
-4361
-19444
-505
-10236
-5159
-8176
-1815
-5100
-1799
-2824
5904
-10196
-766
-996
-6683
-14300
1276
1036
-6627
-3044
-6685
-4868
4644
-6916
-3335
-5112
-4333
-6120
-26
-4048
3824
-17368
4360
-12072
-1057
-10192
3337
-10220
4337
-2012
-996
1044
-3860
-12240
-764
-3032
-6408
-7120
7417
-5112
-3581
-6128
9187
-2008
-9000
-11232
1294
-7124
-5643
-10220
2025
-4064
-271
2104
3563
-9184
1297
4132
1310
-8160
1553
-2028
-4878
-10200
-6926
-11208
-3315
-3016
1512
-15336
-11813
-11204
-2043
-2036
264
4144
-2316
-5912
8692
-1992
1284
-6108
-6391
-2032
-10230
-1957
-2545
-13260
-3098
-15340
-540
-776
1031
-3064
2070
-6072
1762
-2020
-10242
-8164
-4358
-3052
-3073
-5060
3047
-9152
-4351
-10232
-10000
-11220
-510
-980
-2779
11280
-5123
-6136
3873
-4076
-16145
-6096
1252
-6128
-776
48
-2305
-996
4097
-6112
20
-3036
-5868
-7148
-1778
-1020
-2048
-6132
-6912
-15360
4582
-13272
10722
-11028
-4091
-10196
-5881
-784
2287
-3060
4887
-10228
3346
-6136
4093
-11216
-8203
-1004
-1018
-11188
8179
-12048
820
-16328
-6095
-8136
2086
-9192
-7978
-13308
-3878
-10216
-5937
-8176
7416
32
-2315
-12280
4070
-10204
518
84
-3616
-8152
-1539
-6108
5100
-16356
-3039
-7124
-11034
-12272
7701
-2032
-3846
-13272
6926
-3844
-1799
-6100
-3351
-9164
4091
-4060
-3047
-3048
-2051
-11256
-6920
-8972
1527
-12248
466
5152
4093
-2824
8990
-11244
516
-3048
768
-8184
-9708
-3028
6892
-8168
505
-8192
4897
-18408
-483
36
7139
-7140
5090
-3064
-8158
-9200
-10497
-4088
-2318
-10204
-4084
-8184
5141
-8184
-1774
-13272
268
-4072
7929
-2044
1254
1064
7680
-12248
-2042
-1804
-3055
-10176
5626
-18412
-5657
-7120
-5615
-10192
2593
3092
1309
-15324
5360
-7152
4890
-7144
-1542
-16297
-1825
-4072
262
-8120
-1281
-12244
1514
-7124
-8164
-10180
9456
-18108
-3822
-19440
-561
-7164
2267
-8144
6373
-2028
2812
-6100
-5380
-1012
-1536
-5112
-2019
-10228
4132
-7124
12795
-17368
1279
5128
2081
-5068
-3049
12
7175
-4064
-496
-8168
-4372
-1980
1247
-24276
4891
-12212
13812
56
-2069
56
13018
-4048
-7199
-2000
-7655
-13292
-775
-5120
2840
-17364
3325
-8160
-2540
-5896
12554
-22236
35
-9204
290
-9188
4824
-12276
-9199
-9992
5902
-6144
287
-11216
-6121
-12260
-5365
-11224
2334
-19440
3309
-3068
-1805
-12256
-5325
-8136
-5877
-15336
-6663
-5096
3581
2068
-4165
-14304
-2299
-4876
-1800
-3068
1054
-7096
8200
-6144
799
-11208
3341
-13068
5625
-5100
1024
-1000
2330
-7156
12823
-10204
1526
4136
1292
-6120
1804
-14084
255
-9160
-4654
-3040
-3828
-10212
3870
-6124
-2572
-8132
2535
-15332
-9242
-10220
-6926
16
13083
-1808
-3311
-7140
518
-16360
-256
1252
-4604
-6128
491
-9184
-2035
-20456
-1525
-14308
3845
-4036
9218
-2988
-1785
-4064
-1269
1056
1820
-7164
-2563
-3028
5598
1060
3352
-9184
12537
-12240
2575
64
-2550
-988
3576
-1976
3064
-4060
6915
-14312
5143
-12268
-4564
-2032
8431
-4068
-1528
-10236
-270
-4048
-6155
-3012
-7208
-11232
-495
-11192
8426
-8168
-7707
-5060
-798
-772
-5642
-10208
-549
-6088
8431
-2044
-3031
-4888
1256
244
-8207
0
5634
-7160
-520
-7116
11257
-9192
-6626
-2044
2295
-5112
3319
-2012
-7168
-4088
1298
-4072
1273
8
12034
-1016
2568
-11232
-1300
-11252
-17890
-5116
-500
1028
2315
-9176
1521
-8160
-7153
1060
1767
-5076
1313
-2012
4585
-12236
-6907
-5076
2541
-11216
-6163
-11240
8461
-13288
-5636
-19448
-774
-8176
4629
-10216
-5053
-10184
-1258
-5084
-3845
-7128
-6389
-13276
3594
3080
-5113
-4044
-4613
2080
2
-15120
6688
-8972
4336
1052
-1279
-7168
8477
-11196
1509
7188
4359
-3040
3317
-22256
-8454
-3036
-4323
-4076
3608
28
-1566
-2024
-2531
1028
6889
7200
-1790
-4080
7146
-14300
-5130
-14308
1549
-960
5114
-10204
760
-14280
-7442
-972
-1271
-19212
6900
-5064
-6910
-18388
-2107
-9156
2063
2092
-1299
-7156
3571
-15340
30
-11252
-1024
-17172
-3059
3108
517
-9208
-259
248
1049
-14276
-1579
1040
8450
1056
-10986
-5112
4082
-15348
1560
-10212
3847
-780
-3295
-6108
-3606
-6136
-272
1276
4088
-5120
-5639
-772
-5583
-5104
-15139
5144
1280
-11264
4120
7208
-8173
-7096
-9439
-3028
-539
-6112
8710
-12064
-6630
-5104
-2811
-10232
2046
-984
5643
-7152
2051
-6108
-8918
-2044
2084
-12256
1517
-6116
-1511
-6096
-9692
6188
-267
-16348
7170
28
3536
5156
1793
-14304
4115
-10192
-2320
-9212
7712
-972
-6188
-2852
-3837
-1796
-2034
-4092
-4624
-4880
-1557
-12260
-10270
-14328
-2316
-10208
-528
-11236
11526
-3040
-756
-7136
-8925
2276
-1592
-5084
11813
-5116
3562
-8148
2801
-1992
3888
1076
4109
-5096
7409
4116
2297
-3868
-3104
4124
5364
0
-2267
-13272
3606
-4044
3354
-8164
-791
-5092
-2822
-6057
6688
-14336
-5919
-5092
-5127
2068
1547
-5092
-4314
-8144
12037
-2016
1807
-2828
-260
-6136
3360
-2008
-3868
2072
528
-3036
5658
-3040
-2013
-10216
-2570
-10208
6388
-6124
255
-8156
2810
4124
-6140
-19448
-1278
-8188
5613
-3068
2081
-7132
1820
2068
-6868
3112
3811
-13260
-4092
-4888
-5147
-13268
11532
-2028
-7925
-14284
5345
-4076
1820
-2044
298
-5892
-8179
-6092
981
-772
-8449
-10228
13046
-1996
-1042
-2032
3047
-8156
3086
-7112
3555
-4868
-3842
-15324
-264
-2016
257
-11024
9427
7184
4866
-5084
1293
-21492
-3589
-6124
6114
-4064
-10008
-7152
-553
6176
-6674
-7164
4610
-6124
-2025
-9180
10469
3080
-5633
-5116
-2792
-8172
3824
-10212
-10246
-20456
1505
-14288
1535
29440
-4890
-11232
-6651
-14312
-2042
-7132
-22
-9208
-259
-15352
3821
-1941
8163
8436
-4863
-4072
807
-9000
7159
-11212
-2015
-7952
-2054
2088
-12312
-4080
-2320
-8152
-1757
-8160
13291
-16352
1522
10276
6928
-7948
-273
-10204
-3069
-10200
6442
-7956
-7919
-16364
-2005
-8172
4107
-11016
-3058
-12252
1238
-6116
-4350
-3044
-229
-4048
-2787
-9996
-5144
-10224
13846
-2824
-3333
-14308
-250
12
-4841
-13308
-514
-6088
-792
-4036
2775
-14304
-5885
-14312
3812
-2044
-2542
-12248
5
-13300
7975
-8152
2820
-8176
1788
36
9474
-1980
-486
-13244
3593
-8192
-5137
-8168
-6386
-5096
-6120
-5088
3095
-3024
-3552
-7944
-5347
-12272
5137
-5084
5867
-3036
3595
-17172
1246
-15336
3584
28
-2809
-13292
1546
-17404
2308
-4064
-1520
-6104
-1025
-11236
5900
-7136
7154
-8152
-9199
-10212
-7137
3084
-9977
-15336
5893
-5052
-1027
-6128
3104
-7108
-1549
-4880
4097
-5084
-1539
-5088
-999
-13264
-4851
-2024
-4340
-7112
4839
-10200
2596
-7128
17417
-11228
-2055
-5104
1023
-9164
-2093
-11212
3590
2056
5116
-12280
7882
1111
-2807
-15312
-6630
1040
-1328
-13292
-8456
-12244
772
-4884
6936
-4052
17397
-11212
3851
-7156
1263
-15300
3343
-7972
-3849
-7096
1808
-6128
6878
-10228
-1821
-12264
264
-15336
-8413
-10180
-5127
-15336
10243
-2000
6369
-1988
-5098
-19388
-4627
3104
1306
-9208
6139
-10208
-5147
-972
1754
-9184
232
2092
-1775
-6136
-2322
1084
4877
-2044
5904
-9200
6909
-8160
-3823
-13256
-7414
-12268
-8717
-11256
5136
1272
3068
2080
2307
-7140
-3069
36
-5889
-7164
4877
-12036
6923
-9208
2304
-5072
-507
-1796
23
-2020
14068
-7128
2300
-15316
-2328
-15320
-7169
-5060
7451
-16332
-2306
4120
11515
-11244
4620
-6132
-9208
-10208
-1774
-3056
1001
-6080
-3590
-16328
-1785
-8136
-245
3108
1276
-12256
-14339
-984
7424
-8192
4855
-992
-3057
-9208
-4825
-20440
1544
-16372
-6915
-6136
-4095
-14300
33
-8152
771
-7128
4122
-14276
2536
-3048
-231
-4084
2000
-3028
11762
-5072
-3308
-6976
1518
-9184
-1249
-20456
-4329
-2040
11547
-8160
1263
-9152
-6623
-5108
2339
-5072
7194
-16332
-32
-4068
-12304
-7088
5119
-5112
4845
-3060
-4332
-13264
2814
7204
6410
-9188
-789
-7124
-5346
-11208
3038
-972
-8191
-6140
980
-5088
-1788
-14300
247
-8140
-4882
-13276
-8196
-3048
-784
-4036
-3538
-6096
12026
-6120
1531
-5052
-7140
-8144
9205
-15352
-4855
-792
-6673
-1000
4107
-3028
9952
-11248
6880
-7092
-4606
-5084
1808
-5060
285
-18396
3385
-6108
-3054
-8156
-2344
-9168
3041
4104
1043
-5112
8162
52
-1003
-1008
-6397
-10212
6918
-5072
-6143
-12048
-2282
-9184
277
-6112
-1808
-11032
9212
-18408
-7205
-8140
-5119
-8964
3886
-15120
4867
-9192
-1817
-16352
-4087
1048
1258
-4060
-2034
4152
-7451
-14304
2568
-3048
1288
-8180
-5645
-3068
5354
2076
3329
-6120
-552
-8168
7414
-9148
7968
-3064
-2566
-7092
3098
-10196
523
3108
-3835
-9184
-2043
1040
-4387
-3044
-1818
-13268
5143
-9184
30
-9996
14822
-5900
2322
-4052
3827
-13284
2837
-7152
6390
4108
2578
-9172
-3819
-3052
-5665
-17164
-3331
-3044
-1024
-2016
-2027
-1024
3063
-8124
8991
-10188
1262
3076
227
-9188
5365
-9188
4357
-5068
-2819
-9196
1813
-3016
3552
-5908
12308
-6120
5404
-976
5420
-4064
-13
-10180
10001
-7168
11766
248
4652
-11224
-8697
-996
6641
-14320
12042
-7092
-3295
-7144
7950
-2028
-3076
-13072
-1022
-1000
7911
-8144
-4833
-19444
8981
-7132
-2042
-13272
774
-10204
5906
-16324
2336
-6132
260
-976
-5857
20
5096
-7144
-1511
-5080
7160
-10192
-5618
5144
4376
2056
-3588
-8136
-4087
-4048
4841
-8152
-2053
3116
6643
-13296
-9972
-2024
3578
-3060
-3350
-12268
-266
-11248
3570
-17364
2058
-15332
4313
-5088
-3828
-21476
2832
-9196
-3591
-13296
3081
5136
2335
-2008
532
-4060
5403
-5100
-7142
-17396
-1566
-5088
-1304
-8160
6679
-5092
4845
44
4851
-8180
7681
-5072
-10233
-1988
-231
-6112
-5387
-1996
3324
-1992
2544
-5068
-15
-3036
520
-14332
3
-13256
6126
-9180
3807
-5116
2543
-15348
5909
-3028
-470
-4032
-4107
-5084
-4631
9252
-5633
-9212
3797
-7152
-514
-10028
-1549
-13280
4597
-9200
5606
-5896
9986
-7144
-785
-8172
-3069
-7136
44
-2028
-1761
-7964
-1274
-788
3587
-10212
-4858
-15292
7909
-2048
3323
7204
2820
-12232
-5412
-3028
-9
-2048
2550
-4052
2752
-8160
-8448
-12268
-4623
-9992
1305
-4868
5648
-8188
-7475
-2004
3072
-7128
-6674
-8176
-7928
-17352
-6628
-2012
1274
-9188
9216
-12248
-1803
232
-1044
4120
1514
-11224
-1782
-6116
768
-9200
999
-5108
-6424
-15140
-4384
3088
-4104
-4888
1279
1260
-1051
-5092
-2320
-7156
-2592
-13276
7149
-6924
8191
-6144
-4627
-7980
8455
-7160
4078
-12248
6920
-7124
-11036
-8180
-762
-15116
-10804
-1020
-14890
-4064
257
-1008
-7
-1024
-4871
-4872
1298
-13284
12266
2084
-10490
-4068
-1024
13328
-501
-4076
268
-9196
834
-23272
-8732
-9164
259
-21476
260
-9172
-1304
-7148
-1016
52
-1811
-7136
-516
-12248
-5380
-5080
8943
3312
1259
-9204
5920
-1984
-10038
-2820
-6669
-11256
3064
-4032
4073
1080
-1798
-10220
5897
-5108
5156
-3860
9238
-23276
-5141
-9160
-2015
-7136
-240
-4056
3054
11292
7700
-11016
3344
-7136
7663
-15308
8751
-2020
4335
-8144
-2080
-10232
-3343
-3048
761
-6120
4081
-3024
-2358
-8148
-2563
-6120
5899
-3044
-14092
-12244
-2302
-11260
4869
-5108
-5621
-3008
-8698
-11248
2546
2064
6647
-12236
10781
-13296
-5134
-13284
-776
-15120
-3839
-17400
-7406
-14292
-1262
-15332
-6640
-5088
-10224
-11228
2305
-6120
4136
-17364
-5394
-13304
280
-18396
1788
-1996
-4370
-15336
-4859
-3040
9996
-7940
6959
248
501
-4096
1545
-2032
5102
-2024
-7163
-7128
-12816
-12252
-237
-7152
2303
-10176
8745
-8192
-3848
-10204
18953
-5084
1815
-11236
4903
-10228
2054
1072
12274
-7108
3641
-7132
-4823
-12228
6633
-12248
-4614
