-9172
6172
-15308
-5403
-8180
-4625
-19412
5120
-9204
3350
-8188
-5390
-6084
-2097
16
4896
4112
-4350
-10236
-1786
-976
-6647
-13304
-536
-9176
5900
-16356
6883
-3060
-4344
-4072
9234
5164
-3852
60
768
32
-1786
-9164
2053
-3016
3076
2112
4087
-6060
-2804
-4056
-2584
-5088
1025
-8976
-475
-12256
508
-13308
1539
-7108
1268
-5112
-811
-16360
-3109
-4056
-4607
-3040
-258
-3000
-999
-5060
-1015
-5084
-2037
-5100
-4858
-13260
11525
-3856
-5834
-11232
421
-976
11491
-15352
8199
-6096
-9453
-14332
1
-5900
7141
-5096
-3067
-23244
5940
-4068
-741
-6116
2073
-7108
5363
-13284
3370
-5084
6390
-12220
-3297
-13304
3817
-4060
-2539
1272
-6668
-12268
5112
-21480
-6650
-9988
5315
-13300
-5901
-10208
-9181
-12252
1037
-968
-5888
-6096
-10231
-11232
-1299
-8160
-776
-17317
-3838
-776
782
-14300
-1539
3100
-5344
20
3832
-6100
5406
-7096
-3363
-16356
6623
-10220
746
-1016
6689
-20412
3099
3072
458
-5908
-10
-7168
11010
5164
2329
-14284
-3609
-9200
3576
-7152
1022
1076
-986
-4064
-6680
-10212
-1501
-3036
2004
-3000
-6135
-10208
-3079
-9172
3300
-11256
-1281
1036
4859
-6112
-8186
28
-6407
-6136
5367
-8964
3578
-2032
3112
52
1049
4104
-7688
9224
4849
24
14602
-8188
1781
-9204
3307
-5916
-3574
-6084
4330
-18408
2006
-964
2259
-3020
-261
-7152
-2280
-2000
-4364
-2016
7694
-7096
-2779
2104
-1822
-5896
6682
-7128
7919
-3876
1491
-13248
511
-5084
-2297
-10200
-13262
-11012
18423
-17352
-775
-13308
2822
-10196
-4652
-17356
2276
-9184
-4848
-4048
-294
7196
-5642
11500
515
-14336
-3581
-10216
-1501
-10208
747
-5900
1003
-11252
-7153
-5104
8964
-11236
11528
-6136
-2556
-14316
-3615
-2012
8191
-11208
-2816
-7144
-257
-13272
3077
-17400
-3369
-8112
-2815
-11264
1033
-5120
-266
-9180
-258
-8168
-781
-1004
6373
-8156
2339
56
6411
-11248
239
-15312
1764
-8192
-5633
4148
-7921
-2024
5891
-8148
-6144
-4076
-6167
2084
3353
-7124
-749
-17372
-3367
-5076
-7192
-8148
4357
-9148
4645
-9204
1313
-16144
-6634
-20440
-539
-4084
9199
-16352
1752
-16336
3808
-8132
8154
40
4381
-6128
1527
-6116
-3567
-3028
-1534
-12268
4593
36
11045
-10224
-4345
-9168
1260
1268
-7414
-15312
3859
-2024
2798
-15320
11787
-7088
12024
2088
2811
-2024
4890
-11036
-5394
-6060
4110
-9160
4580
2104
-5115
36
-5409
-11232
1007
-14308
472
-8176
-1733
-12048
2283
-2028
-998
-6124
-286
-7140
503
-10220
-3881
-7152
1788
-3048
2277
-8192
4349
-9164
16869
-5072
278
-15108
-18165
-10228
7692
-15308
-2065
-13068
4836
-9196
-6884
1072
-1543
-17396
3094
-5096
2545
-8188
7417
-8164
2059
-3072
-1273
-20468
-2317
-7944
3358
-5104
4078
-8140
-786
24
-262
-5072
472
-8112
-2304
-9168
-7155
-10196
-3554
-18392
-1018
5180
4882
36
4589
-7132
2305
-5076
18
-10220
-2301
-7132
504
-8168
16643
-3848
-1771
-9988
-5134
1024
3297
-3056
-1281
-7156
-1804
-13296
5626
-4056
-3316
-10228
7456
-19432
-2850
-5048
-1778
4096
-2052
-6124
-3597
-14304
-6922
-5072
1803
-10228
2602
-6116
2800
-9212
3076
-8164
-10489
1076
4377
-14268
6935
-17360
-3107
-14316
2594
-7132
-13302
-8152
9976
-12236
6157
-4076
4373
-12268
6132
-17396
-4357
-12260
-4856
-10208
2103
-7120
5850
-11232
7146
-8144
2347
-12284
7394
-10236
-3830
-12204
3839
-11232
794
-11228
-277
-8984
1289
-10236
994
1028
5636
-5056
-15632
-14280
-5657
-10208
-4098
-14312
2323
72
-795
-3044
2563
-7144
6909
-1992
-2304
-14320
-497
-13308
-6133
-16376
-12808
-18416
-1038
-3056
-808
-7116
1029
-4032
1304
-3048
-2842
-7128
4588
-13268
-785
-8984
-490
-4072
3064
-8160
1507
1032
-2352
-3048
4623
-5900
-3064
-5120
-3812
-5108
3632
-7168
1799
-17364
-3325
-4064
-2026
-7120
-9526
-5088
-1285
-7104
2014
-13276
-2528
-7940
6659
-7144
7448
-8172
-491
72
2060
3124
280
-960
1026
-8168
-4125
36
1262
-7116
7419
-1008
8728
-3012
-5115
-5120
4380
2108
-7964
-11232
2539
-11240
1279
44
-3817
-18400
1042
-4044
5650
-6916
43
-10212
3301
-4096
5422
-15273
3079
-19416
6118
-5116
-3850
-10212
-4603
-15300
7149
-17384
6417
-13252
4140
-3044
-1303
-11204
4100
-10004
-2335
-10004
-2050
-7116
-1775
252
-7708
1268
-3872
-14284
51
-15344
-1020
-11036
-760
-18384
4112
52
-4098
-17384
-581
-11212
-5638
-1012
8504
-6100
6415
-10216
-3819
-19408
1774
-16324
7160
-10184
2821
-3060
-6406
-952
4604
-9184
-5413
-13292
-282
-13288
-3030
-8132
1805
-6928
-6660
-14308
4633
-4040
3082
9280
-985
-7112
1017
3092
-9716
-10184
4091
-968
-4362
-988
3083
-10204
-198
-15116
4066
-6124
3822
-5120
-2311
-11216
4887
-972
1781
-6136
-6915
-3048
6150
-6080
-3330
-7156
511
-13268
2575
-4092
-2570
-9168
6639
-11228
6655
-12252
-4847
-19408
9703
-5092
-8688
-14284
-2550
-16368
2748
3080
-3857
-6916
-229
1048
11784
-26352
4143
-5108
5869
-11228
-2531
-6120
-6407
-3844
-3068
-6064
-748
-8120
-6397
-16360
6407
-9168
5587
-3012
-1790
-11236
-7953
-15324
1056
-6064
4848
-3052
4095
-5080
3590
-15312
-3054
-4064
7676
32
-752
3088
13309
-21476
3082
-12244
3851
-11188
-8165
-7152
3578
-17384
-7388
-3856
4151
-8176
-16
-1016
1002
-3032
11043
-8152
-8461
-13064
-736
-14336
753
-7132
-3047
-6124
1561
-8152
2816
-6140
777
-12268
-2566
-5096
5349
-9196
7420
-11220
-721
-7148
3071
-7120
3044
-11236
2547
-16356
-9745
-4048
-5347
-9196
-1301
2120
1539
-7148
-3872
-6116
-3057
-14312
-3811
-16336
1018
-2996
6390
-10240
6411
-9160
2298
-16132
10498
-11016
2287
-11252
-765
-10208
-1499
-15304
4343
-15284
-5642
-7128
14588
-992
-2029
-3064
2279
4124
-2567
-16340
2070
-6140
8725
4124
2575
-9176
533
-6096
-9746
-1004
2010
-11224
-4361
-5084
-2552
-14260
-5355
-17380
5075
-18396
6171
-5064
-2287
-10172
-5652
-24276
4621
-9172
5396
-14304
-3862
-4080
3303
-6112
2034
-13288
-6910
-7136
-222
-8156
509
-3028
6391
-12220
5326
-13276
-3598
-17384
-4099
-6112
13019
3140
-4584
-4096
9212
-5092
2056
-10024
2031
-13248
502
-14316
-6132
-9184
-785
-4024
-5404
-11252
-3857
-9176
-248
48
12531
-4020
-5082
-6108
-2791
-1008
11730
-19408
2092
-10240
-9
-12240
1054
-17372
-2045
-8152
1004
-17396
8671
-8172
-715
-7156
3066
-18384
-2318
20
-3086
-21504
263
-12248
7979
-18388
-3348
-11212
-4086
-2028
6901
-7148
519
-11212
-4598
-14088
-1056
-13268
5370
-12252
-5376
-5080
-6676
-10208
-42
40
4628
-9192
543
-9176
23
-13256
-6945
-7972
526
-6108
2031
-11208
-3575
-11192
3872
-12264
10779
1068
3051
-9176
-4344
-8156
-796
-8192
4848
-10212
-6147
-13248
-8975
-13260
2814
-8160
-2044
-14308
4647
-4064
-3343
-12240
2552
-992
4125
-15320
4079
-14272
1039
-11248
1316
1272
5364
-12284
1796
-17360
-4336
-1976
4133
2068
1793
-15304
8732
-12264
-12580
-7148
3842
-4092
-255
-4868
1536
-5068
5870
-5080
-4868
-12264
6146
-5092
-12584
-8192
-1276
-4064
-7183
-3004
-2027
-6084
-6895
-6112
4585
-8164
3292
24
6145
-5092
-10987
-5108
5370
-11240
1010
-10220
2849
1052
-3053
-8152
-3067
-780
2825
-2016
4625
-18364
-13558
-7112
1546
-7128
5097
-8156
1316
-5084
-3593
-4036
-1535
-5080
1769
-8156
-5400
-5096
-1318
-25300
-3307
-6124
232
-8184
4355
-7096
6666
-5080
-4061
-15308
4362
-7128
4329
-6100
-2559
-14272
10201
-14312
-7201
-18396
-5902
2135
-9418
-8152
-4839
-11212
5401
-2028
-2565
-14308
-527
-4084
-4623
-12280
4335
-5072
-7926
-10176
8171
-9188
1272
3088
4066
3124
-770
-18404
-5633
-17368
5147
-5892
3369
-6924
-10526
-7144
-2832
-9208
-5630
-14092
-1289
-5108
7701
-7108
-1047
-6116
-256
-7164
265
2092
-4869
8
7426
-13256
-3290
-7136
-5626
40
1552
-11232
1543
-9196
-517
5128
5122
-17388
-3064
-9160
7175
-21472
13324
-1012
-2305
-16304
-4345
-3060
-1021
1052
-1296
-972
6440
1032
-3599
-11188
-3578
-13288
503
-4080
9479
-16340
2557
-5104
-5123
-11256
3790
-12264
3072
-11256
2057
-6920
3558
-5096
-2810
-3036
-12535
-15112
-262
-11252
-272
-5112
2799
-9176
-2795
-8164
-8703
-9148
-769
-6116
-4110
-12276
-11536
-7120
-7162
-14336
-8169
-15336
-2062
-11208
-4612
-4076
11021
6200
1256
-5096
-3561
-3064
-10782
2068
3575
-4076
1820
-14324
-6151
-17344
-2577
-3000
8209
-9156
5634
-6128
-1069
-8188
7922
-5896
986
-12268
7164
-10204
15896
-12272
5383
-17400
-12307
-12272
-803
-11208
10488
-8128
7652
-15348
269
2300
1052
-5100
-7155
-15344
-4116
-10180
-6096
-6144
-5935
-4880
18179
-17172
-2060
-10160
-2062
-13276
4326
-13280
-532
-12256
2584
-9184
-3842
-3036
-5616
-3056
-467
-964
-3331
1048
3339
-1000
4899
-11216
-13563
-9168
2076
1052
-5371
-4036
1048
-8160
4367
-7116
-3351
-5092
-5363
3140
-1811
-5084
5662
-6144
2036
-8144
-4106
20
-6910
-3060
3579
12
-4883
-4060
2045
-11204
-251
-10196
6140
-7120
1541
7168
-1545
-11216
1042
-16324
2860
-3036
1276
-16352
2072
-3020
-1519
-6116
3578
-11248
4336
-1000
-3859
-9164
-2062
-9160
1026
-7100
5881
-9204
-2041
-8160
-1541
-8188
1589
-6124
-4351
-21500
-2046
-12268
802
-18372
-1290
-18416
5135
-9188
8205
-10220
-3326
-8176
525
-11236
2319
-2000
5396
-1968
9230
-6092
1525
-2016
-1540
-22232
-8189
-2961
504
-2824
-8190
-20440
-3597
-12276
9465
-13280
-7940
-14288
-4103
-12276
2295
-2020
2309
4112
8446
-9164
3068
-14312
-2816
2068
2601
4
3841
-11204
1801
-6104
-2573
-5084
-11018
-12240
-6148
-16364
-4106
-7081
4622
-15316
-16920
-19400
1524
-15304
-9479
-17380
-6411
-8160
2786
-8148
2809
-11232
-1024
-13264
-6394
-7156
11537
-3032
7453
-5076
9218
-17392
2582
-5096
-1013
-17376
-1796
-18400
7412
-5104
254
-988
7175
-2024
-5914
-10192
6416
-15352
-6149
-10208
-1289
-6140
10481
-6940
11256
-6104
-3066
-15284
-3821
-6080
5124
-14296
-7186
-9164
5899
-6124
-6153
-13296
7668
-1800
-771
-10184
-1798
-5892
6633
-22204
-8960
-18380
-3345
-6128
5619
-4076
-1254
-18400
3864
-1804
-7705
-10224
3551
-15328
-4335
-14316
-8483
1052
-7935
1084
-1029
-19428
-1253
-8136
6913
-15312
-3341
-8164
-8724
-15360
2062
-7112
3100
-20464
9744
-12240
-1773
-7120
1029
-3028
3597
-5092
-11500
248
2034
-12276
7691
-9160
1780
-19440
-2034
-9176
3067
-4084
-493
-8168
-4876
-15320
3876
-20476
-5347
-13300
-1493
-5104
7939
2076
7880
4116
1046
-7136
5132
-7132
-5357
-10200
8411
-3048
-2574
-11208
2818
-7132
4634
-5060
4344
-14088
-9201
-6128
-10730
-2036
12291
2104
-6887
-12260
4095
-2020
8934
-9192
-6403
-4060
299
-8152
4087
2080
5868
-11260
-6906
-14328
5425
-4064
-1032
-11240
-2796
-11216
7408
-4048
-1053
-7164
-3850
-11216
7691
-15332
-1534
2076
4112
-6092
771
-5048
-9964
-5076
-13580
3088
8135
-7168
-1284
-7144
-4608
-11212
-5875
-8168
276
-14296
8718
-8168
8962
-7152
1032
-6124
1052
-14296
4591
-7952
3580
-7976
2326
20
-3050
-3020
-5136
-3064
8203
-6112
-2527
-2012
-7666
-14280
-6129
8444
2805
-4044
1260
-10200
5377
-16140
-3322
-7140
5
-8156
-3094
-1000
-3332
-13256
5095
-4076
-3318
-10196
-2848
2064
1053
-2016
11286
5164
-2055
-7144
6110
-11248
-3576
-8164
-505
-11240
-1807
16
-9229
1024
8179
-9160
4092
-12228
-3044
-13272
-2820
-11228
4638
-1976
-2059
-8144
-3836
-9196
-9219
-8176
-8444
-8964
-7158
-6104
-1341
1080
2566
-18368
2061
-5080
10278
-16384
9714
1060
3858
-9172
2054
-3056
6615
-16344
2550
-12216
1984
-8136
4916
-3052
-13281
-7132
-2797
28
-5111
-3908
-3861
-12244
7441
-12288
2068
-6096
-2822
-9184
8204
-7156
1326
-8160
-4362
2092
9484
-7140
-3055
-17360
4622
7420
-4350
-5904
-1029
-22020
-4868
-5108
-1808
-4052
1026
4140
-6382
-6116
-1297
-21448
-4899
-4064
-11018
-6088
5127
2100
-1809
3324
5871
-6116
-8702
-4088
-3789
-18380
-3592
-16332
12538
-13268
-1817
-14316
-9496
-6124
10252
-6096
4085
-10196
4610
-13304
9462
-13276
-5368
-4040
-3785
-9204
4620
-824
5648
-6068
1812
-11216
-6955
-15296
-7419
-14316
-3349
-10224
-7392
-8132
502
-10164
2562
-9200
-1019
-7104
-4115
-776
6654
-4068
11541
-3048
-6880
-6068
-1529
-4868
-528
-2048
4062
-21484
1266
-24248
2307
-11200
-3334
-11200
6943
-11224
-1005
4112
-2070
-10224
-7920
1056
511
-11240
-4865
-18412
-4622
60
11777
-12272
3815
-16380
-1012
2104
3798
-3020
-9434
-10168
8967
-8192
7156
-968
-511
-19212
2046
-1012
780
-1800
-3851
-996
7930
-11188
1022
-2000
-2580
-972
-7201
-5084
9708
-6124
3586
-10200
-808
-14312
1282
-17364
3053
-4032
788
-12252
987
-996
2546
-20452
5644
-11220
-4332
6148
-4598
-15332
5087
-8148
-8171
-3036
1524
-10220
4146
10264
-754
-11228
-284
-4068
-6426
4128
-9
-7136
1816
-18368
-4583
-9184
7701
-16376
2542
1048
1066
-2004
-1781
-11240
-4357
-12268
3285
-13300
3307
-5908
5920
-5064
-1793
-4048
-3552
-14124
-2334
-14284
-1267
-13292
17898
-11220
-3784
2068
-8460
-7124
5105
-10176
2826
-14320
267
-6116
1579
-3008
10762
-16312
-1281
3084
-3035
-10176
-2345
-1800
-2046
-12264
1027
-6084
-9222
-9192
8948
-7120
6101
-9176
-2037
-952
5091
-5108
-3591
-6120
760
-1996
-4112
-13260
1048
-6128
5129
-11224
6157
-12260
9207
-6104
-2039
-5896
-5133
-7120
-1
-3008
-11041
-7112
5371
-5892
-8448
-3008
-5626
-7164
-783
-8968
535
-4040
507
-13276
-8481
-11204
-3330
-16356
-5139
-11244
1543
-4052
6153
-7132
-1817
-8176
14879
-11252
-239
-5080
3575
-6116
3328
-4048
4612
-13260
11800
-5896
-2840
-6096
-8483
-12236
-3601
-11192
253
-5112
6634
3088
-2513
-7112
990
-16144
7965
-11228
-3293
-5068
6380
-7124
-2807
-2004
513
-7136
6429
-4080
-10267
-11240
3570
-10200
-6930
-7104
-1055
-6120
-11013
-11260
-7170
-13308
-1549
-15304
3572
-5088
746
-2840
3068
-19424
1523
-12232
-13306
-12240
-4878
-7148
-5359
-10228
6149
-2020
-493
-9164
5128
-14296
-1035
-11196
786
-2040
10443
-6120
1015
-13260
7409
-9204
-1292
-9168
3615
-5060
3602
-13080
7392
-9212
-1261
-10212
-1581
-10164
-5641
-11220
-6141
-5100
-7896
-14320
2798
2096
-8188
-13292
1039
-16356
7407
-3048
-6167
-11204
11820
-11252
2299
-984
3331
-7152
4070
-5916
5885
-6128
2832
-16348
6429
-11236
1021
-9200
-2563
1096
10744
-11236
-2302
-3044
3285
-12260
7952
-15280
-4851
-6132
-24
1024
-4602
8
-4599
-10208
-1550
28
7646
-5092
2582
-13280
-2585
-14280
2564
-4052
1783
-12276
1802
-14296
1473
-6116
6645
1044
7701
-11224
-235
-1988
4611
-19412
3310
-20436
-1787
-16324
-6678
-7108
8719
-12244
1252
-9188
1562
-5072
-2587
-6968
-3317
-12244
-8417
-13240
5108
-4092
1291
-10192
-3565
-16332
-1777
-9188
-6191
-11240
4364
-5072
-3562
-10212
1318
-5076
3310
-9180
4330
5136
-9733
-12232
-4882
-18360
-2017
-4064
-8746
-10224
-8201
-17172
-13625
-12244
-4345
-12268
-3606
-5092
-3096
-14312
2573
-9184
-1782
-17356
17
-7148
-12308
-18428
-3085
-11224
-1794
-8168
-1739
-7132
3621
-4056
10788
-12224
-8192
-7168
7416
-7128
4355
-10200
10460
-4072
3056
-4088
-6644
3088
8192
2056
-801
4136
-3548
-996
-7183
-17360
-1249
-20456
-3356
-6104
-3319
-5068
5413
76
-2329
-11224
2561
-10220
-2528
-10232
-4629
-8176
4877
-9172
764
-8176
2337
-4872
-5366
-4044
3575
-12244
1588
-2008
790
-7952
17958
-12268
-1027
-11228
-2299
-4068
-9472
-8172
6640
-10204
-1283
-6116
-1556
-16340
-1795
-5120
3348
-2012
1532
1068
-3356
-7136
2035
-10192
7972
-6136
1554
-14320
1034
-7112
492
-3036
9716
-7148
11258
44
-9720
-6080
766
-1000
-5916
-7168
-5
24
-6652
-3044
3801
-11240
1536
-1008
-10256
-4084
13057
-20476
2831
-8164
14329
-13284
-6412
-5072
3083
-9000
8479
-4072
-3055
-4076
2560
-14276
4097
-5892
-7703
1068
-5906
-9176
-2299
-5096
-4105
-5084
-1509
-18400
5877
-8152
8730
-960
-4861
-7952
-2026
-6096
-3601
-12224
2068
-12264
-6394
-8964
7157
-18400
5392
-10216
-9192
-4052
-5889
-3056
5626
-13292
-4103
-11216
1037
-16344
-2024
-4088
-1259
-6128
6395
-6108
6177
-9992
1544
-15316
5123
-10192
5374
-7144
-2315
-4084
-4620
-2020
-276
-5068
-12286
-7156
-782
-4048
-2248
44
1278
-6120
6900
-13264
-5109
-9168
5421
-8972
-6911
-20444
-22
-19424
5364
-14276
9167
-15332
6174
-13300
-7198
-1000
6658
-6128
-240
-14284
546
-13240
-1303
-16336
4592
-8152
-18423
-9204
5619
-8168
-3370
-17156
-5136
-2032
-8707
-11248
249
-13260
-5916
32
-1289
-7144
-2319
-6096
4340
-9176
-5888
-5072
5620
6172
5377
-8176
4143
-22232
-2606
-10196
-9732
-20472
-523
-18412
-744
-16380
1788
-9184
-9968
-13256
-823
-11216
-2291
-5088
2294
-7948
-745
-6924
-59
-11236
-7154
1060
1529
-12260
1030
-7140
-2541
-8136
-4121
-2828
-11
20516
-1543
-11248
-12006
-9168
9700
-6096
4325
-13300
1262
-13252
-7450
24
-1812
-14328
3563
-11256
-503
-4076
1813
-976
-6167
-5052
4087
3100
1791
-7116
-2076
-6096
-7722
-2020
1785
-15128
1486
-13264
-505
-12264
-8961
-9204
-2557
-18188
9476
-7108
-3290
-980
1019
-2004
4848
-780
-12534
-8160
6897
-7144
-1730
-3036
1045
-6120
10474
-5084
-4650
-9192
13047
-6940
3841
-6100
-2050
-6100
-9174
-8164
9731
-13288
-13061
-7116
-4103
-12036
4839
-4876
-5143
-3072
-248
-16320
10515
-13272
-3815
10264
-2046
5372
-7160
-8156
7462
52
1280
-13064
2325
-12236
-2812
-12264
-4348
-15328
-3062
-12288
2806
-2828
6923
-8144
796
-16328
2041
-10208
-5634
-9208
-524
-10216
7211
-7092
-4657
-8156
-9983
-15336
2822
-3028
-1053
-11256
265
-6124
288
-9188
-5659
-17392
5389
-10224
1260
-5096
-4341
-11228
10506
-17372
-6943
-1996
-552
-7944
-537
-13221
-9478
-16332
-11269
-11228
4357
-14308
6151
-9148
1553
-15320
-7626
7180
2591
-5076
4852
-9204
-5101
-8148
-27
-4064
2041
-15316
-2008
-12224
-1597
-5096
-5393
2060
1813
-8192
8956
-6116
2323
-12276
-5935
-6096
7455
6172
-6418
-11232
5368
16396
39
-12236
2333
-15344
-13310
-6060
-733
-6104
11265
-6112
5883
-11248
-2310
-16356
3355
-11220
-4330
-6120
1042
1048
-4131
-16312
1023
3096
-12278
-13280
3371
-13076
506
-9212
1534
-12256
8948
-15316
-6308
-772
-2266
-9164
-5145
-11216
4635
-9188
-3580
-5060
-3832
-6088
-3352
-6128
7438
-8120
5623
-20428
12514
2092
10
-7152
-5133
-992
8981
-20428
-12806
-11232
8453
-4048
-5575
-10200
-2069
-2832
-7174
-4064
-255
-13260
4620
-10216
-802
-2836
803
-4924
1484
-9168
-1257
-5068
-6643
-4032
8213
-17344
-3595
-12228
11281
-2820
6398
-10192
-2061
-15352
2007
-18188
-5867
-1000
484
-1804
748
-2036
517
-14300
6136
5164
-6645
-15328
1559
-7148
-518
-1008
4358
-11244
-5630
-14316
7155
-6104
-7441
-5080
7717
-7132
-761
1068
6916
-9196
-3078
-15312
-8704
-8156
3592
-7084
-11803
-7144
4056
-6132
-249
-11228
-10244
16
-8189
-9200
-3885
-10204
-3803
-19448
5915
-11216
1830
-9208
-1798
5128
-7412
-9180
2293
-6096
1286
-7120
-11280
-15348
-3093
-16376
-2570
-5092
1524
-9192
-2553
-13264
8965
-15360
-3076
-6100
9488
-12284
4591
-5068
-10254
-18380
8718
-9132
7428
-980
-3605
-772
-5398
-10160
-1292
-16308
-1787
-9180
2303
-11244
9482
-10176
528
-11244
1334
-1008
6654
-18400
-6407
-12260
273
-14328
-2813
-2032
2552
-14316
226
-14332
-1805
-9192
-2310
-9156
1531
-18416
-11511
-988
-2559
-2004
-11251
-11212
-14075
-5033
2084
-14296
3296
-13284
4580
-14316
-7159
-13276
7681
-4052
-11003
-21460
505
4116
5099
-7136
2822
-10192
-9494
-7164
-6147
-9192
-2011
-9216
-2059
-11196
-5370
-3044
-8662
-10208
6880
-18408
5370
-14308
-4361
3084
5609
-5036
1547
-9172
-7703
-12244
-7417
2112
2302
-8152
-485
3128
-255
-8152
-3071
4124
1261
-15352
-4619
-16356
6663
-13076
-4068
-2012
1265
7200
7961
-14296
-2842
-4052
-979
-17388
3810
-8156
6407
5140
3869
-5080
2032
-4052
-3072
-8168
2081
-8152
514
-9172
7929
4112
-2033
-7152
-5367
-10180
-809
4132
6694
-15360
2566
-18348
730
-11256
-9227
-8164
12293
-16356
5864
-12276
-3835
28
-455
-9184
4840
-15328
-5129
-7132
520
-14316
-12042
-15332
13043
-9172
-5107
-976
-2812
-17368
2546
-5048
-493
-4056
250
-4040
-9464
-12260
9239
-11216
-6144
-1000
8675
-11236
8210
-11228
-2565
-7132
8179
-16348
2837
-14276
-4101
-6112
-6623
-8160
-5922
-9156
-14050
-11244
-8963
-9204
4353
-18380
4582
-4032
-16093
-1964
-2815
-15316
2030
-18384
-784
-9168
7668
-11232
-2284
-6116
2545
-13292
-789
-14308
-9487
-13272
11806
-9196
6411
-3016
-1023
-3052
-6671
-9208
-3856
-14280
-5660
-3056
1782
-2032
-1316
-6112
-4822
-14328
233
-20460
-5655
-8172
272
-12236
-262
-7128
-1270
-10204
-8512
-7152
-2276
-3048
-1315
-11224
-9718
-9160
5891
-2024
17
-3852
5113
-18392
1540
-988
-60
-3012
1052
-10212
-4855
-9188
3852
-10224
3824
-5025
-5858
-15312
-6171
-3032
5624
-14300
8989
-1992
10975
-17368
-13322
-13276
7198
-20424
6130
-13228
1310
-6068
-14058
-4068
2070
-4036
48
-4040
-2792
-5060
6684
-11208
2317
-10168
-5582
-6128
4073
-980
-4090
-13288
-1270
-948
-1798
-968
8452
-2012
522
-8148
268
-9200
-5645
-7120
-2040
-1984
12795
-8132
6618
-20444
-2557
-18392
-9211
-13217
-2044
-9188
-3829
1276
3309
-6132
9977
-5068
-7182
2088
482
-2040
-11298
-8144
11768
-14276
-765
-6084
539
-5029
4308
12
4376
-16328
-4863
-6136
2795
-6116
-3854
-12244
-5398
-18360
-9213
-6128
6655
-13288
6099
-12260
8937
-9204
-4099
-8176
5393
12
1809
-15356
-8688
-9172
-7401
-12228
286
-2824
3068
-17156
-13839
16
-5610
-3036
-6919
-11208
-520
-1992
-5121
-6092
754
-28380
-1275
1072
2051
-5896
5406
-7104
9469
-8164
-10735
-8176
15349
-12248
-2571
-4896
3083
-11224
2288
-9204
2334
-2000
-23
-8180
-780
3316
-12034
-6088
-3573
-8156
-2547
-3040
-11773
-11248
4347
-5088
2059
-10192
-4862
-12252
520
-4028
-2315
-6092
-1798
-17408
8177
-11224
-9235
-15356
-4084
-8152
745
-11224
2064
-8180
8997
-8164
10499
44
-13067
-7116
-7956
-10172
277
-12256
794
-4016
-502
-12264
-1512
-9204
6909
-7108
-5878
-12240
5096
-10012
-6646
-7116
777
7216
-3102
-6112
1294
5180
5624
-1996
537
-12268
-6920
-9172
3031
2112
4137
-4096
3583
-2900
-494
-4868
1775
-10176
2279
-8120
-5134
-2020
1788
-17388
5617
-8176
-2041
-3044
275
-16336
-7720
-6116
6927
-2028
-5349
-1004
-12323
-6092
2329
1048
17385
-980
5617
4156
-7903
-8148
9488
-11236
3113
-10208
-6441
-15332
232
-3044
-4419
-6112
-16633
-7132
6403
-13228
6890
-8164
-1319
-8172
-2560
-2020
2042
-5080
-5609
-4064
-6917
-6920
12018
-19416
6090
-12244
-4121
-14300
5614
-3056
-6666
-10236
10783
-3016
-2550
-10208
2553
-7124
-1522
-18384
12283
-5096
-12536
-9192
7438
-11012
-4111
-7128
-4349
-13292
475
-7156
-3813
-12244
-4639
-6128
2329
-772
-2053
-10180
-4372
-7940
2547
-11252
5375
-7077
-1491
-7128
-6388
-8168
286
-4064
759
-1996
-5391
-14312
11016
-6104
-2295
-12248
3848
-12240
-21
-8116
3573
-10208
-9500
-9208
-1794
-19408
1496
-4076
3827
-3072
-6143
-9148
-7426
-8180
-1265
-15332
4859
-984
195
-3040
-3322
-4068
-1257
8228
4338
-15312
-5122
-5044
242
-13232
1786
-5112
-489
-11212
-4894
-8140
5642
-5092
-1267
-6112
778
-9113
-2059
-13268
-1799
-13252
12531
-9148
271
-6092
-5887
-11220
-2562
-10196
-1517
-20460
-6669
-5072
-1293
-12264
2045
-7132
3044
-976
-7434
-16308
-6369
-4044
3060
1064
-2059
-7164
7146
-5116
-2010
-11236
561
-2988
-5630
-4068
-2806
-17376
3838
-10240
3829
-6116
-1003
1024
1297
-4076
2290
-8180
-1002
-15320
7708
-8140
-2062
-7108
6880
-11240
3842
-7984
-6928
-8136
3593
-10192
-10519
-5076
2059
-5064
-19
-9168
-1004
-2024
9227
-6084
3320
-21484
-5099
-8168
-3293
-9216
-5854
-14308
4590
-16348
9993
-11212
-6645
-976
3090
-9204
-8722
-8176
4118
-15344
-1536
-7148
-6142
-10188
-15
-9204
1803
-5088
-3333
-11012
7920
-3012
4320
-17368
-4858
-4040
1283
-13272
9446
-11240
2010
-12212
-1790
-11228
-4623
-12256
1274
-8144
261
-10204
-4628
-11204
-6370
-9192
3319
-9188
-4871
-9148
-535
52
-2843
-4072
-756
-8156
1279
-16372
-3069
-8128
1009
48
1041
-7148
7158
-8152
-1514
-9196
-1502
1032
-7
-8136
-1550
-8116
-763
-9192
-27
-7156
5137
-6124
2041
-14328
3813
-12236
6146
-10200
-7924
-1016
-12322
-12260
-759
-7077
-4623
-6128
-4613
-7136
-7425
-6096
3070
-1000
-6921
11332
7149
-5068
6407
-19408
1540
-15328
2287
-14284
5084
-11228
-5129
-13284
3058
-9208
-5650
4128
5360
-8184
-4601
-11224
-2271
-10204
-8740
-3000
-252
-3044
1281
-9188
-29
-11244
2827
-13292
-2056
-8140
1781
-5896
5665
-13288
-6159
-11232
-1540
-10204
-2545
-6120
8223
-10156
12280
-12252
8946
6172
-9441
-4088
4855
-15304
4849
-15344
-6133
5164
-3082
-6128
2281
-8964
-3855
-17396
-4840
-11224
4059
252
-1523
8
2315
3080
3594
-14300
2560
-25308
-3844
-9216
8972
-5896
-7405
-9164
-5903
-12052
-3088
-16372
280
-8136
-2823
-7116
-5405
-11252
-4369
-14296
7962
-1008
-4877
-5096
2813
20
4116
-15352
-783
-1000
-3309
4
11531
-9188
-791
4108
1014
64
-1277
-1992
4103
-9144
11212
-8128
3595
-11236
-2547
-15336
5105
-15336
-9986
-9208
11550
-2012
7439
-11244
5630
-6096
553
-3020
-5389
-8164
2064
-10200
-1045
-14292
-9481
-8156
-6410
-8156
-4916
-5084
-6
-16348
1808
-1000
2277
-8168
-9713
-6140
10237
-8156
-10248
-13276
2576
-6124
-2049
-12272
1537
-4084
-6676
-6124
-7145
-12240
8451
-7116
-2569
-15300
10006
-18420
13328
-14284
4085
-11260
-5644
-6920
6651
-5064
1554
1044
5140
-16372
3597
-19428
8419
-8168
-1274
2076
-518
-4088
-2832
-4020
782
-17384
-3094
-15328
4626
-15328
-6691
2064
6917
-2040
5137
-4040
6444
-6088
-2541
-11232
6648
-10232
540
-5064
5599
-3016
-12089
-5104
476
-19436
-11730
-11256
18656
-14280
-6404
-15273
6138
-11208
1529
-18412
-4358
-10196
262
-12288
-9214
-6057
5885
-11224
2598
-9172
240
-10224
1835
-10004
2040
