-2024
-10774
-10204
1047
-15328
-3294
-8148
-4876
-4028
-756
-15340
-6168
-8168
-13067
-4064
-2801
-12268
-748
-5088
-1558
1056
-8229
-7956
2806
-9172
-10765
-2048
6925
-8180
-1279
-2044
-780
-9136
-752
-11256
5102
-7156
1500
-12280
-4335
-7088
246
-3848
4365
4120
-2022
-11236
-2291
-9196
-1019
-13304
3083
-11216
-3097
-9148
-1787
7255
-2545
-9992
8202
1080
3067
-3844
-5898
3140
-5908
-5096
9727
-11252
-1546
-7952
-1496
-6076
6166
-10220
-4873
-14288
-4886
-8132
7673
-1992
1272
-8140
-6867
28
3330
44
4861
-9180
8968
20
7955
5160
-6632
-6088
-10478
-10236
2008
-7124
2872
-6104
2293
-9148
14836
-11248
3829
-6128
-5931
-3048
-1534
-7132
7153
-8172
4839
-7168
7147
-11252
6175
-20420
758
-13256
-3079
-6108
5354
-5096
-1006
-9168
-4579
-16376
4131
-12044
-1791
-11248
1523
-9204
5640
-3056
-7627
-8180
-1054
-8188
2813
-3040
-3064
-2036
7163
3108
-3346
-2012
-807
-7116
-4092
-12248
-1015
-14324
6878
-10204
-472
-1004
9219
-15348
-6366
-15336
1040
-15328
5870
-3048
-10734
-15328
4824
-12220
1800
-7128
3343
-8164
-8206
-7096
-5610
-15312
-1789
-5064
-6398
-8168
-4100
-5108
7161
-4056
-5593
56
-2047
-976
-10749
-21492
3820
252
2076
-5052
4829
-12272
5645
-3056
-2817
-6124
-757
-5092
1536
-11248
3066
-8112
-5118
-10188
8958
-8184
2799
-19432
-252
-14280
-3111
-12260
-7672
-8132
3887
-22228
13838
-15308
-3823
-2004
3592
-3008
3875
-4084
-10508
-17388
4096
-3040
30
32
-262
-12232
-28
-4012
-5657
-10004
-4055
-18432
4373
-8152
-1777
-15280
1536
-1816
-9749
-9172
779
-10172
-4642
-15356
4333
-6108
-3331
-12280
9956
-14304
12797
-12248
6420
-13300
734
-12240
2550
-16344
3073
-788
-8166
-7096
-1316
-13276
478
-10200
5111
-10180
-2800
-22228
6408
-9216
4362
-3020
-3049
-11264
2785
-19424
-1787
-12248
-4139
-11240
1521
-26340
1859
2084
-7428
4140
-4620
-3064
8458
12
4361
-16360
1248
-5108
4590
-11260
-7674
-6088
-3287
-10220
-2310
-11184
-12286
-5068
-2814
-11224
4879
-15108
-8954
-8136
-5147
-7148
3819
-7092
222
-1020
3100
3159
246
1060
-494
-14084
1777
-4064
2793
-8988
-6623
-6104
3559
1060
-4335
-10192
6134
-14292
-2808
-8124
8941
-5072
2534
-15348
-256
-3040
-3549
-5096
-758
-3004
5123
-12256
-514
-4052
-750
-10192
-3320
-17388
-4838
-3032
778
-13088
16
-17388
7201
-13252
-495
-6136
-3571
-14292
6907
8212
-2022
5176
4881
-9212
1256
-4072
1786
2056
-3102
-15340
-1277
-5084
8666
-2024
507
-11236
9448
-996
4595
-10188
509
1088
784
-8172
-4385
-4060
-5906
-996
6943
-12236
-5386
-7952
9467
-6088
19
-4052
-4368
-8152
-489
-14300
-6906
-10200
14346
-4056
4607
-9160
4611
-6120
8692
-4048
-2292
-13060
-250
-9172
9698
0
-242
-10220
-3044
-6084
8182
-10200
-2069
-20440
6138
1044
-3076
-12264
-2055
-17364
-1774
-9172
-5595
-7136
-1767
1080
-1274
-12260
6920
1036
1040
-7140
5618
-7940
2559
-6088
-4654
-5072
-2548
-13276
9526
2120
2553
-7124
2016
-9184
-2273
-7132
1823
-10216
8001
-6088
3342
-14292
-8452
-11260
269
-7112
-2341
2088
-1528
-9188
-1532
-5072
-7417
-5056
-6668
-3056
-6671
-3056
-5636
-4040
-554
-8972
2310
-3052
7628
-7104
-3593
-3032
991
-4056
1298
-14304
-1018
-13092
-2307
-1016
-5373
-1984
7710
-10240
6910
-14320
13064
-2028
-5637
-9208
-2841
-14336
4605
1048
-6668
-11208
-10511
-5112
2044
-10232
-774
6380
2807
3076
-7125
-8180
-1564
1044
-2309
-9196
-2315
-14256
-1014
-27364
2541
-15108
-2799
-5068
9962
11280
3538
-13284
-4585
-11244
4588
-12044
3606
-10204
-3799
-18404
-1289
-14296
-252
-2012
-1291
-4056
2569
-4076
8714
-10208
-6430
-8188
-2287
-6092
4604
-16336
-486
9216
-3048
24
810
-15352
1327
-2048
-5367
-2024
3077
-11204
1285
-6128
801
-13276
-3587
-10220
1282
-7148
-5628
-6124
4120
-12228
5871
-8132
1285
-14304
4071
-1961
-8728
-16368
-4320
1244
-21
-6100
2568
-13292
-10999
-1848
11788
-14304
10279
-12268
-1800
-6132
-17
-14272
7916
-11200
-733
-3040
-5119
-5064
-3373
-5104
6391
-1020
-8708
-4076
6663
-7144
5642
-13272
-8184
-4088
-1548
-10196
-3058
-4060
-5390
-6088
9464
-19204
-5
-9184
1525
-8144
-760
-9196
-1543
-9192
3827
1044
-2049
-4868
8448
-14280
-510
-11232
979
-12248
-5873
-5108
-3903
-10164
-1550
-8156
-3111
-11248
1551
-9204
990
-16360
-22
-7136
-742
-1980
3315
-8180
510
2296
-1786
24372
2046
-15316
-4345
-8192
-4349
-11264
-2837
-12244
4117
-5029
-1015
-15112
-1242
-9144
3315
-11252
-2038
-8972
-3865
-10216
2312
5176
1804
-3052
-8721
-15320
1277
-5088
-4877
-1016
2322
-11232
2587
-5092
2849
5160
2540
-780
3076
-10192
-512
-2008
4881
-2044
-1765
-1976
-2022
-3060
-7444
-13256
1530
-6144
3300
-6932
4630
-13264
-7472
-11224
-3867
-4096
5380
-984
-3799
-3064
9452
-5120
6135
-12240
-6692
-15316
2322
1052
8188
-6108
2296
-1004
-1272
-19436
5646
-9176
522
-12248
-1303
-10208
4355
-6116
-6411
-7148
-2531
56
-2038
-8132
5145
-7144
-6122
-10184
-4622
-3060
4874
-6096
2826
-6104
722
-16376
-4364
-15108
6909
-2008
2035
-12252
-5888
-8144
2846
-6136
-14069
-5076
-6425
-1804
-14354
-2004
1263
-19424
2296
4
4629
-14316
19469
-11228
-7668
-8164
-1821
-10008
-3080
-4080
-506
-5892
-7164
-4048
-1288
-7124
-1036
-10196
-7395
-8144
1497
-5904
7167
-5068
-1284
-9996
5108
-10216
-761
52
-1031
-5108
5420
-3048
2557
-8124
-525
5160
1552
-11252
4660
-9180
-2328
-13240
7213
-7144
-4102
-15308
-3103
-5072
-3329
-10224
3840
-3060
-1258
-13300
-8438
-4036
3340
-8144
-3841
-4060
-511
-7144
-6913
-1004
1807
1052
1292
-4056
1522
-13304
6641
-952
4616
-13260
3103
-11240
1305
-17364
4805
-12264
1279
-6104
8470
-14320
484
-9992
1792
-18388
-3828
-968
2593
-10212
239
-2004
1253
32
-3593
-18376
1290
-17376
-2068
-15312
-1235
-19440
14056
-10188
506
-7160
-3347
3292
7964
-3060
7410
-7140
4341
-6120
1232
-4868
-6
-992
-3047
-5088
10246
-7124
6168
-6928
-7118
68
-5907
5132
2807
-9148
-3601
-10224
3848
-11224
-6920
-8184
-4902
-14300
-1025
4
4870
-2044
-2019
-7160
-2042
5120
-5116
3116
-6382
-8164
3059
-10208
-4868
-10212
-3090
56
-241
-5104
7396
-12256
-8186
-4872
-5394
-10188
-1
-13288
2048
-13288
-7418
-15312
-8965
-2016
-6902
-12240
3307
-15288
8673
-11244
-3861
-6084
5914
-13260
2043
-10228
254
-9204
-2822
-9208
-256
5152
2831
-9148
1049
-8176
-2583
-12280
543
-4064
-496
-5088
10228
2064
-7693
-11236
4872
1024
-8725
2068
2035
-18384
-7393
-11220
-757
-5084
-1285
16
-4619
-9204
3831
-6144
6178
-11228
8700
-4036
6945
-7144
-2819
-20244
2585
-5100
763
-9160
-18
-5100
-6403
-2028
247
-9204
-17938
-24296
5381
-10204
10013
20
7968
-5892
-4860
-12252
1266
-12236
4625
-964
4344
-7140
3599
-4084
-3590
-7108
3099
5128
-761
-16380
-3597
-10212
-7438
-16356
4876
-8160
8132
-6076
1292
-11236
-6416
-13272
6667
-14288
235
-15340
-1787
-11076
3323
-9168
1832
2064
-3062
-7132
2836
4128
3603
-8180
8422
-8148
16159
4108
2833
-9988
-7439
-10204
2816
-12044
4063
-2012
-2278
-11244
2001
6164
-7649
-7128
-7158
-7952
7438
-8124
-2563
-10220
-2284
-12220
-7961
-8188
2823
-4060
-730
-7124
1774
-8124
3585
-14292
3606
-12264
6129
-12224
-1808
-8164
8184
-13288
-4372
-8164
-220
1096
-990
-10220
-1302
-11224
-5899
-12252
5335
-4900
4360
-12268
-7939
-3064
-9474
252
4852
-8168
9227
-11244
-5050
-9176
3292
3292
6672
-17344
-10502
-1008
-1233
-11264
7690
-788
-748
-6060
1019
-10228
-3586
-9188
3025
-7140
10515
-12280
4595
-13072
1301
-12232
4132
-7160
-3851
-4028
-4347
-6120
1810
-19448
4603
-6112
-1780
-16368
-6132
-8184
3560
-8132
2291
-11232
5109
-6108
-762
-6068
-2050
-10188
-741
-5072
-3040
-11220
-6142
2060
1022
-3848
3844
-12268
-4102
-6112
-2319
-2024
-259
-24280
7416
-15316
9502
-9188
-1304
-11204
486
-16368
7453
-14084
-1759
-5068
8963
-10220
3845
-20381
228
-12260
13872
-6080
2548
-11228
-3827
-3028
5130
44
3321
-23284
8186
-12252
-9485
36
2278
-3048
-6670
-2012
-3095
-8172
256
-5080
4602
-10172
3817
-5116
-1833
-3040
-3379
-27160
-8665
-17368
2545
-5120
-9484
-12040
-2304
-4076
-4610
-17372
2259
-15348
-3845
-7144
-2295
-13225
3093
-3044
10009
-7168
-4626
-3048
2554
-12284
4084
-17384
-243
-10208
9497
-6092
8693
-6104
9982
-7120
13823
-8144
-804
-2024
12285
-17404
3605
-5096
-2299
-13260
-1786
-8184
10697
-2820
-18944
-4060
-3889
-11240
-7934
-15320
6141
-5096
3065
-7120
-8214
-8152
-787
-13228
-3329
-8128
-4108
-13296
4345
-10212
-3094
-3044
-7416
-13248
2042
-10212
6656
-5088
5889
-7116
1267
-4044
5101
248
-2851
-2024
6150
-10232
-1792
-10224
8
-3044
12031
-17384
3356
-6124
3053
-8136
6922
-4060
-1279
-9196
-1805
-9144
-828
-5104
-540
-7132
1555
-9196
10968
24
2788
-10236
-3340
-5036
6684
-4060
1312
24
5162
8
-3858
-15316
5150
-5084
7190
5128
-1259
-9176
1014
-9996
5384
252
-4641
-1988
-9232
-14292
6924
-5112
-7707
1080
-2822
-7136
228
-5092
503
-6124
5145
-5108
5127
-6084
7186
4112
-1748
-4036
7939
-7148
10989
-3064
-2489
-6088
-510
-4052
3068
-12236
2043
-12204
1265
-2040
1015
-2024
-1562
-14092
4350
-6916
6111
-3072
-555
3104
-15081
-9184
4881
-9172
-1537
-8144
-2046
-2024
3330
-9156
2032
4124
6423
-5060
6167
-4908
-523
-12244
-4594
-7128
-2297
-5088
4103
-5060
-2831
3140
-4108
3120
-3293
-9184
-2039
-7112
-1025
-6112
-7645
-5084
7665
-13268
-4355
-8160
3307
-18204
4877
-972
4604
-6916
-10240
-21468
-5085
-8124
12794
-4056
-7692
2072
-2576
-3000
3834
-9109
7416
-13256
-1798
-948
1533
1072
-527
-4052
-3083
-3052
-6157
-21504
1242
-9184
786
-996
3581
-5100
-7402
-2040
3839
1024
-1794
-5108
2291
-15356
6128
-11016
-4596
-20432
3860
-2016
-3645
-4056
3623
-1008
2029
-2020
3349
-5896
6132
-9180
-1023
1028
-3106
-9000
-1806
16
-6388
6396
-9456
-7136
-9713
-9188
4353
-12232
-215
-15344
1021
-2004
-3338
56
-1270
-18412
-13549
-15348
-2574
-992
-12
-9156
-506
-976
-11266
-11264
1030
-10204
3580
-4068
2555
-3052
-10217
-6112
-4579
-4056
-7428
-7132
1520
-4092
-1032
-6140
-2061
-3068
-7154
-17392
-1834
-4032
524
-3060
-12841
-6100
13297
-8172
1038
-9172
-525
-3060
-5387
2080
-5881
-2840
-7703
-8180
2804
-10200
-2559
-1988
-6409
-11220
-777
-18420
8952
-2000
3818
-10208
-4095
-2044
3800
-11216
-1812
1076
5137
-5076
3860
-4072
2813
-12228
3342
-11244
-3859
-16364
2049
-10212
5330
-13276
11465
-6088
-5094
-9172
-9482
-11232
5374
-14280
1797
-3868
-6652
-4064
3109
-7136
-3314
-17400
5098
-6920
-3846
-4044
761
-8152
-3321
-13264
4083
-1992
-9993
-11224
-11570
-13304
5408
-8964
4606
-17360
-2551
-976
3592
1072
-2044
-8148
8163
-5088
807
-1980
6
-11208
-14363
-17376
3870
-4060
231
-3052
-6421
-4876
2818
-8168
-1522
-10188
-2297
-6080
-5100
-15324
-778
-7156
-3340
-3072
-784
-12204
-7951
-16380
4843
-8172
-1518
-10208
2797
-13236
2798
-8152
2561
-14304
7958
-9192
5899
-8176
7938
-8176
-6658
-4096
-2281
-3072
-3836
-6088
5597
-5112
790
-6104
-1033
-1012
6661
2280
-7654
-14096
-514
-18196
-4120
-1004
4113
-6128
-5372
-4060
1005
-14292
-8712
-9200
-5451
-7944
8958
-6120
15097
-11196
492
-6088
3119
-7144
-3103
-18184
4378
-13292
245
-7084
-3318
-6084
-1040
-6108
-7654
-9208
554
-3044
496
-6116
-298
-11232
-3603
-3032
-255
-4076
3064
12
-520
-12036
-12035
-5084
-7391
-8180
5910
4132
-4604
-17388
-2345
-16344
-5894
-14304
7406
-2820
3577
0
-1286
-3064
-5645
-7940
5671
-10184
-540
-4060
484
-12240
10756
-9188
1542
-3032
-479
-8176
761
-6916
-1014
-6140
1308
-2028
4076
-10240
1293
-4072
5338
-3052
-1832
-6128
-6942
-9196
4351
-7152
-515
-2000
9210
-5096
8445
32
-504
-9188
-11024
-8164
-4636
-14332
-6156
-10204
-755
-14336
2787
-12248
1294
-5900
-3588
-1808
11750
-6128
-3060
-1980
265
-12260
-6151
-8132
-2581
-7120
6915
-8172
2834
-12272
-4838
-16368
-1795
-14292
4619
-4068
5625
-21480
-1302
-9200
496
-980
-3338
8
-2551
-2020
-1511
-10204
-4858
-5096
8699
-7164
-2570
-996
-6130
-15328
-1801
-4056
-1244
-7160
-4616
-10204
-1997
-9204
-1025
-14332
1003
-772
3057
-2040
-5874
-1000
7197
-8168
9986
-2024
7452
-13268
-8708
-10204
-2299
-9184
5388
-6120
3065
-17408
-1553
-8188
-8699
-8160
-7658
1060
-11002
-12252
2350
-1812
3332
-4048
5880
-6120
-6125
-11248
-3041
-10176
-5402
-8144
-5623
-9196
-7168
-4056
-2109
-20456
1798
-7164
-6865
-8148
-3587
-10224
4103
16
5841
-4868
-6362
-2004
-3102
-5904
4341
-12252
-2107
-6132
-6630
24
-2026
-3040
3322
-6104
-18391
-7136
-981
7412
-5101
-14280
-8947
-3060
-4089
0
-1279
-8168
-3341
8208
-1064
2080
-5625
-1004
3827
8228
4879
-6080
-1769
-15308
7959
-13296
-274
-1008
-1273
56
-2566
-2028
6901
-12252
6932
-7148
-3063
-7116
2313
-2024
8198
-14308
-3097
-6928
7665
-8116
-5898
-14304
4616
-13284
-6939
-992
257
-12204
1818
-10212
5120
-10220
9757
-10176
518
-6116
-517
36
-491
-13068
-1773
-16328
-7693
-11220
-2545
-8192
-4616
-5104
766
-10204
4347
-6140
-494
-9192
-2822
1080
2316
-3052
-1029
-15340
-6422
-9000
-3617
-10204
-5339
-7156
1799
-15336
-2279
-9192
5657
-3048
1820
-4044
-289
-15108
-45
7184
-3353
-9164
-7636
-11224
24034
-5096
-8137
-4872
-4650
-8172
-5129
-16372
-9202
-7164
-7201
-5056
-9484
-11016
3602
-10172
528
2060
3553
-15328
1287
-11256
5892
-12240
1557
-18380
553
-11220
3606
-5084
3815
-8164
6904
-8144
1029
-4009
9982
-9192
-3855
-10184
772
-11208
-465
64
-6170
-5896
5866
-10224
-3616
6188
2068
-1008
4602
-3068
3078
-11248
3056
-10204
-4820
-3024
4106
-5084
498
-9156
-272
-12248
7668
-2840
-6896
-7156
-6649
-6108
9232
-6128
-2310
-11244
-4123
-12272
-1021
-7968
8454
-15312
4614
-10208
-562
-14272
1046
-16132
6117
-14272
-4611
-8180
2553
3088
-283
-7964
6899
-17376
6699
-7148
1488
1252
9209
-5084
-5623
-4072
8200
2060
-2496
-2024
4083
40
-247
-10192
-1539
-2036
-245
2052
-2060
-3040
-2331
-2004
746
1064
4337
-7148
-2543
-9208
-4837
-972
-3594
-12280
-4875
-10188
-2297
-1012
11768
-14316
-3087
3080
4362
-968
-6674
4164
2273
28
1009
-10240
-7428
-3012
-3592
-5104
2819
-16344
-4567
-6124
5091
-6916
-1017
-12244
-6679
-4040
-6947
-5068
-13337
-15328
-6401
-7160
-1787
8
6139
-5080
13340
-4076
6668
-2836
-3324
-1008
-7680
-5116
-2036
-15332
3582
-3016
-2015
-4880
-2356
-15328
3577
-11228
803
-11200
-11524
-9188
-2792
-10212
2575
40
-272
-7140
-7
-5900
-7194
-3032
7929
-11248
258
-5072
-3608
-8180
4616
-9152
-2307
-4080
-3807
-9176
1281
6160
-1242
-10220
5127
-5080
9179
-2028
-1540
-26328
1796
-15304
-3065
-12248
6151
-8132
-1308
-4868
-10774
-5088
-2287
1040
6891
-10216
3059
-6100
1043
-7164
18178
32
1797
1028
-4855
-7120
16139
-5068
-241
-18420
542
-8136
2095
-11264
-2054
-17392
3331
-10192
4854
-3052
12334
-9176
5344
-10216
7140
-12244
-2825
-13308
-742
-12268
1284
-9200
-5374
-9172
-4063
-8980
4383
-7152
-1058
-8152
509
1268
-539
-5104
3059
-11016
4102
3096
3379
-6100
7908
-10200
6619
-11228
1282
-15324
2286
-4064
4077
-9192
-12024
-13080
257
-6104
-10973
-12244
-3824
-5092
-3638
-2012
1531
-5096
-2030
-6120
2857
-4072
-4326
-15292
-5633
-2016
-1818
-16136
-1041
36
-7910
-4868
-1540
8196
-5879
-16332
-270
-13284
-4860
-6116
1550
-11020
757
-3056
10251
-3024
6400
-10176
1539
-3060
773
-12244
2283
3124
-3070
-11024
7163
1024
752
-996
3782
-19400
2038
-11220
4099
-3028
-1055
-11244
8987
-6100
4880
-2016
-2042
-5084
3584
-15336
7691
-7116
-5368
-6112
2299
-11244
5842
-8176
-246
-7140
-1796
-16344
-4099
-2828
6389
-9188
-1763
-10228
-15648
-7132
5868
-8148
1786
-20436
-4377
-11248
31
-6088
6677
-3036
2314
-10216
-19
-7112
3582
-9216
-10028
-15332
-524
-992
-1523
-6128
-4077
-1000
780
-10212
-5388
-996
539
-6092
-1285
5152
-534
-10200
4078
-5108
-5904
-15308
2824
-9196
5372
-5092
1566
-2036
1022
-3052
-2306
-6128
-3577
-17388
7197
-9196
-11780
-2820
8958
-9208
2839
6200
-9234
-9188
-2302
-8132
-7685
-3072
-1302
-12044
2294
-5052
-3836
-15320
715
-14088
1291
-7140
-3628
-12260
-1772
-2000
2557
-15352
-3051
-10176
11004
3084
10246
-4092
-494
-6128
-1824
-4064
-11
-8192
7714
-6116
6395
-7124
-2547
-8160
5137
-9192
4880
-6928
1283
-15328
-2787
-14272
-2564
-2032
6644
-5096
-1297
-7096
7413
2120
-4384
-3044
4280
36
2309
-6136
-4605
-16360
3853
-12244
-2561
-2040
4636
-8192
1290
12
-3592
-6140
-6624
-15308
-2573
2096
2334
-6116
-3043
-7156
3102
-11228
240
-8148
-2812
-7104
-1508
-6060
-3098
-4096
-2569
-4068
5125
4132
-2312
-984
-3570
-4040
-9233
-7152
-2834
-5064
1306
52
-1554
-4084
8477
-8140
-516
-2824
-4087
-12240
-3591
-8105
8471
1052
-3837
-11228
1784
-11248
-769
-14092
-282
-20428
-1285
-5036
4868
-8160
3596
-3064
3335
-20452
765
-18380
3845
-988
-3322
2128
2066
-3036
6155
-14312
5354
-5068
-5126
-7124
9199
-17380
19
-11252
-8438
-6108
3332
-6096
-13069
-13312
11282
-3040
-3034
-10208
5855
-5068
-2569
-7116
7184
-2008
-1275
-8176
2014
-9172
6655
-15308
-7407
-11220
1766
-3004
-1558
2100
-7156
-19412
4933
-3016
-8745
-2840
3101
-9160
767
1068
2586
-17348
-3073
-7132
-2291
-10188
2861
-1004
6678
-7160
-1986
-12252
-2047
-3056
-11810
56
3085
-12288
-4614
-984
4583
-8116
-5896
-12248
-1563
-9152
516
-11264
-6901
-10208
11492
-2008
-2059
-12260
5679
-19416
-4634
3104
4083
-9164
-5620
-7148
-510
-17336
-5905
-14292
1029
-12224
9486
-7132
-1785
-12280
-3328
-8152
9225
-19440
-2827
-20452
9777
-11012
-258
248
9228
-17380
5150
-16344
-1746
-1984
2520
-10232
-8671
-8188
4881
-9180
9450
-2044
4355
-3064
-1526
-3044
-230
6144
1770
40
-6929
-1000
9506
-8148
-3864
-14324
6389
-8140
-2552
-6092
-6114
-5064
-5380
-15304
1254
-9164
-6359
-5104
252
-10212
2056
-4868
1049
-18388
7933
-14304
-4863
-8168
-502
-15352
-1533
-15296
5924
-2004
-2029
-7116
4854
-10208
10485
-5064
4339
-3036
1255
-14292
-254
-9168
8448
-5120
-3592
1072
-7402
-20440
-515
-21480
-510
1084
5114
44
531
-13308
8930
-11240
-531
-9148
-4322
-5052
2285
1056
3604
-21452
4331
-7132
1030
-17368
-5883
3320
-754
-5896
-5130
-10212
2563
-18428
-7138
-12244
2547
-10224
-540
-3040
-1813
-7128
-6672
-2000
-7698
-12252
-4600
-10228
2560
-7956
-4640
-6096
1776
-9168
-6162
-5084
-14560
-4048
1819
-7124
10731
-23276
-7149
5156
-15665
-8144
794
-7140
14833
-11240
-3552
-9172
-1520
-1008
3091
-5108
-1514
-7124
-5131
-2044
3108
-5068
240
-4064
1502
-15116
-13316
-16328
-10779
-5104
-3589
-2012
11284
-7152
5638
-11244
-2848
-2024
-1285
-5116
-2576
-6136
-274
-968
-11790
-12216
-4094
36
1801
-11212
762
-6080
-1263
-11040
7924
-12260
4892
-6120
-4376
-3052
533
-968
-6133
-8148
13285
-5092
-7154
-7144
3600
-4040
-265
-9188
4387
-10204
-5896
-4056
17925
-9208
8929
-7140
-6915
-7156
4828
-6124
-9463
-9132
-2606
-8172
-1024
-15320
245
-7136
-4335
1096
2316
-9160
-1010
32
276
-4084
4079
-15316
4849
-10232
-6629
-8116
-4322
-7108
-7151
-4040
6148
-9176
-5370
-4064
3343
4344
3316
-8148
-4579
-5116
4069
-3044
6149
-8148
3105
-15316
5835
1036
-4585
-7940
-3062
-11032
-3566
-13284
-2541
-7108
999
-8188
4368
-12044
2277
-8176
1042
-6128
-2298
-5064
3325
-15316
-11536
-12248
-278
-14264
2558
-15316
-5635
-7124
-3056
-13284
3047
2104
-1766
-4060
-5392
-12252
-2834
-7112
7213
2116
5899
-6100
-4621
-13260
-4323
-8172
-6407
-9172
-497
1060
1015
-10196
-1563
-18408
8945
-12260
553
-13244
4056
-5896
-2546
-8980
225
-12048
9256
-9204
-4879
-17396
-7157
-10236
6400
-1976
-5637
-11244
11284
-5088
1801
-14288
1289
-972
-9200
-16344
-9215
-4072
-2570
-14332
758
-12252
-3823
-4064
-3832
-3064
2579
-3068
-5626
-11236
-3054
-14288
-2036
-5068
-1501
-12272
7430
-988
-466
3072
4856
-5112
14
-11220
5393
-8128
516
-28380
495
-15320
3348
-9216
-23803
-10216
-2278
-9196
1536
-1000
-3631
-7128
-7192
5160
2550
-5100
16
-15316
-3606
-10220
-776
-3052
-2571
-2032
1051
-6144
-12275
-13288
-8959
36
-13
-6120
4081
-9204
3846
-13248
11013
-5904
2273
-16328
-2299
-10236
-1321
2104
-3578
-15284
8692
1052
3310
-10228
-4626
-8148
-3089
-6140
-745
-3024
14583
-15332
2079
-7128
4859
-16352
259
-4084
762
-6120
-1802
-16344
6431
-18380
-7434
-14237
-7424
-4028
11785
-8160
-2807
-772
-8452
-13288
-2060
-15324
-3609
-5040
1313
-4084
8953
-10196
-1536
-13276
8191
-14300
-12069
-21464
6110
-3032
-5395
56
2307
-9188
-8990
-960
7693
-5116
4084
-8964
-1806
-15328
-6132
-11240
9478
-11236
-1512
3104
-2561
-7136
6682
-10176
8464
-7096
2548
-7128
1784
-14316
261
3072
-7645
-6088
-253
-2820
-13839
-8124
-1768
-980
1759
-10196
1
3088
-7171
-12236
-7169
-8168
-31
-1996
4357
-3016
4854
44
-3585
-6092
4085
-17376
2324
-12264
-3532
-7132
-531
-14260
-6698
-15328
-2025
-13312
-6439
-20464
4614
-14324
-7660
-6916
13068
-6064
1073
-20440
3336
-11192
-1817
-13272
-2016
-2981
6664
-7156
7140
-7084
1041
-11252
7430
-6136
-8977
-10212
-8952
-14328
771
-14300
-1799
-968
1267
-11220
-1270
-14276
-3074
-14332
1533
-20464
-1278
-12272
5637
-6092
3315
-15280
5880
-6080
-4126
-16356
5067
-13268
265
-8148
-13553
-12244
8707
-16144
769
-6136
1548
-3036
-7660
-9180
4352
-9160
-7167
-5044
10233
-18372
-9500
-1976
-6886
2068
-9452
-9184
9952
-16384
8190
-9204
-8941
-7940
-1817
-5092
7673
-7120
-1804
-992
1798
-11012
-2827
-10176
259
-8160
5377
-16364
2809
-12256
4087
-14312
-4071
-2012
-6142
-7136
-36
-12256
-767
-2024
3577
-4064
-3330
-8152
-3859
-10220
1588
-19216
10993
-11204
-975
-9156
-1568
5348
-3835
-6920
-4367
-4052
9207
-13296
-19217
-10228
5407
20
967
-13276
8143
-9200
-3586
-996
-6147
-13292
6148
-3060
-757
-3036
-6673
-7144
-3830
-10000
-5085
-8156
5841
-3028
-5109
-10000
2301
3088
14094
-976
7469
-10200
2572
-1992
-9499
-8136
1777
-4020
1797
1276
-5371
1056
-3875
-9184
-11260
-11260
-4885
-18372
1466
-3868
-2074
-13272
10508
-4040
1778
-8148
-6909
-16316
3330
44
-769
-8148
7916
-1020
770
-6116
4321
-12248
-3888
-17356
-10220
1076
10001
-5100
1306
-6124
-7187
-15352
-5113
-3016
3362
-4096
11550
-14332
2312
2048
-7154
-6120
1292
248
-270
11276
811
-4088
3569
-992
-36
232
-2803
-9204
743
-4012
-5085
-3024
4094
-2004
-4574
-12256
3857
-9216
-7959
-6100
-4920
-9212
1295
-3036
-6954
-9180
7922
-15320
-1540
-7128
-3052
-1000
9733
-13296
6142
-8176
2046
-1012
7644
-8176
-6898
-12268
13574
12
5880
-12276
1049
-11252
2016
-19424
1288
-8176
12273
-18396
-6125
-1004
-2022
-8136
5895
-12268
-38
-10200
2820
-18408
-3356
-8164
29
-4880
5366
-9212
-4373
-8168
-755
-6144
3320
-4096
3360
-2004
7152
4132
21
-8996
231
-3056
4105
-5120
265
-7156
-1779
-11196
-6417
-14308
-8217
-4076
3332
-15348
3088
-10172
-5909
-16344
4089
-8164
-6883
-9164
-281
-5104
6958
-4036
-4111
-13264
-5905
-11228
-3852
-16132
-2312
-5112
-3332
-7944
3864
-6088
6644
-21448
6646
-3064
-2827
1084
2559
-12280
-5371
-11236
-6661
-4072
-4869
-10228
-1033
-3020
4362
-4048
5364
-7128
1260
-10236
1255
-4072
1550
-13280
-277
-3056
-6440
-13240
-498
-4072
3306
-17160
3310
-6108
-736
-996
5915
-12232
5128
-6132
-3106
-10141
-3824
-2020
751
-5896
3351
-7964
2329
-12260
248
-3028
-4857
-13276
3351
52
-5850
-15328
-2033
-6112
250
-2024
2572
-9188
-4618
-7940
3324
-8184
-1256
-13264
6406
-8160
3874
-3052
5119
-15324
3602
56
8985
-3056
-1028
-8180
-1285
-15280
-3067
5152
-19
-8128
2777
-4052
1002
-6096
-5130
-10228
9702
-12256
10702
1040
-2025
-14332
5336
-20444
7917
-8172
-7158
-8136
-4337
-3848
1558
-8156
-515
-4868
3821
-5060
-1263
-4076
-6427
-7128
9737
-13252
-5379
-5104
6910
-3048
6170
-10204
-4591
-4056
-3324
-6132
1522
-12268
1511
-9160
-1011
-9192
269
-4028
-5111
1072
-3312
-12276
1251
-7140
-479
-9212
1798
-11196
-507
-15280
5132
-8192
3354
-6112
-4112
-4072
-1039
-5092
-5891
4148
534
-1012
-1032
-2040
-7174
-6920
-2821
-10224
-2295
24
528
-16376
5412
-15320
7959
7200
-3838
-14312
8951
-3048
3863
-5080
-1283
52
6656
-5080
-5142
4136
3554
-8140
730
-2036
7421
-4084
-3830
-8140
-2576
-5100
-8179
16
3022
-7952
3324
-4060
-3046
-3060
-7427
3124
2271
-9192
-8966
-12232
-2550
-15340
1767
-8164
2580
-10184
9700
-14256
3312
-19428
494
-14268
8954
-9188
-2055
-21484
3303
-16328
3049
-10172
-3842
-14292
519
-7116
3043
-4068
-6660
1272
-2026
-16380
-1790
-8152
2831
5176
816
-2008
2030
2056
-2328
-14336
-2277
-15324
1286
-13240
760
6144
-8984
-11244
9245
-9208
-1781
-6112
-8736
-2036
8210
-9172
-2792
48
-2046
-964
1270
-5116
13042
-6084
520
-8156
3354
-7948
-4860
-10228
2823
-7124
-1794
-7152
-1256
-5092
-5638
-8148
1019
-10228
-267
-9160
4602
-6112
5
-992
-7697
252
-9471
-5108
-2853
-9160
-1520
-14276
-7173
-7156
12302
-4896
-2559
-3016
5390
-8164
-2569
252
-4087
-12288
7409
-6924
1515
2068
4341
-976
-6166
-3068
6134
-4064
-10744
-3016
-1814
-5892
-8966
-3852
-5379
-8172
-1279
-13268
1284
-9152
1536
-7132
817
-8132
-757
-1984
1538
-6120
4341
-8176
1538
-8160
-9444
-11236
-1548
-772
2308
-9196
720
-984
1276
-7160
5637
-4060
4046
-4872
-1548
2084
-5652
3088
5890
-6112
9495
-14288
6899
-14084
3091
-8156
-13839
-4096
6926
-9168
3833
-12240
-7184
-3044
5357
