-9996
8709
8
-2821
-7124
-2273
-19452
-235
-10216
6919
-14304
-3315
-11236
8479
-8132
8199
-10204
-8
-10184
514
-10192
-2295
-14296
-8707
-6088
14090
-4092
-3531
-10212
-1289
-5080
-3303
-4044
-4098
-3032
-13571
-11224
-7413
-9184
-6151
-10188
-1534
-4072
7947
-2020
3316
-6092
-4863
-9168
2059
-9129
234
-7120
1564
-780
3849
-10188
4081
-10216
2042
-7116
-5902
-9180
-6151
-7152
5385
-15332
-2264
2068
4347
-3064
6406
-6136
-283
-8148
-18962
-5072
-765
-13252
-13079
-4036
2556
-1000
3083
-12280
252
1028
-13098
-6136
8963
-8140
5122
-7116
2029
-13292
-1761
-20464
5095
-7148
-10783
-11244
-7894
-7112
0
-14296
7676
2096
-1518
-11236
-5131
-15316
4402
-11256
4337
-13296
7698
-4080
5352
-14316
7143
-1012
4364
-5092
-539
-11240
3042
-2020
-6889
2068
3562
-6104
7122
8212
-2571
-9176
489
-11236
7178
-1984
1029
-21476
-997
-4056
-1003
-6100
4847
-5088
515
-1804
5128
-7132
7138
-9176
-2044
-8164
-9464
1064
10243
-784
-3067
-12040
5185
-2028
-1541
-8172
-3326
-27340
4880
-3028
7719
-11028
-6137
240
5625
-8176
3073
-4088
6403
-10184
3812
8
-13018
-5044
-7176
-10196
4878
-18420
4082
-7156
-4614
-6096
-2540
1072
-4345
-7124
774
6396
-2579
-5096
-1019
-11236
1032
-14288
7681
-2024
2321
-3068
4093
-11012
-1833
-16360
2055
-15292
-2849
-12232
-8954
-6108
-5360
-1016
6135
-2012
4372
-9208
-247
-3032
535
-14316
5
-4044
-6906
-9184
-5385
-11236
3835
-5084
-769
-5108
5611
-10224
-8710
-5080
243
-5040
-4086
-11236
-6918
1052
11506
3088
-4614
-3044
3576
-13288
7150
-6100
1244
-11228
6374
-6104
4612
-10091
5370
-8156
-14120
-9192
-2031
-980
4088
-1016
-13554
6176
517
-13260
7428
-12036
750
-12220
1291
-6928
507
-6116
-788
-12268
-2822
-17404
3045
-8144
1281
-11208
-4626
-8192
2068
24
3819
-8152
1
-976
2285
-14276
8443
-7156
794
-3072
1532
-6112
-4090
-13288
-522
-5900
-3085
2056
-1031
-10188
11046
-8140
-4079
-5116
1538
-14288
2558
-8176
-4567
-10228
1323
-8976
-8206
-13296
-6666
-4032
-4112
-4080
-7433
-3008
1256
-9156
5381
-15320
-5889
-12260
-6683
-6132
8966
-13300
5363
-9176
-1530
-16348
-2051
-10184
2545
-6136
-5864
-9180
-247
-11212
-1026
-17372
-7690
-22252
-3318
-8168
1797
-11200
-3569
-12216
-9751
-4044
7694
-5076
-2819
-6120
-7141
-14304
-771
-7116
-3853
-10184
12277
-6116
-8182
-3048
9780
-27152
1025
-8148
-234
-11228
5155
-7144
512
-15332
8439
-14272
528
-7124
10224
-4092
15084
-5104
-9994
-14308
9465
8192
7411
-12272
-1035
1064
-3340
-5900
7187
-3040
-6388
-5112
9978
-5076
1275
-4880
19
-4060
498
-10232
8754
-4088
8468
-16348
-1292
-984
-2300
-17396
2791
-956
4351
-10188
-1820
3096
5343
-14284
-5862
-14292
10259
-11252
-279
-6100
3846
-964
-996
56
4593
-10208
-6377
3108
-1285
1076
-13533
-15336
3774
-11260
7208
-13272
-6967
-9988
-7414
-16348
2282
-9180
-6110
-9152
-4099
-18180
10228
-8164
3049
-972
7963
-3848
1014
-12197
3369
-780
-5092
-8148
-3828
-14312
10004
-11256
3321
-9164
-12054
-5072
-1259
-16356
-9229
-6084
7962
-14300
-3120
-13280
-1807
-8156
-2841
-18392
5134
-5096
-3315
-13296
-4111
-11232
-4317
-15344
-2081
-948
-3307
2068
2328
-3844
506
-12256
3297
-6104
-4618
-10160
-5618
4
-10208
-14304
10957
-12264
-3560
-17384
2569
-13276
2837
3104
-9482
-13288
-5413
2060
-4895
-7144
999
-10228
1782
-7168
-1003
-9208
3084
-4028
556
-4068
-11072
-8140
-530
-22220
-14103
-11012
-3587
-1957
9239
-15324
-8747
-11240
5111
-6928
759
-17368
-5088
-10220
-2580
2092
3071
-8160
-268
-11264
-790
-4876
-1794
-16312
10
-4016
-6159
-11252
-1022
-12240
-4590
-5092
1242
-6080
4364
2064
-14068
-13276
3846
-16144
-4640
-16324
759
-5084
6380
-9200
-5878
-3056
-2315
-7104
-3354
-15344
8213
-11252
6160
-12268
-3617
-3044
-4095
4096
-510
-5088
6395
-5072
9440
-11248
-2545
-2020
5944
-10192
-3580
-1012
5883
-13304
4094
-8168
282
-6120
-4651
-4092
2073
-9148
-6635
-6088
-16
1264
-7936
-9180
5610
-9184
8990
-9208
10238
-4064
4591
-14249
3325
-4036
-17641
-11216
4832
-5100
5897
-1988
-1800
-11240
-5367
4104
-255
-7132
-15399
-6928
7204
64
-484
-14296
6170
-11216
-3317
-8152
-241
-18392
7401
-19436
1015
-8160
-5623
-7112
-2321
-5092
-331
-22236
-7177
-13276
2049
-8172
2561
-11184
-6694
-10188
1047
-960
-1050
-972
1265
-15320
5133
-6124
-1791
-9188
-10207
-11264
-4131
-10208
-6652
-14268
-6388
-9204
-506
-5112
9230
-2040
-5379
-14304
-259
-4064
-7407
-9172
-3875
-7128
6139
-1996
7454
-6100
-5107
-14300
-1040
-6096
9457
-9148
-999
-10216
-735
-15352
2850
-9176
-269
-9216
-3847
-2016
3840
-8172
-2039
-10240
-1007
-15304
9719
-13276
5082
-13268
-511
-4080
-8952
-5100
1293
-7144
5135
-980
-3582
-6108
-1018
-7944
-3308
6192
-1017
-7140
-468
-3032
5877
1028
221
-13060
2019
-13244
535
-4060
-2284
-1968
-3598
-9184
1762
-8140
-4069
-10192
-7964
-16328
13594
-7112
2806
-10220
-5906
-11224
-1260
-6084
2027
-4080
-4077
-6128
-989
-8120
-3117
-5048
-4087
-6128
6421
1048
-5137
-7140
-4646
-10232
6398
-9132
-4871
-4096
-4307
-20452
2830
-13280
-3589
-11240
-6671
-7140
-2832
-15324
-7178
-5056
-4072
-12228
10271
0
6393
-8156
557
-14328
-2889
-11264
-6933
-4068
5105
-5084
-4324
-7124
-5854
-3024
2078
-10208
-2586
44
-8647
-9216
-1036
-2036
-9204
-18380
10166
-5096
-5355
-13296
-5590
-10220
278
-5116
262
-9188
9731
6184
530
-12264
-763
-8156
265
-5056
9227
-9168
-11044
1111
5878
-16340
5636
-22224
-2830
-12288
1781
-5080
-3066
-19436
-46
-21468
2781
-15324
-262
-10149
272
-8136
-784
-10196
-3333
-13284
-8989
-8176
4640
-15336
2573
-992
4130
-15292
12508
-2008
6405
32
10258
-17372
519
-13252
-7393
-8140
3353
-8168
11753
-12256
-2042
-15324
4851
-3060
6153
-13276
-2822
-2044
-4601
-4868
1525
-9164
-1295
-15352
8161
-4080
10497
-2028
5367
2300
-1556
-12280
8447
-11236
-14347
-5092
-2252
-16348
-8443
-9160
5155
-14280
263
-9212
-7892
-2020
-1264
-10236
4842
-9176
-4601
-18400
3587
-3044
-2318
-7116
-1014
-17380
1
-6088
-4594
-980
6400
-15352
1803
-17344
1258
-3044
3836
-19436
3067
-6080
-6413
-14320
-13302
-6084
728
-10184
-1304
-2000
2007
-19436
-12582
-6116
-2077
-7160
-6152
-12240
2038
-6136
-5365
-9200
4855
-12280
-4846
-8192
-2835
-13288
265
-4052
-8168
-6936
5619
-15344
4818
-21436
-4367
-14260
4334
-13280
-1826
-7140
-3333
28
-8442
-12248
-4875
-14280
2805
3100
-3083
-11224
6172
-7100
-6689
-8108
-1532
-10196
-5372
-5056
-5156
-10228
-4361
-14260
509
-10188
-1812
-21480
-4868
-6112
6392
23328
3551
-9176
-1277
-15336
495
-9184
-3841
-5084
2787
-4088
3856
-8140
-7917
-5112
2549
-7132
3541
-8160
775
-16332
4898
-992
9
-12220
-2845
-7124
-2559
-11208
1825
-14316
-3800
-11184
-2590
-15316
3080
-16368
6905
-4052
2329
-15352
6378
-4040
6680
-6076
3579
-5044
5132
-13256
2811
-10000
-3831
-3024
-3090
-17352
6133
-7152
-8959
-10216
531
-9184
-6652
-13197
2056
-13268
2045
-10220
-29
-20468
-4108
-5064
-2554
-10212
1262
-9196
-2038
-8176
-27
-6100
1519
-13284
-9222
-4076
-1020
-8172
7950
-13276
2579
-12040
-2037
-3032
270
-11240
2069
-9180
-1006
-2040
275
-11216
9523
-13276
6404
-3004
-1246
-8172
5648
-1988
2846
-15320
-2827
-6136
285
-4024
-4103
-8140
-1279
-14328
6638
-14288
-2560
-8144
4096
4140
-5110
-14280
-3809
-1016
4098
-10196
2598
-11252
-506
-992
-11544
-12040
-237
-13292
-3873
-10228
3828
3112
-2019
-6112
526
-6128
-1008
5164
1793
-7112
6885
-4060
7924
-13276
-1780
-7136
2316
-19424
-6374
-9192
-6155
-2988
5123
-17404
6612
-9180
-4103
-4044
-2032
-3036
5378
1044
-5155
-16340
-4340
-5120
4353
-8176
-4885
-15320
-2529
-17156
4618
-13284
1522
-8152
270
-17164
4621
-5120
-1255
-12224
-530
-4092
-1769
-9200
5117
4104
-7174
-8136
3096
-2008
3303
-7144
-1022
-10188
5607
-23240
5116
-12276
312
-772
-3849
-4060
-1771
-16344
-223
-18368
-5649
-13264
4838
-8136
2308
-11248
4351
-996
277
-12232
-4632
-15336
2794
-7960
-7182
2060
-11028
-12260
515
-6072
11511
-11228
-3315
1096
254
1052
1253
-11236
1497
-13300
5891
-10204
2787
-11165
2316
-12252
2541
-8184
-508
1072
7954
-7952
5148
-10232
2557
1048
10542
-15332
-5881
-13308
779
-13276
-542
-7164
7423
-5088
-6674
-7944
6377
-992
-4589
-16364
5371
-16340
6626
-9176
-5894
-14316
-1818
-5120
9
-14324
9495
-14288
-4088
3100
4598
-6116
-4602
-5092
6137
-3052
-2053
2096
-2322
-5048
-3048
-2020
-2032
-5100
-2801
-10200
-1262
-15288
-1069
-8180
2578
-5080
-508
52
-268
-18388
11253
-996
-8172
-3036
8964
-12220
-5135
-8132
5885
-11024
-521
-8188
2042
-12228
-1795
-5112
-4325
-10240
-540
-3052
3841
-6084
9502
-11240
-5867
-12260
5644
-1996
-12528
-7148
-8486
-3048
-4835
-15312
7407
-17332
5386
-19396
268
-13272
2780
-5052
-13343
-10208
1311
-4080
1244
-972
485
-7148
-12535
-11232
2551
-7140
6646
-2004
-8927
-7128
250
-7128
-4641
1248
533
-10172
13590
-13276
783
-4052
6162
-7148
2512
-7104
-9504
-10228
-3346
-7081
-6156
-5892
-8430
-8152
-2540
-3056
-5120
1072
3566
1080
10470
-12240
3347
-5100
4632
-2016
3319
-11228
2273
8
-8668
-19408
11757
-9204
-2074
-10232
-6140
52
-11783
-3036
3365
-17364
3593
-13312
-3070
-13260
1810
-7152
-4115
-8160
1017
-10212
7968
-10180
1538
-7136
1037
-17372
2046
-5084
-2258
-5088
-4076
-15328
-8181
-15320
1033
-984
7170
-9208
9714
-16352
6914
-10212
-8694
-6132
3554
-16364
1032
-2020
5385
-7116
-1524
-11220
-4365
-10224
-541
-15316
-1044
-2044
-504
-1004
-260
1076
-7656
-5100
-1777
-2016
-4117
-19424
5862
-17364
-1011
-10204
-190
-6092
-3580
-7156
1834
-4092
-4106
1056
10762
-8156
-5342
-1020
-1270
-8148
3602
-8168
2305
-8144
-4363
-10153
-4862
-1988
-3834
-2024
5135
-6124
-9704
-12276
-2052
-18392
-10232
-9188
-28
-5096
-5885
-9156
-4901
-9204
281
-6116
-3311
3112
1839
-7136
5622
-7116
9958
-976
2262
-11212
4626
-5076
-1250
-8164
-3842
-8172
2543
-2012
3067
-10240
-3321
-2824
6405
-12272
-7164
-6116
2572
-12044
-4065
-10240
-4103
-12284
3564
-6092
-2835
-3036
8210
-10192
7127
-11208
-2086
-10216
1788
-2004
-1021
-9204
4627
-8968
4867
-9188
-5380
-964
2304
1080
6397
-3060
-761
-5096
3876
-12288
230
-9196
-487
-15296
-773
-11216
5109
-5112
7683
-9172
5123
-5064
-826
-6112
-5384
-5100
4122
-11236
1075
-5072
271
-13260
2097
-6092
-2592
-7160
798
-5100
3351
-5116
3820
-16372
-9973
-3040
-21
-8156
5379
-8132
4585
-12260
7131
-6112
-5648
1096
-482
-964
1280
5124
4052
6192
-724
-1804
-1316
-6112
-5879
-13276
-2812
3308
-3568
-17384
-2558
-3028
1019
40
-5655
-9176
-1553
-5116
3269
-4036
-8727
-976
-3838
-9988
2031
-5096
-4347
-17204
-4871
-1804
-2300
-19424
2319
-2024
2836
-19436
1281
-16368
6937
-9180
7692
4128
8205
-5084
545
-10216
5121
-16364
-2559
-7084
3370
-10176
-13596
-11204
1565
-4052
-14876
-6076
-12024
-9180
2535
3140
8988
-8152
790
-4056
-4326
-21464
-9467
-10204
10506
-3052
-3839
-16336
494
-10204
1309
-9176
3837
1024
-6128
-8152
2313
-11220
-7162
-11220
1788
5128
1516
-2048
5134
44
-3875
36
2322
2096
-7687
-2004
8193
-3044
-3800
-7148
4576
-11244
-1277
-2036
2782
-11228
-500
-9176
7191
-7140
1305
-6120
-245
-9188
3312
-8148
8698
-2988
-4863
-1000
-4362
-2016
-5401
-16344
5912
-8124
-2041
-960
-11492
-5896
-2058
-10200
-2539
-1004
239
-8172
6156
2120
-2049
-8136
-3335
-5072
3061
1064
2278
-9996
-5360
-5100
-5903
-13076
1772
-16132
-279
-2016
5124
-14320
-6434
-8148
-12
-3068
-4589
-3064
5111
-6124
4367
-14300
1776
-3024
-3099
-2012
-2810
-7092
-6111
-14280
4575
-17392
-5859
-3020
5095
-12256
42
-3052
-1779
-15112
-7188
-1000
-2807
-9204
3821
-6124
-3845
-8168
-16113
-3028
-1539
-5072
1748
-9996
4587
2060
5115
-10172
-2804
-2024
-10490
48
3564
-13256
-271
32
-3310
-15356
8175
-3020
10460
-9208
-7149
-7124
-783
-6084
-2068
-12248
-6875
-952
-2554
2052
-2565
-10240
2534
-7164
-792
-3844
-5901
-3068
10502
-9216
-8724
-5084
-4090
-4080
5882
-5048
-3074
-4084
14613
-8112
-3843
-2020
2319
-22264
-782
-15336
-4615
-13268
-2288
-11228
1023
-6104
-5918
2112
-3606
-9164
-6930
-3036
-1786
-4096
4348
-11216
-7418
-3048
7194
-17160
-1773
-8988
8472
-3044
1284
-4064
6102
-8972
-10484
-8148
253
-7940
-4335
3092
-3773
-6108
13270
-12244
-5639
-11216
-4559
-3044
6637
-3844
-14345
-3000
1536
-5116
7402
-7160
16903
-4048
-4576
-7144
5141
-4028
1799
-6140
-12805
-9176
-780
-9212
-3090
-10196
-3328
-8172
8964
-24300
-6899
-13296
5135
-980
-5423
-18368
-2796
-7128
10970
-16348
-9994
-14316
8956
-16340
7941
-2036
7926
-6116
-3061
-9148
1790
-6088
-3844
-3844
-2532
6396
-9507
248
7
-9184
522
-6132
4108
4
8444
-14288
4850
-7148
-7686
-11220
10516
-17388
5098
-5116
-2816
-14264
6882
-9192
-2591
-4064
5121
-18416
3078
-13312
-5415
3100
-8193
-12244
-8166
-8184
1527
3124
7707
-6924
2796
-11248
3326
-4088
1250
1084
1578
-3004
806
-2012
13836
-15284
5131
-12244
1808
-9200
1028
-6116
4152
36
4117
-7160
2067
-3048
4352
-4032
13831
-9200
-11028
-7132
1778
-8172
2341
-11232
-5638
-14324
12322
72
-4350
-16360
-5400
-7132
11002
-24280
9467
-8968
4335
28
-5106
-7136
5124
-6096
-2602
1040
7686
-6116
-5903
-7128
-2314
-13300
-3304
48
9727
-15312
-1
1040
-4121
244
4091
-3016
-9718
-21484
7934
-8136
517
-15348
-9229
-19452
3341
-18412
6669
-4092
507
-5116
-1287
-10184
-8717
-8168
-759
2100
-1540
-8184
-4592
-11240
4092
-6140
2847
-6116
-3621
3100
-7907
-5088
2305
-6920
-1811
84
-1034
-14292
13291
-7164
-9434
-4072
-6683
-10240
-248
16
-5631
-13300
-6961
-6920
-8182
-11240
1759
11276
1023
-17388
-1003
-7168
-8171
-11212
6424
-12204
5622
-20416
5379
-14084
13323
-8180
1007
-19432
-5102
-2032
-2559
-6084
-3363
-6112
1286
-8168
1287
-10204
-5602
-10216
-1766
-9184
2046
-9192
-1031
-20432
-6138
40
5140
-9196
11231
-3028
2815
-3048
-1788
-4076
-3860
-12240
6383
-22216
8707
-9180
-8697
-8168
-14872
-2020
506
-3020
12005
-16340
6157
64
4859
-9204
514
-5060
-527
-3024
-3809
-8176
2563
-6940
2805
-9144
-1251
-7940
-2084
-13064
-1250
-10200
-1049
-6112
-6404
-11212
4360
-5108
-13050
2084
-1511
-2048
-526
-8964
2326
-11264
3091
-5112
-1309
-10212
271
-18392
-10772
40
2826
5128
-5139
-16336
6374
-7120
783
-8192
9957
-12284
-5092
1080
3329
-10204
724
-5088
-716
-22268
2553
-14328
-3587
-6080
13126
-3044
11795
-2024
4325
-10212
6163
-12228
-2851
-8172
-6681
-8144
2092
-9988
764
-15348
10005
3124
-5615
-19384
5103
28
-6409
-6116
4105
-19408
-2328
-948
-1
3084
-9193
-14288
2014
-17392
757
-4096
14349
-5116
-2017
-9200
12043
8
-3346
-13080
-5899
-7144
-5395
0
-5622
-14304
-5399
-10220
517
-17372
-540
-6080
-2057
-13304
-3073
-5072
-2539
-13260
-7417
-4076
-2557
-7152
5913
-4068
-6414
-3020
11026
-4080
-784
-8172
-1753
-12224
1320
-7152
-4657
-6916
-5156
-2048
-5396
84
-4840
-11248
2086
-1016
7183
-12288
249
-14288
768
-7104
5139
-3032
247
-4072
743
-2004
7676
-12248
3034
-992
5091
-9996
-1527
-12244
2524
-8172
-7459
-5108
-13102
-6084
6
-15300
-767
-16348
2841
-4072
2061
-964
-25
-1012
-8176
-12280
5144
-14300
5375
-7132
-9229
20
1557
-12256
8219
-992
-466
-15332
2532
-6920
-2575
-4876
1289
-8172
2783
-7132
-4861
-12252
-4086
-8136
-5649
5172
6395
-8176
-2803
-1004
7450
-4040
242
-8168
48
-6084
-7177
1052
11
-7104
13851
-11240
-2535
-10220
-4083
-12036
762
4
-4075
-16380
-5672
-8156
2324
-2020
-2036
-10208
7965
-10192
-12283
-9168
3314
-11244
3329
-17168
-2803
-11232
13279
-10188
-4043
-13284
-4098
-11208
-2789
-16340
-7676
-1004
-3090
20
2551
-7140
-14323
-17384
8716
-4064
9469
-16352
751
-10184
-4621
-18376
6660
-8176
5092
-13288
-4096
-4072
2847
76
-8192
-3044
-6132
2292
11722
-7152
2315
-11260
-2342
-10216
-8190
-11220
524
-15336
-3364
-22204
-10234
-9164
-7457
-1980
3346
-15296
-2263
-12272
5361
-8136
-506
-6092
5882
-11204
4578
-11016
-1543
40
-6918
-5100
2031
-7120
-3593
-3040
-18435
-8184
-3636
-8140
247
2100
-2792
-7140
-5884
2084
-4356
-3052
6912
-8176
-8708
-11212
3076
-15304
6890
-11244
-1031
-7952
4103
-5116
5901
-4044
-7959
-13300
-1793
-6092
2277
-10232
-4355
-6108
2849
-7140
8703
-16360
-7162
-7160
784
-12244
-1284
-8116
-1782
-8164
2847
-7132
-6137
-1004
5644
-7116
-2054
-4876
-1021
-8180
1283
-3028
-1033
-9180
-4314
-944
5128
-4092
-6657
-4048
-983
-9216
3593
-18180
-1539
-12272
2581
-5076
-2576
2108
-3319
-16352
1318
-5076
-253
-5092
3087
-10216
-276
-8160
-1
-7084
-10485
-12276
-7909
-9196
8191
-4092
7662
-16368
1795
-13280
-2330
-9184
-9205
-11244
-2345
-2020
-6920
-6084
-283
-6120
7418
-20452
-12521
-6132
4089
-7168
2050
-8132
4320
-2004
-4846
20
-1798
7228
-7914
-8168
-288
-4088
-2282
-11224
5921
-6112
-752
-5104
-6163
-11208
5353
-14308
-4372
-6096
-8909
-5096
510
-3036
255
-12284
-1772
-18400
-11517
-6124
753
1080
3061
-11244
-14072
-6116
2296
-13296
2042
-14328
-2562
-7140
-9938
-972
5397
-4872
16868
-6104
6161
2068
-2018
-23284
4374
-15312
-6934
-5100
-6150
-13292
-10757
-22224
4374
-3036
-4600
-9184
6919
-19412
-7154
-4044
4636
-3020
6131
-12264
1814
-11240
10462
-6140
-3597
-11256
5411
32
1773
-5092
-1758
-5104
1531
-2040
4582
-7144
-5133
-5084
-4106
-6100
-2
-9180
-5146
-10192
-11754
-8188
-265
-948
-5425
-12272
-5116
-13256
6179
-5068
8461
-11012
6165
-11248
4343
1100
-12283
-4048
-2052
4108
4323
-7140
20
-18424
-216
-996
-6630
-11236
8148
28
5625
-6072
4867
-17352
4628
-10172
-508
-2012
1231
-3040
-521
-5112
-5406
-14296
-514
-12256
766
-6084
12812
-8184
-5118
-9988
7237
-17368
-8168
-8160
-6371
-5056
-18510
-6116
-5645
-13280
-29
-7152
6151
-22028
-5368
-6088
-10505
-5092
499
1052
-11765
-1984
-7167
-5096
-3577
-11208
8147
-11224
-285
-8172
6654
-3048
739
-27360
-3080
2088
3329
3092
2030
252
-10740
-1020
-1008
-13288
-2325
-15304
-6942
-7104
-519
-996
-13309
-4068
5649
-3060
-2060
-17376
6642
1036
9518
2084
8196
-9144
-4591
-8188
-4366
-3060
776
-7128
8452
-10200
3302
-12236
4416
-18384
758
-12256
-2301
-11264
-549
-7128
-10760
-6132
2759
-6096
-2002
-5080
6158
-7148
4094
-13248
2309
-1016
1781
-7164
6661
-14324
-9951
52
-9455
-4060
4145
-6132
1777
-10240
-3039
-12240
-8971
-13236
8944
-8176
-3285
-2820
16
-12068
-4597
-5048
-2313
-8172
2314
-992
4344
-13292
2316
-5076
-16591
-10121
-6690
-10164
6148
-3036
-12207
-13288
11746
-12240
-4080
-9168
2571
-15308
2790
-1968
8695
-7156
3596
-14288
4104
-7120
5920
-11248
10249
-9204
-545
-14308
-2031
-16328
-1032
-15332
1056
-10216
5366
-996
6673
-18424
2796
20
-9972
-976
6894
-10212
3572
-1016
-4335
-9200
-3570
-14320
-4611
-8184
8962
-9176
-6109
-20436
1279
4104
4614
-3068
5867
-11232
4858
4
6660
-8116
-3074
-4076
-3099
-2036
-1016
-13252
3352
-4032
-8226
-7144
772
-5100
-2061
-13272
3093
-2824
-30
-8964
-6163
-9156
495
-14288
-1040
-6092
-1258
-8184
-3322
-10224
5119
-11228
-7665
-2008
-3128
9232
5133
-7152
5108
-11012
1751
-13264
-4582
-2824
4362
-6120
-7440
-9180
-518
-17156
-5403
1036
17
-7116
-1050
48
12044
3084
4891
-10204
-793
-13312
2051
-13268
4586
-15253
-8206
-9996
4603
-9212
4396
-11244
-3095
-5036
-994
-7104
1785
-15332
-5141
-11020
11476
6176
-9697
-4088
2800
-10228
8465
-7168
3332
-6112
491
-3052
-9722
-9212
5120
-6136
9207
-988
8190
-11252
-16131
-16156
-4349
-7160
-1513
-10224
494
-9204
-6449
40
6677
1028
12
-16344
1034
-11256
5115
-6096
-3036
-15300
2562
-8172
3822
-3020
-10175
-17340
-5918
-10216
-1758
-10228
-7660
-6116
6650
-16352
4355
-9208
-488
-12272
1031
-8128
4606
-3004
-3808
3128
3587
-17384
1016
-13300
-9961
-4044
6161
20
3073
-7120
7931
-14104
6630
-10224
-4088
-18404
-8193
4108
-5144
-6124
-1739
-13248
541
-10216
3073
-4076
10742
-13292
10492
-1996
-5081
2128
-10777
-13280
-3320
-6128
-2314
-8192
-2267
-4072
8197
-796
5365
-3024
2318
-11208
-7398
-8132
3076
-6112
-11252
-13268
7653
-6084
15874
-17368
4850
-4872
510
-12248
-6890
-6132
8702
-7168
-7659
32
-4597
-11020
1536
-13300
-9464
-2044
-1540
-17324
-1814
-9184
-4370
-7136
3076
-10224
-6643
2116
-2803
-10212
8222
-16368
4591
-4064
5889
-14308
-2556
5160
11513
-1012
2802
-18384
2016
-11248
978
2100
-5647
16636
-10210
-7136
-233
-10216
-1001
-7073
-45
-10204
-3073
-2044
-9201
-8180
526
6196
3090
-1996
-3591
-5092
-3317
244
12818
5148
-6642
-9208
-532
-5112
-1003
-3056
-3112
9264
-1816
-9196
1505
-12272
1270
-7156
225
-7148
-775
-5092
-3347
-8176
-8209
-4876
-6378
-6096
-7458
14348
-1556
-1008
3321
-11252
-4567
-6104
-8180
2072
-1030
-7108
5887
-5052
-8720
-3052
-5652
-11232
2565
-1000
-4355
-11244
10222
-10220
757
-8192
-2560
-2020
-7141
-7128
-500
-3060
11787
-21448
1040
-20448
-2799
-12284
-3341
-2040
-505
7212
-2567
-18408
989
-10168
-6168
-5112
-2338
-14084
-11001
-12244
6423
-4096
11249
-11184
1259
-6084
-6901
-8108
3555
3100
775
16
765
-8172
6115
-4056
2555
-8176
-8198
-12248
4333
-8188
9476
-7156
32
-4032
-4079
-5064
5125
-7140
1055
-8124
8968
-10236
2812
-8168
8980
-5100
-6409
-7132
-7427
-12228
11519
-7132
-1973
-13264
-3071
-9164
-14339
-12276
14606
-12268
-4312
-10232
6950
-8140
-3601
-12248
779
1052
-3854
4112
-255
-8168
-1257
-7108
-6162
-8968
9511
16
-5878
-7160
-1796
-1812
-521
-11212
2049
-10224
-1284
-10232
5416
-6116
21
-10224
6434
-11212
2837
-7136
1259
-772
-1315
-7136
-2058
-5040
-1260
-5112
5377
-17400
2069
-11208
-10253
-13252
6928
-6088
7946
-5084
-2035
-11224
-505
-8124
2027
-15308
10
-4072
-3305
-14308
-8974
-5056
-4325
-9212
2288
-8144
-1317
-18388
7140
-12236
-1283
-7168
-6143
-2992
3049
-4060
2023
-2044
2342
-3028
-2846
-8132
-2052
-17368
-4874
-11208
563
240
1780
-4064
1049
-3028
6413
-11256
3573
2064
-514
-7120
-10803
-3856
1264
-12248
-8215
-10204
2808
-9168
1048
-8180
6657
-1008
-11517
-11244
1294
-984
-3086
28
-2310
1068
9423
-11200
11514
-9176
-2033
-14332
1282
1072
-3350
-4072
10002
-7116
-1758
-4044
6405
-10216
763
-2020
781
-1004
-3077
-19416
-261
-6092
-8184
-6096
7903
-9184
-6117
-11216
-1795
-6108
9973
-8124
7456
-6100
5617
-4088
3067
-14276
-4356
-7081
-2829
-15352
1502
-2024
-279
-8164
12531
-13284
7188
-14288
2577
2072
-11250
-14296
-217
-11264
9701
-7940
-787
-17380
1556
-10196
525
-13268
-1307
-3052
2046
-9204
-9998
-17360
4086
-4068
3803
48
-481
-5088
10479
208
4073
-4056
791
-7144
-2590
-6140
5914
9224
-8172
-3056
3808
-1012
3824
-9996
5371
-14328
-5377
2064
2769
-4088
3045
-8144
-2806
-5096
3057
-11256
-6374
-7164
-2541
-13312
-3334
-5104
8238
-972
-6923
-10228
-6151
-7120
3042
-8160
-1014
-1004
1038
-11212
-9231
-10224
-2780
-12048
41
-1996
5626
-2836
1535
-8128
-11826
-4092
-10489
1080
1792
-984
815
5136
6162
1260
3344
-4076
-5130
-8164
6642
-5100
-10263
-3072
5869
-8172
5380
-8192
-259
-7156
-1489
1060
270
-13312
-3347
-17392
-2312
-20460
-1516
-4036
8709
-6104
-5105
-13268
759
-16372
-3831
-18408
-7419
-8152
-6885
-4056
7443
-10224
4080
-6132
-2794
-8136
1791
-8160
1310
-12256
-535
2096
-3082
-6096
3851
-5116
-6173
-14312
-5321
-7148
-2293
-8164
1011
-7088
6643
-7128
-4373
-3000
4820
-8144
-4354
-8156
3843
-11208
-5919
-16364
-776
-15296
-3809
1044
2831
-5084
761
4112
4892
-9208
-2052
-10216
6913
-12036
-2035
-5892
7443
-10156
1274
-7132
-523
-4036
7186
-13304
3074
-9188
-2032
-14284
-3320
-14284
-8937
-6112
1521
-4088
-3825
1060
-4643
-19436
-1284
-16344
-2810
-11248
9210
-5068
1812
-6112
11531
-8168
776
-952
4626
-6092
14065
2076
-6414
-14312
-2835
-18396
-3346
-8164
3070
-5080
-537
-12252
-740
-3056
1533
-996
-3299
-2044
2097
-15316
1062
-4044
-1039
36
-746
-10220
-1779
-4092
8182
-4072
5649
-11208
-6667
-8176
-4066
-4076
6158
-7077
2037
-7164
10509
-8176
-6624
-4044
254
-14328
1275
-11252
-1298
-3040
4634
-3072
-2324
9280
-6401
1032
3853
2108
-258
-16356
6144
2068
3827
-4064
-10230
-11256
5353
-14336
-231
-14284
5138
-2824
748
-956
-3295
-9992
-1798
-2824
-10240
-9160
-5390
-3844
12030
-12276
2812
-6924
6435
-7144
-2056
-10188
533
1032
-2320
-11236
-6654
-10188
-470
-6132
3847
-16360
2597
60
1494
-13260
-4561
-14296
-8990
-2008
2834
-5072
-9203
-14296
4603
-11252
-3100
-10200
11014
-12244
-9
5152
-4595
-12204
-5136
-3024
1536
3140
2533
-6072
-1319
-988
-8180
-13292
-3817
-11224
-11538
-10184
3334
-5892
7174
-1984
-2061
-15116
-250
48
1008
-9192
-7669
-11216
1009
-7152
514
-2012
-279
-11228
-1317
-3044
-17408
-3016
7185
-15269
-280
-9160
3354
-1008
11744
-21484
-5928
-11224
1046
-2036
5672
-19444
-1838
-13268
753
-15356
23
-4056
-257
-15312
3815
-1800
6128
-8180
7676
-7148
-215
-7164
2570
-15148
7138
-14328
7715
-8176
-3584
-11216
1297
-12260
11509
1060
4871
-11260
-7652
-4072
761
-6100
-4859
-13296
1261
-5100
-7954
-6120
-11754
-13296
7144
-7096
-5391
-16372
5889
-11204
7663
-9180
-32
-5072
-1291
-8124
5356
252
6905
-9156
-3579
-5096
2572
-9172
-497
-11220
5117
-10208
4590
-17360
4356
8260
5119
-15332
-1517
2092
1293
-2824
11787
-12248
4847
-6128
778
-8972
-1038
-9196
3816
-2020
7680
-5080
-4124
-1020
-7145
-3040
-3317
-8152
-4343
