40
2567
-2048
1583
-7116
8202
-10212
-3839
3080
2051
-11232
4839
-8176
-4858
-15160
-8461
-9180
-5881
-4064
2035
-9168
2298
-15336
2575
-14288
-9755
-3068
6655
-15340
2024
-8184
2036
-6128
2528
-17356
-4068
-12256
4345
-16360
1011
1088
-2587
-13300
2323
-10232
1299
-3044
-4108
-12044
-4642
1044
5661
-16356
-1826
-10220
1807
4108
-1035
-9208
6930
-10208
503
-1012
-3092
-8160
3571
-4068
-23
-10228
1802
-7948
-6122
-14320
10994
-3032
10254
-6120
-5921
-1016
5403
-8156
-4081
-1796
-1775
-1004
-2804
-2028
-492
-6096
1342
-8156
7904
-10220
-2303
-6104
4379
-3060
-260
-17404
-5904
-11224
-6109
16
6401
-12244
-5129
-5084
4346
-6100
3319
-7164
1030
-6100
-5144
-2000
1791
-16144
-9
-12224
2315
-9180
-5657
48
762
-18392
-2544
16
-4323
-8968
-767
-3056
-2323
-16356
8399
-11248
-6422
-8124
1025
-3048
-5932
-2024
16938
-6120
-1019
1040
-3843
-11224
9512
-22240
-4586
-8184
-1809
-7168
-1025
-5120
-2042
-3044
-1281
-7124
-3105
-9184
-5849
6188
1323
-14308
4811
-5108
-7947
-8964
5389
-4084
7167
-10200
13077
-16356
5672
1100
1292
-13280
-6939
-9192
7685
-6096
-1527
24
-2318
-10180
8212
-4040
508
2084
-775
-15348
7682
-1020
4112
-5088
-1814
-5096
2830
-8172
3327
-6088
-8953
-12232
-787
-9184
-4367
-5116
2540
-6140
-1028
-6128
2285
-4096
2572
-6112
774
-9180
1312
-2024
0
2104
21782
-7120
-3877
-11208
11261
-6100
8460
-8156
-9215
-11248
5605
52
4878
-2024
-5126
-9188
-4096
-5056
-2319
-12268
2564
-6112
4904
-10184
-4127
1080
264
-5084
4106
-2040
1543
-3000
-757
-8192
3062
-8144
-1016
-9172
-5662
-2012
5389
-5096
1535
-8188
759
-9208
-1797
-9180
-2295
-9192
2582
-5080
2835
-996
6168
16
-5864
-9988
-497
1096
1025
3096
-10218
-13064
5645
36
-2512
-4072
-7684
-11224
2300
-18400
4122
-13068
9438
-12244
-709
3092
-4596
-5076
5639
-3068
257
-18388
3313
-992
5157
-10212
4341
2080
-6364
-3036
4326
1252
-993
-4056
-2069
-9208
2326
-8188
802
-4048
2609
-11216
-3331
-2820
-5615
4124
-10974
-8964
2074
-3008
3324
-10200
5653
-2008
-737
1272
5107
-2048
-2294
-2000
-3339
-11224
1317
-4884
-3329
-6116
2055
3324
-1789
-4088
3567
-1016
-2274
-7128
-3835
-2008
-8211
-9168
6902
-4072
8173
5148
6133
-10192
4865
-11248
2519
-7148
-8987
-13268
1535
-8168
-1300
1040
1304
-19432
5892
-7164
12542
-8176
4085
-4080
2533
-4088
5373
-8180
-1285
-4880
-6394
-9184
522
-3044
3039
-13264
-1515
-11200
7693
-12264
7150
-12260
-4656
-10192
5390
-9208
514
-19400
3104
-7136
2798
-13068
-756
-7156
5127
-8144
-3032
-17364
-2324
-12260
7469
-3056
-5125
1044
1278
-12252
-4394
-11220
309
-7148
272
-3044
-1000
-3036
-13894
-8160
6654
-3848
32
-4048
-5109
-5120
7165
-20444
-2328
-9208
7411
-988
-5877
52
-11015
-804
3583
-7140
-2565
-8144
-6916
-13276
4139
-14284
-5365
-10208
-10512
-5100
1015
-6924
1247
-7100
11017
-8164
11764
0
13307
-5120
998
-8192
-9437
-7156
1798
-6144
-9495
7184
-10762
-10196
5613
-2020
1019
-2040
5413
-1804
-2837
-2044
5389
-12044
4896
-5009
-5144
-9188
1513
-9164
3840
-6076
3312
-13284
-4074
-5088
6121
-5104
3585
-9160
-2823
-10224
-2034
-14280
-2819
-6120
5099
-10200
1814
2080
-7932
-8156
-1785
-10224
-5360
-3020
2052
-10216
1009
-8180
4623
6176
1539
-6088
-5373
-14328
7878
-8124
-5106
-8184
-4642
-11232
9490
-3048
-10228
-11188
10224
-992
8245
-11224
-5
-17376
10740
8
1549
-7160
2056
-3036
-1029
-3064
1557
-6104
-1529
-9208
-2559
-8164
-556
-18400
1028
-8968
-2281
-10224
6400
-8160
-515
-10172
7924
-4076
8225
-6128
2602
-6136
3311
-12264
-232
-13308
-6917
2084
-3596
-19361
2322
-12248
2768
0
1549
-8164
5637
-7156
-3843
-7140
-3846
-3016
-5333
-9184
-11536
24
-6154
-4868
-1814
-1020
2325
-10220
-6914
-8132
-1261
-2016
-2580
-980
7681
-7152
1019
9272
-3058
-6124
8996
-14320
2037
-9172
-2305
-17384
1282
-8152
-2305
-10216
-1311
-8152
-1280
-5080
-1505
-19440
2829
-9168
2528
-10240
-3853
-14088
-538
-19424
-2067
-16372
755
-7148
-6132
-11224
8474
-4060
1538
-5084
-2316
-10184
-9
-13264
-2532
-10240
4337
-1016
-773
-11228
-41
36
10756
-16324
-1035
-8148
3602
-4072
763
-17360
-9690
-11220
-9995
-13060
3562
-16344
-4352
-7164
11263
-15120
765
-3040
2330
-4040
-234
-2024
4586
-7144
-1560
-996
-8437
-6924
6645
-5080
6173
-3040
-1791
-6108
2025
-3024
-1548
-7128
3600
-11188
8449
-5120
-528
-7140
-3818
-13304
-4599
-12268
5638
-8172
1275
0
-2568
-3032
-6643
-4868
-5127
-7144
-9466
-9212
-548
-13304
-10233
-4088
6880
-4064
-1537
-14268
-4092
-15312
-2066
-7136
-3556
-9192
-2306
-13272
536
-3060
5878
-4068
6898
-3044
6403
-13304
-1804
1260
-6151
-2024
4069
-21472
4349
-10188
3069
-11240
2514
-3060
-256
-13288
3048
-16324
1538
-3024
-1289
-16308
-10218
-5072
-3096
-7128
-4604
-5120
14296
-984
764
-8152
-7426
2112
-1532
-15336
-1004
-8152
-1018
-19424
-1781
-18384
-281
-4096
8213
-4064
-1534
-19424
4609
-6128
-6619
-8160
9460
-3016
3842
-5108
4369
-9216
8192
-11012
-3021
-4040
1257
-14336
-780
-12272
3046
-9180
5611
-8968
7164
-5104
-7917
8
7152
-9176
-22
-7144
3614
-18380
-1809
-23256
2597
-6076
-4077
-9192
-1523
1236
-2295
-9212
1542
-10228
7173
-11252
-1272
-14296
-214
-26332
2797
-9204
5399
-780
-8961
-2032
730
-9148
-1533
-13276
8442
-12264
1027
-15328
-1773
-9204
2809
-4040
488
-2024
-1267
-11012
3338
12532
5707
-10236
-4085
-16364
3332
-7156
-3115
40
-4333
-6120
-5361
-19428
-3068
-4076
5605
-5104
-4363
52
2311
-5076
-4347
-10240
777
-4044
-3558
-2048
3873
-15312
-3344
-8176
4076
-8148
-527
4132
1762
248
3595
-6940
2870
-10208
-4091
-11024
2032
-8136
4351
-4020
-231
-7112
-5109
-10228
2019
-8148
268
-14084
-282
-22268
1040
28
-4622
-3068
-535
-3028
774
-5076
-1788
-11188
4354
-9160
6391
-7120
8
-12240
-4362
-4076
1015
-8156
-3574
-7952
-3867
-10192
5392
-16360
-5105
-9184
2523
-4056
513
-10184
5121
-4056
-5383
-9144
2556
-1004
494
-10212
-3065
-8184
-8422
10248
-3072
-5072
-481
-6120
-5913
-984
4341
-5092
7180
-15320
-259
-6112
2801
1036
-3066
-1796
8482
-7148
501
-23256
11754
-8964
19958
-12216
-9481
-10224
-9209
-17388
1763
-5084
-9729
-4052
6638
252
1787
-4084
-3558
-12228
-1811
-8184
-221
-8156
-766
-11232
5881
-7128
-16916
-6088
2051
1056
-8960
-980
-1809
1036
734
-4884
-8191
-11252
8972
-4076
3323
-1984
2001
-15304
7937
-984
-3087
-992
6404
2076
-4367
2072
-1815
-14296
7706
-2044
-1278
-5048
-1515
-9180
-1543
-16324
-3609
-12280
4350
-10232
2825
-2000
-1798
-10212
-6419
-7124
4902
-2020
5344
-16348
996
-13260
-8941
-11224
5388
-9184
-310
-3068
-2574
-3068
7947
-16368
6675
-4068
6938
-6132
790
-6088
-6923
-17356
-8790
-14320
-8995
-7152
-735
-7140
1766
-10204
-2849
-7092
-14
-7140
5137
-7152
6620
-9184
-4333
-16136
-1585
4132
1018
-16356
8926
-8188
261
-13064
3877
-15308
-5614
-17388
777
-4036
-7951
-7148
-1554
1048
-6165
-992
236
-12216
-11042
-9188
-3084
-8148
-1252
1268
513
-8164
983
-14280
-6878
-7128
-4102
-5084
-11787
-7124
10233
-12268
8173
-14312
-9751
-11232
-5403
-10196
-4079
-4076
1804
-2008
-12020
-6100
6847
-7136
5106
-10212
5334
-16384
-8449
-12052
-4885
6144
-799
-7148
-3072
-3016
11746
-12232
-2285
-14300
4867
-11232
3356
-2008
4592
-1008
-2589
-11236
2536
-7164
-523
-1972
-3858
-9212
1305
-4092
-1013
-17392
4638
-14268
2807
-7148
1562
-3064
1002
-1012
-297
-4020
3286
-6932
-3047
-10208
267
-3028
3357
-12236
4637
-7948
-3607
28
-6437
-16324
-12028
-8980
3359
-4060
-3600
-20464
7180
-16372
-6112
-14300
-1259
-5100
2030
4116
-6656
-6092
-5618
-7160
-5617
-12260
6665
-13272
509
-8172
7423
1036
-3577
5120
797
-16372
-3
-1020
7380
-9176
3300
-10208
2586
-5036
4390
-2036
-1560
-9188
-17
-15300
-2815
-13292
2829
-4076
-1286
-4096
1040
-16368
2050
-9188
3569
-15356
-7409
-8144
1534
-16344
-781
-11256
3057
-992
2577
-6128
-1542
-10204
2317
-8152
-997
-13280
-758
-9168
-10548
-5100
-3881
-13300
798
-8192
-3864
-2044
-829
-4048
3584
-17384
-814
-5072
251
-3060
761
-1008
-6644
-6112
-2545
-10172
11293
-18396
3074
-9168
-5134
-5048
10233
-4092
529
-5076
7964
-2016
3323
-14272
2080
-12244
-1539
-12236
10233
-14332
-12309
-10204
-2561
-9176
6371
-9196
-6931
-9184
-1283
-8164
-5094
-19408
-8489
-7968
-533
-9208
-5093
-9188
5
-13256
1020
-6144
6162
-3048
-2282
-8128
6403
4
-2283
-992
-9216
-7140
-17418
-16332
5607
-3068
-1803
-5092
-3883
-8168
-6364
28
1793
-10220
-3063
-3060
-3096
-11248
4599
-4056
1786
-7112
-752
-15320
7446
-6088
-1083
1048
3866
-11240
6679
-16344
753
-16356
-3354
-13304
-7701
-7128
3342
-1796
-9756
-8172
-1002
-4052
525
-1992
-263
-19424
2115
32
-8449
-20432
-3302
-10176
-3855
-12236
-5136
-7144
8186
1048
4333
-9168
-1785
-8184
-2069
-16328
-515
-4052
-2564
-12260
1526
-4092
-9518
-3060
-1261
-8172
3578
-16360
-3791
-5104
-6626
-13076
4325
-5064
-2066
-3036
-7701
-15352
4886
-12272
-7446
-20460
-2272
-7104
2080
236
6145
-8168
-7419
-14308
9193
-12240
-1763
-8192
-2816
-11196
8228
-4072
-511
2100
-1556
-9208
8984
-6088
-2054
-7120
-3593
-4080
-4348
12
1797
-9180
-4872
-4052
3849
4164
-7404
-14284
8954
-19404
6188
-10232
-7717
-7944
10509
-1992
10508
-7132
10225
-16368
-10977
-11188
-5099
-10236
4370
-15332
-538
-3036
-1489
5168
9704
-8172
9725
-10192
7619
-15308
-2081
-5080
-4625
-13288
-3824
4132
-1290
-10200
7926
-5104
-1806
-10228
500
-10228
7228
-10208
745
-7940
-10470
-972
5099
-14280
-3089
-2008
10742
-10224
7427
-9172
9735
-15352
-5092
-8160
-4848
-7152
7439
-3004
1769
-5112
-1577
3076
1259
-7164
1249
-11260
-2066
-11208
-4075
-3068
-8720
-11236
5862
-11188
-7662
7384
-3851
-10224
-5111
-9204
6426
-12260
3319
2100
6392
-3020
-5163
-10224
4329
-7096
2558
-1000
-8206
-9172
1558
-3852
4839
-13252
3861
-7160
-7184
-3852
5369
-11212
1284
-17344
8692
-5084
-8468
7180
4131
-11236
4331
-4068
527
-10216
4357
0
2568
-11240
-1565
-12288
-14320
-8140
-780
-21480
4650
-13268
-45
-5104
-1541
-6112
2869
-22240
3803
-12244
6654
48
-3837
-11220
-803
-8172
-7437
-18384
5643
-11248
-2819
1048
-8503
-11220
-2024
-23264
1038
-18396
-4857
1040
-511
36
-11785
-11228
-5611
-4044
-8154
-11012
-4579
-7084
-5626
-6944
-4628
-9144
-6121
-9204
5123
-8168
-2328
-13272
-1498
-17311
-8196
-2048
13294
-5108
-4853
-16312
13844
-1996
-4632
-8152
3076
-7132
-7153
-7944
-4086
-5116
-4866
-10216
-1803
-11264
1534
-12036
994
-5100
-8156
-19408
4355
-1020
-9218
-16368
-7447
-12252
3800
-4092
2084
3104
-773
-14292
4850
20
9710
-3048
1295
-13256
-1522
-8152
-2542
-12212
481
7168
2544
-5904
-8464
-7120
12806
-984
8430
-940
2800
-1988
-6907
-9204
-2083
-12248
2551
-9172
-9953
-5104
3070
-10212
1518
-10212
-1510
-16328
470
-784
-6668
-8156
-5632
-4072
-219
-9200
-3850
-10188
2029
-7144
-1297
32
-4332
-12260
5300
-8168
-2581
-17352
-6425
-4044
2830
-8164
-4375
-9212
-497
-10220
-9431
-7100
6124
-15312
-2304
-2044
-5145
4136
3843
-8168
8187
-4096
3343
-6096
-990
-4048
-8678
-11240
8462
-1804
-490
-4088
503
-6100
1020
-22200
5368
-3016
8199
-7144
2828
-1992
266
-10184
-508
-13284
5158
-17340
483
-4076
3841
-13284
-3577
-18396
-2549
-9180
4059
-8144
-2318
-9188
-3050
-8160
-1837
-5088
7700
-9204
4829
-4088
1813
-6120
-6129
-10208
-3087
-4076
-10256
-9212
4335
-3856
-1305
-3052
-5366
-13264
-510
-6072
-3606
-3020
-6684
-5100
278
-9176
-8995
-17348
-238
-11248
3335
-3040
4136
-12256
7948
-5896
11772
-13260
2848
-14304
4862
-7120
-3847
-3032
-785
-7140
-1286
-5096
3026
-18400
-5876
-9184
524
-1020
7697
-6128
-5618
-4908
7700
-14284
14065
-8164
-525
-16360
-1770
-19440
-2830
-11232
-5875
-3028
-1793
-14288
1022
-12232
-1025
-11252
-3801
-4876
-3080
-8152
234
2092
-4359
-2820
-8443
-3052
-6411
-12256
-532
-11236
-7196
-3888
8158
-5112
2060
-4032
1486
-3028
8957
-9156
-1790
-6088
-8936
-10188
4610
-14284
-268
-3032
5114
10492
-7390
-15352
-6376
-5892
-9950
-5088
-4611
-7156
-252
-13276
2567
-7132
1268
-11256
4351
4136
1784
-6072
-3263
-5056
-550
-8176
-2298
-8176
4083
-4068
-1801
2080
8968
-3068
-8465
-5068
-291
1072
-1792
-9172
2828
-9200
9207
-12224
-2817
-12256
10520
-10220
3565
32
-10010
-8144
1008
-8156
-990
-19392
-4887
-7128
-8688
-8184
3293
3120
4869
-9996
-10741
-12256
7675
-8132
7399
-14088
-276
-3068
-774
-13060
-9699
-8148
4095
-10212
-2548
-7148
8185
-13292
-542
5132
772
-1020
-7165
-5120
-6663
-15320
-2045
-5116
5384
-13296
-795
-10196
-4647
-16136
1306
-10212
6125
-2020
-7947
-9180
9758
-9172
4330
-12244
-8429
-17388
5092
-12252
-2587
-3032
2286
-12256
4115
-2036
7137
-8160
-2858
-14288
-509
-12264
-1551
16
-11208
-8172
992
5140
3575
2280
-5603
-13288
-4624
-2028
-1569
1064
-23822
-5112
-3080
240
2325
-7104
-3335
-9156
2290
-13308
4149
5360
-5121
-7948
-4848
-4064
509
-22260
-5632
-3036
11007
-7144
-23
-8152
-2315
-6120
10519
-9152
270
-10216
-1281
-5112
1785
-12252
-1275
1064
3314
-7164
7721
-10216
-1266
-3044
10997
-10208
-8408
-13244
7932
3116
-25
-988
-775
-13244
2035
-11232
-11012
-14272
-741
-8152
770
-9200
2539
-11024
-1296
4148
5906
-2028
2050
-984
2564
32
5922
-7136
-2325
-12260
-1775
-12240
-3613
-22256
-1534
-11224
5107
24
8945
-20452
-2545
-5088
1783
-14324
-6913
-7092
1786
-13248
5582
-5112
-11004
-5100
23
1060
5624
-5100
5695
28
-2284
-9200
-3821
-3064
1254
-9176
4335
-2820
5384
-4068
-11703
-3044
500
16
-6146
-4080
-3067
-9176
11320
-7120
2604
-10240
10265
-1992
-1776
-1016
-4083
-14088
7171
-11224
5124
-7140
-6415
-10220
-7690
-9188
4143
-5116
8175
-7092
7946
-10184
-2818
-5080
-5625
2060
-5105
-7132
2797
-15320
5883
-6068
-3844
-5092
-6183
-10208
-1523
-15292
-3331
-14316
10508
-9172
-5139
-5092
9500
-3048
3059
-3844
6129
-7148
3041
-9196
-23
8
-1777
8
7967
-13284
10222
-9188
-491
-3064
-1803
-17352
-1525
-10176
-1028
-10220
9715
-4048
-3056
-9176
518
-4076
5387
-7132
305
-9180
7435
-3040
-3585
-6140
3296
-3028
3582
3124
-10752
-15344
-6123
-5112
5127
-5088
-783
-6100
11269
3092
2306
-12272
-3126
-6128
-3352
-976
284
-8964
7927
2080
-5890
-3016
-6634
-1992
2551
-3064
-7464
-7160
1777
-3060
8711
-3036
-6138
-14288
3578
-5096
-6898
-9164
-5165
-9988
-8444
-12248
-6887
-4088
768
-6136
3590
-7148
-3084
-2048
-282
-3044
10235
-4064
1562
-4024
9506
-13280
-503
1040
-1055
4116
4904
-13304
497
-6080
-3074
1044
-1504
-7132
1259
-4052
5359
-15308
-2325
-7136
2313
-13296
2796
-6132
8199
-21444
-17131
-5112
5583
3100
1534
-20472
2312
-9160
-8687
-3008
1050
-1012
9683
-8168
-4321
2088
-6371
36
1306
-14308
-7944
-9216
24
12
2789
-10224
-1288
-15340
-4335
-9196
5387
-3060
-248
-20480
3350
-16356
1553
-13064
1019
-1796
-7948
-7128
8671
1044
-1301
-11224
-735
-9204
-1521
-6144
-4301
2072
-3842
-14088
12546
-10188
5888
-13296
-3833
-11240
-5354
-12236
2285
-25332
10747
-2020
-2817
-13304
4612
-11240
-4614
-14308
4880
-7128
-16135
-5068
-1075
-3020
8423
-1988
-4350
-16344
4638
-8144
-3376
-3036
-1292
-4072
-4880
-1004
1269
-5108
1507
-10240
7705
-15328
3315
1068
-2316
-5908
-10250
-10212
4341
-6112
8438
-2044
1291
-19424
-3334
-10200
2015
-5104
-1510
-7144
6896
-4072
-3077
-11224
10001
1044
-6136
-12232
-6934
-8156
1284
-8152
3851
-2020
4103
-14256
10540
-16352
2813
-14284
-5355
-7136
-4333
-5892
4086
-17156
-10486
-21452
5377
-4064
-13050
-2048
-9204
-18396
7941
-9188
9976
-4068
-7725
-23272
7212
-1000
6648
-3052
1557
36
3084
-7168
3342
-16140
-3843
-10216
989
-8116
-4865
-4080
9229
-11216
-7976
-7132
8448
-877
14343
20
480
-10204
-7191
-8160
-2029
-13236
-3356
-4060
-25
28
-9737
-8160
-5153
-18412
4140
-12212
-4103
-2036
8216
8444
-4853
-10216
13296
3116
3324
-9180
-3066
-13288
-8673
-9200
6398
-9152
3607
-3020
-266
-12244
1819
-14276
-2296
-10220
3350
-9212
1052
-12232
4078
-8140
-3349
-8188
15634
-20436
8696
-7160
779
-9184
4831
-12272
-3051
-3036
3081
-9208
996
-11244
6197
-5100
-6348
-12036
-243
-7140
1311
-9168
9699
-10176
-6156
-12256
2059
-9172
-2310
-1012
-7918
-2040
-4106
-16356
7650
-10200
7683
-9216
15107
-7140
-6656
-12280
8185
-17392
756
-3064
-2303
-5080
2043
-8164
-4363
-14264
4843
-6104
-778
-8180
-19452
5148
5662
-3064
-11746
-10240
2565
-11244
1526
-8172
1554
-2000
-505
-7140
1547
3096
-7400
-9212
5086
-6108
-4862
-7124
1543
-1000
1021
-8160
7928
-8172
-1028
-5056
11254
-13276
5873
-5100
3068
1036
3840
-4076
-1546
-7140
2065
1276
1801
-5096
-4614
-13292
3588
-5092
4047
-1020
2031
-11252
-235
-1000
1004
-1024
6404
-6120
10973
-4056
-4854
-15308
-6377
5356
-6907
-7120
-9985
-8176
1809
-8172
-2817
-4068
801
-11244
-1801
-4868
-5138
-8188
9740
-15324
-2284
-10220
-1505
-6096
-3834
-1804
-6142
-14300
11006
-996
3815
-11224
1531
-7144
785
-972
733
-7140
-2827
-7148
8650
-3032
-3324
-10184
4390
1264
5373
-3028
515
-18376
-1796
-20460
7444
-3064
-7201
-16372
3328
-5072
-9720
-17380
1817
-5096
-5139
-2020
4883
-9172
17964
-6108
-5126
-14288
-4873
-6080
4080
-17356
-1767
-5092
5092
-13308
2812
-10224
19
-14312
-9451
-6108
2562
-4084
7159
-8168
4084
-5104
1504
-4096
8707
12
1269
7188
4154
-952
2550
-12288
539
-6104
-2017
10276
4111
-6116
10218
-1984
-4869
-7144
1812
-12268
9211
-24264
9491
-13300
-2543
-4060
7677
-772
1008
-10192
-3084
-12252
1018
-10200
772
-6140
1286
-5116
-23
-6100
-2553
48
1259
-2004
-1521
-2024
2013
-14268
4336
-5068
8
-16336
4367
-8964
-5406
-14304
-11014
1036
2858
-7156
-8428
-5892
-1561
-8188
-272
-8180
7679
-7128
793
-7132
3086
-16336
5381
-7940
8172
-2004
-3579
-8160
267
4132
5381
-992
-25
-5068
-9199
-23052
3306
-6088
-6165
-11248
-1271
-11236
-6674
-5116
227
-3032
1790
-3068
-3583
-5108
-5650
-7136
-7146
-9192
-483
-3044
-8717
-10236
-3341
1076
-6665
3084
21
-5092
-8466
-8152
-3310
-16360
6667
-1000
2046
-5080
9211
5144
-5819
3120
2831
-11240
1027
-5048
-2848
-14292
3585
-9164
-4306
-12284
12808
-8176
-13054
-992
503
-10012
-2827
2052
-7956
-6128
-6642
-10172
-2845
-9200
-2079
1048
2569
-14308
1801
40
2329
-16376
7704
44
482
-8168
-1515
-4084
13058
-15332
9722
0
5893
-1020
5610
-10220
-12777
-19424
8203
-5068
-3565
-10184
2079
-13284
13823
-5076
-9465
-12044
-3097
-11236
-2351
-6092
2312
-19444
2064
-1000
1799
-10208
6912
-5072
6912
-6928
1014
-4072
-4368
2096
11518
-14324
1501
-3032
13030
-13080
-263
-5056
10513
-5076
6653
-13288
-2320
-7120
13089
6188
-7920
-6112
-5422
-14312
500
-9192
-728
-10204
-1033
-12260
5650
-1980
-3559
-6088
4365
-6104
-2325
-10176
5846
-8128
-5914
-9196
-12319
-13296
2813
-17364
-2055
-3024
-4103
-14276
-1282
-3024
-5127
-3016
-4631
52
-1006
-10232
-1775
-14312
1274
-15328
5369
1076
-5076
-4884
-6644
-9172
-2841
-9200
-1792
-19440
-5658
-5116
-1773
-1008
9961
-8164
10751
-3044
1335
-6096
-6660
9292
531
-4048
4355
5164
-2032
-7140
6664
-11236
-778
-11016
-2331
-8180
812
-8128
3572
-16372
2049
-9180
-4850
1272
756
-6120
-9218
-6104
-2058
-7160
8693
-1800
-6136
-2000
9462
-7148
-790
-5068
-7947
-10216
1032
-11244
-5128
-9196
-1798
-2048
3864
-10192
-2831
-12232
2838
-10204
-1283
-9196
-242
-16336
2046
-13276
1295
-10220
8951
-13272
-5633
-7140
-250
8224
-5662
-8964
1787
-5904
-789
44
4394
3324
1023
-7144
-12268
-21264
2326
-1016
-1283
2052
6672
-14316
-6363
-3052
2834
-11012
10492
-21492
-2597
-16336
3851
-6132
-1293
-14304
1825
-13288
-18168
-6112
3318
-2028
777
-4080
-4882
-4092
-1803
-5072
-1031
-8152
3850
-15332
1293
-16380
8160
-5068
5915
-10220
-1545
-10188
-764
5132
2871
-2020
2582
-6100
-1040
-9160
4857
-9216
8192
6168
-5159
-17380
-11545
-6096
-272
-4056
2564
-6128
-9997
1048
6168
-11244
1322
-4068
4126
-15340
-4609
-2036
7988
-8168
9976
-2032
-1236
1056
-1066
-3032
6711
-18360
3367
-3064
20944
20
-268
1032
5376
-15324
-3558
-15344
5371
-5892
6362
-9180
-2336
-21444
-2078
-13252
-1020
-4048
-1254
-6096
-2581
-10192
-270
-4096
9233
-6108
-19
6192
3849
-12040
7418
-14312
4626
-8188
9988
-12256
3856
-984
749
-7156
-2786
-12252
9940
-7168
4852
52
-3811
-2020
552
3100
3301
-7952
-6142
-9164
4863
-9996
7447
-8164
6659
-14296
1556
-9988
-4586
-10192
4869
-7144
11533
48
-2824
2104
-6410
-12252
2014
-9156
-5872
-3028
7197
-13076
-5340
-4880
1310
-772
-9732
-3064
-4340
-13280
2611
-6136
-495
-11200
-457
-12252
-3308
-5100
6657
-972
-2039
-5052
-8430
-6136
-7142
-980
7129
-3044
2087
-4084
-4357
-12280
-4365
-8152
8725
-17396
-12776
-992
6688
-8152
5079
-5088
9453
-7164
2292
-2032
2316
-4036
-5603
-7944
2305
-6120
-10781
-8168
6147
-9204
-4854
-1016
2837
-3052
-2330
-11236
-6637
-10176
-9987
-9180
2077
-3844
-2580
-16328
-3819
-8172
3056
-6116
788
-976
-8931
-5900
-1292
-19224
6644
-13280
-3072
-5096
7156
8
-9215
-2044
-3343
-18392
-14056
-6096
289
5148
-7177
-9176
-260
8
9199
-1000
12035
-16300
-6668
-4060
-3850
1040
3839
-4032
-2067
-6108
-6
-8168
2319
-5108
1559
-6136
-2356
-21268
-3583
-7132
-4597
-6120
-4114
-3036
-2320
-9149
-1026
-6076
-2533
40
-3335
-5120
2810
-7128
-3073
-15336
4863
-16324
4625
-10220
1041
12
554
1040
1536
-6136
-762
-6104
8963
-9188
782
-8164
1008
1028
-1293
-15120
-2089
-9168
-6147
-3028
-1831
3084
749
-6088
-3530
-8156
-2570
-6088
-6903
48
-1280
-17388
-3315
-9172
-510
-8180
-4883
-9180
-7139
-13304
-1323
-5088
-1504
-2844
-2352
-3072
-5879
-5064
8
-7108
15339
4344
2570
-7136
-5917
-5088
-6658
-9208
3584
-1000
-5918
-4084
-4584
-11192
-1566
-14316
-5886
-14096
4113
-5088
4564
-6076
-1767
-11232
3612
-11248
4587
-5100
-8436
-11256
-3346
-11256
3578
60
-3055
-6124
-5134
-6104
2043
-11012
5338
-17408
-2849
-5100
4597
-8160
-2036
-17368
11295
-14316
7398
-11248
-3585
-13256
-6435
-8984
299
-13284
-510
-5112
-11507
-6136
7694
-13276
3825
-7160
3847
-7128
18668
-1996
-2840
-3016
-11252
-8192
2805
-21476
1310
-9172
1521
-5080
-8726
-8164
1321
-2004
9474
-10232
-1542
-8136
2854
-12228
6657
-4072
6138
-13276
13827
-14300
2591
-10204
3589
12
-5622
-7104
-2339
-2020
-505
-9172
-7400
-7156
2012
-2004
-9
-3040
-7676
-8152
-3325
-13072
3856
-9144
4312
-7144
5128
-17380
-232
-7120
4078
-7132
-1275
-13296
4654
-6120
-7135
-5088
1773
-6116
-7425
-8176
-2309
-6116
2062
-11252
8469
-13276
-522
-5076
-10742
-9204
3
-12228
1553
2048
-1502
-13304
1551
-10220
-6379
-16320
-4931
-7128
-6888
-4072
-479
24
-6355
-13304
8487
1028
-3320
-4064
4891
-6936
3826
-2820
-4114
-16380
-7715
-10212
-10018
-7984
3814
-6140
2828
-8156
3313
1024
-483
-6116
-5334
-12288
12289
-10168
-1762
-8156
-6124
-2032
-1029
3120
2062
-8180
4884
-6112
8224
1052
6695
-10232
8957
-5088
1299
12
2543
-9168
-3837
-10240
9
-7952
1259
2104
-500
-7148
-2552
-10172
1252
-16136
3846
-1020
4884
-3024
2592
-10208
-4350
2048
985
-6108
-3576
-7148
-5869
4116
2531
-8972
-3032
-4032
11509
-15308
1790
-14288
-4084
-15300
7171
-8116
-4875
-17344
-14097
-5112
1801
-15304
2306
-18392
3591
-4048
-6389
-4872
5884
-6096
-12814
1028
-7424
-8984
-4607
-7136
10231
-3020
-5648
-2000
-2038
-15340
1795
-11228
1002
-1000
3311
4140
10991
-2012
5117
-5064
2050
-7156
6407
-7144
2813
-4060
-213
-9188
1498
-13256
-7166
1044
4111
-16352
3326
-4076
-5895
-7944
-12280
-4076
-5115
-7156
-6179
-3028
776
-20444
2067
-4092
-15107
-12232
779
-15348
10003
8240
-6102
-7112
-3580
-976
-13559
-1808
4332
1044
1811
-10220
-4103
-11200
2030
-2016
1495
-5100
3325
-4868
-245
-8152
10963
-15340
-5616
-4076
8670
-1004
1054
-8964
-991
-11252
-803
-5100
-2555
-5076
-11252
-3040
3063
-4080
-3817
-10236
-513
-3848
-2070
-13264
-12802
-15340
-1008
-5112
7188
-980
-3027
-8144
-2363
-12224
-2848
-7124
1021
-8164
-530
2072
2064
-13292
-4351
-15360
5890
4332
5895
-9204
-2552
-5084
7670
-11244
-279
24
1520
-5084
11543
-10196
-6933
1252
-1520
-4072
-4342
-6132
2276
-6936
2578
-7952
5127
-5084
-807
-3028
-17448
-9204
-770
1048
7212
-8144
2050
-5892
4845
-18196
4365
-5068
1060
-8968
-12262
-2000
3098
-2016
-1829
-4080
-6662
-6084
7412
-13284
-1541
-3040
3078
-10200
-5387
-11224
-525
-11260
-1272
-8164
-30
52
-247
-4056
-5389
-12256
4070
-13244
764
-10240
4857
-4044
5629
-2840
1783
-13256
4112
36
2307
-9204
-2784
-11240
-1573
-2836
4348
-8172
-764
-6096
6381
3116
-7413
-6120
-3312
-7116
-8959
-5100
-785
-11224
6667
-8156
8171
-3040
-1033
-14280
-1797
-1004
7665
-7944
4607
-6104
-4374
-11252
-1303
-8964
1219
-9196
-2539
-8156
5890
-11224
1768
-14292
-6624
244
-4646
-17372
-2079
-17336
764
-10228
-8234
40
5899
-7148
7659
-2008
-1783
-5100
1804
-12272
-3037
-3032
2827
3084
-1258
-6124
2561
-16344
765
1076
6626
-9196
5883
-5072
4556
-7140
-10494
-13292
2020
-7120
1551
-11016
1019
-16384
-1272
-14312
-718
-15360
3046
-6120
-765
-13284
5662
-20412
6882
-2016
-4051
16
282
-11220
-781
-2848
1784
-12248
3821
-12248
6396
-7144
-5383
-15336
-1511
-14324
-4597
-4088
5360
-2040
4844
-12165
1270
