-11236
12
3108
1005
-16352
7701
-11236
-1563
-3016
2309
-12240
4367
36
-7673
-8188
-1576
-12240
-755
-8148
-3080
-14328
-27
-11016
-993
1064
1779
-5108
2348
-14296
-3847
-13308
3300
1052
-2338
1052
10510
-3072
-9711
-1004
-2531
-10224
5616
-8164
-1785
-4068
4352
-9132
-4111
-13296
-3857
-5908
-3857
-7144
-534
-4024
-1298
-3016
288
-13272
10724
-13268
4889
-6948
5655
-11236
-14845
-11208
-1060
1032
-11795
-9212
2806
-5120
7959
-7128
3339
-980
-522
-4072
-509
2232
-1819
-12252
-9957
-11048
-1063
-5100
-10750
6164
-4080
-6136
-5658
-5076
-10724
-14324
-11590
-3068
-1544
-13060
4606
-15320
4881
-13280
-261
1072
6141
-15352
-5371
-7104
-467
-8168
-3590
-2820
4122
-8976
-1793
-9176
-6904
-8176
2338
-9196
2052
4152
2606
-17400
-3592
68
5112
-3032
-4374
-6096
-9692
1088
2030
-10204
-3824
-1016
1276
-776
-5907
-9216
-5124
-6072
-3575
-2028
1809
-10160
767
-15324
-1070
-5900
1528
-1008
-10991
-3064
-7461
-12288
6393
2064
-998
-17376
-518
-5080
-6394
2092
-2341
-8124
3865
-17392
2826
-1008
-1510
-5112
4066
-10232
-1550
-11228
-5089
-1808
-14093
-1796
9199
-11016
8419
-12280
9171
-12272
510
16
5152
224
990
-11236
-6611
-4048
2859
-15316
2300
-4052
1027
-18420
2319
-984
12787
-5120
2811
-1796
-8187
-2048
5114
-4044
-7151
4112
2801
-5096
-9726
16
1520
-10224
-8423
1044
-2812
3080
-8999
-3040
3575
-16360
-5420
-12212
256
20
1534
-8184
3559
-5112
-7406
-5088
-5329
-976
5863
-1016
7159
-9160
2840
-15340
-5116
-8176
-5608
3080
7946
-23268
-7677
-3016
8970
-10184
-7650
-1996
2807
-9188
797
-4068
-12056
-9204
6936
2076
3302
-22244
-4869
-9192
-5672
3084
4364
-1004
-4885
-14304
-5852
-3040
484
-8124
4347
-4096
5641
-12280
9216
-11244
738
-6112
-2
-10216
-3087
-4056
-478
-4056
-5621
-15280
4123
-12276
-6387
-7132
5639
-4060
-1546
-15300
-7189
-9988
-2791
-13284
5657
-5108
3141
-1000
1767
-6076
2289
5184
5151
44
10212
-4096
1310
-3036
-3328
-13308
6893
-5092
-1811
-14296
2542
-16320
-6685
-2000
-5668
-5084
-275
-2020
-5839
-12272
778
-5900
-2326
2080
-25
-12072
1523
-7120
-1017
-8168
11251
1036
2313
-3040
-6170
-19412
-3575
-3028
9690
7176
-3310
-5100
1041
-9208
4333
-2040
-10458
-16380
3055
-1004
3071
-2040
528
5180
4877
-9204
-808
44
-497
-6124
10512
-788
2080
3316
11509
-780
-7964
-9168
-3079
-15316
-291
-6120
4106
-2044
-7957
3100
-2014
-11260
-5888
-6136
-9201
-1988
-3859
-3068
-2030
-10216
4886
-10216
1026
1264
-3300
-9196
782
4348
-1781
-11224
-505
5136
1041
3112
7425
-2040
-2806
32
-1782
-9992
5631
-5092
2307
-7124
-6894
-2844
2321
-16360
239
2064
1018
-13268
-2519
24
10723
-7128
4365
-1984
-7
-4064
3355
-15348
12783
-18424
1018
-15340
9202
-6116
-6913
-7140
1826
-4088
5136
-16132
1816
-11216
1027
-8144
-244
-14332
16903
-1020
2031
2056
-9498
-9200
-1512
8244
-1293
-2024
-1783
-7112
-4606
-6120
1538
-9176
1219
-11020
5653
-4876
-1286
-8972
-7710
-8168
772
-3012
-5114
-13264
11040
-2008
-4603
-11252
10956
-4876
1010
-5068
4602
-9208
-3359
-2820
-7927
-6088
-4072
-13280
1277
-11256
5381
-5072
2307
-7120
-3839
-10240
-3841
-6080
7159
-8188
-3300
-11224
-6139
-6916
-2814
-1836
7912
-9180
1553
-3024
1566
-7152
5083
-9196
-4339
-3060
14314
-4084
3821
-17168
7440
4
5132
-5112
6409
-10212
-6638
-7156
-13842
-10184
1259
-4084
-8985
6152
-5642
-6100
3050
-15328
1775
-9204
-249
-3060
-10732
-13268
811
-2012
9698
-6084
7396
48
-2538
-9188
-2291
-9180
-9481
-4880
-13089
-6084
8742
-9148
-3835
2064
2562
-1008
4586
2296
-5310
-3024
1751
-9140
3597
-3072
8719
1268
6423
-3844
3865
-5112
-2550
-15316
3366
-4092
6445
-7940
11014
-8156
-12544
-10212
517
-6924
-3573
-4056
4868
-3072
10243
-1804
-14080
-12260
2832
-17388
-3865
-9196
-1785
3088
9761
8200
2070
-3856
5362
-8168
-4600
-972
4602
-8128
-2279
-7148
-1063
-22228
6677
-11216
12805
-2020
-27
-13292
2598
1044
-8897
-8964
-4369
1052
-6916
-8148
-6086
-6076
3051
-6140
-8467
-5096
-3072
-21476
-9749
8
-513
52
-2301
-6092
-287
-10224
-3583
-8168
-726
-15348
2577
2056
8441
-18396
-4889
3100
-1242
-3040
-1531
-13060
6932
-7132
5669
-1800
-13280
2088
5122
-3072
-1531
-6116
-5907
6156
1523
-8176
7417
-8984
-8171
-9204
-2811
-5108
1251
-14296
1801
8232
-6687
-1004
7390
-17392
527
-3044
-8505
-5096
-6390
-972
5610
-10220
-11762
6156
-5114
-10212
-4345
6160
1042
-6096
4626
-3012
750
-12272
-790
-15340
-3334
-16372
6448
-6108
-2585
-2040
5401
-3012
6431
-9212
-3812
-2028
6440
5156
4832
-4084
6415
-3036
-6153
-2000
7174
-9216
-2588
-780
2288
-4056
-12796
-1808
2555
-15348
782
-17408
-4063
-7108
300
-13264
-4327
-7136
-3866
-6104
3058
-4084
1
-16384
-23
-6096
-3591
-7132
516
-2048
3876
-6096
4841
-8136
-1799
9248
7926
8432
-8204
-11216
-2263
2296
16416
-11236
-8446
-6120
3862
-9172
-4076
-14328
-3059
-16368
-7185
-8172
5377
-8176
3588
-2820
-4134
7208
16653
-7948
1257
-1008
-6429
2052
-4569
-6144
-2072
-7108
1031
-8172
4104
2300
9207
-13248
-8980
-7136
3015
1060
1017
-4084
-2027
-3052
-6162
-2036
3318
-10196
-8731
-12280
-2543
-15336
-8441
-8180
-1028
-800
-1550
-8172
3531
-4060
-5883
-16332
-4591
-8192
5411
-2977
6401
-16384
-13856
-984
1000
-10188
-2815
4104
5887
-17364
-4363
3080
-2800
-10196
-521
-8972
-4111
-2008
-2799
-8160
-3319
-11244
-1533
-9168
479
-2032
-35
-8140
-785
-10224
4852
-20460
-7964
-8164
-14357
-2020
-2554
-5072
15835
-11196
5365
-9180
-2041
-12284
-8959
16
-3316
-10192
7679
28
5634
-7144
5158
-19436
-3571
-5112
-5368
-11012
-2799
-10224
3083
-2824
4115
-9208
6454
-9200
529
-10228
4591
-5096
-1277
-6092
5647
-996
5386
-6120
-2836
-4084
7909
-6132
-3364
1268
11
-2012
3583
-9152
3318
-10200
-5136
-5100
4868
-2012
5899
-3056
2019
-992
3626
-776
-497
2092
4081
-10212
-2795
-7156
3314
-3060
2579
-1968
1496
-16332
4634
-5100
5889
-2024
-1767
-2032
3038
-1992
252
-10216
-4867
-5904
-3094
-4088
-3598
-968
-7194
-8188
4855
-4064
2548
-7136
4104
2088
2824
-4076
8207
-10180
-5136
-988
1272
-17156
-5634
12296
36
-16324
-4836
-4052
757
-13300
1523
-4076
-8701
-3852
-1512
-10196
-775
-4076
3311
-4080
-2339
32
1548
16392
-3
-1024
-1799
-6088
12274
3092
-15339
244
5880
-6132
-4101
-5104
1037
1048
10243
-1980
1569
-5084
3636
-5060
-2325
1080
-5150
-8132
-2282
-13296
-7953
-7144
-766
-6116
-1249
-10200
9707
-14280
-6640
-8172
-1807
36
-6123
-13296
5144
-11216
-2569
-19432
3070
-13248
-5896
-13244
13342
-10204
2583
-17396
-746
-12268
9959
-8160
-9997
-8128
-11809
-4080
11535
-9164
8985
-2020
4832
-8156
2043
-11240
-5632
-3040
1307
-12260
7167
1108
-5880
-12276
3336
-10196
-768
-3016
8188
-13276
-5874
-984
-1800
-12276
-7179
-17384
-3053
-8180
-4847
-12280
2845
-2020
9260
-13300
-487
-3856
-4912
-20232
1503
4100
-2325
-13284
4089
-13280
-2557
-10208
754
1080
-2810
-6116
4078
-992
-11794
-5100
1036
-11016
-15622
-16348
3824
-7136
-262
-15312
-4901
-8176
5118
-13284
-3570
-18404
2043
-9196
-5132
-4092
10480
32
-4894
-5104
-4897
-6120
264
-11024
3551
-8184
-1790
-17392
3827
-10240
-8155
3304
-2550
-5080
4090
6176
6406
-1000
-5380
-2012
-2029
-16332
-746
-14324
801
-8172
7931
-8132
2836
1064
-1535
-6104
5145
-14300
2046
32
-4601
-10188
-4564
-10004
-5642
-10208
2049
-9192
-1530
-7952
1003
-19204
-5123
-17388
1560
-968
-5657
2048
3866
-10212
-3089
-3020
-4334
-1988
-4597
-11232
6715
-3068
-1282
-5084
-11246
-9200
2284
-7156
-3844
-5080
5406
-13268
1306
-8180
1304
-14304
7927
-2020
6
-7132
-4894
-3072
-2293
-5084
-5399
-3048
-10530
-2824
-1542
-11220
-7933
-968
-12329
-5904
243
-4048
2040
6392
6406
-5064
-1529
-2820
-2603
-2032
10747
-780
1038
-7124
-11515
-11248
6428
-10224
4866
-7940
-2577
-6132
-522
-10220
-538
-4096
495
-10220
-231
-7144
251
1040
4360
-22236
8998
-4096
-5148
-18192
-5643
2080
-5895
-16312
11519
-988
9973
-7148
3567
-5084
248
-10228
-292
-5092
-1530
-12272
-6926
-3860
3572
-6116
1314
-976
2060
-5120
4073
-14288
-2332
-9188
2304
-5900
-5672
-11224
-238
-15328
-3887
-8128
-2568
-8968
2047
-5092
-8927
-9172
5124
-15352
-5146
-1008
9734
-9180
3831
-6920
6404
-11224
-4576
-12240
10477
-980
-6646
-10240
11279
-2004
-2830
-7140
-4330
2080
12805
-6144
1041
-4044
-2817
-988
-1522
-2820
-2826
32
-241
-8172
-2055
-11256
-11258
-7148
13032
-8144
7416
-1004
-2825
-6104
-1578
60
1757
-2832
-3324
1264
4593
-17360
779
-9180
5423
-6124
-2556
-5076
5870
40
-2031
-4872
2806
-18404
5630
-6080
-10755
-12264
1
-22224
4092
-9204
-3834
-8996
3316
-6132
768
-5064
3093
-10196
3083
-14288
-236
-4076
-529
-10200
11719
-5084
-7911
-10240
-8990
-14284
-3568
-16384
3598
-11228
-783
-8168
1043
-8144
4855
-8180
-3854
-8176
-6663
-6120
733
-10192
-6920
-5104
-752
-11244
-1782
-12220
8457
-9180
1332
4124
-4859
-3048
2816
5200
-232
-6120
7690
-18380
950
-10204
1013
-15316
1838
-14312
4077
-6080
-9210
-13240
3325
-9212
-2278
5144
5848
-6104
4371
-17360
-4654
-15304
-768
-5092
3855
-9196
-2317
-6112
-3328
-9208
1790
-5072
-6129
-12248
-11257
-10228
3331
-6080
5134
-8140
-2073
-11248
-2060
-15320
3340
28
772
-12256
-7150
-3048
-2555
-9168
-4883
-12252
7161
-2040
-2270
-13300
3598
-2012
-4638
-9200
-6133
-11232
4583
-6920
-6630
-4096
3329
-13072
17395
1052
793
-2020
7
-11016
505
3100
4327
-6920
-11250
-8156
-1793
-13304
7642
-11216
-11552
-7144
-2804
-12284
-3331
-1020
-3811
-5084
3823
-5088
1023
-2040
-11020
-2824
521
-7156
5132
-17376
5393
-2036
3344
-13284
4086
-9212
6416
1040
-22
1088
781
-4084
4638
-7144
4840
-8984
4127
-4076
2807
-9188
4869
2068
4107
1068
-3017
-10196
-763
-2016
1782
-4072
5122
-9200
31
-9180
5139
16
-3295
28
3332
3316
7477
-3052
-12
-1996
-7153
-4052
-7655
5148
-6392
11272
-2558
-2012
2071
-9188
-1250
-9192
3577
-8184
3332
-3052
5118
-9208
-4836
-3064
5620
-10224
-1513
-10196
-5375
-15332
-1789
1056
2342
-2028
1525
-5084
2550
-12256
12761
-10204
-8430
6396
2599
-2040
-5138
-11232
3101
-4048
2554
-9176
-5104
-4052
-1226
-10236
1813
-1972
5877
-3020
1304
-10196
-3849
-5108
6395
-3060
-2822
-10000
3329
-9184
-9455
-14292
502
-7136
-4082
-5060
-7429
-4060
6180
-4056
-7149
-5068
-6145
-5120
-5634
-9144
10779
-8164
-3048
-5084
-14351
-6140
2298
-1004
-23
-772
2564
3112
3089
-18388
12023
-8120
-3323
-10232
-12045
-12268
-1283
-7156
-2790
-14280
527
-2040
-8731
-2012
-1058
-7152
2027
2052
-3591
-1988
7939
-7104
-3888
-11232
-1040
-7120
-7208
-8148
8175
-10204
-773
-5100
13024
-6108
-8249
-7156
-5381
-972
8666
-2044
-5362
-7112
11012
-3048
4824
-10232
-2028
-5904
7188
-992
-8428
-6068
3118
-5092
12305
40
-3856
-19424
-2574
-16356
-224
-10224
8962
-9184
3586
-3040
-6423
-13284
-1304
-12248
3554
-8156
1275
-10216
5141
-10172
1798
-11264
6633
-6108
5883
-12288
495
-13276
7704
-17396
-5895
-11208
11265
-1008
-4346
-9204
11261
-12256
-2333
-8152
-11257
-17372
9462
3116
-4648
-1996
269
3108
9725
-8144
5632
-12256
3877
1064
2069
-6128
-3077
-5084
-486
-12220
789
248
-1290
-10216
-2564
-5908
-6131
244
6665
-3028
5356
-6132
8730
-18388
6383
-3052
-8459
1024
-2839
11280
-3065
-7136
2315
-9129
2819
-5096
-2825
-10208
-1556
-7140
2064
14400
-1525
-16336
7411
-9188
-2318
-2020
-3084
-4052
2285
-6116
-2570
-14264
10218
-3016
11515
-8168
5380
-5076
-5076
-12268
4115
5152
-783
-19408
-9426
-15324
5877
-6116
-10495
-8160
-3330
-6124
-261
-12248
5897
-8168
1488
-9172
3096
-3004
-2779
2072
-1057
-4072
4581
-15360
-3839
-9212
-6398
-13280
-3824
-10204
750
-13292
-9966
-8172
-1817
-996
3591
-9192
36
-8164
-2820
-10168
-1044
-9192
2569
-10196
-776
-11208
-5406
-2028
7939
-11220
-790
-8148
-774
-14268
-257
-7148
3803
-18416
19545
-8136
-11260
-980
782
-12268
1535
-12228
-2357
-4064
-5887
3148
-7178
-7968
-243
-6920
-4052
-13236
7665
-1024
-1236
-2032
4083
-984
1284
-13244
-1804
-8168
-2352
-15352
-9472
-1996
-9984
-9992
14338
-11232
2045
-11204
2039
-7940
-11810
-12224
-13816
-7168
2036
-6140
-8424
1056
9711
-12252
6133
-6057
-3310
-6136
2555
-18380
-10
-22196
4386
-9192
-5082
-4088
5072
-2016
-508
-10220
2577
-19448
-42
-3064
4353
3136
-7428
-12236
-1776
-6084
9233
-4088
19
-20440
3850
-6112
-745
-12260
-556
-14108
1564
-9188
5382
-13284
13818
-15292
-8731
-15360
2584
-7136
7188
-12232
14608
-9192
774
-15328
-491
-2016
5163
-1008
1000
-5033
3833
-10000
12563
-14284
-2845
-11256
8714
-10212
-4342
-3052
4885
-6100
-11233
-11220
3599
-3056
-3086
-15344
804
-3032
-2792
-2016
-3083
-17364
3335
-7136
4884
-11224
3556
-6116
4570
-17368
-22014
28
-7933
-11244
3102
-4056
9458
-12280
6940
-10200
-4605
-7948
3359
-10236
-2855
-16340
-5
-14316
-1247
-9216
4102
1068
-1013
1028
2538
-13304
3322
-10232
-8453
-20468
-4568
-4056
6171
-11020
5632
-10188
6413
-9204
-4625
-13276
2072
-6045
2040
-7148
-14333
-9200
8423
-11200
-518
-10208
13835
-9176
-5885
-20420
-2320
5164
7429
-15328
-3067
-10228
-13099
-4028
-475
-6092
6906
-7952
-265
-12272
4634
-11208
1810
-14280
7189
10276
-5387
-10212
-502
-3024
-6107
-18180
-2582
-17384
-7414
-2048
-1777
-8168
759
-5068
3049
-13256
9190
-13292
8469
-6084
-1033
-4880
-8449
-15352
9675
-14316
-2807
-11224
-5903
-7112
1557
-7160
-2573
-9216
-6911
48
1042
2096
-2285
-7096
733
-9988
-9474
-3036
5627
3080
-4091
-6916
-2080
-4088
4597
-8176
2567
-13284
2272
-2008
-1748
2088
3073
-10000
4599
44
-6138
-5068
3289
-14304
5888
-13268
-3311
-2008
5627
-7140
12830
-22252
2046
-10196
7427
-3060
5102
-12240
7920
-6080
-2593
1068
2040
-9180
-2587
-8144
1315
3108
4397
4120
2576
-10208
3613
-8184
-730
236
-4610
1088
9167
-12260
-7639
-2036
-2330
-3072
7957
-6068
15653
-3060
5428
-10184
11519
-6108
-8926
-3060
6665
-18400
4119
-15324
-6169
-11240
4860
-13268
-4593
-4064
3837
-17364
-2306
-8128
4642
-20460
3554
3100
-3075
-10188
-12533
-10200
9718
-996
1528
-1000
7359
-9196
-755
-14108
7447
-7132
-2272
-14332
10483
-9172
-2812
-3048
-2293
-3056
5382
-2988
776
-9188
2569
-9160
4110
-10208
-9235
-9188
2067
-13284
-5647
-2024
6932
1068
10228
-10224
11279
-5112
-7406
-7148
4345
1060
-2566
-13232
-2043
80
-2524
-6124
5637
-8184
-3038
-2020
-1803
-12256
6129
-5896
242
-9208
-9512
-8192
6657
-7136
2555
8
-7641
5144
10719
-5088
3834
-9180
1267
-5112
9990
-15332
-8197
-14324
9993
-6116
6356
-12252
6163
-5108
4121
-12268
-803
-10224
6163
-12264
4635
-5112
482
-16324
240
-12264
-3585
-3040
4606
1092
-502
-9204
-2551
5180
-3864
-5060
-5896
-5108
282
28
12789
-9188
1004
-13076
15620
-8172
-6140
-20440
6921
2056
-2554
-9192
12541
1032
11546
-12244
1520
-8188
-1542
-6100
5649
3108
8457
-16344
9486
-6112
1796
-15328
5906
-7108
491
-9156
3860
-4896
-37
-6104
6887
-9180
-2072
-2032
-13805
-2008
-4314
-2008
4097
-12252
-4133
-17408
-2292
-10232
-766
-2032
-7922
-7136
2833
-13292
6145
-5088
1529
-15328
-4881
1060
-3349
-5084
-11526
-10004
537
1068
530
-12212
-12
36
2888
-6120
-2803
-5064
13327
-4084
-1292
-4064
-5123
-4084
15
-4024
1031
-3012
1562
-10204
1044
-4048
1278
6200
-1561
-7164
-3583
-7140
10462
-8148
-5624
2056
-10496
-9192
-794
-964
-11537
-13280
-8669
2072
2530
-4024
8443
-8188
-4325
-12228
5150
-7100
12276
-15352
-6158
4124
502
-12272
-11536
-1992
522
-9188
5922
-4040
6681
-12240
-1290
-8144
6944
-9184
7717
3316
-3063
-9212
7947
28
-5105
-1000
1286
4100
-7477
36
-258
-13260
-2053
-8136
-247
-13292
-2271
-4068
-1537
-8156
-2345
-7132
-6662
-992
-6154
-10232
1040
-4076
-7966
248
-2047
-9208
1047
-17380
-3310
-10200
-4364
6184
7941
6184
9714
-5116
1253
-12288
1535
-12244
1544
-5068
-2571
-4060
745
-6100
7646
-1008
-231
-19420
-7463
-3020
-238
-14296
-7426
12
5099
-4044
4614
-5092
-5633
-9168
-2825
-8164
2047
-13292
-4585
-16360
-2322
-8160
-9443
1040
6147
-3028
-8908
7200
11246
-1012
-2782
-12248
-4617
-8176
-1003
-7116
-10783
-7108
3571
-10236
1252
252
1014
40
-2306
-6092
4847
-2032
-7
-12264
4102
-8172
-18
-3028
-2804
-4088
-1264
-4092
4315
72
7139
-15300
3870
-12232
2038
-12248
-4363
-4092
7966
-4096
-495
1060
-490
-7128
-512
-976
2819
-13060
5395
-13080
-7950
-3040
-7438
-11248
3091
-1796
3086
-7940
6433
-9216
-2318
-9160
-1516
-13264
1536
-14312
3290
8216
-5128
-3844
-8
-5092
-9229
-988
-4890
-14288
-14064
-9168
12582
-1016
-6141
-3068
12545
-16376
-2576
-11240
-4873
52
4096
-13288
-497
-15332
1281
1088
-1802
-4084
1313
-5904
-6922
-9192
5094
-9204
-2603
-3040
9453
-8184
717
-4072
-5348
-4076
-5630
-9148
-4101
-10204
-1541
-8168
6932
-19420
-6382
-7964
9985
-13308
-2051
1032
-7426
-5116
-4848
-8136
-5120
-18368
5148
-2016
-2313
-16336
-4343
-4084
7714
-4056
11510
-10236
7168
-4908
-3333
-15296
1767
-1996
252
-9176
-5630
-9192
9967
-16372
-7968
-10180
-6412
-3044
279
-10224
-5103
-9176
3335
-19392
-4096
-15344
3852
1068
-8486
-9172
-4090
-14324
-3864
-14324
12825
-12272
1018
-8097
-2047
-3028
-4618
-7108
-1006
-12264
3382
40
6376
-10236
4850
-7148
-8654
-21444
229
-8188
4577
-5904
10802
1036
2819
-11240
-8197
-2008
-3837
-4084
9483
-13252
284
-5104
-5155
40
6620
-11264
1052
-9140
-4317
-9196
-5106
-10236
1037
-10220
1028
-9200
-239
-5092
8442
-7108
-13793
-20408
4362
-11256
-2035
-8160
4863
4120
13299
-4080
-1246
-10224
-534
-996
5149
-12252
6173
-4080
4099
-8172
-1759
-12276
12242
-2036
9221
7416
755
-4064
4575
-8136
-6894
-10184
-5371
-12252
8747
-7164
3102
-12252
-1806
-12244
-1582
-3024
-2806
-1016
6088
0
13330
-2016
-13034
-6104
6642
-7128
770
-12272
-6157
-4080
1528
-17352
3614
-4064
10518
-8144
-2794
-15324
-7165
-7088
-5642
-972
-2306
4148
6357
-9113
-5115
1056
-291
-18396
5875
-28392
-8445
-17368
-720
-8164
2806
-10240
-9725
-8176
-4865
-7132
-1846
-3008
-10458
-4040
-5629
-10172
3343
-19428
3058
-6112
25069
-11200
-507
-8184
2055
-8156
-1762
-8101
9706
-10188
-3575
-10200
-265
-9172
4854
-12256
1807
-4064
4364
-7156
-2319
-2044
-3073
-10204
-2058
-9200
6122
-4868
-11541
-6076
-5175
-9168
-3551
-5096
6674
-5100
12052
-8140
-5115
-12036
-1023
-13276
-6396
-8152
-4097
1036
-1275
-6916
-13588
-10196
-5891
24
2295
-10180
-8445
-3040
-479
-15356
-6930
-5112
4843
-8188
-3329
-6916
-5629
-12260
-2046
-10180
-4114
-992
-4335
-12220
785
-9172
-2304
-6096
4403
0
8175
-3032
-4374
-13252
-2825
-11224
2545
-12280
-4072
-12244
-3580
-5116
1245
-14324
-8233
-5104
9470
-9196
-4361
-14276
4344
-4868
-753
-12236
1528
-4052
251
-14084
3818
-7952
-5633
-10172
-7417
-4088
247
3088
-8173
-8031
-2861
-12252
7428
-7152
9979
-18372
-273
-10240
-2282
-4068
-1573
-9180
779
-9168
2551
-14296
3069
-24280
-7690
-7096
10752
-13276
4091
-6124
-4834
-11204
-5117
-968
1523
2068
-271
-3068
-5595
3116
4
2084
2563
-4064
4363
-11216
3330
-12280
776
-15340
535
-7152
5883
-21256
-503
48
-7151
-956
-3336
-14316
-2317
-9176
2817
-13264
2518
-10200
6891
-13292
-12814
-4092
-3108
-3060
9461
-12224
2285
32
2843
-13312
7933
-9156
-2527
4164
3583
-12276
6401
-7140
-4349
-5080
-3355
-10204
2285
-9988
2563
-17388
-4364
-3036
-3782
-4872
9024
-14316
-1549
-10180
-11
4
5420
-9144
-9997
-8176
-5350
-14084
8957
-5080
6645
48
2836
-9212
-4069
-11240
2595
-7140
-2531
-13068
-1263
-18345
784
-16376
3090
-6108
6912
-10196
766
-9140
16118
-12260
-802
-6108
3045
-11240
9447
-1004
256
-12288
-6642
32
-7696
-10204
-6390
-7148
8173
-12260
-212
-11192
1756
-6140
1564
-6104
10735
-9180
3581
-2048
-6149
-4868
-4647
-6104
-2317
1104
-5412
-5052
2311
-12256
978
-10204
-17
-9188
5371
-984
-2052
-14296
-1024
2300
11795
-11212
1043
40
-3092
-6112
12553
-2012
-1526
-7108
-248
-4076
-3060
-9192
-3621
-18404
3377
-4056
-3844
-4080
4089
-5076
806
-4056
1770
-11044
5065
-4048
1039
-3848
-217
1056
-475
-7152
-5931
-7128
-785
-13304
7678
-7128
3083
-2012
-2813
-6136
222
-3052
3086
-6136
-6421
-4064
1586
-12244
-4355
-7124
-6678
1024
5681
-5092
5161
-9176
5646
-11236
5652
-5076
6893
-11220
2593
-3068
7390
-17364
1529
-13076
2284
-10208
-1029
2068
-3357
-6140
6387
-7128
-2041
-6100
-5366
-5116
5901
-4052
-1818
-780
-3564
-11220
487
-7152
-1558
-19408
6903
-14272
-11535
3084
-3082
-8156
4581
3100
-10245
-4072
-9743
3088
-7711
-7132
-4874
-7128
1537
-13296
-9207
-6120
4879
-1800
-5343
3076
-2544
-13264
-1281
1036
1808
-5896
-6687
1072
2818
-22228
-4073
-12268
2299
-9208
-17688
36
6912
-12260
3091
-15328
2031
-18360
10476
-8144
5633
-6124
-7413
-5044
-7943
-8124
-5088
-8156
503
10268
-2567
-7132
-3571
-17376
-6651
-12264
-1021
-2856
2303
-3016
2288
-13284
-9236
-12280
15352
-15344
-15292
-12248
7911
-13280
6911
-6092
-8171
-3044
-9957
-7136
1777
-8160
-5921
-5108
12250
-2032
9711
-10228
-3310
-7944
-5112
-21500
8209
-7120
-3567
-16336
1022
1032
4615
-968
3336
-16348
2054
-19408
759
-8156
-12
-7124
10263
20
2037
-5096
2265
-8968
-1300
-6080
4573
-5076
-250
40
-3334
-13312
5911
-9156
8184
-18392
14594
-14296
-2537
-10196
-6413
-7164
-10232
-22232
14871
1048
-526
-15336
-2323
-9200
3089
-4092
5109
-17404
1276
-12232
7177
-13228
1282
-3044
-17420
-9164
-2537
-19408
2301
-8160
3595
-11208
1780
-6116
-22
-2828
5602
3096
-1026
-8156
-4081
-9172
4123
-2852
5432
-10220
746
-10208
-2573
-12260
1260
-5896
3304
-6088
285
-14332
2062
-12244
-1020
-8156
-3362
-6112
4628
-18412
8434
-5096
1302
-10240
-5356
-6140
15828
-6116
-257
-6928
5640
-2004
-14
-12244
3338
-8160
-482
-4080
-7435
-6080
-18
-9988
-5146
-12232
2056
-10000
-2825
6212
497
4
-5092
-14308
-6939
44
-2288
-14308
-4836
-5064
-6914
-5088
-13851
-8964
-5895
-956
3819
-14316
7398
-9180
-3610
-11228
-3304
-7124
18171
5132
-10247
-4084
3331
-7156
-7428
-8180
6625
-12268
-3067
-2028
-6104
-11220
1276
-10228
-2825
-9172
-4127
-5084
7677
-7156
4594
-17380
7149
-15292
-12052
-6948
5369
-12256
8
-2020
-3844
-10204
5646
-11216
-1018
-14316
5357
3100
-1541
-3048
5885
-12232
7414
-1008
-9221
1068
4344
-11240
11270
-7940
8986
-5088
256
-4080
1271
-12252
5588
-1992
-4129
-10232
2041
5148
1534
-9200
-4838
-16344
-205
-7144
-2524
-8160
-9970
-19436
-1280
-16328
-5089
-784
-8156
-8172
6382
-8128
2564
-11248
-3889
-5096
5615
-6108
-3332
-8160
-7170
-8152
12839
-8176
-4364
-2000
9220
-7124
9708
-13268
4874
-5096
-1571
-7124
6900
-5096
-7931
-5072
-796
-2996
-1807
-12256
-5387
-4056
6878
-10200
-3316
-14296
758
-3848
9487
-9168
-2337
-3044
-9473
-3032
2053
-6084
10981
-12044
-8732
-11204
4350
-996
757
-8144
-5359
-10200
6889
-18404
-10256
-9212
-2306
-21472
-1546
-15324
-5338
-6112
-4094
-13284
-13829
-4056
-7690
-14312
-1810
6168
13037
-6120
-3054
-11244
-12064
1072
-7937
3108
-4345
-7952
-2330
-15308
3030
-3040
-10487
-4036
516
4128
5158
-5120
-525
-7164
-1556
-3040
-519
-5064
-4343
-9196
-5362
3108
-1258
-4052
6888
-13312
3065
-4068
1000
-9160
9813
4108
-1734
3092
748
-15124
-6423
-2032
5629
-16368
-260
-3048
2295
-21464
1808
-13268
4354
-12232
-483
-11200
3830
-8164
5390
-11244
-7188
-3016
1808
-11036
8747
-11220
13048
1080
-6135
-4076
8195
-8136
1021
-13064
-6936
-1800
-6647
-8176
3597
-11224
7201
-13304
-5915
-2004
-9498
-2044
-764
-6092
5610
-10160
-1783
25592
1255
-10180
5650
-8964
3070
-11240
5644
-7140
3112
-7144
-1039
-14280
-1288
1076
-4588
-1000
-5887
-9192
-2038
-9160
7427
-12240
-261
-5088
4614
-11248
-778
1028
-254
1052
-2303
-6084
-11
-11224
521
-6120
-756
-9188
-1037
-16336
7187
-9148
-2047
-8184
1800
-13272
-6653
16
4608
-10016
-5406
-12288
3319
-5892
11
-7144
-8188
-8188
-2273
-8172
-2312
-20436
-4360
-8152
-3285
-12264
1029
-5088
-1527
-9992
-3351
1048
3831
-6092
-457
-10180
-6372
-11236
7462
-11028
5354
-8188
-1030
-6120
4617
3088
-4840
-4048
-2066
-2044
6892
-3064
-4625
-14336
-2021
-13060
2807
-772
-3593
-13296
-732
-11224
-6144
-17156
-495
-9168
1021
-5072
7702
-8188
5639
-4080
1008
-9160
-4828
-8176
255
-7168
8207
-9988
10024
-10220
-1023
-7132
-6974
-16340
6146
-14316
1075
-10188
9195
-7164
-5879
-9172
2549
-6144
-6941
-7968
3864
-10228
8182
-10196
5375
-12272
995
-8152
1776
-2024
-722
-15332
252
-8132
1022
-964
4090
252
-4067
-2824
4356
-13264
-1814
-1020
-5880
-4884
-5377
4116
11002
-4060
-5143
-6108
3849
24
-4341
-5064
3319
-13280
9969
-13288
5149
2100
-264
-14312
-3568
-7144
8670
1088
1014
-5072
-3323
-12260
-7934
-6140
6397
-8148
-3784
-10192
-2834
-3068
-6141
-6140
-8713
-11252
2566
68
2797
-9988
-8193
-10180
-4105
36
-6374
-7156
-8199
-15300
3317
-10176
-9218
-6144
-15056
-6096
5906
16
991
-9196
5886
-12256
3848
-12228
7435
-6124
-4333
-10176
8164
-9156
-4391
-9156
-3081
-2828
268
-18180
11800
-15300
-754
-8172
-500
-6128
-1049
-8180
-2574
-6088
6914
2072
-4569
-4064
-2827
-8152
270
-15136
-5099
-8180
741
-10208
-10540
-4892
1757
-7160
2053
-3056
4360
-12232
3565
-11228
-7414
-12272
2034
-2992
-524
-5104
-2602
-5088
3062
3124
-1537
