-980
752
-4009
-3045
-8172
6913
-4088
5910
-17160
-13574
-9164
-1540
-11220
4632
-14312
-1482
-12228
-3625
-7140
-2048
-7124
-2271
-8124
4882
-13264
-3872
-13300
-16874
3144
4878
-14328
3847
2076
9955
-12264
-1794
-12244
-7420
-16376
2310
-6136
4383
-5100
-8985
-9188
-8212
-5048
10446
-18360
-13819
-9992
21252
-3068
2557
-2004
2571
-6144
1751
-4080
-5660
-14084
-5607
-11180
3591
6160
-7171
-4868
-2841
-1004
7456
-7136
-5861
-10188
2531
-11240
4854
-10180
-2760
-4032
2798
-20252
-3828
-13256
-2066
2092
-4101
6156
238
-9184
-6651
-14328
9721
-10184
-8464
5128
1298
-11228
-10237
-6104
8467
-5064
9242
-10236
9489
-3060
9995
-2032
-20
-10232
-1788
-5092
239
-9188
-7171
-12252
-1287
-7140
9780
-19424
-6397
-6080
-4358
-12264
-1238
-3048
-764
-9192
-6399
3092
-2304
-10240
-8216
-5044
5121
-6916
-4093
-6084
-4327
-9160
-6686
-8164
-779
1268
-493
6156
-2553
-6120
-4593
-12280
-6379
-14276
6164
4328
730
-10208
2303
-13288
-8696
8440
-2815
24
6919
-6092
-10489
-9204
8438
-8176
7448
-10184
-5109
-13096
-5360
-10216
-1814
48
5095
-12264
-8467
-5104
-14086
-11177
1291
-10224
-2343
-8184
-6175
-10220
4635
-7112
11781
-7940
3326
-13300
2309
-5080
5417
-13248
2810
-1812
9169
-3024
-11556
-8172
-3832
-9180
1002
-13264
-530
2096
5335
-11252
4608
-5068
9471
-4044
751
-13300
-5127
-12248
3081
-14288
1512
3320
2058
-6140
-1025
-13312
-2058
4
-505
64
5621
-7144
-27210
-6128
5076
-11212
6409
-11252
-11001
-16368
8959
4108
-783
-11020
-2864
-13304
-4864
-7140
2555
-12240
-5674
-4044
-2296
-6140
-1795
-4036
5121
3092
-6399
-13252
-1066
-10012
4604
-15336
-11807
-4072
2314
-20476
-10260
-6104
-4340
-9176
2554
-17380
3313
10252
-9205
-7124
-1798
-12232
815
-6132
-16890
1080
5091
-7140
-3561
-10236
-3624
-10236
2802
-1004
9224
-5100
-6136
-6100
2015
-5908
1777
-11012
-4805
-9192
-1604
-976
-6144
-11016
739
-16356
6142
-11244
2049
-2024
14859
-13284
-11016
-8180
1038
-8140
-11507
-10216
1790
-7156
762
-17384
9718
-6916
-789
-996
4580
-14320
7174
-992
5141
-18364
5603
-10224
-513
-15320
-6658
-5100
1319
-10236
-3845
-13280
2336
5136
-46
-4048
1512
-15332
4105
-1800
6410
-17404
-764
-9164
1319
-15328
9501
-9196
515
-8164
3841
-8964
-1791
-996
-12805
-10216
-8214
-12264
-8489
-10208
6153
-3024
-7423
-3012
-5123
-3064
-10758
-11212
-1030
-8160
230
-10196
5615
-11224
745
-10196
-3116
-12260
9455
-3020
4858
-8192
-2814
-6120
5886
-5116
-4091
-2008
5891
-8192
2830
-3064
229
-8120
1302
-11256
2070
-12224
-6357
-7124
8417
-10216
3305
-2832
1286
-2000
-8477
-4088
2064
-4080
1000
-11232
-4843
-7104
-1296
-6116
7678
-7168
-5110
-5096
-2556
-11236
-528
-2040
9212
-8184
-10004
-11252
523
-8176
-2031
-8180
4597
-5096
-1519
-16368
8468
-6124
-3323
-1020
5635
-7116
-1768
3096
1297
-15360
-5124
-19212
-10251
-10224
-2809
-6124
4845
236
1261
-14328
3617
-14312
6395
-9212
-2023
-12252
5138
-5108
3566
-15120
-3853
-9196
5151
-7164
7174
-10240
229
-7956
-4375
-14320
-2053
40
-9715
-6144
-782
-9168
-1792
-11212
-1017
-18384
-9210
-12256
-5401
-5084
9988
-3060
257
-4888
12021
-12248
7943
-15316
3303
-15332
-12258
95
-8424
-18424
-4607
-6128
9707
-2000
1769
8240
1281
-8136
-2846
-9992
7663
-8120
-6094
1272
5335
-5120
-6423
-15336
-4631
-2032
-559
-8132
4095
-7156
6923
5152
-2033
-5896
-758
-9988
-257
-3036
2574
-11248
13588
-3036
1036
-13284
-2084
-14296
769
-15112
-1328
-16336
-8432
-20440
731
-5088
509
-988
-3115
-6088
-22020
-984
-2045
-6120
3585
-6104
3613
-15348
10741
-2012
5146
-13284
4078
-4044
13348
-2024
5659
-14324
-281
-11208
3100
-5892
6674
-13256
-2794
-13221
7698
-10204
-1786
-17356
-7140
-2028
-2285
-16368
1261
-6128
-1048
-8180
4051
-3048
5388
-4868
9954
-7156
-4316
-15344
8962
-4080
-8931
-10176
5115
-5112
3854
244
-5895
-2016
-280
-10212
-1302
-10232
-4869
-2036
-5894
-21460
1019
-8996
-4844
1048
7171
-10160
-2048
-10236
257
2080
2034
-6916
-2038
-9192
-4576
-7144
522
-12268
8434
-15340
-7960
-8136
4112
1040
2537
-5092
-3335
-10236
-12002
248
-10482
-9172
731
-8984
475
-6084
3051
-6140
3859
-1984
3085
-8164
-6642
-11256
4357
-13272
2827
5168
-759
3116
261
-7148
3852
-1012
2869
-6076
-785
-12240
535
8224
1766
-11184
-4877
-8160
-2318
-12284
-5367
-10200
11497
-13280
3587
-9168
-270
-5896
-13571
20
-3290
-7124
1789
72
9752
-11216
1313
-7148
-3057
1044
-521
-11244
-2029
-16320
-3857
-7132
-2292
-6136
3583
-4872
-6917
-13280
-8717
-8172
-2041
-7940
3406
-7148
6869
-5088
-4594
-11252
1546
-6092
2820
-4872
3859
-4064
-1514
-3036
-3349
-6144
-7931
-11256
-4090
-4072
3112
-6108
-4879
-4060
4324
1036
-7392
-6932
2563
-12236
1812
-11020
-1305
-2040
-1828
-10236
4623
-3036
-770
-3048
-1214
-4032
1533
-4088
-1789
-11016
-6125
-18424
7384
16
5388
-10228
6392
-2824
9694
-15328
-1538
-11028
526
-13240
-13572
-9196
-12782
-9204
-3878
-7148
4873
-1008
6877
-3016
2795
-8156
-224
1052
-3572
-16372
10956
-14320
-8462
-8156
4592
-8144
-3843
-3072
-2
-11220
8207
-11212
5617
52
-9217
-5116
265
-2028
-7941
-10192
5864
-12264
4610
-5092
-7707
-4068
-5894
-11256
-3606
-6104
-2311
-5072
-4083
-12036
-12980
-6116
15528
2072
8201
2068
12551
-7140
-988
-2820
3910
7220
5104
-6100
5089
-20420
6120
-12212
-4595
-5108
1526
-6100
-3596
-8176
-1078
-12244
2589
-7140
-15374
-3072
-4606
-12256
6667
-7136
-8440
-11256
-2048
-5104
3565
20
6407
-1008
-1824
-12256
-1308
-1012
49
-12036
-8495
-12224
-540
-4096
5096
-11240
-783
-12220
-6625
-13276
2283
-13304
976
-8156
2789
-7156
-11243
-11220
-767
-16156
2813
-8188
-2568
-9204
1287
-12048
7180
-9144
4318
-6092
6632
-16348
-2543
-13292
-12794
-15320
-5422
-5080
7422
-11260
27
-14320
6147
-6108
-10230
-7160
-500
-6080
6164
-1020
6883
-15296
-3856
-14288
5385
-11188
1029
-11244
-4063
-1024
-8704
-8156
-1818
-8136
-8455
44
9474
-7140
-257
-3052
8449
-14288
-299
-9172
-3587
-3024
-515
-13292
7181
-1796
11273
-10212
513
-5120
-6922
2096
5578
-16372
5393
1040
-10491
-19428
5921
-13312
8194
-11244
-8724
-9148
6117
-11216
-1269
-10232
1017
-4868
-1784
-18400
-9491
-9212
-4093
-13272
1302
-10200
6663
-7160
2546
-17356
-3365
1080
-3588
-976
-4640
-12272
-2051
5152
1041
-7148
13583
-1984
-2034
-4872
-7968
-10220
3617
3108
1029
-9184
-22
-1012
4068
-11260
5388
-12236
-34
-9168
3102
2116
2321
-7144
-3845
-6096
4367
-7160
-4857
1080
11243
-8168
2541
-8184
-232
-10212
-769
1028
-2566
3320
-11028
-3004
-773
-11012
-9197
-6088
4096
-6096
4838
2124
-11546
-14324
8954
-3052
3847
-7140
3106
4140
7889
-7128
-3611
-8164
-3322
1264
8
-2004
276
-14316
4106
-2028
-263
-12256
-1312
-18196
-6638
-8172
1293
-4056
501
-9180
-2557
-5036
-2314
-5076
-221
-10216
-18143
-6136
8969
-10204
5145
-10176
3566
-16144
755
-9192
1804
5164
3842
-9212
3013
-8136
-2035
-4040
-1513
-9184
9983
-4088
-531
-8180
4330
-10216
-4102
3316
2519
-3028
2571
-7128
1263
-5092
1820
-8152
-226
-8164
-8174
-4072
15047
-10204
801
-3020
2550
-992
2540
-6084
4577
-8192
-3879
-8164
-6162
3308
11799
6164
3303
-3024
-8754
-8160
1312
-6080
3583
40
10247
-3044
-2299
-3052
7909
-4068
-2280
-8148
999
-11228
-496
-19216
1816
-4088
-5346
-3028
1002
-7128
-5634
-7148
1272
-14328
-1311
-17364
-7196
-5116
1269
-14320
-3858
-8968
4097
-2828
4601
8
-7904
-6120
12808
-8152
2581
-12260
238
-988
2050
-8116
772
-13304
752
7192
-10229
-7108
5383
-10220
8450
-7136
-7185
-2000
7445
-5892
8224
-3052
1791
-9176
-3834
-8168
-2040
-11260
753
-13304
9471
1060
-4328
-5096
-4883
1040
-1288
-10236
-3854
-6112
6140
-6140
-6649
-5096
-2064
-3064
6932
-9184
-1782
-6116
-5087
-10228
17644
-4036
5114
-9208
-4612
-5104
-2811
-3036
3858
-7168
2059
-2848
1536
-13292
12545
-7156
28
-9208
1807
-7116
-8222
-9188
-1772
-5092
-1300
-21468
-10704
8248
9211
-11208
-5899
-5076
-4078
-17396
3855
-7160
9999
-10176
8674
-8964
1558
-6096
784
-5116
-7154
-7140
752
7168
3118
-5068
6375
-18396
-7718
3104
-1556
-9196
-4119
-4036
-524
-7120
-4063
-4068
3597
-6116
6889
-8184
6621
-7140
-2834
-16368
4589
-8164
-8939
-6108
-3617
7200
-8186
-11248
-6896
-10196
7961
-10224
2361
-11240
986
-2824
2029
-8152
2269
252
7689
-1016
4593
-6108
-7177
-10192
-506
-8188
498
-12244
6189
-6088
2522
-9212
1803
-7160
1252
-18388
-7181
-11244
-9702
-11236
1772
-13292
-2299
-11264
7960
-8128
-4367
-10192
10763
-13064
5382
-6100
-10783
-5104
1551
-8172
-5623
4096
-1538
-12272
-1800
-7128
-8189
-7124
-4601
-14316
6137
-9172
2833
-6092
-3603
-6112
-6866
-9988
815
-8148
4119
-8976
-2809
-2016
-508
-3072
-7188
-7152
-8693
-16380
7190
24
1813
-4040
-1801
-5084
-6905
-8172
-2038
-9164
-4100
-15340
23
2300
-3603
-1796
-12028
-17372
6437
-952
-3340
-6136
273
-6080
7920
-7136
7163
-8144
8449
-988
-515
-14316
6911
-3989
1018
-7156
9520
-5892
-7387
-3072
-4597
-11012
496
3072
-7748
-5104
-1047
-7140
-2047
-15300
-8470
-4072
230
-7096
9486
-5072
5645
-3024
-463
-11232
-1295
-14332
1058
-11208
-3596
-5088
-5889
-8136
-3571
-7124
9245
-5064
4346
-12044
-489
-4052
5625
-11264
2828
-3064
2550
-15340
5389
-17384
-3594
-8968
3280
-2028
-7420
-21468
2298
-15284
-2072
-17368
6169
-16348
2565
3076
-8701
-10228
9440
-5900
6674
-12260
-1302
-5120
3064
-4048
5586
-5064
7161
-11016
-785
-13292
4880
-4016
11790
-5088
3
-12284
-486
-6128
-2299
-2008
-6644
-18388
1004
-9180
5650
1028
-4074
-25288
19499
-5104
5120
-7140
5088
-7140
3316
5176
-4569
-1988
-12566
-12248
-4103
-3848
4088
-988
214
-14288
4602
-15320
2287
-7976
-14339
-7120
6136
-7104
-485
-9180
1783
-5108
-10498
-9172
-3843
-3048
4336
16
-21533
-2016
-776
-992
214
2100
-4326
-5088
5124
-12268
7900
-7088
-4622
-11244
-3069
-11248
-4875
-12256
2060
-5108
5894
-13284
-1013
-5116
12025
3104
556
-10208
281
-6140
1071
-12280
1280
16
-2812
-8148
14615
-15352
-1792
-6136
-6392
-6088
2810
-6928
255
-4020
-4824
-5120
4573
-5084
-5138
-13284
-3334
-3060
-2546
-3844
4623
2076
-2544
-8176
-2307
-4072
-259
2300
-4094
-11244
-4640
-8176
-3048
-5072
-7702
-5096
-1309
-16336
-2578
-17368
5097
-11248
2576
-7136
1568
2068
1769
52
197
-4088
10
-10200
3335
-6124
3329
-4032
5620
-12240
-5404
-8156
263
-3028
-265
-8144
7929
-16356
471
-1004
-3333
-7140
5122
-6088
2053
-12212
5180
-10176
5875
-16356
9974
-3020
-271
-8168
1549
-15312
-560
2060
3325
-11244
-7172
-9192
3331
-9216
8453
-1000
5648
-14324
1028
-9212
-4138
-13280
4842
12
232
-12248
510
-14096
-24271
-5104
11254
4136
-5644
-5072
-8939
-13292
8956
3088
-6391
-5088
-479
-2048
3067
-14316
3322
-7120
-290
-5892
5607
-6096
-5875
-6116
-6664
-1800
-505
-14316
-1025
-3036
-7951
4112
-6147
-18372
-2805
-12208
797
-7144
-6686
-11196
-368
-14324
3591
1064
503
-9196
10515
-14308
5649
-11224
-4896
-6096
8960
-9188
9237
-15336
-3584
-6092
-5361
-11212
-2537
-5924
-1767
-980
9734
2048
-1271
-8116
-1278
-6104
-5115
-6120
3547
-7940
4863
-14328
233
8240
-9726
-5108
523
-10200
10742
-10240
9776
-3064
1028
-6932
-7927
-22244
5131
-12240
6928
-10220
-3061
-14288
-10012
-12260
-6903
-1004
-13019
1252
5872
-7156
8666
-3032
-6674
1088
-3305
-8176
-725
-6100
-3090
-4096
-2812
-17388
-5127
-15320
6384
-12264
2299
8
-12310
-988
-3629
-7152
1023
-1008
-1510
-11252
517
-12248
-10793
-10208
-15612
-9200
-6927
-7120
2825
-17396
-9771
-20460
-5614
-2032
4365
-2016
7176
-12256
10220
-3012
-1004
-6144
2592
-8164
4096
-5916
-268
-14288
-1322
-4068
6391
-20260
-2286
-16360
-1562
4136
1030
-8164
-7169
-11208
2286
-1020
-1297
-15316
6121
60
-2046
2064
10771
-2012
10728
-14320
-5398
-3028
-5640
-7964
10733
-8148
3304
-984
9249
-14300
1790
-18376
-9461
-2032
-4879
-11248
3352
-9176
4590
-5060
748
-7108
-237
2056
-757
-5092
-7134
-15344
-1236
-13312
-4340
40
-4596
-4096
9714
-12252
-3
-9180
6158
-11240
-2270
-5108
2799
-8172
1512
-7156
2839
-4036
1996
40
-2545
-10236
1548
64
2110
-19424
-4607
-8184
6393
-8188
3590
-13300
-5639
-8168
12813
-12264
-12533
-8188
2050
-9172
-7915
-12264
3585
-3064
-3600
-3044
15335
-14328
-10743
-7140
6726
-9180
2582
-15344
5384
-6136
1787
-6080
-2308
-20408
8700
-7108
-1575
-14276
1811
6148
-5390
-8176
3078
-2040
5658
-4868
3542
-8156
-10472
-3044
-4828
-14316
-7177
-8160
-2301
-4084
-3607
6188
-6646
-11232
-5637
-10176
1768
-14084
-520
-1000
9270
-9172
25
-9188
8471
-2016
-5
-10172
-12297
5148
5929
-7156
7661
-9188
-9713
-11204
1505
-7120
-3591
-984
5634
-20452
-5390
-1800
-1779
-14324
5417
-4872
11
40
-6641
-5096
5871
-6100
-4134
-11256
3808
-4060
-256
-11024
-2568
-5096
3309
-2032
2
-11240
4354
-5080
13074
-6084
-2797
-5100
6923
-7156
2321
-976
-6428
-6112
6626
-11256
3080
-5892
-3878
-5068
-3301
-2036
-5887
-4896
-4572
-2000
-3319
-12044
12294
-7160
1272
-4052
2260
-11020
2813
-4084
-31
-16360
753
16
1766
1108
550
-15308
2075
-4052
-1543
-12228
3
-17360
4868
2080
-3567
-9208
6912
-7140
994
-2012
-4600
-7120
-2331
-8160
12023
-8128
-5634
-8980
-3088
-3036
10265
7204
8468
20
3047
6160
4364
-21468
2561
-9160
3822
-12280
-1806
-15344
2589
-988
9202
-13304
285
1028
-4108
-4036
513
-18364
1256
20
6151
-11216
3074
-5108
-9977
-4056
4348
-5064
-6160
-3848
-4612
-20472
4844
-8160
5143
60
-9774
-3024
-6142
-5068
4126
-9160
-1766
-9192
-6147
-5044
3843
-14284
-5631
-4072
3320
-16332
10495
-5088
-6417
-6916
1822
-15352
-5860
36
10231
-15328
6680
7220
2053
-8192
-1516
-13260
1537
1040
-3097
-9196
4620
-5112
1063
-8984
7951
-9156
5100
-16344
-5411
1032
4344
-992
-1017
-12220
8704
-5088
4360
-8164
-4377
-15320
-8431
-14308
7903
-6104
16617
6388
1540
-14336
2269
-772
1058
-7116
-4860
-984
5935
-16376
-1002
-4080
-2800
-8192
4362
-13272
-3808
-18424
3309
-6104
-994
2268
1522
-18380
-2841
-16136
3597
-10184
-5388
-11244
-3070
-14092
8434
1052
-2573
-7132
-7917
-13276
-5362
-14276
-2565
-8144
-1527
-8140
2869
-992
-5408
1036
-2046
-10220
2583
-5104
3060
-3032
-5377
-19428
4871
-12212
-2022
-6124
7953
-968
-1032
-10192
4374
-5088
9264
-7120
7152
-9196
-309
-7944
-5116
-15332
7982
-10168
3862
-4048
215
-984
-7683
-1016
-5911
-6944
-39
-13268
-1491
-13260
1537
-6112
-4869
-8176
-3603
-8968
6195
-4084
5859
-14288
-4378
1068
1796
-5112
-4865
-6916
3555
-3044
2827
-3032
803
-9180
6091
-8148
-5671
1068
-3881
2100
541
-8180
-760
5132
-12269
-5108
6180
-1820
-8673
-10196
-253
-5108
2005
-7152
-4875
-2004
-2036
-5088
4395
-10216
-760
-8988
-4605
-8120
536
-11236
2567
-7144
1275
-15320
-31061
-7940
-16449
1072
-4615
-10068
-4093
-24236
-1228
-8192
10222
-8172
-2313
-988
3318
-3064
-3063
-6124
-1783
-14300
776
-9204
-11812
-792
-517
-10220
-1059
-7116
3310
-10204
-7182
-15336
-2325
-6120
-3076
-10188
1569
-11248
-2057
-20428
-2098
-6104
-2534
4136
-5113
3124
1534
-20420
-1271
1080
10238
-1020
-3007
-10212
15107
-13288
3571
1032
-6649
-3044
18426
-14332
-3581
-2020
6886
-10212
-2014
60
256
-10224
-6112
-10196
-4341
-10204
275
28
6903
-6916
-6883
-10188
-3297
-17348
1027
-8128
-5106
-13312
2570
-8172
-16
-13300
1030
-9164
-5651
-10228
-6943
-11240
6141
-9988
2842
-3852
7701
-6080
3300
-12244
1266
-10236
511
6176
4350
1028
-1015
-10192
-9722
-6116
-1828
-16364
1030
-7128
-8695
-9992
-7969
-8168
4851
-10192
-9454
-13060
2559
-15348
6904
-1016
-9480
-10168
-6159
-11264
766
-4072
-4612
4108
6403
-3012
-992
-12268
723
-5084
-1775
-17360
-15849
-7124
2062
-14096
11021
-16360
-1566
-8192
-1015
-6112
3843
-13268
260
-8192
10494
-12268
-3825
-7128
-5889
5120
8955
-11264
1039
-11260
-248
-6100
10726
-2044
-5408
-7128
-4079
-8176
-3072
-15324
2266
-9196
-3593
-12244
7396
-5112
4634
-10196
-13052
-7156
2853
-16332
-12043
-7112
1514
-13280
7162
-13272
-1264
-988
3821
-9204
-8451
-7144
4053
-15108
-5850
-5044
8438
1268
10239
-13308
-6411
-7124
-9512
-5108
990
52
4119
1088
-2567
-7148
7642
-5072
5610
-13300
271
-11240
8980
-3052
-9473
-5120
2291
-8180
-4870
-4009
6677
-6100
1291
24
4874
-5116
5139
-6116
-765
-9196
-3316
-2024
8943
-5060
-2552
11268
-2299
-11220
7436
-4048
3353
-7092
4364
-7120
1241
-10196
-514
-13264
-7669
-17388
-476
-1804
4838
-976
4858
-7120
-756
-6128
1748
-3072
14
-6104
-7701
-7940
9683
-12252
2092
-8168
-8981
-16372
16409
0
-2783
-1004
3336
1056
-8460
-3852
1771
-5100
-13834
-12252
3047
-7164
10748
-14296
-4351
-5108
-5133
-5064
257
-3052
-4629
-2020
9743
-18424
4597
-8140
-15105
-12228
-5645
-2844
8192
-10200
10227
-8120
-6698
-9184
-2054
-2028
2026
-9200
2046
-9212
9202
-8140
-2298
-8168
7143
-15344
-4575
-14288
-3862
-12252
-7162
-3060
7702
-7952
-4382
-6132
-3602
1072
-2083
-4092
9949
-9216
3338
-2016
-1759
-13296
8435
-6920
-3812
-11216
-6650
-12272
-7939
-12036
2302
-3044
-1509
-7124
-774
-6124
7934
-1996
5678
-10184
-4857
-5072
-3073
-7160
4347
-3060
-11533
-16368
11523
6172
6886
-15316
-1262
-12244
6427
-12264
-2532
-6108
-1535
-17376
7111
-12252
738
-5104
4613
-10012
2552
-10184
-7421
-13284
2091
-2044
1773
-3024
-1568
-2004
8194
-16348
3884
4128
-2024
3108
4352
-2832
3039
-10220
3048
-11204
-227
-10228
-2076
-7108
-6124
-12256
4620
3076
-1217
-13280
-2096
-3028
-7689
-8148
-1778
-10172
519
-6108
1326
-4009
-3850
-10188
-2308
-11260
-1046
-7156
-250
-15328
11522
-5120
3823
-2012
-3336
-7144
227
-7156
2558
-4072
4571
-12044
-5398
-4076
-6896
-2048
8724
-5108
791
-984
2592
-5108
11255
-11260
-3827
-11208
6609
-7168
-774
-4080
-10463
-12244
4873
-772
-14091
-15316
-6444
5368
14876
-5088
15602
-14328
-2325
5144
-8444
-11212
1041
-10220
1034
-8120
-1562
-8184
-7126
-10192
-5876
-7132
773
3104
3056
24
1518
9452
-1296
-19388
-12
-3020
4114
-9200
4366
-2016
514
5136
3576
-17352
-8674
-11216
1006
-13292
-11250
-7168
4595
-6096
-3069
7180
10484
0
-4607
-6120
2306
-9184
4889
-15360
1805
-11228
247
-18424
-760
-12248
1788
-13260
-7649
-3036
542
-7108
-1537
-11248
1774
-10200
-5624
-10216
749
32
1583
-7124
4823
-2048
-8931
-7156
-6397
-4048
-229
1084
10241
-15320
-1791
-7152
2040
10264
4372
-1024
-5666
-9180
-229
-2036
5354
-10224
-8481
-2008
7180
-5088
-250
-13296
6917
-4084
-21
-980
6613
-4060
1278
-12284
-6620
-1024
-5636
-11252
3285
-7156
8469
-21444
755
-4060
-5607
-7160
-533
-3036
-2559
-5044
-8430
-8964
4367
-10208
-3622
-13064
2316
3072
2803
-11232
-3345
-2032
5131
4124
5387
-5064
-254
-11204
2820
-14308
-6132
-4076
4850
-9172
-1753
-988
-12839
-15328
1275
-12244
-3605
-7132
2
1072
-13331
-19416
-3834
-3056
4105
4160
-3578
32
-10004
-5072
-6100
-12228
3063
-9172
2037
-7132
5425
-6096
-1272
-9204
9503
-7120
759
-2032
1780
-13260
-258
4128
5393
-8144
-8735
-8172
483
-15336
-1790
-3044
7139
9264
804
-9196
-1804
-2008
521
2296
6612
-16360
-8441
-9188
-1824
-10216
5615
-3040
3602
-10224
2812
-3040
-11260
-12260
2856
3104
13845
-7940
753
-9188
8431
1048
3081
32
-3311
-11252
765
-3052
-3347
32
8970
1032
9220
-6960
-3843
-3056
-2536
2120
-10002
-9192
-1302
-9148
-3316
-12272
6376
-16368
-2049
-9988
2812
-11236
-548
-2004
9490
-6132
6374
-11240
-5148
4156
-5678
-7152
-1512
-10220
-9240
-3048
-2582
-3844
4383
-7112
-11312
-11196
-493
4104
-2296
-9168
-8193
-3036
503
-5092
9729
-7112
-54
-6104
-30
-11264
13816
-7140
249
2068
4882
-5092
2279
-10212
1810
4112
2532
-12044
-6592
-5092
-4879
-13280
10758
-8152
4361
-9156
4105
40
12078
-11216
2077
-8152
3315
-8192
2052
28
5122
-17388
3882
-17396
-7675
-3852
2862
-15324
3103
-11240
-3054
-8160
-8194
8
2011
-984
-2280
-3040
-2562
-5080
8969
-14336
-2564
12
1273
-8176
-1548
9252
2037
-10188
-3100
-21252
3342
-9200
7130
-9172
-3610
-6124
-268
6172
753
-2036
490
-2048
1013
-3040
-4883
-8160
504
-2032
4113
-6128
-3584
-3036
2830
-13288
1247
28
-9191
-5056
8445
-17388
-2541
-3044
553
-9176
-3371
-6104
-4625
-8164
4612
-12256
-1775
-6120
7180
-18404
4094
-1012
10757
-15320
-6924
-988
-5622
-9216
7941
-12268
-3315
-8148
1999
-7156
-10751
-5076
5122
20
720
-7128
-1293
-3868
-230
-16336
-3100
-8140
5374
-11220
-500
-7168
3353
-9156
8936
-9204
-2802
-1996
752
1272
3617
-3020
2820
-5096
515
-14280
-3613
-9129
9728
-12256
-2312
-10224
5865
-9192
-2046
-5084
-3828
-7132
1274
3080
1039
-12240
6617
-6140
-1529
-6120
-4860
-8027
1261
-11256
3824
91
-7911
-4068
12544
-7112
-4126
-4068
-9231
-14316
4885
-21468
1784
-3844
-4103
-13276
1008
-5084
-2303
-9180
-772
-24288
4090
48
9999
-7164
16875
-14096
-5886
5172
-2543
-3000
-3342
-15320
4878
-12284
1074
-12204
7113
24
-3351
-14296
15
-5108
-8200
-12264
-3048
8
-2855
-6112
4634
-8160
-1817
-6916
12797
-14088
-3070
-4072
1496
-13264
1529
-12208
-7929
-5084
2288
4140
1796
-13264
-493
-13304
-6647
-9212
-1083
-10220
-1576
-8192
-5122
2068
-3602
-25320
-2791
40
-2815
-7108
3076
-7152
531
1068
-3331
-13248
-2063
-1796
-4311
-7124
4103
-5112
-6683
-3048
-9475
-5064
-242
-8156
-2566
-12064
-536
-3052
-6946
-11252
-5871
-7096
16
-12248
4851
-2032
2290
-10200
-10224
-13064
4370
-3056
-7681
-12256
8206
4124
-1012
-16336
246
-7132
-752
-7144
-4375
-7112
-2822
-10200
4105
-10188
-5617
1276
-3832
-4068
781
-8160
-742
-10208
7401
-7148
-11029
-4056
6387
72
1824
-10232
-769
-1988
-27
-9200
-3096
-9180
1574
-3052
-763
20
-4
-9160
3846
-12280
13579
-11016
-1272
-10196
-3326
-10236
3082
-6928
-3602
-6108
2058
-21460
9467
-14312
-3060
236
-3839
10260
4839
-10212
-12053
-16384
-4107
-13308
3
3084
1760
-5112
4120
-4068
-5344
1056
-11031
-9216
-7698
-9176
-1540
-9172
-3876
2076
2799
-8160
7172
-19432
-5885
1072
4360
-3020
5632
-8164
2554
-7148
-9475
-9196
6135
-9184
5912
-3052
-3065
-9192
0
-16376
809
-7160
-5407
-9200
-2046
-10232
527
-2032
2306
-11256
-3359
-2012
1562
-7140
6634
-5084
-6378
-10220
9681
-3028
1275
-14324
4364
-10224
-3866
-9200
-4615
-15356
8699
-3048
-8943
-14084
-517
-15348
1543
-12232
3325
-10236
1798
-6108
772
-7148
-1249
-11228
-4393
-12280
3071
-16332
1012
-1004
757
-8168
-791
-9172
8492
3100
-1517
-10164
2816
-8108
-4610
-14284
1528
40
-8704
-7136
-977
-9208
6644
-14312
-5109
-7140
2546
-1004
-5662
5148
2831
-7152
523
-9196
5117
-3032
5127
-11216
13066
-3028
1773
-9192
2562
-3012
-256
-17368
2050
-3032
260
-14300
-513
-7132
2276
1048
-6680
2124
-6388
-1984
-4589
-5084
2553
-13296
3357
-1996
7695
-9188
1794
3072
-3029
5172
4105
-9216
-6124
-5108
-270
-7136
6641
-17396
-7700
-6128
1499
-13221
1791
-5100
-2584
-9184
-1041
-10200
3869
-19404
-3850
-2004
-1829
3072
-6154
-1008
5337
-2036
2041
248
-1794
-14096
-286
-11012
2571
-9212
1298
1048
1520
36
1563
9232
-809
7176
8988
-9180
-6175
-9216
-5386
12
-1009
-12272
758
2088
732
-19404
-7678
-5100
5864
-8164
-5373
-9152
2597
-3072
-3351
-12212
-9987
-12264
-1528
44
-3531
-4072
5373
-1000
294
-3860
2803
-14296
-1320
40
-4371
-2832
1038
-10220
-6370
-5116
-1530
-8132
1048
-7956
-3554
4128
1272
-992
-493
-10200
-3831
-13248
3568
-4880
-1503
-980
3077
-12260
802
-2036
1270
-11228
2044
-8156
-5894
-15348
-3568
-8148
4868
-4052
-3039
-6144
1505
-21472
1037
-4056
-6912
-6140
2316
-1992
10997
-13304
-12797
-12276
-2833
-3056
10757
-8152
10991
-9172
-3547
-11252
-526
-984
-5666
-16364
-6955
32
1781
-7116
5372
-16364
-2562
-2856
-1780
-9992
-4642
12
-6900
-18396
6874
-1012
7425
-9156
-6397
12
-1788
3096
-5628
-5120
5607
1028
3569
-3036
-10491
-8156
9684
-9168
1847
-8180
10488
-7148
-1558
-9208
10765
-8164
3057
-15340
1079
-11228
5109
-13276
3588
-2004
-3580
-15344
-11287
-7152
4085
-9988
-503
-11232
-1554
-16368
-1278
-4048
1019
-6116
9234
-13256
3845
-12264
-2354
-9188
-9469
-8136
2830
-8192
-7186
-8184
-8957
-10216
4872
-9192
-227
-12236
-4100
-4052
9436
-11260
-1788
-9196
-5904
-14272
1228
-6124
3829
-4076
-7137
2100
3054
-13296
-748
1104
3860
-3000
-309
72
-5084
1024
7413
-1984
-8225
-7136
-3086
-14308
6394
-11256
1764
-5072
-768
-9188
-2556
12
7957
-14256
5891
-772
-8185
-13276
9684
-15324
-9209
-7136
-4078
-5068
9993
-4076
7704
-11232
-4104
-8116
5391
-15273
2564
-7164
-9710
-980
-6673
-972
-5358
-14312
3032
-5076
-242
-5120
6352
-3052
-2039
-20448
-5624
-3052
7437
-14304
1769
-16348
-5093
-8140
-11775
-2028
11529
-9216
-5884
-10224
1777
-12232
9442
-12272
13359
-4060
-2075
-792
-4120
-9188
-2797
-13284
-8435
-6080
4869
240
-757
-5088
-2775
-13300
-4101
-7124
-7716
3072
1306
5164
7593
-8152
15332
-10141
-3860
-3024
-10992
-10220
16851
-7144
305
-5108
-2832
-6104
9741
-2040
28
-8984
-8716
-9196
-3059
2300
1301
-5080
-260
-2016
-240
-18372
11251
24
6182
-3064
17714
1264
-3323
-7156
3602
6188
-7955
-8188
-9733
-16136
-3603
-20444
-1554
-9200
-5622
-9148
6136
-12252
-532
-9192
1785
-2024
-2573
-5112
-3312
-12256
4345
-13280
1267
-10172
-3282
-12256
-3827
-7148
-2078
-6080
-17
-5096
-7183
-8160
781
