-11240
4087
-8172
-5634
-14324
-508
-17380
9721
-6128
2304
-13276
497
-4076
-3076
-4088
-5650
-8148
12292
-13272
-5869
-11252
4364
-9996
5371
-5096
-3850
-5920
7699
-10208
-5095
-8152
10004
4140
10271
-17368
2548
-3032
-7139
-10228
3286
-12272
-520
-10180
3301
-17356
-12527
-7160
3826
-3032
4857
-15320
-1539
-12264
-2556
-17408
-9198
-10196
-2579
-15316
1294
1076
-4321
-11212
-3848
-6120
7446
-6076
268
-11212
2309
-13284
3107
-8168
7442
-3044
2066
-4052
499
2088
1030
-13292
9465
-3028
4864
-4872
-268
-10164
4862
-7940
-8508
-16356
-6132
-12268
5
1072
-5892
-10236
-3109
-9164
-7164
-17380
-756
-8144
-1010
-10212
-18
6176
-494
-13248
6374
-1012
7471
48
5362
-4028
-4088
-6088
514
-1984
-10493
-5060
-5383
-12240
7668
-14328
-4858
-17388
7128
-8964
-9704
-8172
9471
21764
-238
-12260
-3555
-16332
10480
-1012
11547
-7164
-5869
-3068
2082
-7120
5910
-4052
1504
-8160
-493
-10200
-6127
-8156
-4350
-5064
3344
-7124
-735
3080
3862
-11012
1795
-20420
-2587
-8976
-2063
-16132
5390
-6104
-3614
-6108
4373
-8964
7183
-5900
750
-5112
1495
-11264
4854
-2040
-7691
3088
-7689
-10224
2850
-8176
-2021
6168
5093
-9176
-2829
-10216
-492
-9148
-4102
-11236
-3072
-12260
8481
-4040
12795
-13296
11024
-12248
514
-5072
-4320
-6136
9450
-21264
2304
-9148
2789
-19220
4114
-5112
1315
2088
-7702
-14292
7659
4124
-12311
-2028
-10464
-6104
7436
-8132
-4110
-10028
-4855
-12248
2560
-7128
-1318
-4868
728
-2000
-3308
-2040
-2534
-11244
-4
-15340
2792
-4080
-774
-9176
6887
-8152
-6387
-6928
2549
1068
5360
-11236
-4664
40
10757
-5088
-6676
-11208
4850
-5060
-4065
-13292
8475
-9156
-6161
-12236
5372
-3016
24
-12252
3067
-12224
2016
-3044
-1792
-7132
-2828
-20460
4831
-13300
3315
-4060
-5383
4344
1022
-8120
-245
-6100
-7221
5148
-9172
-6100
-3306
-6940
-1561
48
9173
-7132
2837
-13268
4335
-5076
-2262
-8148
-5123
-6057
-1293
-16356
-3592
-3020
-5929
-10212
2588
-12276
3324
-3000
-518
20
-5108
-5112
7177
-960
-6659
-5112
799
-6920
-518
-15344
768
40
3858
-2981
242
-14284
-5676
-3852
-494
-3040
-11001
-10224
3798
-9168
1077
-1012
3843
-9208
495
-2988
11787
-4024
-6413
-11220
-4061
-1008
5163
-14280
4079
-7132
3896
-2024
1796
-16348
-278
-6140
-2807
-3044
2829
-4068
-1053
2072
-556
-11236
-8
-2008
1528
-11200
758
-984
1782
-10196
-2839
-3056
-7451
-4088
257
-4080
9175
-5092
9731
-14288
-258
-5900
-3345
-6100
5627
-9184
8706
-9192
-13584
-6092
6679
-16328
5361
-11200
-1320
-14328
1303
-3044
-2845
-3060
5116
-984
2596
-7140
11760
-2036
-1253
-12044
8750
-5100
2052
-1020
5130
-9196
-515
-6140
1500
-7116
-5884
-5084
1507
-20436
9238
-7152
-8699
-7136
9728
-7120
-4083
-4048
-3869
-8192
-35
-12248
-1028
-7128
2300
-11188
5138
-15324
1847
-8164
4340
-2820
-801
-968
3314
-8168
-12303
-20436
-1833
-4052
236
-9176
-3337
-7124
-8679
-3012
8694
-12260
9422
-6096
-5900
-10204
-3585
-10200
-546
-6096
-3826
-1008
-6155
-3068
8425
-14308
-1020
-5084
1236
3104
-1552
-4060
-261
-8140
-3849
-8160
748
-14292
-9447
-3040
-4341
-12256
-4116
-10160
-3071
-3032
-2056
-13288
-3587
-1016
-4131
-11024
-2537
-14233
9961
-8968
1298
-13072
-4849
236
5932
-7136
-552
4108
-7466
-9148
4079
-6920
5878
-15344
-10989
84
-2573
-12264
-10276
-5064
7676
-9176
-13271
1092
5840
1036
-1031
20
-8210
-960
-786
-2012
-1290
-12228
-3839
-12240
-1037
-6088
-539
-2048
-2538
-14308
528
-10200
-1528
-5096
1544
1032
12301
-17392
3308
-10204
-2786
-11252
5881
-5068
5881
-18376
-8199
-7132
753
-11224
-10756
-15328
-2276
-7140
7966
-7136
-4593
20
-3834
-14284
-2874
-6112
-486
-9196
-9496
-13304
3828
-4080
3640
1080
4583
-16352
-4087
-16376
12319
4
5678
-21460
-2811
-13284
2056
3088
-2081
8
1802
-8160
-4608
-16132
-8463
-11264
3071
-6100
-10474
-964
8678
-11252
10
2060
752
-4056
-1522
-4056
4347
-11248
260
-17388
-1000
-2028
-1037
-1012
-8673
-10200
5876
-9164
2052
-7124
6150
-19424
7941
-9160
-6692
-988
-1527
-5052
5146
-8156
-6618
-4052
1025
-4096
260
-8164
1043
-2008
-3345
-5100
-274
-4036
-1002
-3024
6908
-1004
2548
-11228
7685
-4032
-9445
-12244
3833
1084
-7660
-1012
-5145
-2040
-7662
-2004
-233
-8152
1275
-8140
-3579
-10184
-7432
-12036
-2275
-968
7239
-14276
-3051
-15348
-4359
36
18
-5112
8220
5132
3594
-6132
4856
-3012
508
-10208
-274
-14332
-9484
-16324
-527
-12280
265
-6108
-2840
-6112
2322
-11188
-2294
-16320
-4367
-7136
3828
-5084
-3075
-8176
-4350
-3068
4360
-9176
-5162
-15352
-3302
-3844
5614
-5100
4361
-6104
-528
-3060
-280
-16356
-5891
-7164
5904
-8964
988
-8140
-14
-9208
19
-14100
-1815
-17160
-5407
-21472
10728
-19240
-3814
29980
3311
-10240
-11023
-4068
2546
-9180
-13042
-3040
11980
-13252
-2818
-18424
6402
-10188
-7658
-17392
-2577
-11240
8455
-18372
3044
-14268
1529
-13264
-5866
-11224
-10739
-3016
-3615
-4024
247
-3036
-1274
-9196
1030
252
6125
-13276
-7159
-14312
12308
-10224
1021
-6100
265
-9204
-14116
-13312
4873
-9988
2798
-12240
9218
-10188
3845
-11248
1527
44
-9994
-12220
-2304
-18388
-4119
-12236
294
3120
-12533
-3848
18661
-5116
-4900
-4032
-4088
-15332
-5889
-3860
-9502
-5056
-789
-2016
5373
-14288
1780
-12236
6408
-6112
9966
-15316
8734
-3052
4620
2064
488
-6108
2065
-15348
9699
-1020
5680
-16344
4846
-7140
-13291
-16376
-8745
-11212
-8698
48
-8
-1000
1266
-6132
-10510
-8148
2516
-12268
252
3096
-5869
4144
5918
-13304
1548
-6104
2539
-3844
-1024
-5116
7686
-6124
-504
-4068
15610
-9192
-1777
0
-4345
-5076
-7913
-6108
4141
-12268
728
-16364
-4
-9168
7917
-4060
782
-5896
2315
-7140
-8715
-8168
6144
-14084
6423
-6136
-4349
-15360
-5106
-6088
2079
-13256
771
1052
-1819
-9196
247
-4096
-5622
-10168
-2524
-6112
3080
2052
14836
-13300
1313
-4052
1262
-9988
10232
-2024
3073
-4088
4884
-9192
245
-12232
-526
-9160
-4106
-8168
1286
-4080
2855
-7940
3596
-11260
5388
-2016
7170
-10212
-1757
-12264
-1269
4128
7170
-6124
526
-8168
-2594
-10228
-5882
-11220
9208
-13268
1282
-3040
-3348
-6140
5409
-9188
-4603
-11260
-3583
-11228
-3078
-976
1309
-2024
9722
-16384
-2271
-9176
-3839
-14292
-6108
-4076
6410
-6108
8211
5168
-6421
-19408
3556
-2004
240
-2028
-1806
-7140
-772
-8152
6399
-8136
2581
-10228
-6608
-5112
1050
-5084
2579
-5088
5053
-5096
3356
-12252
-790
1068
-7181
-5088
4877
-12268
-756
-6088
1534
-3064
-763
-12256
-5122
-988
-3603
-7144
-1030
-11216
5648
-7132
1789
-5104
5380
-9196
3596
-7156
-4048
-4868
-6394
-12248
-7394
-10172
5880
-5112
10004
-13268
-5114
-22260
-3593
-3024
-2857
-6100
-1276
5160
11534
-3048
2306
-3068
6907
-6120
-12567
-9184
-761
-11204
-4646
-9200
-13028
-11244
12821
-984
6907
-796
8490
-772
-5891
-8132
-1265
-12256
999
-8164
-5652
-6112
1259
-14276
-4631
-7148
-3306
-4068
-9241
-13280
15352
-2032
4076
1272
3873
-10192
-1311
-12220
-3832
-9160
-1270
-1016
11001
6168
-6435
-6128
1548
-9168
-1773
-2036
-5117
1052
-6143
-9188
7150
-9188
8928
-16340
-6139
-9184
7136
1272
2065
-10192
-1057
-14308
16401
-6057
-4357
-12040
-4896
-7112
-5897
-8172
4097
-19208
2060
-8180
3595
-7116
5652
-7124
-2277
-4868
-3613
-4064
3315
-7152
5889
4120
8957
-5108
-1785
-12276
-1315
-11244
-12537
-5092
-5153
-4904
8435
-3056
-290
7184
1278
-11240
8724
-7964
-5864
-2824
4314
-9184
-11519
-10208
5888
-8156
1
-6124
-8932
-1008
3324
-7136
7664
-4096
519
2280
-257
-9188
-4623
-3028
1013
-8152
-4620
-7084
-1813
-2024
-3079
-16340
9219
3108
1797
1024
-11789
-11260
3821
-10236
1028
5168
2808
-14320
-1559
-3036
3841
-7940
8182
-8156
-8399
-2824
5672
-18420
3297
-13264
9706
-8144
6433
-8968
-7658
-13276
8448
-12272
-2526
-4064
9457
-9988
-11772
-3943
-3829
-10180
1268
-10216
4100
-4044
-6693
-5096
2807
-13280
-2039
-11244
3580
-13256
-531
-19444
-1763
-10220
-5159
-9168
-3354
4344
1803
-7124
-279
-3004
9209
-17384
-4345
-4072
16389
-6144
3101
244
-1493
-11020
-4324
-8968
-775
-13260
10483
-4884
8710
4108
4352
-5904
-6392
-14288
-1532
-8176
8155
-3068
-7415
-7100
-1317
-14308
-3055
-4064
-2304
-10228
1047
-22232
-8733
-7104
3330
-6124
1759
-9136
-5868
-3048
-10487
-5100
3052
-804
-1048
4128
2835
2056
3070
-12236
-8206
-7940
-1777
-1008
-5909
-12288
-2079
-996
-6191
-14304
-2296
-11208
-2568
1064
-3087
10260
-10248
-6116
-550
-14280
-3318
-6096
-1260
-16364
-2819
-2020
7691
-4060
-6136
-9172
2067
-15316
3588
-1024
7968
-12228
-11742
6392
549
-11224
10245
-13300
1773
-4068
-3319
-14336
3041
4128
6391
-11240
2804
-14316
-8176
-5904
4366
-8164
4360
-14308
-5876
12
3067
-10204
4093
2080
-3596
-1824
-5882
-5056
9201
2056
3321
-9200
-5410
-8148
9484
-6100
4308
-1796
-4577
-15344
4340
-13256
5364
-6096
-3571
1072
3807
-17360
7740
-7132
6458
-11252
3294
-11252
-4333
-16364
817
-20460
11018
-4096
-4633
1076
7194
-8188
-537
1056
-2075
-976
-3068
-12280
5604
-6120
4107
-6928
998
-8192
250
-10192
10775
-5076
493
-8144
-4094
-3024
-5895
-976
2813
-10180
-14
-11248
-997
-13268
-3299
-8144
5141
-980
-1017
-10200
-9229
-15344
2018
-6128
2802
-4068
-10760
-9192
771
-10224
-2544
-4056
-13555
-8160
2585
-13296
-26
-5084
-7633
-2820
-4640
1064
11
-6096
-1510
-11240
492
-8156
-8184
6148
1296
-9180
-2269
6152
1032
-6100
9227
7172
-6093
-5100
-6412
-4060
749
-5108
1551
-11216
1565
-10200
255
-7140
1776
-25324
-12264
-12248
1007
-9196
-7143
-8176
23009
-17396
5664
1052
1807
-10212
-26
-10196
234
-13288
-8991
-15328
-4898
-8144
-13594
-8188
2799
-7124
237
-13292
1509
-16348
5626
-8168
-2059
-9180
1546
-3068
5372
-4080
14341
-9200
-3555
-4048
-4857
-16372
-4859
3084
-5381
-14312
-6135
-2820
3048
3112
-5881
-988
4856
-8176
-4333
4148
-6147
-1980
1545
-12284
8709
-11012
-16207
-14316
520
-7140
-2568
-17380
4850
3100
-6701
-15308
-2043
-11248
1782
-14332
-5080
-6132
-5886
-9176
6354
-11020
-3316
-10196
-1024
-15340
-256
-4068
10222
-4096
12
-14280
-10996
-4084
5370
-8132
1831
-16332
7963
-16308
6853
-4076
6436
9244
1262
-5064
-5145
32
-1290
-11220
3068
-5060
-3828
48
-2020
-15336
-5363
-13304
-1566
0
-9220
-7148
6647
1080
-5607
-12224
-2037
36
2080
-10176
-3612
-9996
4089
-8136
15875
-9180
488
-9996
-3021
48
2306
-8192
-1493
-9180
-2814
-4072
10252
-10208
1489
-14284
-3052
-3064
11008
-6100
2281
5148
-3829
-5060
-997
-8156
-4625
-17368
2831
-19444
5127
-6084
3568
-11248
256
-15324
-1547
-964
4660
-14284
1540
-6124
7169
-6140
-13
2076
-2291
-4068
-5373
-6124
552
-10232
1535
12
6666
-8160
3319
-11244
-10508
1080
10502
-10232
-1776
-17360
3820
-3036
796
-13312
-2094
-9125
-6152
-10216
5118
-14276
3581
-9216
-8688
-14296
7170
-1996
9745
2300
-757
-10208
-11730
-15324
6920
3072
-8955
-8116
5115
-12040
10238
1064
2273
-9204
-2547
36
-1560
-2004
-1776
-19420
2304
-18392
6395
-11036
750
-11240
-6691
-9188
2529
10264
-3
-4020
-9238
-5084
12
-3032
247
-11236
2066
-7144
6122
-3060
2324
-4056
2312
-4052
7207
-15336
235
-7148
10504
-9204
-524
-6104
5622
-12264
9443
-16356
-7957
40
-5378
-10220
-4606
-3052
4596
-4052
5928
-10196
-1047
-11220
1807
-1984
8448
-14312
4089
44
3339
68
3341
-12248
252
-5904
9985
-6128
9483
-10228
-6439
1040
5871
44
-12284
-6120
2839
-8168
-4345
-7152
-224
-8180
3852
-2008
-14364
-8172
5106
-12288
4615
-6112
-3805
-6120
-500
-16324
510
-11236
-4876
-18408
-3097
-2020
-5386
9264
-265
-4072
9990
-8972
4098
-18356
-7675
-10204
3348
-7124
-2841
-11012
3089
-6132
4369
-11180
3828
2072
2087
-6916
5345
-1800
-4634
-12260
2308
-1016
2571
-9176
1270
-12048
-2825
-6136
-2007
-17396
5647
-5100
4332
-10188
5379
-6136
7149
-6104
5593
252
-7421
-16348
5828
-980
-9994
-3020
788
-9208
-20
-4052
-11518
-6116
-11517
-12228
6661
2300
-3304
-16324
-6120
-7128
2296
-6100
7681
-10228
1329
17472
2317
-13268
2021
-9164
5641
-11240
-4098
31548
-7401
-24312
-3036
-8160
-21
2072
-310
-14280
236
-3020
6387
-10172
2832
-11236
-1749
-13280
5844
-12240
-4373
-4056
5883
-7128
784
-9160
7418
8240
1004
-9200
-4868
-10216
3302
-4088
-1541
-8160
-2538
-4088
-2044
-4036
34
-9196
-2815
-3068
7158
-7156
2550
-5084
-4080
-17400
-10748
-5900
237
64
-5643
-8172
6917
-7108
-5421
-772
-6130
-4032
5113
-17392
-12315
-14308
264
16
-1537
-12048
7154
-17376
-7193
-12260
-746
1076
3091
-10192
1515
6180
-1782
-11212
523
-8124
-3850
-13276
27
-6108
3588
-12244
-4059
-12280
4323
-10212
2582
-1012
-1798
5176
-1018
-9200
-23
-6084
3075
-11220
10757
-1004
523
-12284
-2831
-8192
8981
-14320
-1814
-14092
4884
-5116
1537
-3016
251
-2024
10486
8
-3070
-944
4607
-11012
-4842
-13260
7941
-12252
-4583
-1988
8941
-14100
-512
2072
5155
-10240
-4868
-8180
1555
-15324
481
-7152
-1785
-8148
-2292
-13288
10281
-6120
1770
-8168
-2798
3104
1019
-8192
-2831
10272
3071
-10216
5346
3096
-3067
-3064
3078
-5072
2322
-1996
-3094
-12268
-2796
1024
1291
-8176
-1545
-3044
-4626
-7140
2315
-13292
226
-9176
-9671
-2028
-3581
-8176
-2054
-1992
1859
28
-6362
-956
3530
-8160
2562
2104
-2286
-9176
-6902
-6136
5640
-10153
-1296
-4056
4138
32
-495
-5108
-2582
3104
11
-9212
-5100
-3064
-2049
-12252
-6392
-19388
-2575
-5084
-13532
40
1565
-6932
228
-4032
3048
-12252
-1003
-14316
-21
-7120
4321
-7136
-3036
-11240
-7184
-4064
-11775
-15348
-3113
-7940
6119
-5104
-2042
-7112
12066
-6924
2256
-15340
-493
1056
2818
4116
4334
-9180
4129
-776
7158
-13264
-3316
1040
-4914
-2004
8736
-8136
-8986
6176
4912
-7116
5122
-7160
2815
-3064
-6649
36
2275
-13312
-2569
-8980
6664
-3028
2793
-6104
9212
-11252
4356
-12240
-7934
-10180
-1278
-4040
-1041
-5100
3299
-8136
2317
3104
2294
-6100
5876
-4096
-489
-2008
-6627
-7124
2526
-3056
-7910
5348
1801
-10212
-223
2084
12797
-12280
24
-18388
2592
-5092
3051
-15288
-488
-4908
1337
-13288
5391
-13280
1064
-1016
-4094
-6132
-772
-12276
-208
-2004
3910
-3064
-4871
-9160
-3839
-16140
1573
6144
-2300
4112
-16902
-9212
-281
-6108
-275
-3064
-4651
1072
244
-3044
2556
-19208
-763
-3060
2812
2052
5116
-992
-7924
-780
5129
-5904
3840
-9164
5082
-10224
-5113
-9188
-8
-10228
1293
-7112
1772
-8128
10482
-8988
789
-10236
-8940
-6116
4622
-9028
1796
-5088
473
-1004
5640
-9180
7205
-9168
-2307
-13276
-5854
-18416
6919
-4076
5406
-12284
-5382
-16376
-262
8
8661
-5072
-10277
-9188
2322
4344
4356
-14308
-257
-10176
-1540
8228
3838
-10236
-2597
-12248
-1005
-14096
-6938
-10220
-3091
-11212
-15089
-1804
5382
-6088
2301
-16348
8972
-6120
-7200
-9136
-5123
-9188
2280
-772
7920
-7128
554
-10208
7154
-6116
2787
-9188
6160
-11244
-2
-4040
4591
-6096
758
56
-1307
-10208
-531
-16348
-1288
-11024
-4615
-13276
1542
-6092
4597
-8140
-2565
-996
-4111
-7132
-2843
-1024
-3824
-6116
-2284
-14288
581
-6108
-5377
-9180
-9994
-13296
-2046
-3060
-6896
5152
-8642
-10192
3057
-1957
1556
4112
-1580
-4060
-5936
-9196
2841
-980
7426
32
-255
-4872
-9731
-4068
2026
-1012
-10225
-996
-3323
56
3343
-5096
-746
-9168
-2804
-7168
-5903
1040
-9
-6120
-7435
-1024
-1239
-10216
-5401
-15112
2780
-6080
-1740
-3040
-2842
-4076
1074
-2016
-2835
-11228
1575
-13268
-3865
-12280
2306
-3008
8715
-14332
-503
-13292
-3082
-4072
8219
-9212
6944
-4076
-8699
-3032
5091
-11248
-1268
-4068
3
-8164
1601
-10220
-13293
-10192
786
-13292
-2307
-7168
-2327
-17408
-4075
-9184
-6921
-7160
-3858
-5120
-6688
2048
-7932
-7140
517
-4020
-3067
-980
-4337
-8184
-4085
-7132
-6680
-6104
-4341
-5112
10014
-13268
-4331
-12264
-7667
-14324
-5891
-10220
5397
-1796
8710
-6116
5918
56
-297
5172
-4353
-8140
-6137
-8964
11004
-13264
-6664
-9164
-1304
-15328
1818
-16372
-8439
-12276
-9263
-7160
-3584
-5116
-3559
-4060
-9197
-15288
6902
4116
2063
-3044
1531
-8172
-5121
-6088
-3565
-17376
5131
-2016
-2830
-12236
-4362
-19396
-2061
-2032
5103
-10228
5865
-788
3851
-2040
3080
-3044
-7948
-4060
-6674
-11232
3365
-1812
-7414
-9200
-5907
-14276
3077
-3048
-2851
-14276
-8723
-15304
4364
-12216
-4594
-2000
5382
-8172
4317
-6096
1791
-2012
-1534
-16368
2797
3300
-5856
-12236
3358
-9156
-3346
-3068
-7409
-9184
-4099
-7096
297
-17408
9708
-5108
-1294
-13284
-3843
-4064
-539
-5096
4082
-13268
1789
-7120
-12019
-10200
-9528
-8188
2581
-7092
5125
32
501
-5108
-4587
-20416
549
-4096
-1557
-11020
3378
-992
8182
-10212
-4608
5188
-543
-14324
2557
-6136
-12847
-9180
1258
-9144
9209
-5100
237
-10188
6640
-16340
-5090
-6124
-531
-12216
3614
-7136
-5640
-9180
-512
-11224
-4676
1072
805
-16340
-5392
-7144
-8182
-9184
2034
-2004
5110
-4040
2299
-6108
-5351
-17376
-6665
-7140
-4612
-7144
-2839
-11256
-2308
-6920
-3069
1256
2554
-12040
-2070
-6084
9719
-6124
1038
-17364
3070
-13276
-3566
-5100
-6396
-5116
5377
-10240
4896
-6112
6409
-14304
-2098
-3016
3326
-4088
1037
-6104
2307
-1796
2310
-6108
-1279
-13272
1818
-2020
-1044
-5100
4090
-992
-2816
-10232
-3100
-14336
4632
40
-1498
1096
-10502
-5064
4364
-5088
1799
-13252
4830
-7136
-502
-6057
742
-14292
529
-2036
5378
-4080
-2342
-16316
-802
3072
-2837
-13268
-5865
-12236
7182
-7116
524
-8964
-11016
232
-3298
-6076
-1805
-2028
9191
-8152
-6918
-8152
-11001
-11036
-7410
-7088
1807
-17340
-3563
-9196
-6400
-14296
-515
-16308
-514
3100
8442
-4060
3072
-8188
-2288
-7148
-4374
-5056
4907
-14332
2555
-8152
-4346
-15324
-1506
-5084
-11010
1264
-2316
-10220
3866
-10208
3590
-17340
10240
-9200
241
-7124
-1497
-3868
19220
-16364
-7167
-5892
3101
-9184
4090
-11228
4849
3104
4105
-12284
-1034
-5104
-4635
-11240
12691
-8156
-9664
-12240
15089
-9168
4855
-2824
-523
1040
-3324
1068
3587
-7136
-6386
-12236
-2299
-18400
-3874
-8156
14605
-2992
790
-14300
-1284
-12252
-783
-6112
-3343
248
-4832
-6916
-517
-3064
4839
28
-4613
-5076
4337
-7132
4884
-6124
-10
2120
548
1052
-6637
-11232
-2078
-17368
1800
-12224
-5143
4136
9219
-6116
-510
-13080
2312
-5096
-6396
-13268
1004
-10228
-7663
-992
6123
1084
-2551
-7152
-1561
6152
4345
-3064
6957
-7096
13608
-9196
6191
-12244
-8744
4128
4634
-7128
2606
-3044
5904
1044
9191
-9212
-12254
-3060
-1526
-9212
-4363
-3016
2568
2100
-762
-9164
6430
2100
2050
-7128
-7673
-780
6391
-12256
-491
-3032
3581
-1804
-4398
-8968
1021
-11228
-3360
-8184
4599
20
-5860
-13268
5887
2068
5130
-2044
3316
3128
-4105
-7132
-6693
1044
-771
-5104
-1527
-20448
-4116
-7132
5356
-10196
-7154
-11256
-1787
-4872
-1814
1080
-7429
-4052
9239
-13272
751
-9188
-730
-13276
5621
-15316
-6909
-3052
4044
-5900
-8392
-7976
1774
-11244
-2290
-17360
-4633
-4096
-4826
-7136
505
-5916
13574
-7152
7196
-12256
6415
-5112
3598
-2048
1005
2056
-1531
-6072
-10729
-7952
4861
-4064
-5099
-2032
9000
-1008
3295
-12252
-246
-5092
13067
72
2335
-11188
-246
-4072
-1743
-11244
-2838
-1000
-2051
-10188
9440
2064
-8955
-4056
-4591
-10200
1274
-7084
462
-5120
-14379
-8156
-5372
-8140
-2588
-4084
4371
-9992
529
-16336
1045
-18392
8476
-12284
-2312
-3852
5409
-9168
4353
0
1016
-11264
2556
-6100
1284
-9172
-5645
1080
523
-3032
-7156
-2032
-7707
-2824
6905
-984
-7443
-1020
3825
28
-4339
-16348
503
-16344
-252
-6920
1282
-16376
7437
-8144
-4583
2072
8981
-5068
7344
-8172
3385
-4088
10240
-13268
2326
-9180
730
-12264
-4352
-9148
4640
-10204
8744
-8136
-3815
-10188
-1329
-10208
3053
-17364
-1276
-12248
-6908
-3008
5400
6208
4864
9248
-4078
-8156
10463
-6108
-2520
-5096
-3352
-13300
-8435
5152
4899
-10216
2034
-7136
2060
-6100
1555
-4072
-4364
-8152
-1814
-9168
-6175
-10164
5372
-23252
-3856
-9204
-5892
-11224
2813
3088
238
32
-6375
52
-280
-7148
-11528
-17352
-1785
-12272
3102
-7164
2073
-9168
1269
-8176
-1748
-6076
-1289
-7128
-4861
-17380
-535
-15340
-1038
-7124
-4387
-12272
-7411
-12260
-11804
-4084
762
-6108
-5919
2068
-494
4100
8946
-6128
-2299
-8168
2499
-13292
-3862
-3016
6641
-2016
-7999
-13060
-10738
-16348
-2800
-980
6147
-12288
1529
3108
-1559
-10153
-1515
-14296
1794
-11184
5910
-17388
-2296
-9192
1789
-22240
-4892
-5096
-2286
-14328
3053
-12236
1020
-4060
2317
6148
4071
4104
-4333
-14280
-490
-13292
-764
-2004
-6646
-5116
-786
-13284
-1531
-11212
-5668
-11016
-2313
-17380
1559
-10208
3076
-7168
5094
-12240
-6956
-5904
3309
3112
273
-3024
6392
-8112
7439
-5064
-1519
-15328
4141
-15328
-2554
9232
-3860
-15296
-5865
-4072
-1517
-12240
-3865
-8136
-17379
-14304
-7687
1028
-14858
-9188
3559
-9176
-4599
-4084
541
-1004
2044
-2820
-4882
-5060
11502
-5092
1292
-10220
1519
-9168
-5638
-19396
-3596
-9144
-9231
-7128
-3318
-3036
-14607
-2820
5590
3116
-3274
-13064
-1835
-16368
522
-12264
-1300
4152
-4075
-7956
5348
-3048
5360
-10224
-3590
-7116
-4903
-6128
3589
-9188
2839
-23264
3584
-13300
-756
-5096
-3
-8148
-1765
-7132
-15
-13304
-6934
-20456
-2041
-6100
2009
-6136
-15363
236
-6396
-8164
-489
12
3604
-6076
-768
-5100
27
-21444
-6373
-13304
487
-6128
5125
-3848
257
-11264
-11512
-3032
6412
-2044
-15121
-2036
2843
-12256
5379
-7152
-2595
-10224
-1529
-7108
7975
-21492
-3342
-988
2302
-4060
9515
-9176
-2304
-10180
-7396
-13296
11239
-8968
-6926
-13264
1752
-12256
-527
-988
9757
-17388
3818
-8164
-6910
-13284
2075
-8136
-5345
-3032
1265
-4056
-3326
-6112
772
-956
-5610
-1004
1031
-6108
5101
-7940
2572
-9192
-2830
-16344
533
-3068
-2018
-16352
-5124
-13264
1029
-19408
1020
-5912
-523
-8188
3576
-9204
2031
-9164
2327
-13284
-6124
3088
3317
-992
2852
-10224
11774
-4072
6119
-11224
4348
-17404
-3
2084
-5336
-6128
-2554
-14320
-4324
-11252
2292
-9208
-9975
-8152
766
-5092
5887
-3064
7162
-5096
-1812
-8176
2093
-3032
-1542
-14320
2817
-13288
-4611
1024
4332
-14264
-1498
32
17936
-12044
5905
-11064
-1060
-13260
-1571
-7132
-1782
-5052
3802
-11208
755
-15348
-16364
-11244
2308
-944
257
-2028
-6682
-8148
7932
-14088
-2588
-8172
-5361
-13221
-2528
6196
3585
-18384
-3814
-5060
-2550
-12240
-485
-18236
749
-14288
-1003
-5080
6182
-12256
-241
-6096
3342
24
5643
-6096
30
-11208
-3605
44
11236
-12212
-4616
-11248
524
-4076
4086
-7116
-4650
-4060
1802
-14280
-7905
-7124
1776
-5892
2551
-10208
4375
1088
-5587
-8144
-524
-11236
-2283
-4024
6642
-5084
-5626
-8180
-5141
-9148
-511
-18408
-3854
-9160
-2840
-5120
3830
-9156
6673
-7940
-8965
-17376
-11288
-11220
-3606
-10200
-7693
4128
3339
-6088
6352
-6088
9492
4
2309
-4084
5624
-1996
4071
-5900
-3629
-9176
17
-15116
-11242
-12272
6134
-22224
3325
-9212
-3082
-11184
-6634
-5096
3297
-19412
3588
-11232
7686
-3032
-10009
-7140
11746
-12240
-498
-13292
2796
-23268
-4297
-3028
5627
-980
3538
4
-3089
-5060
-5103
-13268
8183
-4072
8464
-19424
-14886
-15320
-4891
-7124
3591
-8180
1077
1088
-1008
-6120
-4848
-11224
5130
2060
-5885
-10204
-2552
-9216
9746
-5100
7931
-4868
-1287
-5080
1309
-7144
1794
-9196
-1524
-8128
18186
-4064
-1299
-6112
-1297
-4880
1599
-12040
-1011
-16336
-1284
-8160
-4870
-18384
-772
-3028
5909
-6108
6397
-12036
231
-5120
-1279
1044
-1049
-14268
770
-14292
6925
-8144
-2051
-952
-2027
-7132
6636
-9172
2044
-8968
4845
-20476
6176
-9200
5346
-4868
5881
-6112
-5629
48
-4553
-2032
-3605
-14328
1036
-11248
3827
-17408
4599
-18416
2519
-2004
-6903
-10192
3587
-9188
3089
-4076
3570
-12040
-1016
-11016
-1324
-1012
2288
-4072
1300
-7136
-5106
-11016
-7164
-2036
3852
-7148
1766
-2020
-1550
-8188
5883
-4040
-4080
-4076
-5101
-12252
1556
-2024
-2305
-3048
-1488
-3040
3590
-6108
-8961
-5072
-7934
-11264
2820
-960
7963
-11252
5120
-13304
2586
-5080
6900
1264
-3828
-4868
-2814
-18408
8737
-12236
8720
-18368
1762
-6128
-4888
-9996
1770
-12276
-6964
-5116
-10999
-13276
9474
-7140
4342
-9140
-4343
-11020
-2279
-6104
744
-13252
2048
-4872
-475
-11236
-3086
-2020
2285
-6120
-10719
3128
-2290
-13292
-2310
2088
-2575
-1004
-11991
-4048
-5413
-13288
8941
-4005
-3321
-14276
2298
-12036
12057
-5096
-264
-10188
2066
-5900
3808
-11256
-2291
-14092
4368
-956
4346
-9168
-1295
-4896
8441
-14328
-15605
-7144
4824
-8148
-514
-6100
3854
-7124
-11512
-1980
1744
-9176
-3605
-14308
1564
-6924
4351
-14328
3077
-964
3829
-6136
7977
-7116
-789
-984
8411
-10216
-4092
-4056
7944
80
3348
-11256
-2777
-968
-5873
-2028
2043
-7104
16365
-3068
-19
-9172
-10218
8212
8805
-6132
3327
-8176
-10743
-10224
-3582
-772
5613
-17392
7163
-976
1261
-6108
752
-22252
-4075
-14304
-1025
-9180
5381
-8180
-8191
-3028
-15625
-6120
792
-15344
13293
-10208
-2815
-7128
-1305
-9160
3075
-11216
-3073
-9144
-6915
-11248
3562
-4064
-2291
-5060
2272
4140
1288
28
12291
-4084
-1496
-5080
6676
-4064
-10022
-20400
-2312
-7160
-17
-2028
7962
-7148
4646
-17376
-6631
-10184
9462
-6132
236
-10228
-4596
-15324
-235
-13272
-5637
-11220
-2823
-6100
-253
-7144
2061
-13312
3094
22288
11048
-14308
-1794
-15324
2580
-14292
5861
-6120
-4851
-1008
2606
-9180
3095
2060
5603
-8172
5091
44
5901
-7132
-1008
-10192
-11547
2088
-3851
1084
7171
-3052
-8156
-16332
10
-11264
-5348
-11228
8727
-28380
6627
60
1545
-6112
-6936
-11228
2787
