-13272
-8204
-3052
12312
-10192
6920
-3040
261
-10208
517
8
4609
-7124
1283
4
735
-16344
4889
-5112
-5351
1048
10754
-12240
3365
-16348
-1294
-14288
-2074
-8168
-4145
-13288
-3608
-3032
-3812
-2820
5635
-7948
8690
-7136
4577
3108
-3830
-10216
-3855
-14320
-4547
-7096
7905
-8160
1810
-980
4587
-10224
-6434
-16312
-758
4144
6161
-10224
248
-12264
-5136
-6116
3027
-4880
-3616
-7148
1570
-8136
-2822
2076
-4593
-2820
4328
-12276
6147
-7104
-3046
-15308
6637
3120
-223
3088
-3127
-13288
4368
-10208
-8453
-15352
-3327
-13288
10253
-968
-7408
-17392
6364
-3052
-1815
-3848
3069
-12288
7932
-12256
2591
-8164
-1042
-14308
2292
-11228
21
-12256
8171
-8164
1822
-8176
-13552
-13232
-17
-9188
6913
-15124
-3581
-15116
-1788
-8156
-2039
-17204
-2534
52
-1050
-14300
-4583
-11028
-9251
-15316
4576
-5088
-1288
12
5161
-9988
9462
36
775
-6124
1806
48
4602
-3044
-7447
1080
4862
-3056
-1772
-18388
9182
-9168
-2834
-968
2328
-6112
-7686
-4056
8994
-5084
-4597
-4076
-4559
2048
500
-948
752
-12260
-10466
4112
3844
-9196
-489
-8164
-2089
2092
-7914
-9212
2268
-917
2800
-6128
-535
-15344
4088
-7168
-3283
3092
-2036
-4076
4097
-7148
6913
-3044
-3094
64
-3038
-6112
-255
-6080
-3317
-7152
-3079
-11236
2297
-8160
-257
-7972
7201
-3856
2303
-4048
764
-996
529
-7136
1053
-13260
-4613
2064
-2078
-4076
792
-4084
5376
3084
-1557
-13284
-250
-10228
1821
-15348
-2326
-1000
5640
-11228
1024
-7108
3822
-9176
13571
-13312
-5888
-7168
-8461
-992
-9752
-7152
-6420
1036
3911
-10208
1036
-16352
7659
-4040
-7181
-15312
-7420
-11260
5143
-9192
2548
-12252
1539
-10208
1548
-10220
9980
-9212
-2596
3084
-6896
48
-8934
44
-5887
-5104
-1774
-7148
-6443
-4092
764
-14296
-5094
-6964
7933
3104
-492
11280
-10242
2092
4839
-4080
7688
-3032
11007
-17400
-4868
-7144
-12338
-14316
-2557
-11208
-3039
-5112
3333
-11212
5614
-7164
7947
-5116
-8160
-13284
3588
-12276
2544
3116
1298
-14288
-10490
-7128
13261
12
-4602
-8160
6414
-13312
-3587
-15320
-13
-5080
3828
8212
-1015
-2020
-3845
-20412
1021
-22228
1023
-5100
4565
-11244
5666
-11240
1280
-11032
-5132
-10208
-1
-4060
540
-1996
-5338
-3052
5101
-9176
-1325
-7140
-7692
-4080
-5372
244
7117
-9192
1045
-9160
9711
-12220
-251
-18424
4836
1060
2296
-7136
1579
-808
7180
5124
-5594
-8180
10235
-11220
284
1276
3865
-6057
-3808
-1000
-6921
-5116
-13290
-12232
3595
-14316
756
-8156
1052
-6116
-1547
-7132
-1553
-3032
757
-4892
-8
1036
-476
-11216
2549
-8164
-2320
3084
13320
-8148
-3340
-11248
3857
-13292
-515
-4040
11286
-13256
1769
-5112
13093
-2016
731
-4009
-4615
-15340
7906
-8160
1326
-2024
2533
-13064
9998
-8132
6167
-3953
34
-16348
4363
-6124
2071
-8176
5644
-996
-1807
-10164
-1827
-5100
-3812
9236
-5361
-6124
-4354
-15328
-17960
-5104
-6699
-6096
-780
-4060
-2034
-4076
6899
6156
-273
-7140
-12793
-4072
10760
-13276
4046
-9184
5109
-7144
2047
-8156
3337
-968
1550
-3052
10525
-18424
3817
-6928
8963
1048
-1542
3108
-6643
-12252
5153
-9204
1781
-4064
4848
-11252
555
-2008
4633
-16356
1260
-4868
-1008
3076
5384
-8176
-1543
-13268
-768
1076
-5138
-5100
-1801
-992
-5121
-16336
-3332
-4028
-7163
-11028
-6648
-7128
-15123
-3020
7405
36
-5324
-2016
10760
-9164
8178
24
791
-13284
1029
-4092
3057
-9192
-4395
-15332
2060
-12272
6913
-7120
755
-5092
3809
-20456
-4832
-8152
2599
-1800
505
-6116
-1519
-6144
-8697
-1008
-9752
-14100
6648
-4064
-2039
60
4377
-10212
1526
-19436
8229
-6112
2007
-5104
3842
-6132
-5906
-3032
-9460
-11256
-5399
-4064
-3825
-6080
-3338
-12248
7162
-4036
6917
-3056
6926
-8176
-6138
2072
-2798
-2832
12271
-10188
-1
-5080
-6389
-5112
-6379
2084
6705
-9996
8488
-3052
-283
-3020
3334
-4868
2058
-1012
4073
2092
1814
-4088
2606
8
-2294
2056
-8207
-13060
504
-4048
-6645
-7108
6388
-1004
7184
-6132
7410
-7168
820
-17372
3331
-7152
-5870
-10216
-297
8232
220
-11252
8953
-17380
-509
-5088
4373
-11204
5361
-3032
5621
-9200
-3847
-8164
6655
-984
-786
-9188
6922
-8156
-3061
-11232
8944
-4072
-3068
-4088
-3070
1276
-4085
-5892
-1020
1056
2558
-8188
9473
2300
-9668
-5908
-7
-10204
-3591
-1012
6689
-15304
269
-13292
-6907
-12288
751
4324
-1516
-9180
-8720
-4888
1809
-2832
3317
-12232
-2308
-992
6361
-6144
-1024
-9184
5925
-5064
-4121
-12240
-6154
2092
5129
-16384
-3084
-3064
-1259
-784
-4352
-4072
-7422
-7124
3845
2076
-12543
-992
-2296
-10232
-5633
-3040
-4102
232
-2826
-8152
11014
-976
-4577
-18392
1007
-5096
-2549
-11244
8456
-3048
2049
-4068
-493
-8164
1054
-4048
-4605
1076
-516
-11260
1291
-2012
9490
-15296
-5099
-6916
-2041
-13264
-2015
-8148
-11035
-6932
-1262
-10224
5105
-10232
-7126
-6144
1824
-13276
-10753
-7116
-5906
1024
-3324
-3064
-18
-3020
5627
-8184
2321
-3040
752
-2032
3315
-1004
-5378
-10184
-5657
-7120
6140
-10200
2277
-4096
3590
1100
-1798
-6124
4323
-2000
-5118
-7116
-5114
2068
-2601
-2016
-4615
-6124
8170
-8156
-1803
-15324
-10733
-6096
9973
-7152
-8699
-15340
-723
-6084
4348
-7136
4592
-5120
-2053
6204
-11302
-6144
7942
1268
19
-3068
9470
-9184
265
-13272
-4610
-6932
2790
-9188
-4328
-16384
516
24
-4614
-3020
-4339
-9132
-5362
-5080
-4607
-6136
1098
-13240
-3102
-6112
9978
-10200
-4313
-7124
-8394
6196
7922
-13288
10777
-9176
1458
-13288
3599
-6132
6124
-21460
1790
-5033
-7182
-18408
7188
-10216
-2292
-13252
-12305
-6128
-5147
1032
3553
-8148
-6614
-12256
3313
-15136
788
3104
1801
220
-9491
-17372
-5910
-4868
-10521
-5088
-5872
-8176
2549
-2008
-2281
-10220
1525
-11228
8188
-8176
-2567
-7944
-3040
3088
-4071
-11200
-4374
2056
-527
-8148
-3265
-3032
1040
-3048
996
-7116
-3063
-14284
-13554
12
2556
-13256
-3564
-4072
2314
-6124
5862
-11244
1556
-4020
-2565
-12276
-13315
-8172
-1534
-5100
8964
-2032
-1027
-9212
-14675
-4088
-7695
-18408
6159
-6120
440
-14336
535
12
8180
-10168
4354
-8184
3571
-13276
-3840
-13064
1285
-3068
1315
-8192
-2324
-9204
-6937
-796
4111
-8176
2268
-984
-5158
-3852
6127
-10188
13308
-9996
10772
-4084
505
-7148
5884
-7148
-3573
-7156
-483
-9192
8981
44
-1295
-7140
2296
-960
-8970
-19440
-1809
-6140
1488
-10188
12553
-17364
-6124
4136
2818
-15296
3584
-9212
2829
-13304
7153
-8168
-2787
-3032
9199
-13284
-3590
-5084
-2296
-14284
7180
-4064
-4849
1268
8710
-11252
-4324
-14276
5099
-4068
1800
-11212
4379
-2008
7161
1056
-1284
-14292
6122
-7164
3619
-14280
3857
7188
8428
-9188
3350
-3060
4877
32
-1581
2088
8924
-10200
1565
-5084
1775
-12260
222
-5100
8710
-5900
4068
-3844
-4365
-2048
-2041
-4092
-5143
-9208
9716
-1796
2302
-4084
1277
-7148
5865
-12276
-2823
-5916
23637
-14288
6397
-12276
778
-9152
-5906
-17364
-6417
-13284
2055
-2028
-7164
-14332
-3555
-3032
768
-6940
7658
-12240
-8699
-18416
6129
-12260
-3815
-9028
-1279
-8168
6649
-972
6888
-5088
1039
2100
-2575
-9180
-8446
-13304
2313
-7104
9215
-5076
-4093
-13276
-15349
-6104
-2792
-9156
-1527
-2004
2295
-9184
1032
-2836
5648
-15356
5408
-12244
-5642
-13276
1019
-6124
-7131
-1012
3809
-22220
1527
32
-2824
-3024
6146
-10192
2063
-9988
-7915
-6080
-988
-2012
3287
-11232
-23
-2044
2072
3108
-2837
-12256
8175
-11204
-3851
-5904
2035
-5112
-5625
9268
7403
-5104
-5
28
2014
-8160
1055
-4084
-5167
-6108
3046
-10216
-11772
-6128
8728
-15336
-3866
-15340
511
-10228
-5851
-14308
-5379
-4024
-1489
3152
6110
-7160
-2017
-11196
2811
-8172
-4344
2060
-1775
-5096
1523
-15324
-1043
-9148
-5350
1056
1046
-15124
225
-9172
-752
-8164
7653
-18412
-3562
-2832
14119
-8976
-510
-16336
10210
-19448
-7955
-15120
-7670
-11032
-11746
5152
-1803
-6124
-1798
-3056
-272
-9184
6137
-6116
4089
-5900
2326
-7948
-2841
-19440
-6949
-9188
2008
-11032
-4353
-14272
-2284
-12224
-4354
2080
5630
-13300
7148
-7152
-10750
-21484
5362
-8156
-4884
-17400
-3836
-3864
1260
-16316
-4351
-2992
9999
-2996
-6652
3084
9202
-15124
4598
-7168
-1561
-6140
-2573
-9160
-2556
-11192
11767
-8964
-4602
6144
-4091
-2044
-12794
6180
6654
-8156
243
-14300
-2586
-9176
7957
-4036
-3564
-12240
4334
-8164
-3871
-6116
12536
-13308
-8689
-4876
-12283
2108
6137
-10192
2552
-4092
-1325
-3032
14849
-9196
11863
-8180
-2542
-12272
10250
-4028
-7148
-4064
-4
-16360
6124
-9144
8710
-13304
-7930
-2036
5364
-5096
-4607
-4092
9483
-12240
-3831
20
5126
3128
3559
-8192
-7130
-15336
1268
-11016
-5112
-2016
-9744
-4884
-1843
2092
10008
-988
11775
-10184
-6459
2084
5129
-19452
1022
-11236
2009
-8964
806
-10196
-2805
-9208
-3330
-10200
-2797
-17356
753
-7144
6677
-13076
7173
-4068
4365
5172
-4359
-5060
-4597
-7073
5680
-10212
3514
-1988
-2308
-18404
-5362
-5892
10512
-2024
-521
36
-3570
1060
-2792
-9208
8684
-5084
-516
-11240
-5609
-12256
8953
2288
6906
-14288
-6938
1040
7937
-5072
-6396
-18428
4350
-18360
-1523
7224
-4098
9220
7692
-13256
-478
-10168
-7691
-7116
-5387
-14100
976
-6112
9
5136
-11255
-8968
1280
-13268
-7933
-12256
3334
-13296
7404
-10228
-10259
-6120
-5648
-8184
7161
2080
3581
-12244
-5901
-5892
-2850
-19400
2812
-10200
4882
2108
-1059
-1008
-3067
-7136
-6895
-992
-1561
7200
-6135
-5080
-4602
-16368
-2811
-14288
1547
-6112
-9977
2124
-799
1052
4896
-10208
-3053
-12260
-3386
-11196
-7703
3120
5395
-11252
1778
-13252
-4848
-996
6647
-11248
519
-5044
-10248
-8176
-3092
-3020
-5363
-2008
-510
-13268
783
-8180
2068
8208
-11758
-13288
-11288
-2020
9433
-6128
3864
-15336
6155
-5100
-5079
-14304
507
-9172
-5863
52
1777
-12256
-6380
-8180
-3566
-2040
-2293
-9188
4078
-2016
8176
-2020
8696
-9184
5121
-7124
-11795
10472
3600
-11224
5893
2064
771
-13252
-4609
-4036
1216
-11228
3330
-2828
6153
1040
-3560
4104
528
-18345
-5148
-6072
11776
-12244
-3028
-2828
1254
-5896
2032
-5892
6417
-8132
4356
-12252
770
-5104
-13
-17392
1040
-11256
-4877
-16364
9741
-15108
-5141
5140
-4359
5364
253
-11208
-3597
-8140
-5362
3136
6643
-11236
-2284
-8152
4355
-9216
-5872
5176
4371
84
10728
-14300
9977
-4096
3057
-4084
5123
-4088
259
-2016
2
-10196
-5371
-18364
1810
-4080
752
-11232
9978
-5120
3583
-996
264
-10232
6391
-5033
2283
-10184
-3323
1024
5375
-8176
8494
-14320
-1529
-4084
-3868
-19412
7157
-15308
6433
-3028
4872
2076
3361
1092
-4108
-8144
-2825
-6108
3597
-4084
-7455
5132
-3793
-3048
-7190
-7144
-971
-11212
-3
-11228
-4611
1052
-7891
-5108
2307
-10224
6157
-11252
-4329
-12252
7931
2280
6390
252
-3845
-5084
-9456
-12044
6898
-4064
-2819
-3060
10981
-7940
-6130
-6124
4886
-992
6390
-964
-3297
-4088
10752
-4076
-1785
1056
-3846
-11244
-245
-13288
3892
-4076
-5115
-7108
3301
-964
-1788
-5088
6128
-2028
-274
-20480
8674
-13264
-2830
-5100
-1276
-4076
-1265
-6116
6939
-9188
774
-4064
-758
-7156
-263
-8148
-3546
-6108
5633
-13072
-252
-8180
-6670
-4880
-1277
-7144
-722
3084
-5608
-13064
7967
-15348
-770
-13260
2061
-9152
-5638
-8144
3316
-3028
-7452
-7140
5360
-9168
-7707
-9188
4131
-13288
-9984
-13256
7152
-7116
-2034
-10216
9440
-9208
2791
-12248
-2798
-2008
2570
-9188
-6643
-8112
-6179
-10196
-788
-7136
998
-6916
-751
-6120
12008
-20452
-1529
-4052
4087
-3044
-4327
-5892
-14
-6092
-194
-1996
1547
-4032
-3097
7224
-6648
-8980
9182
-1008
5842
-6124
9161
-5096
-2820
-12264
6147
-14336
-5162
-11204
-755
-7940
6142
-8152
3565
4112
-4615
-10240
-4589
-16356
1287
-20404
9164
-988
1844
2096
3829
-7128
-4115
-13268
2820
-13300
-8718
28
7964
-6120
2859
-9180
1044
28
-2355
10272
2060
-11208
-5351
-5088
-3335
1036
-6126
-10200
-9201
-11208
-4363
-1004
-5631
-11216
4317
36
3843
-12276
1286
9220
-1801
-5088
-9751
3116
-501
-2040
-3824
-13276
10983
-3052
-2831
-5892
-2618
2300
-8929
-15328
8161
-15340
5606
-11244
-2074
3080
-524
-9196
2342
-772
-731
-6132
-484
-7156
1541
-12175
1286
-6124
1000
2296
-3347
4
2826
-3012
-1519
-12228
-1796
32
-1538
-10216
-1297
6164
-5119
1036
-1309
-984
1280
-5084
-1502
-14328
-4344
-4076
-2277
-8972
-2766
44
5364
-1012
-3809
-3040
2561
-9192
1548
-1020
-4103
-4048
-3062
-8152
-1244
-7112
2281
-11256
-3602
-5100
5886
-12248
-3040
-22228
-250
-4080
-6910
-6136
7406
-9140
-11008
-1012
-1031
-6132
4309
-7152
3333
-7132
-6627
-3012
-5857
-1004
10980
-10208
734
-18384
6651
52
-2814
-4068
10250
-8172
6412
-6104
272
-3032
-3098
-9172
7443
-2000
-4606
-4028
-2842
-20256
4585
-7116
3296
-3020
524
2300
-756
-4904
-8440
-5088
-493
-4040
1793
-5900
13059
-5892
-4645
-2028
9450
-8164
-9725
240
-10027
-8164
10494
-11252
-13309
-5096
5403
-16332
737
-9216
-1530
-9188
6404
-8128
-12305
3104
7683
-11256
-28762
-1016
269
-6108
1010
-13292
3575
-8180
235
-9140
-6132
-5092
-2793
-13288
12299
-16364
-2048
-12260
-1551
-10224
-15
-8172
2031
-1004
-6360
-14096
3350
-13264
3840
-3016
10539
2296
-988
-8148
1260
-14245
1292
-8144
-4633
1040
253
-8172
-6872
-3852
1021
-6084
-2046
-8140
5123
-22212
8423
-6100
548
-1964
13554
-13276
1552
-6136
-9732
-8136
-249
-12248
-9479
-5088
-11017
-9192
10256
-8140
-6121
2092
-2061
-4892
-7419
-20460
3557
-1808
2853
-1012
-5856
-4048
12028
-10176
-1257
-11256
-3082
-4068
-2291
-11248
-8463
-7156
-3056
-2992
1496
-6136
1008
-16340
5864
4148
-10274
-14312
1268
-7160
1757
-11012
-8743
-6132
-4357
-4076
-2049
-10012
4651
-5120
-8196
-11212
-7140
-16344
-1541
-7132
-4612
-15316
-9451
52
2105
-12276
9989
-19444
-9971
-9200
-790
-1008
-1012
-9992
2815
20500
2011
-10192
8214
-2004
1283
-6112
-4095
-9172
6398
-9192
9987
-9192
237
-1000
-2309
-14312
8951
-5896
230
3112
-3080
-11220
1500
-5044
-4632
-8136
8193
-9164
510
-7152
-9975
-18396
-5114
12
-6904
-11236
7434
-12276
10200
-1008
-5375
-11248
-1
-5112
-1767
-7164
-6655
-2032
-753
-13292
3086
-14088
8191
-14096
1025
-13076
-3331
3092
-8721
-4072
-7207
-3020
-6162
-3028
8692
-11236
-5093
-7156
9441
-12040
3649
-4896
7653
-9188
8200
-5080
-2835
-8168
-514
-9196
-5386
-8124
-1558
-8128
-9233
-11024
-2036
-9180
-7162
-14284
2806
-7136
-9208
-3028
3097
-1996
757
3140
10740
-12256
2037
-11224
776
-12056
4085
-10196
2831
-14256
3046
-11240
812
2088
3317
-8136
-505
-2032
-8978
-13264
4853
2092
-790
-1988
-291
-3068
-1055
-16380
2299
-7136
261
-5072
3304
-17396
-3342
-10216
8949
-7144
-7665
-12288
1518
-14088
-1822
-9132
7154
-2000
4582
-6132
2833
-10200
502
-8172
1329
-8176
-1289
-6920
-3086
-4056
10492
5148
-11792
-8148
4341
-6116
-4589
-2020
6902
-7152
-9478
-12272
1049
-3032
24
-7132
1536
-11216
1073
-18380
-8961
-6928
-4096
-6104
-3838
-15336
-2560
-8168
-10232
-3024
5692
-10196
9500
-16376
-2047
-1804
-6907
6156
2560
-15344
4559
-7144
-7684
-6932
9760
-9164
11036
-10212
1045
-8148
1293
-7156
6378
-13272
-6170
-7132
-511
3308
2830
1032
-4312
-5064
2320
-16344
9224
-14304
-5380
-18384
2556
52
-2564
6188
-9977
-11244
8715
-15344
494
-3844
-9499
-14284
1049
1060
-9471
-4064
1564
-16368
5379
-21488
-7951
1028
-4081
5136
-1538
-6120
-4624
9240
-5393
-6057
-7939
-13288
7916
-8156
-2287
-9168
9220
-8120
3078
-8176
-222
4348
2579
-25336
3571
-13060
4370
-8176
7419
-4068
774
-7140
9463
-13296
1291
4132
3817
-2020
-1539
-5060
5395
-10224
-3574
-14320
-4125
-10168
1302
-11232
-5118
-6116
-4609
-10228
-7676
-2824
-7175
-6916
-4595
-7144
9698
-968
-5353
-9164
5884
-14312
-1020
-5104
253
-15328
-12027
-10236
-797
-7116
-11494
-6120
-3839
-14304
-3577
-6096
-3059
-16372
2825
-3032
-2867
-3040
-30
-5056
9468
5180
-5838
-13256
3047
-1824
-3594
3076
5878
-8988
-2022
-8168
-2047
-11232
-4371
-9212
3594
-7168
-4302
-5892
2565
-2024
-3066
1064
3322
-3032
-5385
-10196
-3111
-9192
2312
-1012
3045
-7144
-6162
-16356
7919
-6104
-524
-4076
5612
-1992
-5384
-3040
6426
-10188
5659
-9188
3079
-11216
-4100
-2012
-5891
-10156
-1782
-10232
2286
4195
-1043
-3024
5155
-4048
9226
-780
264
-7084
-1558
-7120
-4131
-5100
-1569
-12232
1306
-992
-8701
-6128
4653
-9200
257
-11212
-2836
-16360
-2017
56
-2348
-8148
-6154
16
-10257
-8152
-1532
-5092
-3833
-7120
523
-7104
-6098
-1016
8697
5368
-3073
-14320
3604
2272
3821
-17408
-1542
-7152
-1274
-10024
9233
-2828
-12292
-3048
-6163
4
10255
-13276
-4888
-1012
2307
-7152
1561
-2032
13036
-1016
-12018
3248
4131
-6108
11020
-3040
-1068
-4056
7720
-22232
-1785
-2028
11527
-2016
-1005
2068
5123
-8140
1072
3120
-2564
-10232
-8450
-2000
1285
-11232
-6678
12
4091
-13280
-1293
-8964
5883
-6128
-783
-980
1520
-7108
-2055
-7096
-4144
2300
306
-10228
-3851
-11240
17
-5076
-18
-16312
-750
16
-1056
2300
1292
2072
2570
-16148
2033
-7160
-13577
-13288
741
1060
-5638
-2024
5907
-9176
1016
7208
-4861
-6096
-3347
-14296
4864
-10172
-2315
-18380
1527
-3848
5864
-9148
-6139
11316
1304
-7124
-6909
-9196
-519
-10204
1016
-2016
-59
-10196
6871
-9156
-2572
-4088
-9176
2072
-785
-17368
4327
-9208
-1802
-13248
4093
-2820
-5649
-3000
4346
-784
14
-8168
-3591
-15324
-6701
-10220
5577
-15332
-6123
-2000
-2062
-3056
-3052
-13292
3075
-18120
-1793
-9188
-2042
1040
-488
-9136
-1023
-11232
7417
-5092
-1536
40
2053
-10184
-5372
-16356
4082
-5096
8965
-4052
5391
-5088
-2824
-2040
2042
-7168
5705
-11248
4610
-8984
-7390
-16320
-4091
-16360
11780
-980
3331
-8144
-1533
-996
1523
-20476
-267
3308
-2025
-7940
7650
-17380
7179
-9176
2592
-4084
2802
-2008
-3030
-1000
-7416
-7144
5876
-11260
3290
-5904
8198
-11228
-5908
-8988
-2532
-12204
775
3112
-2767
4112
-2573
-5096
1258
-12288
10276
-9216
-6680
-11216
3830
-10204
6915
-6116
11729
-8132
-4835
-4060
6417
-14276
-1794
-5084
2817
-1996
-3069
-3036
1278
-976
-2814
-3060
-4121
2052
993
-11244
-8175
-8152
1300
-18388
2818
-9204
-7700
-2820
-4622
-6104
7170
-12232
-277
-2032
-12531
1268
2841
-16132
-8184
2060
7173
-4084
754
1032
-3318
-6096
-1045
-6108
563
-4088
-5611
-4088
-2340
-11260
-4341
-5084
-522
-10220
250
-6116
1764
-3064
-2811
-4060
4388
-11240
2541
-9144
7427
-19420
-6399
-16364
7957
-4036
3614
-6108
3541
-2016
-1015
-7132
5134
-3024
8980
-12268
2050
-996
1791
-14320
-2306
-4052
777
7212
5102
-5096
-249
-8152
3313
-17396
-9471
-16360
502
9228
1773
-12224
-2288
-1812
7430
-3024
-3347
76
4077
-3056
-2795
-1012
-9981
60
-236
-4096
-6681
-13272
-12303
-1024
-3338
-4084
10476
-3844
3601
-7124
-6419
-7124
1541
-11260
18
-10208
15334
-8152
10252
2096
3063
-14308
242
-5092
3320
2068
11535
-5120
528
-12244
8182
-7104
3839
-3036
4311
-8184
1028
-16360
-6150
-4072
-229
-16344
4080
-13264
-6922
-4088
26690
-1024
-11007
-12260
2289
-13308
-10267
-9172
2822
-11224
-5404
-20476
3331
-13288
-9461
-3032
1542
7168
-248
-15340
4374
-9996
-4100
-4068
1032
-3052
-244
-12264
-5139
3100
-750
-10149
7933
-4044
3857
-10196
1553
-12256
-1035
-4876
1821
-2036
3605
-5052
-5919
-2036
-5633
5156
768
-16348
7418
-10228
2014
-16340
11448
-9196
-3341
-5060
5107
-8176
1516
-7152
-2503
-17380
-12
1040
10515
-9164
-4367
-13284
-8185
-6088
-3594
-7148
-9973
-5080
5366
-7128
1806
-12048
-1043
-9184
-4068
5124
2067
-8160
-4089
-3072
12537
-9196
7875
-11020
-11748
-4056
15387
1276
-7144
-8192
5881
-12276
-8942
-5900
5595
-7156
7418
-9156
-9718
2096
-5625
-5100
-17390
-6128
1050
-11248
-2735
-17348
1245
-1796
823
-16344
1038
-7124
-8719
-9208
-6399
-17156
-3084
-4096
-3575
-3016
-2843
-10236
11283
7208
1260
-13064
3547
-11012
-4883
-8172
-273
-12276
3
44
-779
-5112
497
-5092
-7415
-11224
-9196
-2036
268
3084
-2852
-12048
2314
-10228
-3078
-4076
4356
-17376
749
-7108
6676
-8144
758
-13300
2313
-9200
7944
-4052
5364
-3024
1021
-8172
-3827
-14336
-2306
-14300
5633
1092
2568
-3068
5374
6208
-17414
-14328
-1035
-20440
1258
-3864
4349
-8168
-20
-9200
1540
-14292
13862
-7152
7660
-19452
-12058
-6120
10005
-15352
239
-9172
5880
-6080
-9741
-1804
1015
-5912
-17222
-7168
-4874
-12248
-2551
-3052
-4344
-13072
-3079
-4048
6665
-5096
10239
-13296
-2559
-10176
-2319
-9176
2288
-9196
-10248
-9148
8189
2076
-3605
-5116
4594
-9168
4331
-8176
-2542
-1000
8961
-6104
8435
-4088
4376
-9156
2819
-4048
-4624
-15320
-4643
-11240
2314
-5100
6462
-10220
225
-14332
3292
-4024
-3075
-2016
-2279
1032
9770
-5084
-1067
-12276
-3802
2100
-6901
-3040
1012
-9180
2531
-9200
7675
36
-5892
-6136
4
-6120
12059
-5104
28
-10204
-6132
-13068
-6923
68
786
5128
11272
-10188
-2040
-4048
-2757
-19436
8427
-6136
14317
4128
-1794
-12248
490
-6112
-4603
-6096
-1764
-9164
5398
-4080
-1529
-3052
-1029
1052
2038
1036
287
-9204
16114
-9164
2098
-988
-7417
-10240
-6920
-11224
-4110
-10184
4118
-15332
519
-5072
744
-13276
4564
10240
-4597
-9184
995
-4076
-4613
-7116
-487
4
-5394
-11240
2087
-10204
8180
2076
-7969
-5104
-7386
-7124
-7974
4
6942
1040
7145
-11012
520
-10240
6932
-5060
-2331
-11177
3830
-8164
4805
-13288
3348
4112
-3572
-7156
2064
3324
769
4328
-8452
-13276
-9478
2064
786
-10236
6176
-16364
6668
1068
1253
-10196
518
-11252
-1282
-6128
477
-6916
3321
-3032
-3793
-18408
768
-10188
-4585
2072
3807
-7144
1297
-11216
2046
-9212
-8726
-4880
5916
-2016
-3065
-10208
-4863
-5904
3312
1032
-6103
-4072
5870
-10228
8221
-13284
3838
4116
-3358
-13252
-2238
9248
-3840
-1812
7195
-13064
-3317
-5100
-8678
-7940
1
-5108
3837
-17404
13602
-2048
1537
-3036
8699
-21480
-775
-6140
1300
-26292
6900
-6104
527
-9176
-9218
-4072
-4598
-2016
12799
1032
-5090
-8976
9713
-2036
-3834
-12256
8415
-2016
-8479
-12272
-18711
-7144
762
-13060
-1008
-16376
2554
-9200
4837
-5120
-4093
-1000
7440
-9184
-2307
-13296
-4617
-7152
254
-8172
1323
1056
-4631
-6104
1567
-1980
990
-14324
6703
-12228
4889
-18428
7430
-7128
6166
-7144
-5869
-9988
-7116
-9196
1273
-976
4336
-4048
-14598
-15108
3591
-8972
-3327
-992
3582
-9192
1285
-13300
5660
-8140
7451
-8164
-4354
-8168
9495
-7104
2853
-12244
-6402
3116
1791
-5100
-2266
-9204
-1829
-14336
6380
-15312
-5630
-8156
774
-13248
2544
-10236
-20
-12276
14857
-3072
2045
-1012
996
-5892
-1553
-7132
-2348
1052
-4363
-3032
771
-10192
-5355
-7156
5103
-10220
-11224
-5080
518
-5108
3032
-10196
-3077
-10228
-723
-10168
6394
-4048
-765
-10212
-4114
-12260
7962
-13300
9735
-3052
3566
-10236
-10238
-6136
-1540
-3056
5582
3084
1311
44
-5615
-9188
16865
-7116
248
-4060
-10222
-9196
722
-11228
-1546
-17364
1306
20
2310
-3052
-4864
40
-6391
-4092
2025
-2004
-2828
-3860
1008
-5100
7171
-9156
4874
-5088
7969
-15304
12777
-9160
-2582
-5908
-6169
-9184
5863
3104
6905
-7148
267
-2024
8719
-14336
-1027
-13288
-8730
3088
-2557
4112
1266
-11149
488
-2036
-6657
-3072
-2339
-5912
-4873
-3032
-4834
-7128
3353
-12252
-1249
-17376
9711
-8140
-6135
2056
1307
-17364
-3590
-11240
5365
56
1040
-10220
-1531
-7944
1565
-980
10720
-8136
-14604
-792
-2319
2088
-6638
-7148
-13849
-9160
1508
-11240
-1765
-5092
-2034
-5096
-1595
-8136
3074
-12276
12033
-3052
3077
-16312
1532
-17408
6383
-10172
1303
3076
10000
-7088
4858
1268
1301
4148
6367
20
251
-12052
2344
248
-3610
1048
-6412
-1008
13030
-12232
-1310
-11204
555
-14320
-3563
-11024
8974
-6136
1782
-7124
-8710
-14280
6123
-7160
-4373
-5064
4629
-2840
8186
-5084
8692
-5040
4604
-4052
-42
-9996
3551
-14328
2030
-4092
779
4128
3345
-6136
-5118
-9172
-4082
-3056
536
-11212
6407
-12256
2268
-7120
-1258
-11212
-2812
-21444
-5618
-5080
2848
-15336
497
-10212
23516
-8152
-9232
-20436
-1501
-988
-1287
-6124
-3323
-7132
1515
-15352
752
8212
-2343
-3064
2569
56
-793
-11244
-6418
-2000
4365
-5088
2828
-968
-493
-9168
-271
2240
-14588
-1804
284
-8164
-1794
-6128
-4860
-4048
3062
-7152
6108
252
-6663
-5108
6921
-13264
1570
-10192
7923
-17372
2330
-17372
10279
2068
-4630
2076
5643
2292
2300
-6120
8701
-9212
-8201
-10232
-290
-976
-9965
-1020
2515
-3844
-4623
-4092
5897
-9192
-4342
-3028
5111
-10220
-3347
-5116
7952
-6124
-1489
-1812
-4380
-1976
-1792
36
1815
-2016
-5877
-7128
1539
-9176
-9250
-15284
6899
-11236
493
-2824
1044
-5072
5153
-7152
2280
-12232
-3583
-6132
3337
-6112
1563
-16352
3591
-15356
801
5160
8722
-12260
2812
-5112
-6353
-4080
-4876
-9212
-8201
-8168
5644
-3872
-1766
-8180
-4385
-14292
2547
-1988
-273
-12260
-1546
-15284
3084
-7128
8448
-10228
-8206
-6088
6430
-16372
1822
-8176
2820
20
-10746
-12268
8954
6168
-1025
4
6889
-3008
-11782
-11052
265
-10180
-2825
-10192
-12036
-6104
-1819
-1012
5361
-5092
-788
-6112
8451
-7140
-507
-16344
-24
-12040
-5648
-14096
-4678
1052
6689
3104
-4636
-9180
-5160
-6948
501
-968
4609
-14316
3
-5084
-3332
-2044
246
-11024
13783
-4052
-3579
-1004
-4103
-11212
9746
14344
-4380
-9200
4617
-8152
-785
-4088
-5612
-12288
1776
-5076
3866
-13272
5144
-9184
-4
-6116
12324
-8172
-5405
-5104
787
-14332
7152
-7112
7951
-4084
-1802
6392
-1768
-4044
1511
-10196
8443
-18424
-491
-972
262
-6136
-2566
-5088
2067
3096
6132
-2044
-3834
-7144
20493
-4064
8177
-10200
3832
-4884
3090
