-10200
4370
3092
-1287
-19440
-3045
-7132
3334
8220
-9472
-8164
3096
-4080
13321
-8972
-8708
-13300
5350
-6104
4333
-18392
2076
-8164
-745
-4076
4846
-6144
-506
-15340
-2855
-9156
-1802
-19432
1550
-9188
-2575
-11024
6917
-5072
-768
-10200
-3064
-11196
5638
-11228
-2540
-5072
8691
-9212
-2248
-10224
4662
-5084
-12
-1804
-4604
-7128
248
-6124
6649
3080
5909
-19408
4575
-14312
-2325
2060
531
-4092
4370
3100
2852
12
8191
44
3053
-6092
3315
-3024
2300
-4076
-5632
-2044
210
-12248
-2825
-5120
-522
-9188
-11746
-5076
-6415
-10200
-252
-2036
-4081
-992
-3042
-6124
-10972
-12280
4349
-12236
-1254
-11220
3074
-8192
-4620
-2028
-5109
3096
-19
-11220
3368
-10228
-9701
-13080
6127
-13288
4614
-5100
2022
-7948
528
-12240
10527
1076
294
-4884
-5599
-10220
2068
-6948
-9222
-6136
16628
-1808
225
-13284
-2537
-1008
3340
-8164
-9953
-10236
-1052
-1808
2067
-8140
-7696
-10232
-522
236
2321
-3036
2014
-2044
216
-5080
2821
-6116
4133
-7160
3046
2072
4120
-13244
-2545
1072
-1532
4104
315
-10220
-4347
-4032
-734
-11256
3850
48
3611
-8156
8968
-15312
1028
-10216
-4340
-15304
268
-14316
1020
9440
-5654
-3068
3582
-5116
3074
1028
-7650
-13300
6900
-13284
48
-9160
12526
-10000
508
-5036
1817
-15324
4876
-4088
-13796
-7108
-4111
-21476
-7446
-996
-1283
-7124
-729
-18424
-2285
-13292
12809
-16356
-7913
-12248
1776
-12216
-5885
-9144
5384
-6108
3859
-12236
-3583
11264
4102
6156
-10222
-10192
7683
5140
-738
-11016
5386
-8180
6397
2072
3081
-1988
3316
1064
-3070
-6072
-5388
9220
-4099
1052
6932
-808
-268
-8144
6101
-6140
4088
-11240
-4658
-14272
-7685
-13252
-4105
-8160
3116
-8180
999
-8132
-756
-8144
12542
-15316
-3071
-8964
-3829
-11196
7667
36
8234
-6132
1811
-11236
-1800
-13260
-4617
-12256
4392
-2985
-12817
-15108
224
-10200
782
-3036
2318
-4052
5360
-15320
235
-948
-10731
-8156
-3829
3128
3070
2108
-10233
32
8973
-5088
-2062
-11244
257
-9184
-10229
6188
-778
-7160
-484
-11216
1276
11288
-8709
-2024
3326
-13240
-2835
-3974
13090
5128
4604
-8136
-3548
-7108
-499
-5084
-533
-4080
-11263
-18400
3573
-7140
-5090
5168
11279
-6140
-4609
-4068
-8196
-6128
733
-10236
-3320
4100
1826
-12220
11263
-1000
-2052
-5100
9455
-5100
-5381
-13272
8198
-5072
-4056
-19440
5888
-8164
5626
2056
-4593
-16352
3311
-7140
-3835
-8148
2300
-11224
14030
-4876
-2029
-10240
4640
-6084
7933
2048
2812
-1024
-1018
-12288
-9236
-4076
1028
6396
-10482
-2024
4583
-3072
12521
-19428
2826
-10220
4877
-13300
1523
-11256
5625
-11204
-4378
-9144
9762
-3856
264
-10224
4090
-8144
4831
-1012
5640
-19436
-2570
-10216
-491
-8164
3818
-6120
4379
-11224
-8986
1080
-3064
-11208
6418
-10204
-261
-16340
-248
-14324
3024
-9204
-4363
-18396
-1018
-2020
-2045
-18400
-8965
-8964
7404
-1980
1002
-7152
7159
-10200
-15131
-13236
3304
-20448
-2018
-960
-5400
-3040
-11528
-9184
-8191
-8172
7700
-7148
6424
-10216
17650
-8160
5646
-4068
1265
-2848
-1244
-13084
4387
-6084
7190
5172
5858
-6068
6427
-17384
2290
-6924
7179
-9176
-8469
-1020
1316
-10168
12017
-9208
3824
-9152
7186
-7136
2318
4108
3605
-8176
14379
-10208
-7696
-8112
-9737
-4072
-971
-984
-2281
-14336
-9707
-5116
-218
5372
2819
-4040
1291
-14252
1794
-7972
-2341
-8996
-9217
3112
3868
-4048
-4887
-7148
-4883
-3068
5082
-17164
1516
-16380
5122
-8184
-4365
-5116
-2569
-2020
-5373
-4068
4066
-3036
-23256
-9168
6898
-964
-3582
-11052
-12038
-7144
3298
-3008
-9472
-10212
-8702
-9160
3565
-13312
6116
-10220
-2824
1044
-4339
-3020
1258
24
-2279
-2004
11240
-6144
-1516
-14324
790
-5112
7426
-1964
-4352
-11236
8205
-2852
1300
-5076
2303
-5104
10482
-12272
-9737
-9200
-5362
-2896
-5912
-8164
-2594
-12248
-47
-7132
-4114
-9208
-3320
-12268
1293
-12272
1296
-4076
5629
-6108
5857
-6104
7657
1048
5889
-5108
-2608
2096
-2799
-10236
-770
-9176
5442
-3052
4124
-6092
-4105
-7152
1483
-11248
-5649
-5064
4103
-9200
-3816
-5116
774
-5120
2561
-6104
7935
-11204
9460
-9992
-2781
-6100
-312
-5064
-1587
-8184
6150
-15292
12330
-12272
-8727
-6080
-14
-14312
3595
56
2
-7160
7950
-9992
12006
-14336
-5414
-8156
-263
248
2550
-7152
1312
-13244
-501
-4080
12540
-13312
-5640
-7148
-3588
-4076
1758
-11240
-2323
-8140
-2022
5344
2041
-4044
22
-9012
5900
-16348
6149
3132
-3563
-1992
-12810
-10236
9204
-11016
-2549
-6120
-2582
-11260
6908
-5092
-1058
-11248
2562
-17372
-2318
-5092
7668
-976
-11517
-13296
-9274
-7140
9242
-15344
4348
-6924
4089
-4084
509
-7112
9175
-8968
3309
5152
-4069
-8160
-531
-8160
3570
-780
782
20
-1798
-16344
-3606
-1016
4618
-14300
-4115
-11208
-3851
-10204
13313
-16356
1043
-4084
-7169
-2044
3072
-6120
-6189
-22216
-2086
-7140
-3079
-17388
6623
-11020
-6647
-12252
7691
-5084
-4893
-9132
-3026
64
4900
-9200
-8194
-8140
998
-14084
6155
-984
-763
-13296
-3084
-4092
-4822
-12260
2269
-16348
-489
-17156
-3808
-2828
-5072
-2020
-1036
-13312
-2840
-16364
5106
-10228
-5625
-9192
-2827
-2000
-7178
-9200
-4105
-13276
-482
-6116
3086
-13292
-5935
-776
-5891
-12272
2034
-8156
-2531
-4036
2578
-16364
1026
-7140
2552
-9148
1005
-12044
-4346
1084
8209
-9216
4363
-10212
8726
-8188
-6365
-12256
6408
-2044
-8226
-10208
501
-980
-5096
-6116
-9186
-4896
6909
-14084
-5610
-6112
5132
-5048
-1550
-8976
-3827
244
-240
-5896
8189
-16340
6906
-13064
-771
-1012
-5388
-3032
-1268
-6128
-5372
-15316
9710
-13272
9219
-17360
-4365
-6076
5349
-14324
-1262
-1804
-3861
-1000
1278
-5084
4109
-952
2834
2292
-226
-5084
270
-14292
7689
-8972
-8708
8228
9752
-4044
-3549
-788
16902
-13264
-4860
11328
-3813
-3036
15071
-5104
-1760
-5056
14335
44
3855
-12040
2588
-8168
-3326
-12276
-5355
-15312
6412
-16136
4156
-2012
-522
-19372
-11787
-17400
6425
-4092
9967
-22260
-5364
-5080
6155
-9176
11756
-9200
-750
-10216
5633
-16144
6404
-2028
6132
36
8685
-10220
-2530
-4096
-7428
-2008
-3560
3092
-1278
-19452
5063
-3060
556
-7128
9446
32
4354
-12264
-6874
-2044
7696
-16320
-5640
-6120
-4086
-8144
-1826
-13292
-6149
1276
-8435
-3864
-6387
-788
-2094
-15328
-5887
-12280
-31
-7144
266
4128
5851
-7136
5624
-8152
-4099
-2040
-4333
2080
11785
-9196
4365
-25308
-976
-8972
-3333
-776
3363
5156
-4092
20
-7688
-13292
8455
-5104
-4371
-10236
-280
76
-10507
-984
1531
-15316
-3059
-7128
2311
-15320
-275
-4060
-504
-11028
-2809
-13060
-2799
-10216
-6158
-12264
6157
-8172
-8717
-9176
-3591
4136
-9747
-12284
3535
3128
5916
-4872
-10505
-5112
-3578
252
-1294
-13088
-766
-5100
-3615
-1800
1792
-3064
495
-6100
-3873
1032
-1030
-16384
-2531
-13292
-3076
-7120
-5381
-5092
2785
-5112
-242
-9216
5067
-12264
3598
-9184
-1297
-4056
12289
3112
-6430
-8968
-1809
-8180
-12274
-5088
786
-1024
9977
-7160
-1814
-7124
-250
-3856
11304
12
12787
-7112
-494
-7948
7698
-14304
-6153
-7156
-4375
-14260
-2352
-10224
5114
6184
4660
3112
7415
-7128
-12297
-2036
-10218
-4076
1520
-15344
-2853
-4044
1795
2072
247
-6108
-2783
9256
-2351
-4072
-1536
1048
2803
-14288
-2289
-12240
8696
-15352
244
36
2616
-7944
8973
4148
-1295
28
8445
-988
-1758
-15324
-1492
-10212
4853
-5076
285
-5092
-2800
-16308
1558
4136
-4321
-12256
-3830
-976
-8719
-17400
-803
-12276
-4338
-5108
-20732
-5056
-5665
-15304
8999
-8164
2330
-7148
787
-12244
-4584
-9184
4358
-2016
-1042
-7120
7401
-9129
3315
-1992
-2276
-964
-6906
3072
8910
-10196
-5888
-8176
2568
-9204
2592
-4068
-8982
-10232
-2559
-12232
2328
-4044
1290
-1796
4094
-10212
-2056
-8152
-4097
2064
11026
8212
8467
-18420
-2275
-996
-4361
36
-10751
-1992
-1504
-8188
1527
-11220
1536
-7128
3022
6388
-1023
-4036
-1275
-1000
-10764
-1012
-3608
-1020
-218
-17392
-284
-8180
5138
-4872
2548
-4040
-525
-13260
15863
-4092
1294
-5108
12799
-4048
6398
5172
4078
-9188
-9707
-4072
7157
-6092
-6651
-10196
8951
-10220
3579
-11216
4073
-2820
-5643
-18368
-4574
-19365
-7409
-11232
488
-15304
-9242
-7116
1018
-980
3577
-12036
-6918
48
3077
-4084
2558
-13272
4061
-11220
-4592
-5072
-8177
-10156
-8700
28
771
1040
-9743
4144
-7409
2100
5644
-13300
1001
-12268
-305
-12248
-824
-5096
-5110
-988
252
-3060
-6909
-14308
1497
-8160
-4600
-7952
-767
-7128
-1008
2064
8479
-10236
-765
252
5616
32
-8711
-3060
6623
-8176
316
-12244
5882
-3044
-489
-2040
-4612
-15340
7685
-14304
-1785
-5108
-8709
-15304
-3616
-5084
-4369
-9216
496
5364
7910
-9204
5365
3284
-4861
-12280
6383
-6132
-3104
-6104
2030
-2036
-10007
-20428
5342
-988
-5372
-7152
740
-9196
6888
-6108
2810
-1808
269
-6132
-4345
-3020
-12804
-5080
7919
52
3575
-13280
-22
-22044
5366
-772
8685
-13300
-8665
-6136
7143
-6128
4606
64
-6375
5372
-3814
-5088
1267
-9184
1550
2052
-6631
-5896
6613
-2036
4077
6152
-13531
-976
-7704
-7136
-4374
-5096
-3060
-8968
1579
-12268
-1270
-8992
-2307
-6920
2590
-14332
-1294
-9164
7202
-5108
-12784
3312
-3039
-3072
6083
-16368
3361
-9180
-22
7192
-762
-9204
6660
2088
8705
-3008
6645
-18400
7923
-15348
-7695
-5084
-14338
-6128
9718
-3040
19
-4068
-751
-14096
-7187
-6120
-2812
-14304
3864
-9212
-13612
-11212
-529
5164
-3556
-10232
-3881
-14296
-4108
-11224
-9989
-6136
244
-1012
-7673
-1004
261
-9988
5879
32
-15617
-2028
3339
-9172
-3576
-11252
-4563
32
4900
2076
2296
-7148
9200
-9212
4886
-6096
1734
-15308
4612
-14088
-5604
-10236
-4055
-15356
-3580
-16368
-5664
-12252
2859
-5900
7146
-7112
-2295
-4068
-2296
6160
-10248
-2012
7904
-15108
4853
-4868
-6364
32
10027
-4876
3846
-7164
11521
-5112
1779
-9180
6381
2292
1298
1260
8688
-5100
-259
-13260
237
-3064
-11
3084
-1043
-5060
-4640
-7944
-5644
-7148
-2817
-5120
256
-6116
7209
-2016
7157
-8136
-1536
-10220
10
-18400
-2552
-4092
9716
-6128
-998
-7148
2282
-11244
-4097
-13284
-531
-17380
-5369
-12276
-17944
-13264
4336
-5068
-769
-7156
504
-5044
-26
-11032
-8
4152
-9980
-5048
6943
5144
5397
-6140
-4613
-8140
2043
-988
-1259
-6144
795
-12276
7645
-17368
-2813
-2036
2299
16
-1755
-8148
-537
2092
-2059
-13272
-2575
-12272
-2088
-10200
1781
-17380
3319
-3036
3588
-7152
1020
-1804
5103
-8168
-513
-3060
259
-11256
764
-4080
-3842
-11252
-3089
-2040
-8458
-14336
1573
-10192
-3079
-10220
-8207
-6084
6106
-11212
3371
2100
-1301
-3032
-3813
3076
226
-6108
-1790
-12284
-792
1048
-6912
1272
9722
-10176
-9681
-984
-5911
-5100
-4607
-5064
3817
-1808
-267
-4072
-4108
-5092
257
-16336
-4327
-4056
1014
1064
-8190
-3048
5901
1024
2302
16
-10483
3116
-9484
-3032
1049
-8136
5394
-7108
-531
-9208
-3087
-9212
9195
-4056
-6164
-8152
-498
-1961
-9188
1028
8979
-7144
6144
-3028
-219
1048
9968
-16372
-3834
-3852
-3845
1060
3835
3092
2531
-3028
-10760
-6116
-41
1028
10261
248
2541
-1988
-6147
-8176
-2526
-1800
9245
-14324
-4867
-6124
-1750
-11236
8183
-16348
-6645
-12264
1012
-7148
2315
-10232
-3857
-3052
-2550
-7096
-2060
-6132
2570
-19404
-8705
-9216
1022
-14284
1278
-4068
1001
-4044
10746
-12036
8209
-6128
5112
-6136
6677
-8192
1515
-6128
1025
-7144
-2791
-5080
2267
-1012
3826
-1988
-2298
-4868
-7161
-6104
2304
1036
12276
-2024
-1295
7180
3574
-9176
-11770
-9180
-256
3084
8455
-6120
-6134
4124
-1028
-968
-2818
1248
12542
-11228
7956
-9148
-10461
4
2279
-5080
-11
-4060
-3568
-988
-8421
-2004
-4859
-4064
-1773
-2036
-2555
-10236
3273
-7944
2533
-4076
4050
-4056
-2825
8
-11482
-13296
4832
-3052
780
-9996
2309
-9216
2080
-12256
7629
-9188
-7927
-13296
-1521
-9204
-37
-7160
2588
-2048
-10007
-5096
1796
-776
-1285
-7124
529
6164
-36
-5076
-2346
240
-4595
-12244
-1536
-2016
-1755
-4076
8431
3100
-2840
-10192
-11529
-2000
10705
2064
-2068
-6132
-2300
-3844
-2052
-12052
519
-1800
-6883
-17376
-6643
-2008
273
-12236
-763
-8116
5617
-1004
-3325
5160
2549
-772
8450
-4092
-4571
1024
1774
-5068
-6680
-4096
-3832
-1012
5116
4332
790
-12268
-6691
-5892
-6432
-1988
-6920
-9172
-4862
-3000
3095
-7160
-224
3112
-2328
-4072
-5881
-4868
-239
-11248
-1789
-13260
-11019
-13272
-8941
-13276
-1055
-4056
7155
-5100
-267
-4056
10202
16
2300
-8168
-2835
3132
-12788
-13300
12048
-9176
-810
-8168
-6375
-17388
-2047
-15328
-747
-12272
-6881
-7148
6894
-12284
774
-12272
4343
-8184
-1311
-9204
310
-10200
-6681
-11236
-4347
-4048
-5439
0
-1000
-11248
5361
-17396
-11043
-10200
1296
-12256
-2820
-4092
3856
-10200
4856
-3052
-2288
-4080
-2564
-11236
1006
-11036
5642
-9188
6132
-13240
-4333
-4092
-5373
-12260
-6680
-6124
4646
-9200
-7716
-4076
7709
-13280
-3323
-10196
6935
-16360
-505
-9200
-5635
-13248
4374
-2012
2841
-7160
-2
36
9229
-11032
-4637
-8140
-5661
-10212
-269
-4888
-10255
-996
3595
3108
1265
-22244
-10007
-15288
-7934
-16344
-2305
-8980
-3050
-4096
2583
-3036
-3301
-9160
2804
-12264
-10263
-14324
-2321
-3016
-1823
-12212
3323
-3052
-5361
-17404
4114
-9156
5403
-4064
2063
-7168
-1311
-18420
-10227
7188
497
3088
3843
-7152
3873
-11240
-487
-964
-1519
2104
8215
-12252
-4853
-976
-2557
-5896
2862
-11264
7160
-11264
7440
-2024
-5114
20
-2289
-1020
-5904
-992
-5142
-13280
525
-4036
2542
-15328
-6673
-8184
1522
-13280
11000
-5076
1786
-6088
-8163
2276
1801
-8172
1516
3112
5414
-10224
6429
-4040
-10242
-3052
7154
12
3317
-6144
1283
-6108
258
4124
7194
1072
12495
-12252
-5103
-10168
-1808
-5088
-7675
-12036
-7663
-11188
2031
-9125
-4129
-1012
-6907
-10196
6414
-1004
-4604
-5116
7687
-13272
-4841
-11216
6919
-6136
2819
-10204
-8175
-11224
3839
-9212
-273
-4068
-3591
2048
-3328
-22228
7639
-9148
-280
-11236
-754
-11248
2812
-10236
12720
-1004
14332
-8156
-3058
-8152
3047
-5068
-7973
24
-9725
2072
-812
-5084
2085
48
-1754
-11204
731
-16360
-2545
-2024
-6929
-5060
762
-3052
11510
-16132
2037
-8180
1320
-11224
-15594
-12260
-4872
-1016
-9707
8196
3836
6172
11293
-3056
4866
-4056
-1007
-11228
-785
-2977
-1025
-9192
-3816
-6120
-3332
1064
14871
-11240
-4667
-2032
-236
-6100
-3854
-3040
11240
-8140
790
-10204
-10512
24
1314
-6116
8979
-14276
9705
-6920
-5612
-5092
4330
-9192
-5347
-12248
1006
-9212
-4593
-7116
2811
-13288
-217
-772
-2060
-17348
2580
-2020
-3308
-13292
9235
-12228
-240
-10240
-12303
-13244
-2810
-7164
8182
-2840
5620
-10184
2300
-12048
3870
-5108
3066
-8156
272
-10196
-513
-9172
-8195
-5084
11532
-18368
3569
-10184
-273
-5104
-4848
-12256
-6690
-4096
-3554
-7140
13324
-14252
-3601
-11204
1016
-10220
2332
-3028
3031
-9136
-1005
-9992
5608
2296
-4054
-3000
-1817
-6124
9796
1096
1288
-12236
-3065
-9176
-7683
-15344
797
2092
-5359
-1996
-4385
-13225
8950
-13292
-2579
-8188
-7178
-8053
3562
-3060
-2035
-11224
3838
-8160
5634
-6084
1003
-3848
-5904
-10176
10467
-1004
2335
36
-2834
2068
-4565
2092
9428
-19384
3343
-13060
3324
-12272
-4094
-8124
-6163
-8188
-3324
7224
4598
-10240
275
-3064
3830
-772
-772
-7128
-1030
-10240
6133
-7148
11038
1084
27
-18392
-2311
-4060
-9740
-8184
-11302
-15356
-5408
-5064
-7697
252
1532
-8184
-481
-3856
-2284
-5092
2826
-2024
-3299
-8152
5616
-12232
7687
-4056
4828
-9188
-4852
-4076
-3824
3092
5353
-18392
1517
-6144
-2837
-8164
4598
-9152
-4083
-984
-6145
-8192
-4603
-4868
-1285
-8144
-2827
-7160
-7935
-8176
-6912
-5100
5100
-9200
-1291
-7136
-10239
-9208
2038
-25092
8429
-9188
1560
-4048
-11257
7408
3343
-6120
6880
-10200
5933
-1008
285
-6124
-2322
-10016
4084
4136
1541
-9172
-6428
-6128
-3068
-12256
-1543
-8152
-6934
-6108
-2833
-5096
3088
-8180
1011
-1796
-8158
-9176
2310
-13280
-1566
-12232
-1032
2068
-6673
-6112
-2337
5352
5639
-16348
314
-3060
-6391
-996
4584
-12284
10987
-10208
1550
48
-2056
-5100
-533
-10236
3380
-1996
-3836
7216
-798
-13296
809
3175
-1280
-4080
-2051
-8188
243
-3052
6906
-5080
-5880
-5076
1068
40
1517
-7160
-2807
-8168
-3845
-10208
9223
-6104
5895
-2040
-4618
-5096
-1802
8
-4061
-10192
4122
-2028
2835
-6096
-10235
-4060
2029
-6940
7686
-5100
2841
-15344
2837
-2016
1754
-2000
5133
-2008
3352
-7140
-4611
-11232
-1506
-13268
6663
-5052
-2328
-14288
2542
-18372
-1033
-984
2326
-4048
-5652
1036
13
-12280
1803
-11224
4867
-13308
-9730
-9200
2796
-4048
-5382
-7148
2322
-12232
2082
-8968
8713
-4092
2816
3124
288
-12264
-4109
-13064
3064
-13072
4100
-2012
1786
-7140
-3345
-12260
5897
2300
1279
-12256
-3320
-10200
8928
-964
2595
4132
7431
-10196
-3316
-3040
3586
40
5122
-5052
4876
-15332
3588
-6096
8200
-1992
9207
2068
-3066
-8156
-3068
-10232
5911
-2004
-256
-7160
-1784
-16372
2807
-19404
-5392
-9208
1721
-8160
-5598
-12256
8958
1072
3811
-11232
-5902
1196
9225
-7940
-5112
-8164
4102
-2040
-7674
-3036
-2566
-3032
784
-7156
-5884
-5072
-246
-4028
7934
3320
3574
-4068
-6662
-5112
-2624
20
-4840
-4048
996
12336
-5637
-10184
-13315
-6096
-5081
-3852
-779
4187
9737
-3012
-1784
-12220
-2841
-12264
-3580
-1996
-6358
-5112
7445
-11196
3297
-2016
1516
-4052
6165
-15352
-1777
-972
3077
-6092
4611
-5100
3607
-4092
-4613
-4056
1864
-12232
-775
-7144
-36
-3848
4898
4128
255
-5080
-6395
-9180
2006
-9156
-7152
8240
7169
4152
3612
-9200
-6678
-10216
5885
-13296
-2317
-788
1015
-12268
-763
-7164
9977
2108
-3315
12
-6158
-1796
-4403
-1004
-3024
-3004
-2567
-10204
2574
-8180
-7928
4344
-5363
-5064
8188
-8976
5132
-10200
3615
-6108
-788
-3020
-12309
-3060
1528
-8160
4616
-6096
1534
-9212
5414
-11260
-13354
-11192
1785
-24288
8954
-3020
3105
-2020
-1524
-7120
-13568
-10220
5627
-10224
-2824
-21504
738
-5088
1270
-17380
-743
-9160
-5140
-12252
-1789
-10188
62
-4080
5368
-2000
-7717
-11012
-7948
-8152
-258
-952
-7223
-15300
-3062
-14316
-2328
-9156
9466
-6140
2597
-7136
1546
-3056
4592
-1804
-250
1048
288
-8188
-3074
-7136
1811
-4088
-1807
-11252
476
-6096
2830
-9180
-2812
-14300
7684
-4060
-4589
-7112
-8212
-4076
2556
-5092
-2065
-964
1018
-8148
-5382
-13300
-2575
248
-7436
-4032
2794
-13292
-10498
-976
4612
-9212
6661
-17360
-6393
-8128
1786
-14292
8686
-12244
-1542
-2024
998
48
-4065
-2044
2106
-12264
7161
-3064
-8168
1060
9997
-6112
-6418
-3040
6403
-9216
5139
-7144
-8679
16628
2800
-3024
4607
4340
-6370
-7124
2800
1048
-2829
-11256
4605
-7144
265
-15304
-1258
-8156
-1766
-18388
1805
-14292
-496
-6116
-3311
-3028
-7174
-5060
3596
-10220
-5131
-8152
-4079
3076
762
-9212
-2841
36
-9465
-7136
6389
-11248
-1266
-2016
-4619
-2992
4844
14384
-5868
-16352
1787
-21464
5616
-13304
-746
-8116
2019
6184
3566
-2016
-7181
-7132
-1795
-7128
8699
-15332
-3613
-16352
-3362
-13264
10006
-3020
-2790
6200
-4331
-5096
10973
-10176
10
-9996
11236
-4072
-9460
-3848
-6126
4128
2564
-2836
4344
-6132
6920
-18388
-3590
-2044
11821
-10208
5369
-3060
-8426
2080
-4589
-7168
-1509
-11012
11767
-6112
-4619
-2036
-5641
-21492
8431
-12264
4070
-8168
4854
-14300
-9997
1060
3318
-10176
-5361
-3024
2045
-10200
-253
-6096
8217
-10216
3613
-8176
12269
-11236
505
-14084
-3813
-11016
-1821
-12248
-2092
-3072
4375
1028
3319
3104
-4900
-8172
11788
-9188
-6087
-10232
8725
-9196
754
-20432
-8190
-9204
2837
-12260
4614
-5068
-4079
-2020
8214
-9204
-11468
-6116
5369
-5076
967
-17356
2297
-5896
3870
-6112
-6660
-5080
-509
-5080
13314
-18372
10529
-10224
2320
-8120
1280
-18404
5153
-12280
-3063
-11192
-2556
-9164
4089
-8140
1533
-10212
-3082
-5076
3374
-8144
-740
-5064
12787
-16320
-7943
-3040
-5108
-8180
-2334
-10180
-6670
-5052
-6137
-3068
1603
-5100
-6
1080
10734
-15316
-6697
-772
6603
-7124
-7430
-9180
-12605
-6124
5136
5132
-2266
-8156
1537
-8180
1002
-17172
1271
-18416
-2272
-4028
249
-14332
4877
-2004
-1761
-19424
-2512
-2012
4355
-4092
-6906
-7160
-737
-7140
-8196
-23292
-8948
-3016
784
-6088
-2298
-7124
-5923
-4072
-7136
-24268
762
-18180
4579
-12248
2300
-3064
7679
-3048
3318
-1020
-2816
2108
-3573
-18376
-1764
-7148
-7408
1048
-3601
1072
-11786
-14268
-2547
-10228
-518
-11216
-7207
-10224
2027
-5116
4589
-14304
-3325
-2008
3298
-5084
2043
-11248
-9752
-5096
1026
-19400
-3
-8148
2838
-13280
-270
-7152
-1543
-9208
6690
-12244
2307
-5072
2029
-6132
3333
-13296
-3563
-20476
-6932
-13288
-5355
-3868
8669
-9188
-4103
-9180
-2569
-29424
-1043
-9216
4873
5372
-1773
2072
4612
36
-1302
-2020
2321
-13260
1033
-14284
8435
-14292
1808
-10196
-4843
-7944
-7662
-984
-4347
9224
7727
-2012
8953
8244
-2040
-8176
-3553
-6100
5912
-16372
-5880
-20448
-4354
-6132
-3614
-3036
569
-7140
-7411
-2012
-1345
-6124
-5385
-18392
10491
-9176
1515
-13304
-254
-11236
532
-6116
790
-9192
-1545
-14292
-4886
-15344
3344
2052
3854
-5080
-500
-11220
-807
-5084
8192
-960
3837
-1024
-7398
-7940
-2053
-4084
3567
-18396
3063
-20452
2845
-7136
-4614
-14308
-2089
-8148
-2568
-7152
-2039
-9992
4631
-8160
-1258
0
13
-13308
8966
-7132
-3073
-4044
-1555
-8148
3077
-12276
-4590
-10184
-8738
-4876
-6392
-996
3048
-4868
2330
-15308
-3097
-3024
-4078
-14316
-9719
-1008
9479
-4096
-4867
-10000
8705
-13268
-8454
-13280
-2816
-9204
-8932
32
3340
-8156
-4624
-10240
4390
-13260
-4588
1084
3833
-13304
12278
-13068
-1013
-3008
13048
-8152
-6145
-18408
-267
-13292
285
-2004
-1279
-11232
-3572
-11240
-6355
-14336
-8194
-5076
-2827
-9180
-3098
-7128
-1027
-6112
-800
-15316
-6382
-2024
541
-14272
2817
-6120
-10502
-13284
3081
-10164
-239
-14304
13795
-5088
4097
7388
-27274
-3856
-6404
-10212
2816
-12276
-8181
-2992
262
-10168
7934
-11216
-4874
-5088
5113
7188
-9463
-11184
-1810
-6092
755
-24284
-1038
2068
515
-4068
-9206
-8176
5630
-7152
3342
-7156
7420
-3028
4108
-4060
4617
-12280
3303
-14320
257
-1996
3589
-7136
-12065
-14280
227
-4072
4609
2076
9491
28
8961
-5116
-3096
-14300
-6674
-5072
7172
-1796
3622
-9196
4848
-5100
2844
-10228
4594
-4068
4093
-4064
-2343
-12272
-5091
1096
-6168
3128
9521
-13288
4080
-13264
-758
-19432
1517
-6104
-511
-976
-6912
-17332
3312
-16340
9757
-11264
-237
-6120
-1017
3096
6171
-2004
10219
1108
-5900
-12280
-4111
-4072
-11299
-3052
-7128
-11240
4584
-14276
772
-18416
-6411
5152
8199
-5116
-253
4096
5373
-1000
-6086
-7168
2791
-9113
2768
-5088
1009
-9164
-6913
-12236
5116
-3036
2304
-13284
6149
-16380
5116
28
7935
1060
-5639
-5088
-6137
-11232
-1781
-9144
4609
-19428
3095
-1804
10045
-11236
-4368
-3056
-9748
-8160
6144
-7956
-3314
-12248
3329
-4068
-498
-4064
7193
-12244
5123
-10220
-1008
-9172
2
-10224
-7423
-17384
-2019
-9176
2844
-4076
480
-12244
-10682
-7148
4603
-13288
-3817
-11224
2291
-6120
2287
-5080
2297
1040
-2290
-20448
4602
-5080
1053
-7100
747
-2820
8699
-14300
3055
-18360
-2051
-2012
4831
-6084
-3367
-2036
2289
-9164
6420
-5076
1798
-14276
-10491
-984
-1814
-10149
2552
-19404
-497
-20420
1290
-11224
-3326
-11228
-2815
-996
-2878
6148
-2537
-5084
8694
1100
-4611
-12260
-9488
-2008
-292
-6096
778
-17348
-287
1072
9703
-11212
4619
-8168
4376
-14336
-3071
-16340
16687
-6116
-5112
-15316
3878
-8144
1294
-15348
8403
-11232
3594
-15273
2336
-5120
11017
-9192
-232
-13280
4087
-4064
300
-12236
1998
-6104
-3334
-14304
-2089
-9180
3588
-7144
-2022
-17344
3041
-16316
6179
-11212
-1829
3076
-6888
-20432
-5887
-9212
-1336
-4092
-483
-5084
7724
-8152
-14602
-11236
5105
-9176
-12785
-12236
4365
-4044
5381
-5096
-504
-2008
3852
-6108
-2814
4120
1551
-6120
-2323
-6076
1290
-17184
12026
44
-3610
-9160
13044
-9192
-14859
-11252
2579
-9196
4872
20
-2321
-7124
785
-9216
-2803
-19432
7901
-12268
506
-984
-1789
-10196
-4619
-1996
2549
-10212
2584
-13276
-2077
-5084
-8685
-14312
-5860
-6116
1574
-7148
2028
-21476
-3311
-6064
6385
-11216
3
-9172
792
12
-11029
-4040
-506
-6088
-4106
-5092
-2031
-5084
-7446
-4092
-8137
-976
-6645
-2840
7670
-15344
3329
-8172
-1514
-10012
-3074
-19456
5597
-20460
-6394
-10204
-10205
-10204
8717
-8132
5594
-13252
-6637
-5108
1515
-15340
-1790
1044
-1283
-3024
-7142
-12260
-6952
-788
15123
-8144
-8432
-5084
-1529
-8136
-1035
-5104
2081
-7124
739
-11248
-785
-8148
-513
1032
1285
-9172
13588
-3048
514
-7128
-6402
-14304
5672
-9204
528
-7124
-755
-12268
-10506
-10232
-2806
-16328
-1018
-8156
2805
-6112
1786
-1992
-5378
1052
1573
-5072
-267
-19412
-5362
-2028
-2275
-8136
-6137
-7132
2821
-3020
-2855
-1012
-6915
-13248
4868
-8152
-9637
-9192
-243
-10188
5614
-7116
-4599
-8160
-266
-15316
12525
-11252
6413
-6100
-3582
-1024
10497
-12240
-2580
-17368
7680
-4884
-1030
-8144
13591
-3044
753
-5108
1532
-13260
-6887
-4084
249
1044
11499
-20408
1265
-9208
-8141
-11224
16359
-8172
3095
-5104
4385
-11212
1775
-11232
-8157
-3048
-6150
-11252
-5350
3140
-498
-7136
9982
-8188
1557
-8176
3592
-13260
-2299
-7152
10498
-10184
4352
-13284
6375
-4048
-238
-8144
10486
-9992
5876
6164
-3310
-5080
1020
-14088
-4132
-1988
-5
-5064
5881
-8180
11291
-12052
-3055
-21488
4631
-19424
-4351
-16360
742
-10192
-2313
-16336
4095
8
1268
-4076
6151
-14268
4865
-6916
2069
-8176
-4650
-14284
2081
-12228
-4581
-9204
9458
-9184
1807
-17376
4085
-3068
5068
-5088
-7438
-17168
-808
-6936
-15614
-7108
4854
