-10232
-6644
-7140
-8440
-6116
12057
-9196
-25
2064
-486
-5092
3306
-14324
-14
-7148
5857
6168
-4074
-1812
4576
-9200
-5125
-1980
-13010
-2024
8978
-9192
-4078
-14292
-739
-5080
4093
2076
5924
-10204
-11284
8
3059
-17392
511
-13296
-10741
-3036
5416
-9168
-2547
-7132
4848
-7144
-6148
-6128
4619
13360
-6128
-9200
-4872
-5908
-7472
-8176
-4651
-3056
259
-1808
-6174
-5080
-5888
-7124
-13535
-10212
-12853
-6100
4634
-10180
4319
-14088
1041
3096
8993
-6132
-1528
-6128
3063
1276
4102
2068
2028
-13284
3871
-6136
-6087
-1812
-302
-17376
-2819
-4880
-2297
-9212
-3855
-8164
-10246
-10236
4866
-10192
-2764
-3044
5893
-5088
-1532
-10212
2024
-9172
2073
-12252
1029
-7116
1774
-13292
-11270
-12248
-728
-6928
-1547
-9160
-6358
-19412
-5653
-2036
-1032
-8964
-276
-6120
2556
-7124
-7416
-4040
9488
-5120
-8497
-7144
1532
-19204
-4077
-14268
4871
1044
-7153
-7168
-755
1056
-5396
-13284
-6157
-14264
-2568
-7112
3587
-4872
5627
-992
6675
-7132
4120
1028
-8964
-11224
-8752
-7100
-4620
-5096
5669
-10149
258
-8176
6913
-1012
-1038
2056
1039
-9176
-2274
-972
-12032
-7128
1769
-9156
6896
-6104
-1824
-11256
2829
3128
250
-9176
-5870
4148
5869
-8160
3832
-10228
2274
-11216
-12780
-3860
3837
-18180
-5654
-12288
-6149
-15352
6637
-4076
8670
-2032
-1293
52
3076
-15336
2817
-5100
1547
-16380
2559
-15108
4602
-972
-4070
1060
1487
12
-520
-5088
7
-8160
-9188
-4072
8978
-6060
6663
-11256
2544
-7964
6166
-7160
6
-9216
1303
4124
-3821
-9172
22579
-15316
-255
44
2790
-9180
1829
-5096
-1281
-9204
-2551
-16132
-3304
-6144
-7153
-11212
-5870
-3068
7926
-4088
1249
-12284
2598
-9176
-2779
-8180
772
-8180
1533
-12208
-4859
-4072
-7933
-15332
3873
9268
-6917
-5072
-1528
-996
2064
-7112
-2041
-784
5349
-7112
-9449
-2020
5103
-4052
5118
-7136
-9480
3104
259
-5892
-1305
-8164
6880
-7096
-3036
-7136
12295
1052
-3373
-5112
4596
-8184
1262
3108
-7439
-10212
-3325
-8184
-7961
-2000
5403
-14320
6222
-1800
-1289
-7152
3593
-7168
-3318
-9176
1260
-9192
-3311
-2048
-766
1272
4088
-2048
3827
-16352
-1319
1056
-1533
4108
-3594
-1024
-3862
-8152
3071
-5116
-3343
14372
4627
-3064
-734
-3072
10489
-12256
-2015
-15316
7682
-980
-4573
-4080
-504
-6920
4055
-14308
3578
-1844
-746
-3048
14648
-12240
-243
-4032
2811
-5904
2551
2048
3869
-2044
10487
-6140
-3084
-8188
16399
-5100
9464
-8148
-2287
-11216
-10758
5132
6611
-4084
12039
-8176
272
-12288
-290
-5084
-3575
-8156
1264
-7940
-2807
-8972
5349
-11232
-4344
-12232
-3852
-7160
3348
-7140
-1554
16
738
-960
6163
-4068
-519
-1012
2325
-11260
30
-1808
3563
-15336
8959
-10208
-9183
-11028
-4364
-4052
6137
-3004
5371
-5056
-4099
-8140
779
-5092
4
-1800
576
0
4088
-6120
2822
-5088
-14342
12
5615
-6124
-6119
16
-7153
-9988
-4585
-8156
4852
-8172
1799
-5108
-5423
-10220
2826
-5104
236
-4076
11752
4112
5099
8
6128
-6112
-540
-9212
3078
3092
-2044
-10220
4352
-17376
-3807
-19424
-3840
-20464
-7197
-8148
-512
-1012
3826
-10212
6704
-1016
5091
-13272
308
-12256
7721
2296
5372
-13236
-5903
-10216
6924
-10200
-17
-1004
4861
-2028
-223
-2024
-274
-8180
-9975
-3068
231
-20452
497
-12280
13341
-10200
-4587
2056
5097
-3052
-775
-7128
-726
16
7432
-13272
3841
-3036
-1280
-1016
-7716
-13300
-8164
-14300
5140
-4076
-10760
1080
-1775
-11240
-3868
16384
1548
-11248
40
-14336
-15
-7136
1032
4344
11051
-6088
-230
-10004
1280
-10232
-10503
-4068
24
-7164
4400
-6116
-4070
-12256
4593
-11016
-1565
-11244
-11040
-6124
255
-7132
-14347
-8168
-740
-5084
9742
-11232
-6921
-3024
6386
-7140
-2044
-12272
-5108
-6080
-754
-14284
-268
-10172
-2079
-4028
2558
1036
8712
44
4892
68
3552
-8148
-7674
-8160
-1540
-7160
6641
2064
-12264
-8968
5634
-1996
-10004
3104
7687
-8168
1299
-11208
1075
-5076
779
-3048
8702
-11248
-2826
6176
-1061
-6120
1521
-5120
5696
-3056
767
-1004
-2271
-9208
-8951
-15320
-8473
-5084
7915
-8144
1523
-1000
-6912
-976
-278
-3072
3585
-8156
-6624
-10200
-1545
-776
5389
-988
-978
40
9724
-4092
-8445
-15340
2594
-3064
2057
-12244
-3338
-3048
-3313
-988
1778
-9184
4103
-8176
2545
-11228
-3293
-5084
5918
-3872
1552
-7156
-7651
2060
7959
6184
-210
-8176
-1057
1084
-3311
-5068
3076
-5100
758
-11212
-302
-17380
-11238
44
-9231
-8964
1554
2068
2559
-7140
-2076
2272
-12492
-816
6400
-9188
-5907
5148
505
-10204
3334
-6144
-11784
-7148
-7455
-3044
-1819
-3000
-5859
-11024
-3050
-12232
-3840
52
259
15592
-4383
0
-7405
-11212
-7171
24
-2808
-13288
4846
-8168
-4604
-14296
19
-8172
-2041
-11204
753
-5092
-11787
-17356
5088
2068
4614
-6108
-4352
-8972
-11216
-13296
-1028
-5100
-8170
-4088
2027
-11264
2052
-10200
1322
-12260
-4600
-6936
2544
3080
3588
6172
4359
-6124
5136
-2824
-253
-5104
1287
-2048
532
-17396
-3575
-1796
2069
-7136
-6901
-1016
5639
-16332
6658
-8168
-1522
-9172
-6423
-12264
-1773
1040
27135
2080
16887
-6116
-1574
-13076
3334
-1996
-984
-15336
8994
-2036
-6402
-7128
4098
-996
-1026
-2004
4612
-14324
6938
-5096
-3102
-19420
-6378
-7144
3041
56
7682
-4056
6159
-11220
271
-3052
-5629
-3036
1059
-3048
4336
-5096
-4334
-4880
3360
5148
-6660
-7944
-3056
-7124
508
-8164
7151
-16324
-2559
1080
-4857
-4088
1589
-8164
255
-952
2091
16
8434
-20264
-4862
-11232
-1801
-7152
5623
-1984
-6121
-3848
-1780
-4048
490
-15348
8191
-5084
-5386
-10204
-7444
-18388
1576
-9176
-7197
-4084
-2040
24
5585
-16132
756
5364
-1274
-984
-5629
-18424
2292
-7160
-11019
-5112
260
-13308
-5373
-19432
-1517
-6108
2075
-9196
-3326
-11256
-9752
-6124
7918
-9164
2543
-11256
-9510
-1004
-1802
-16132
6154
-6100
-5642
-13292
1756
-4064
-2819
-992
2084
-11248
1008
2092
-2553
-8156
8200
-7116
1027
-3060
-11019
-5096
6644
-6144
3312
-6920
-4088
-1008
2317
-18180
-2026
5176
-1046
-19432
-11278
-5120
1312
-10168
-3304
-5092
-7963
-5108
-7677
-13264
2541
-18416
-3084
48
1300
-976
-2299
-3072
-4650
-1020
-3613
1044
-984
252
3595
5160
-761
-3060
-2572
-7944
-5902
-11216
2249
3308
-234
-1008
4355
-10192
-2291
-5088
-2586
-5112
3859
-6124
-1054
-5120
-557
-1820
3557
-6120
-2067
-6128
4329
-1004
6390
-11240
2566
-11264
2550
-12268
2578
-2016
-3595
-4068
3856
-3060
3129
-6120
-1499
-3036
8945
-6088
-771
-6140
-11049
-13268
2779
-9176
-3084
1040
-3367
-2820
5375
-8156
-254
-9136
7141
-9160
-3844
-14292
-999
-7156
-9229
-2032
-2816
-7156
-531
-10176
-4089
-5900
2000
-6136
3065
-2036
769
-3016
3042
-3048
-7678
60
2073
-1004
1256
1052
-5386
-10216
6159
-4020
-9215
-9156
-1036
-1008
-14073
-4076
-2839
1044
9232
-3052
-5624
-8164
-493
-9184
2560
-8132
-3587
3128
-10756
-8192
1536
-9204
-543
-10216
-4844
-2032
4857
-10232
-2816
-6128
-1279
-3060
-5155
-6140
-266
-13244
7158
-7132
5917
6184
-8408
-5088
-5915
-7116
4099
-14284
4591
-2020
5650
-7940
2353
-12240
-6424
-12248
794
72
548
-18432
-3086
2076
1508
-4060
257
-10200
4640
-5112
4619
1032
2309
-7940
6959
8208
3353
-2032
6369
-6084
3594
-8148
-8214
-11248
3303
-9208
-1795
-10196
2279
-19420
-1048
-8172
513
-984
-4104
-1024
2583
-9192
-4342
1048
-2546
-5072
9705
-7952
1748
-5116
-4594
-6140
-6407
-6092
-283
-8180
9001
-6132
-6888
-7944
3825
-8176
711
-8128
-1538
-2832
-2292
-10208
3368
-4092
-2540
-3068
-776
-3072
-1999
-7140
-11001
-3848
1297
-10196
16898
-3064
-4306
2072
-718
-14284
-1019
3108
3806
-7136
7674
-6112
3854
-10216
-4361
-10236
1804
-3872
2557
-6144
2019
-1020
-1529
-6112
-3366
-8972
1013
-10236
-4356
-4048
-3568
-2020
2816
-5072
3604
-4076
-2800
-11236
-3329
-14284
5623
1048
1514
-10200
4853
-5112
9534
-10204
3615
-7116
8937
-6920
-6935
5372
-226
-7160
-1029
-14096
3811
-4052
-3582
-10220
1282
-9988
-3065
-15296
6422
-7164
9760
-17400
8983
-14324
-9468
-5092
272
-1976
-3872
-980
9986
-6136
-266
-3056
781
-13272
-8716
-4868
-11018
-15332
5338
44
2557
-12264
-30767
-1020
749
-4064
6384
-6104
-2025
-2840
5934
-16160
-3874
-3064
2570
-5080
-3832
-972
-3328
-13308
2287
-6140
-7929
3072
-4866
-13276
2581
-2028
-11262
-8176
-4095
-15112
-282
-5900
1025
-7152
6168
-19444
-5868
-11224
1540
5156
-6662
-2004
-2016
6176
7193
1040
-6397
2139
-13
-12260
-4095
-8184
-3340
-4892
-4586
2300
-5641
-1024
-3563
-7124
-4599
2292
3820
5152
-7134
-8964
7693
-4060
7698
-8160
5849
-11260
-4870
-11208
9215
4136
1326
-3036
-4864
-3864
5592
-7148
7449
-7132
6190
1056
-1027
-14288
274
-3048
-3340
-996
-2838
-7156
-13864
-18408
-2055
-6116
8424
-4048
-252
-11252
-1807
1036
-4873
-9200
-1577
-1992
566
-3052
7946
3080
-4838
-8140
3541
-5072
4135
-2024
-3606
-3036
2331
-9168
3610
-3044
10718
-4084
-1011
-15324
-3855
-5104
-239
-4060
4648
-8152
8686
-2840
-4587
-4076
13293
-7136
-1528
-12256
8187
-8188
5115
-5092
2584
6160
740
-2048
4875
-8156
-496
-7116
-4608
3316
-6380
-7952
-6140
-1004
5364
-3048
-2044
-9184
9531
-10240
5678
-8184
5591
-8184
-1527
-2008
-509
-7164
2032
-6128
-4313
-11244
2309
-17388
-2293
-9180
3602
-7156
-1060
16
-2824
-3044
-5131
-3052
2310
-2020
-5094
-14328
6346
-8168
2573
-14332
-6628
-4084
7155
-22236
-2533
-9208
-1805
-12256
-2818
-1816
1809
-8180
1027
2060
5422
5132
-2838
-12224
517
-7124
-1766
3112
20484
-6112
6383
-20480
15096
-6132
-7675
-5896
8440
-11252
-6667
-6100
-2560
4
7949
-2032
-7680
-7108
1030
-3072
-6646
7188
10241
-3064
-6119
-16380
4881
-12036
2316
-4092
-3325
-14336
-3094
-5088
-14341
-3048
-229
-2032
-474
-3052
4089
-7164
4601
-8108
6661
1036
-5393
2096
2565
-6916
-9712
-6108
-4639
-8188
-2781
-3028
12270
-7164
6644
-13284
-270
-5076
1553
-21276
11024
2076
-7152
-10220
8184
-1008
-2561
-15352
6133
-4096
8719
-9196
-4606
-6132
5121
-8168
-1017
1048
4122
-14292
747
-4084
-796
-3052
3029
-11240
5109
-12264
-2052
-12220
3092
-15112
-10236
-8152
-2023
-992
-9489
-10004
2818
-7136
3336
-3012
8486
-772
-6118
-15328
-4371
-14328
8728
-992
3536
-4068
-8940
-784
-8970
-15292
6656
-9172
-9
-9192
7158
12
-294
1044
5886
-11204
-4340
-7160
-6387
-16348
-8463
-4036
-524
-10200
8471
-7140
13298
28
-4094
60
-520
-4868
11530
-9176
-240
-6132
2065
-11232
521
-11024
516
3096
1822
-16356
1544
24
-5621
-11240
-535
-9168
-4340
-2008
-5378
-10212
9490
-6140
-2046
-3004
4823
-4072
-4074
-9988
4875
-7057
-1805
-2020
-1798
-10232
6893
-13280
-8195
1056
-5112
-8184
2561
-6928
-3341
-4084
1008
-10200
2574
-22208
-736
-6128
-5880
-15304
-6910
1048
2290
-6128
-7405
-7128
-1545
-15324
-8703
-16368
-9015
-14292
5080
-8160
-2046
-12272
1017
-5096
13587
-3852
-6168
1056
1766
-5112
-9506
5136
997
-6116
-504
-6144
-1214
-12052
-7965
-10240
3822
-5100
-3061
-10184
3574
-4872
6653
-6116
996
-6144
-237
3324
-2562
-2044
-1043
3316
-7406
-2820
5398
-6132
-1541
16
-2582
-11228
3329
-7144
2624
-9160
4060
-14332
514
-3844
4582
-5072
-8160
68
2522
-12264
-4333
-9180
2819
-5120
4617
-19400
3830
-17156
-1022
-9184
795
-5088
999
-9200
-8191
-13060
7434
-3028
8482
7188
8730
-5896
799
5140
6147
-21452
-4860
-3036
1755
-5064
-2313
-9196
3330
-5080
-8737
-6096
14333
1040
4352
-10208
520
-3004
4638
6215
-5102
-2028
13588
-12252
7913
-4048
-5906
-10192
-5369
-5064
7400
4348
6392
-5080
-4862
7184
9224
-10200
2564
-5072
-12575
-19436
-262
-14308
6901
60
3323
-5076
-3827
244
2547
-4052
1024
-10224
-785
-1812
-271
-13264
7725
-984
4326
4
1528
-8168
1535
-8144
-737
-5088
4849
-4048
-11215
-4068
3078
-5104
-4097
-11252
1306
-6116
-2560
-8168
-4335
-10232
-4352
-4060
-4853
-14292
-1024
-3060
-2052
-5096
-4342
-4064
10511
-16132
1296
-14328
6400
-2036
-2524
-7944
-5163
-12240
5605
-9196
-2300
-8160
-1556
-13276
-320
-10188
-3864
-17380
270
2064
-807
-20232
721
1036
1008
-11248
757
-9184
8207
-4060
-7707
-6108
-1023
-7116
516
-3064
730
-6104
3850
-4052
1772
-1020
4611
-3068
-3311
-10228
3319
-7128
1259
-5096
3311
-2044
6940
-12268
-4349
-7144
-3867
-5088
-2570
32
-4110
1052
8170
2060
8935
4116
8740
-7100
-269
1032
6660
5144
6895
-11232
-3838
-7144
567
-7112
-11761
-7160
7201
-5900
1507
-16332
3377
6396
-4627
1264
-3352
-7156
-1533
6188
3086
-9200
8436
-6132
6151
-4080
7181
-9140
2813
-18400
-3879
0
8707
-20440
6379
-2836
-3839
-3068
-2315
4112
10240
-5112
-1273
-1820
525
-16132
2031
-21488
-1786
-5072
7674
-18400
-6126
-5112
4598
-6100
496
-6136
-12315
-8172
-2789
-19432
-2050
-9200
-1589
-9184
-12007
-14264
8725
-9184
-11785
-6092
-732
-5896
6428
-1808
1296
-10176
-5122
1052
5658
-9176
-806
-5100
-5618
-12240
2
-3064
7966
-14288
9716
-7132
-1534
-6128
-7676
-12276
3363
-10204
-4397
-11252
-7649
-12272
6437
-5120
-3328
-17324
-11514
-18392
518
1064
5407
-9196
5405
-4876
4345
-7112
2561
-2028
-731
-10192
3820
-9196
1785
11308
517
-7112
-3064
-12288
-51
-12228
525
-14320
-5373
-8164
-1511
3320
9713
-11228
3329
-2832
1010
-1000
2813
-14324
-8949
32
249
-996
3307
-9200
3079
-11232
6382
-12280
-2064
-6124
512
-9196
2289
-13284
-2316
-8176
-3600
-6128
254
248
-6643
-18392
8676
-6132
-9221
-3032
-10995
-8168
7940
-13260
9246
-4060
4566
-5080
-770
-7124
9520
-7956
-5109
2104
-1218
-8172
-4366
-7100
6898
-8968
1563
-2040
1531
-968
1241
1260
42
-4076
-1050
-12232
2319
-14296
-5679
-8168
2562
-4872
810
-8180
4835
2064
-2334
-16376
3627
-9152
-3585
-21472
2022
-3844
256
-10012
-790
-6132
-1808
-8188
-4872
-8164
-2587
1024
-774
-12256
1802
-2981
-5150
-12260
-5123
-9144
-6675
-4060
6395
-12264
-765
-8176
-2544
20
-1765
-4044
2533
-8180
-1776
-6140
-262
-8184
3078
-2024
-6125
-1832
-1038
-5088
746
-11224
10233
-5048
5116
-13264
231
-8156
-6134
-22216
3564
-3848
-3831
-9196
-274
-5084
6424
-11220
3585
-10184
-2563
-3056
-6155
-17380
5401
-8140
-4317
-2024
58
4116
-267
-11012
1298
-3844
3083
-12256
1009
36
1299
-3060
3571
-12272
-24
-5088
-2003
-13076
3316
-11240
1751
-3060
-523
-8184
9479
-4076
4894
-7148
-6939
-16352
4360
-9164
-3057
-7128
-750
-12228
5632
3100
1526
7228
740
-12264
-1556
-6104
2545
-11236
-12555
-9192
6148
4112
1300
-11232
4850
-4068
2597
-11228
5893
0
4606
-10228
1283
-6120
3327
20
13558
-17368
3042
-8160
-4594
-13248
-488
-4032
-7718
-12268
-1811
-10232
-8717
-9164
4824
-5060
4130
-2012
3320
-9180
-3590
-2044
-6665
-2020
-473
-2020
2574
-10196
6933
-4072
3359
4120
-4059
2076
1279
-3028
2580
-14320
9728
1068
-1555
-8164
-4358
3096
-1032
-10192
-1789
-8156
3600
-10180
7946
-24272
-3298
-7140
2786
-12212
4899
-3997
-1768
-4040
-3806
-11224
1030
-10212
4584
-8148
9993
-8176
-1025
-5064
-11761
-15324
-2059
-1992
-14349
-15332
-7709
-948
5626
-19404
10771
0
-3329
-9160
-4596
-12252
7939
-2012
-6955
-5892
3085
-8972
-7703
-11244
3576
1080
-3865
2048
2062
-8140
-10254
-8148
-2809
-9196
2828
-3028
5107
4124
2067
-22232
-544
-8184
-6936
-6920
1275
-14320
-3539
-13292
1035
-9204
464
-9184
-789
-11224
-754
-5112
-2010
-6124
6628
-4068
-5419
-9192
-8168
5132
5931
-17392
3577
-3024
-6697
-7124
8937
-9212
-8177
-10232
-3848
-5084
4886
12
7938
-11264
3856
-2000
5390
-10224
272
-7108
2575
-7948
-14046
2088
-3826
-4036
7417
-12260
-494
-10196
2553
-2032
-1801
-3032
34
-11240
3850
-8968
-6898
-9148
-3316
3112
-9465
-10224
3584
-2048
5386
-12260
-4094
-18400
2831
-11260
-539
-8168
3326
-12244
-5603
-1808
5906
-2028
-5105
-7944
6630
-13296
-4630
-7108
3822
-2028
-2857
40
-2041
-17396
7666
-18388
5364
-12276
-2310
-13084
5622
-11208
-6400
-11224
-4130
-992
-1542
-11264
8667
-9156
6660
-10236
-3046
-10172
-7417
-7164
-2795
-7108
4340
-11236
2307
-3068
6444
-12264
17370
-3036
268
-13288
5371
-3056
4892
-7940
1751
-12228
1784
3080
-6114
-7144
8958
-18388
12299
-784
-4115
-3060
-4093
-992
754
-7164
3117
-3052
-1777
-3068
9963
-10176
1793
-2824
-3563
-6104
-3622
-17368
-11022
-14268
1024
64
1796
-13272
-515
-4052
6125
-13288
-6654
-13072
-2312
-9184
-2573
-17364
3842
-6068
-6390
-4096
2279
-15356
-3087
-6104
-2546
-8144
-10744
-3072
290
-16348
8974
-8168
-3602
-5068
-2530
-9168
1772
36
-4865
-3040
-6665
2068
3063
-3028
4066
-11264
-4854
-12040
1004
-11224
1513
-7112
-1519
-4084
-4840
-3032
-275
-4056
10501
-6132
-5112
-12272
9215
-6916
6423
-4096
1036
-11252
-2294
-15348
8719
-17372
-4365
6144
-3109
-10200
-13042
-4056
5346
-9184
1009
-6096
1018
-12260
-1296
-12284
789
-4068
-3348
-5896
-3818
-6124
1563
32
-2292
-12204
5406
-12272
4352
-12240
1228
-7152
-486
-6936
-5926
-11244
257
-20420
-8697
-15352
487
-8168
1530
-2824
4353
-6076
-4346
-19412
-4340
-2008
-5885
-6084
1001
-8176
-1051
-9188
3063
-11256
-8699
-17344
489
-5084
-4640
-7057
754
-10208
2026
-14324
-11027
-6120
11744
-4032
3098
-14316
1796
-7156
-5412
-11240
2319
-12240
7930
-2012
-2817
-11228
271
-4092
4363
-17168
-9215
-7132
-2324
-8184
240
-988
15134
-8160
-3857
236
1518
-11244
1
-6916
3077
6192
5899
1032
-4606
-7144
1311
-11252
4626
-8136
9992
-3068
-2571
-2008
2307
-1992
-4088
-10200
5627
-3844
5913
-9216
2328
-1004
-1531
-9992
5852
-4020
-783
-11228
-3575
-2008
1782
-3860
-3608
-7136
1079
-5076
5137
-16316
-7
-16360
-2541
-4060
-12037
-6144
-2065
2056
2809
-9208
-529
-8176
774
-10184
5392
2076
6416
-16376
499
-2016
2811
-2032
14598
-6088
-4079
-6136
2540
-3052
-1536
-2044
4873
-5076
-11771
-14320
-1511
6212
-6126
-18376
2536
-3016
510
1052
2813
-4048
-2562
-13308
-1289
-988
-1799
-5900
775
-5080
4115
-14304
1021
-9216
6377
11284
-9472
-12280
1014
-14292
-3805
-3000
11772
-13240
-7693
-9144
5100
1092
-787
-8164
1288
-5896
-980
-12236
1262
-15336
-3607
-4076
-4611
8
3391
-8172
9206
-5052
2835
-2840
-7196
-2020
-6078
-14272
12274
-8176
-9736
-4056
-474
-1996
13
-10196
-4359
-8180
6637
-3052
-2291
-18408
-5391
-5116
-556
-2008
-7680
-11220
1823
-9192
-8701
-9176
-3577
3080
-12792
-7124
-2876
-15316
-5388
2064
3331
-6120
8711
-4036
537
-5096
-3610
-6132
-1025
-16364
-3820
-10224
-10943
-7120
-1026
-20452
-1778
-5104
5389
-5900
5839
-11248
2564
-10212
-2300
-8172
2321
-8152
-2835
-8184
4116
-15344
3284
-14320
2818
-10236
5149
-6120
-1791
-4064
11003
-2024
-2835
-6132
-6907
-10208
-266
-5080
4353
-6064
3086
-10220
3307
-5084
-10268
-5108
-5863
-15336
769
-1016
3388
-12280
-7698
-9180
6351
-6132
2824
-5092
-4877
-13300
-3058
-19452
2080
-9216
2545
-4036
-5626
-8160
-3053
2060
5100
-14300
-5096
1088
-6168
-4092
-4094
-11244
-754
-2048
509
-3040
-1006
-11260
-2015
-7156
2274
-9144
8728
-4092
767
-5076
-7646
-10208
-820
-5100
2297
-988
1281
-1992
2530
-12276
-2032
-15120
9207
-8144
5885
-7168
-2052
-10188
-3068
-9196
6182
-11244
-772
-6124
-9466
-6112
2083
-4060
-5075
-11216
-2555
-12280
-1544
-14312
-4128
-6916
-9419
-3008
3051
-15324
-5126
-7100
-4846
-6920
-1252
-8128
-2564
-7116
13089
-6124
3362
-10224
-1776
-5096
-6374
4120
10219
-10212
-255
-17164
-6395
-5080
3070
-17376
-990
-23232
6912
-8128
3349
-12228
4601
-8176
-2575
-1800
9740
-1988
3064
-2008
523
-17352
-1758
-5112
-1538
-6080
-2822
5144
-2818
2084
-2591
-7952
-2812
-11224
-6896
-9180
4037
-15328
-3076
-14300
-7915
-6128
3821
-19436
7438
-7136
5123
-4072
-5611
-5080
2546
-12252
-2560
-16332
6938
-992
286
-21464
-1537
-10188
3879
-6128
3086
-4040
1026
-5088
-4878
-10212
3089
-21476
-9457
-8148
3884
3112
6397
-6136
6393
-13284
3815
-7128
-4336
-12201
1006
-11220
3338
-8148
276
-7104
-222
-10200
-4659
-2824
1006
4164
-1751
-17360
4858
-5896
795
-21252
2775
32
-5885
-5116
2
-6092
8454
-4056
-18941
24
6165
-16384
5630
-10212
-242
-9200
4104
-13264
-4887
7184
5362
-10184
-3070
60
7962
32
-7180
-3036
-3053
-1000
-7703
-9172
-5891
-10220
19
-2048
-513
-2024
6153
-7140
-7913
-18364
2040
-3056
3642
-10220
-777
-4068
9517
-13264
2588
-12272
5888
-6076
1803
3159
2531
-6088
263
-5072
-231
-9216
9192
-10184
5165
-6112
-3299
-11224
508
-4076
248
-8152
757
-2004
-4341
-1804
-282
-6116
2572
-12252
2532
-5096
259
-13304
5631
-4080
-1791
-7152
8679
-7100
8714
-6116
-4859
-1024
3849
-17400
3095
2080
-6905
-10232
7711
-8192
780
-10224
9934
-15292
4627
-5116
765
-6116
-2067
-992
5386
-5104
-5945
-8168
-5369
-8176
1554
-6116
4844
-7132
10777
-984
-1800
-16336
1008
-1020
3587
-15332
6139
-4088
6398
1056
7159
-6120
-1277
-12232
-2273
-9188
16369
-9188
-2253
-10216
-5925
4128
2309
-5072
-4345
-10220
-506
2060
13035
-5072
6371
1072
-4083
-6136
3837
-3064
-2772
-8172
-2821
-9180
-13556
-11248
8699
-984
-746
-9160
-748
-5056
-232
4328
-3307
24
11806
-13304
8953
-11236
-3346
-7148
-11508
-2008
7715
-6132
-777
-976
4865
-8160
-2585
-11260
-5887
-2020
16598
-3028
-3356
-15324
5652
-6128
3557
-3052
-5629
1060
-5906
56
7152
-8156
4366
-10192
2825
-4072
-5635
-5108
3613
-992
-4371
5364
-19
-12264
2092
-2024
8719
-2012
2022
-9192
4386
-8148
-1513
-19444
-256
-4076
4645
3076
-10739
-14296
504
-952
-2817
-6084
2274
-14320
-3127
-18408
-8241
-13272
6641
24
-3349
-9140
5592
-10184
-5099
-8172
-2548
-9192
6405
-7164
-8488
-6140
-232
1048
-5607
-5108
-5915
-15340
-1048
-15312
1289
56
491
-7116
12806
-10236
7148
-16356
-3266
-5048
-4097
-9172
1270
-2028
5111
-5892
-12521
-6144
11003
-2008
3118
-5080
-1278
-5100
21277
-2004
8942
-9180
1542
-2012
521
2072
7904
-16352
1534
-4068
-1012
-5084
1546
-19424
8715
-12264
529
-10216
-2546
-788
12822
-13060
9495
2048
-3314
-2032
4621
-5892
-4859
-3864
4083
-10208
-1297
2052
-6914
-13296
3570
-8152
-9457
-5096
1018
-1988
-13822
-6108
10248
-6132
-4378
-4092
-6415
-4048
-1255
-9188
6152
-9176
2834
-16360
-262
-10204
-4356
-3028
3066
-11244
6166
-10208
-2020
-4088
-3583
-2024
503
-10236
7154
-15348
-1040
-3852
1574
-5052
-2553
-6128
-4342
-9192
1020
-7124
-3069
1040
-3070
-9184
3859
-14328
10972
3108
4856
-13272
-1542
-22240
-5149
-2016
1018
-2024
-3874
-6104
7935
-12256
-3858
-15360
-5882
-10220
3588
-5068
-2809
-10224
9471
-13280
8240
-6096
-1288
-17388
-9737
-6128
-20169
-1984
7153
-7108
8461
-13288
-1769
-10216
3574
-6112
-2565
-7124
-7747
-11208
-4351
-9188
-1002
-9188
3299
-2820
-5649
-4088
-5334
-3068
-38
-14284
-9207
-17400
-2316
-12216
-7929
-4056
-1767
-8152
313
-17408
-5892
-5068
1033
-5080
-4870
-7124
10778
-10212
5377
-3008
1057
-12224
2552
-9168
-2553
-14304
3317
-10224
3338
1111
-7929
-6104
-4378
-17388
7909
-14096
-2790
-17364
-8436
-12288
516
-7116
-4836
-14304
-797
-9212
-3081
-6104
-7399
-7132
-2795
-12220
-2060
-13256
4626
-2048
10518
252
-3120
2068
3060
-8976
-3567
-3028
6
1032
-4329
-16152
-7164
-4888
5844
-4076
-8698
-9212
2054
-7148
-9509
-5104
3326
-2832
5089
-4880
-9197
-13268
-2303
-1988
6667
-1000
7466
-9212
-2328
-3044
2307
3100
2053
-6112
-3586
-5084
-2813
-21496
-1527
6172
45
-7128
-2043
-7128
-9725
-15336
-269
4128
2307
-8144
-3085
5200
-540
-3036
-800
-6108
290
-2016
-14115
-4068
2574
-976
7176
-11264
-5144
-1992
-6148
-11252
-1538
-9200
-505
-988
3316
-11228
7432
-18372
2050
-8188
-2028
-6140
1048
-5084
-11280
-4092
5377
-1012
4339
-5048
-503
-5084
-1051
-1796
6420
-10164
3387
-3052
3837
-13268
3024
8216
-489
-1024
1550
-13280
-1064
-9184
1260
-8976
-247
4340
5091
-14288
7412
-9180
4081
-15300
-6640
8
1036
1064
3061
-5092
-4880
-7140
-1536
-4060
-4625
-8168
-510
-6112
-8981
4124
-2007
-10212
12539
-7120
2827
-26364
-6644
-4876
1051
-7124
-1034
1052
3846
-3056
-8691
-2832
-517
36
4324
-11040
4065
-8168
5406
-6116
2336
-13236
-15
-9188
-6625
-7968
1790
-4092
-3056
-11260
3844
-5084
-8744
-2016
-4608
-8160
-2007
-13284
2028
28
-3080
1056
-3316
-14308
-7456
-2024
-1288
-14264
6164
-12248
6677
-6112
-505
-11020
11756
-4044
-2801
-8964
2808
-11020
761
-2036
10818
-8132
3303
-9216
-3330
-9180
-6386
-12264
2065
-4080
2557
-7164
3338
-1004
-5609
-11256
5619
-16356
9704
-7128
5918
-6916
274
40
6394
3140
8146
2064
516
-9192
-5915
-7144
-2546
-11236
-3053
-3856
1578
-5100
2832
-11256
6132
-6924
-1026
-7140
7146
-13304
560
-6928
-5109
-13276
-6443
-3072
4618
-1020
-2797
-8136
-8431
-4068
-4368
8
-496
-8116
-6433
2076
-5892
-8136
-1800
-16312
3846
-12260
-1557
-16308
-2293
-6076
-9969
-10204
13343
-4088
-1568
-9192
-6403
-10208
-2595
-7152
6194
32
10809
-4064
-5391
-6132
12287
-3052
4609
-1972
-14595
-12216
-8219
-6096
2790
-18396
-1807
-9160
6151
1060
-1264
3108
-4063
-16364
5378
-13064
5609
-5892
-1791
-9204
4899
-6092
-14082
-3064
-2314
-15328
-11272
-5108
6958
-4072
-4328
-9196
6430
-5892
-11806
-12260
4622
-3844
6889
-10184
-1810
-6936
-4848
-9204
4645
-12276
2565
-9204
-5899
2092
-1033
-8188
-5137
-7116
-2039
-2012
6926
7192
5885
-10204
-5612
-8160
10478
-9172
3598
-14284
-266
-952
-3319
-10212
5396
-4060
7678
-7156
-2277
-5892
-21
-7132
10244
-4040
784
-10172
-2801
-14324
7670
-3044
-3
1032
-1821
-992
-5382
