-3060
23
-7160
-3591
1048
-1018
-9200
-16871
-17168
-5866
4124
-2028
-8128
4871
-15296
3096
-11244
3608
-7108
3589
-14292
-5384
-5092
2825
-4048
8954
-1020
-266
-3844
-3569
-21476
-7662
-17408
-4082
-5080
-3598
-8172
12250
4144
-7409
-1988
2310
-8136
793
-10216
2038
-4064
2345
-7128
-3322
1028
-3851
-10188
5394
-8164
4347
-5064
5091
-15308
533
1052
-742
-4096
-3833
-7104
4117
-14316
3082
-20476
7421
-12036
17
-7108
1781
-1000
-3080
-5104
5829
3084
5922
-4072
-5631
-3048
265
-3036
1562
-7112
3088
1068
2071
-10224
-7708
-2020
5155
-2020
-3054
-6084
9467
-4072
-6639
1076
4876
-5076
1785
-6124
-2270
-4076
-4610
5360
-7695
-5080
-3845
-23280
5926
-12236
-2810
-9168
-1332
-1000
-3828
-11248
-496
-6132
5176
-12272
5862
-5096
-5357
8444
-15877
-10208
4355
224
-3859
-7960
-3579
-15324
8947
-988
2814
-10228
-8665
4128
1253
-13060
1059
-15352
5894
-11228
247
-6092
4571
-9168
3077
-5072
1004
-13272
4374
-5060
3337
-8180
-12033
-9212
-2809
-3040
732
-5084
-6351
-6120
-2564
-13296
-4625
-10212
5124
-12268
-1262
-980
237
-10212
-2362
36
-13859
-10204
-3592
-996
-3874
-4040
-4884
-4076
3061
12
2588
-9156
2590
-21496
5084
-13248
-5890
-10192
-5659
-4052
3577
-8164
-6625
7212
1298
5148
9755
-14316
-252
-9168
2342
-11228
5883
-12248
3062
-8188
5882
-7128
-8986
-8152
262
-6100
-2781
-15324
3549
-8152
-4617
-6096
7932
-15348
-5372
-14300
-10496
-4088
-783
-11256
3078
2120
-729
-13264
-4597
-4048
-6908
-5104
4361
-13280
-8963
2096
6887
-13288
4892
-2012
-1819
-12260
-3547
-11264
249
-6088
-1553
-9212
1767
4108
-5896
-976
2810
-9208
4624
4124
3342
-10236
5899
-6108
13826
-996
-3619
-4060
-6122
-7136
2520
-14316
11226
-15320
4625
-5100
-5630
-9160
-6622
-3068
1293
-13308
3835
1080
3604
-6132
9995
-17376
-1823
-15116
-2811
-8176
1764
-9204
-1811
-3064
2578
-16340
-5128
-3036
-1532
-1808
3317
-13296
-14067
-8184
1524
-15316
-2066
-7140
-6
-18364
-9962
-11208
-3323
-6104
264
-10228
1255
-5088
-1740
-7952
7428
-12236
4128
-3064
1789
-9992
-2038
-12272
-2060
4180
248
-8156
-14589
-19436
-1028
-9168
2543
-10212
-758
-2012
14098
-8144
7924
28
3560
-9216
-1293
-1008
5889
-984
-7181
-4060
4861
-11220
12053
-7168
4372
-16344
4337
40
-2036
-6116
-10224
-18412
5898
3116
5370
-1980
2571
-12264
-10997
-6104
-516
-14332
5619
-8184
-3351
-15336
4599
-14280
-4335
-988
5662
-10216
-1802
-5068
-8943
-4064
1024
-7136
7415
-13268
-6918
5152
-10212
-9208
735
-11012
-4618
-5904
-2299
-12264
5338
1048
-7425
-7128
2556
-11236
525
-7152
6667
-9152
538
-3044
-6926
-8192
-14074
-5104
1552
-7144
11762
4332
-6163
-3020
-1515
-6136
-1768
-7168
2816
-8968
2578
1024
2595
-7124
2552
-16316
2303
-8156
2072
-13072
-5109
-956
-4323
-8972
-13072
-9188
990
-6924
6669
-12284
7148
-11196
5381
-13276
1524
-7148
-752
-10216
9501
-3068
2335
-3856
4603
-5052
-7682
-8144
2530
-7108
6156
-28880
-9974
-4088
3568
4
8954
2068
1052
-10196
-29
-6920
-758
-2040
-3585
28
8698
-10220
-1983
-2020
-4863
-15336
-1000
-8132
-8418
-7144
-5442
6160
9748
-4872
-6638
-23268
1813
-13276
5120
-9200
-3553
3084
-2535
-13296
5371
-15336
274
-1984
-2821
-9188
5634
-4872
727
-14300
2290
-16348
-10496
-11016
-1268
-9176
3841
-6124
-10459
-2032
-3360
-4044
-3578
-10196
-1787
-4052
4830
-4064
-2308
-12260
-8941
-2012
221
-8156
539
-7156
3812
-14284
-4119
-6108
-6152
-10216
-4117
-3020
-6922
-5076
11230
-8152
5372
-3056
516
-9196
4835
-11020
-4628
-9132
2826
-996
-3096
-13260
-1110
-996
10002
-13260
-8
-19436
-1277
-10216
-7168
-10200
6623
-11240
4839
-992
-1807
-9172
2559
3084
-3551
-10232
1254
-4888
-1230
-8140
1026
-2008
-54
-21484
-2536
-11232
-3360
-11220
-4333
-6108
-8173
-9168
9425
-2024
2812
-10137
-3076
4120
-7924
-7124
3602
-7160
-3584
-6088
-1009
-4868
-7667
5160
4354
-6100
12034
-2048
6390
-3848
9220
-7156
-7955
-6144
2787
-10212
-5137
-5072
-20
-9164
5120
-5064
5109
-11240
3828
-996
-1268
-6120
-4321
-6116
-3328
-10220
7431
2076
3877
-8112
-11521
-4048
-8217
-3052
-2332
-10224
7922
-8160
-2042
-7108
-5912
-15336
-5892
-4068
-6642
232
-2826
-18388
3576
-4052
5379
-2824
3093
1088
-4105
-5108
-1304
-11240
4856
-5100
-2552
-6120
2320
-5116
6634
-8160
-1268
-4028
-10750
-9160
-1052
-9212
2066
-18432
-3574
-12272
-2289
16
-5607
-3056
2526
-6104
4371
-9212
-5124
-8964
-3357
-15320
5904
-7112
3077
12304
-3610
-17348
4872
-19400
4612
-9216
-6865
-9204
246
-11012
493
-10236
13832
40
3051
-12224
4609
-13308
-10494
-17356
-3353
-2004
3862
-996
-3327
-8156
-9722
-10172
5862
-14280
-4334
-776
5336
-1004
9253
-6120
2314
-6076
4355
-2824
9724
-5108
-4609
-4876
-8934
-15352
12281
-12236
-7686
-11264
-5120
-13276
7932
-14300
-5159
-3040
-4079
-2848
3348
-7152
-6690
-4080
-6384
-15324
2832
-7128
-6922
-10212
-1792
-5052
6931
-1812
2791
-8184
-1515
-6132
1318
5136
11546
-14336
8715
-3064
10268
-13248
-3842
-15340
-6661
-2992
-2314
-14272
-2579
-16344
-766
-6120
-3123
-9196
-5126
-8180
1291
-5060
4343
-5044
2007
-10220
3584
-4040
2841
-18404
-12561
-984
-11553
-15344
-2802
-10216
-6924
-5072
-9984
-10196
3071
-5116
3580
-3844
1523
-13256
-9221
-6096
2586
-6108
-7680
-13284
-9
-11028
1773
-7084
-2561
-1972
-2349
-1000
-3590
-9176
-6142
-3012
5375
-3044
-4598
-12264
4081
-13244
277
-16336
2553
-9188
7712
-3064
-3861
-19412
5609
-5096
2543
-2016
1789
-6092
-3847
-9192
-2060
-8192
723
-7124
7664
-9208
8679
1044
-10766
-12044
-3329
-16308
1512
-1008
-4864
-5908
2039
-11240
2783
1052
-3551
-9992
2331
-15328
-10767
7192
1065
20
6452
-14276
-7172
-12232
-1761
-10204
-7393
-9188
3050
-17364
11788
-10220
-13089
-15336
5112
-19408
10519
1076
-1545
-12212
-756
-6112
-11540
-5064
3602
24
3327
-2012
9222
-15336
4576
-5900
11279
-14328
-6896
-11224
2803
-11244
-9960
-3044
-3837
-3028
3300
-19428
9704
-7960
-521
-25308
756
-1012
5858
2064
3094
-9212
-12058
-12036
-2809
-9176
-6888
-18428
-206
-8160
-2831
4140
-11526
-5096
3571
-11232
8208
-14249
-4381
-7144
-1781
6372
8701
-14316
-6147
-17384
-9210
-14084
-6396
-7152
-4626
-12252
3842
-2008
247
-9176
748
-14300
-6915
3112
-3307
-4076
495
-8128
-8172
-7156
1568
-13284
-15367
-14300
-3793
-17372
12066
-8964
6383
-6128
3859
-13296
-3128
-8152
-4381
-11216
2307
-1004
-1527
-11236
7211
-6136
1306
-11192
5634
-6112
-3585
-25324
-5141
-9160
4891
-2020
-4374
-12272
5383
-10220
-3850
-12272
-5896
-14272
4093
-10172
3368
-1988
4886
-2040
4617
-2012
4122
-11220
4883
-18392
-233
-6924
-6410
-13280
-3812
-972
-2545
-6104
-4366
-6136
-4379
-7100
-4086
-5084
7959
-3048
7882
-8176
5626
-12228
572
1044
3815
28
6908
64
544
-5112
4889
-5064
2837
1096
-1036
-4064
7176
-1996
3334
-3848
-8142
-7168
2313
-6088
-3826
-8152
505
-6128
-4881
-10200
-2279
6380
-2045
-4096
-3105
-15300
10739
-8164
-1791
-1976
5121
-6104
-11782
-9188
-12295
-2996
-4856
-6140
2058
-11208
1026
-13264
-9267
-1004
6139
3100
1832
-8176
-3620
-18388
757
-9180
-14347
-2004
-3831
-14288
6183
-7112
260
-15292
-1028
1064
8952
-11240
-8995
-4060
1261
-784
4857
-2992
2575
-17156
-6640
-5088
-8957
-12256
-1527
4120
-3299
-4068
6880
-6932
-3853
-17372
-4085
-5112
1276
-15324
-2826
-11220
1299
-14288
2802
-5096
3878
-1024
1990
-9180
1563
-5108
-7149
-3028
5169
-6144
-5123
-7061
-7135
244
36
-6132
4858
4128
-9979
-10220
-15895
-11264
8959
-6140
13855
-3036
1523
-10176
-8941
-12288
-1501
-9204
-2586
-5033
3586
-13272
-3875
-1804
-5113
-7144
-5130
-14332
3602
-7152
768
-6116
-10212
-8156
4348
-6132
-5162
-3040
8412
-3016
3820
-17356
8730
-7160
7180
-10192
-2028
-6132
2798
-9188
-12042
-2032
2310
-10176
2038
-4048
-8188
3124
5633
-22228
-3852
-5096
-10494
-3052
4586
-9172
-3317
-4020
-2534
-8160
1038
-2020
-5344
-10200
4077
-11224
-1823
-10149
1023
-9184
5123
-18392
-1031
-11228
7162
-1004
6408
36
1265
-8964
-491
-12268
-1275
-3016
-2564
-8160
528
-13308
-4855
8228
-2501
-4076
4848
-6100
-7923
-2020
9181
-11256
-6413
-11220
1500
-4048
-759
-14316
-12785
252
2048
-8172
7689
-6132
6904
-9152
1837
-6916
-24
-7168
4607
-3032
-7427
-14288
8954
-8968
-1283
-9132
-2555
-9140
729
-7088
10002
-15340
5884
-11252
1778
-6088
7201
-8184
4838
-2028
-1778
-8172
3338
-11236
5366
-13284
-1017
-6120
4604
-5092
8165
-6132
-11274
-4040
7440
-12284
2293
-8160
5383
1272
-788
-11216
-6421
-2016
5104
-13256
-1759
-11228
541
-5072
3799
-12256
-295
-14336
9745
-13304
5
-5088
-11527
-13288
5624
-8148
-6923
-9992
2838
-11252
-5150
-10204
-262
-3028
231
-9156
-1243
-13284
-4879
-6124
-233
-19212
13316
-14288
511
-20432
1040
-3052
3301
-14296
4847
-12276
2054
-5080
-11509
-16340
4606
-10208
-8465
-10208
8716
-7148
1277
-2828
5131
-1004
5916
-11240
-5353
-14308
1007
-8140
-8216
-9168
9478
-10200
-10003
-10224
-1521
-11212
4108
-3060
2557
-5092
-3090
4108
-3348
-11188
-553
-10220
-1541
-12264
-8164
-5036
3312
-11232
14626
-2949
-8178
-11224
4131
-6092
543
-8972
-3058
-16384
14315
-14284
-7674
-7112
-4644
-15324
-6909
-6928
-1802
-5060
-4340
-8164
1010
3092
8188
-9184
-4356
-16344
-5101
-20444
-1818
-996
12047
-3052
1317
-14308
-13074
-13276
2532
-13076
-7902
-12036
3097
-9192
-4883
-5092
-3084
-6124
520
-3020
2048
-5900
7439
-4064
5925
-6076
-538
-4084
-2289
-10212
8697
-17344
-266
-13268
4623
-14304
7675
-19392
3090
-4080
-1030
-16140
3040
1072
-3338
-6100
-1294
-13272
-1297
-6116
1270
-1980
-5378
-10180
1535
-18424
2808
-7112
2073
-2012
-6893
-16340
1809
-3844
1040
-10196
-10988
-988
4088
-14316
1543
-12232
1530
5184
-5614
-9200
5372
-7132
1252
-2020
1073
3324
6158
2084
3091
-4052
11008
-17352
4349
-10228
2324
-9164
15095
-11012
1805
1076
-483
-13244
6158
-8148
768
-3876
5388
-9188
3847
-2004
5916
-3060
-2317
6160
2297
24
5628
-8192
524
-12288
-6653
-11228
-1259
-6104
-2603
-10188
-7458
-6132
-7947
-3020
10767
-5104
3365
-13276
-14331
-3040
-1477
2076
776
-5892
3057
-12244
-5874
-6136
5616
-4068
1526
-6104
1576
-6096
-6656
-9176
501
4100
251
-7144
-482
-4084
7209
-8168
-6118
-12248
-2299
4324
-5
-8144
-3310
-4088
6156
-10176
1296
-10184
1778
24
5387
-16132
288
-10216
-5370
-13284
2044
-3024
-1800
-11016
3321
-3068
-4607
-14288
516
-17404
-12286
-6144
2040
-9196
2572
24
-4336
64
-6435
-15340
267
-9180
543
-10232
3586
2080
12825
-7164
10250
-8140
-786
5160
8439
-8172
6133
-7132
-6667
-6932
4884
-11208
4343
-5104
5614
-8180
2566
-13296
-3827
-7136
7176
-16340
-8696
44
11
-6088
-4580
8216
-10262
-11212
5911
-15312
-14
-6076
7688
-3052
-7409
-18408
2046
36
2812
1272
2841
-6096
7908
-7120
-3351
-21472
4609
-964
4636
-13060
-248
-12284
-3082
-8188
10983
-5116
-3035
-10224
4090
-964
-9714
1040
1555
-8168
5384
-7152
3049
1040
-6346
-7112
4327
-6124
-2307
-11228
1316
-11240
-11254
-12204
7169
-11236
-1547
-12288
-550
-5112
4871
-13232
-6108
-8132
-1316
-2040
-5677
-13244
222
-5096
-1784
0
-8995
-6120
-4888
-7120
-5130
-1024
2537
-9160
-3841
-12212
-246
1032
5390
-9168
3836
-15304
1282
-3056
2821
-21504
771
1272
1543
16
-2539
-4048
-4617
-16140
-2310
-3040
32747
-6120
15605
3088
-5623
-3028
11023
-7132
-245
-10236
7176
-15344
1858
-16336
3573
-8156
-519
-11236
1287
-10212
-9231
6192
0
-4076
12303
-27364
2573
-6100
1802
-5088
-2549
-17396
2829
-12220
-3087
1256
3870
-11256
-1308
-5120
-969
-6120
1510
-16320
-2071
-13300
-8432
-984
-7686
-9196
1272
-3064
-1528
-11224
-3576
-6072
-275
-2840
-8960
3104
-12039
-6924
-4318
1272
9226
-7140
1032
-4052
-5614
-21504
-4317
-9164
-5893
-15304
4870
-18384
4841
-8116
-12071
-10184
-2052
-13304
10001
-9164
522
-7144
-4888
-3044
-4087
-3036
-7182
-8140
-6415
4096
2543
-3020
-3108
-5096
-5654
6148
-8945
-14280
3095
-12220
-9190
2084
3088
1052
1767
-6140
-13823
-18184
1803
-11028
1560
-7132
-1268
-19408
-9208
-3032
-3578
1088
1259
-18396
-537
-10184
-1515
-16344
6880
-7124
11529
-9164
-3549
-4092
-1252
-21460
4094
-6920
5867
-5900
-6654
-2044
4342
-13272
-3096
-14300
1781
-6084
3572
-5100
-8215
-3064
-5663
-4072
3079
-10224
-5411
-13064
4873
-8172
-1502
-8164
3043
-5072
-12513
-17392
-10540
-16144
1017
-5892
-1284
-6120
3385
-15308
-6370
3088
-3350
-6100
10754
-7096
-3856
-4072
2559
-7976
-3
-5120
7414
-4044
-6937
-12224
3062
-3028
-5649
-5108
-5120
-9208
4601
-11228
539
-988
2591
-5076
-4107
-10204
-7956
-12264
515
-988
1270
-9996
-9473
-17380
-6391
1056
4351
2080
-806
-9188
2274
-11244
4360
-14296
-5874
-6132
4065
-10164
-3324
-16356
2252
-1796
9737
-16136
4642
-10216
-9
-4056
-8951
3104
-2787
-4076
-8457
-16352
-4634
-4044
-3306
-11200
4340
-1000
-9725
-14292
-7445
-7136
4575
-13272
553
-3064
4628
-3032
-3895
-3036
-6660
7204
-6436
-5060
-271
-1980
-260
-9208
-1839
-12252
3073
-20468
-1522
-13264
-3325
-6112
16850
-15316
539
-8172
1543
-5084
1550
-9208
-8948
-5104
-1785
-980
5347
-1012
-5116
-15320
-14847
-968
1212
-4052
-7148
-1804
-5367
-12280
8951
-3852
-4085
-10204
2840
-9180
-790
-16348
292
1272
-2286
-5088
248
-12252
1778
-9212
-8748
-11264
-2050
-9180
3348
-9184
10223
-11224
-11255
-3072
-2045
-5064
-8465
-15332
-785
1064
1059
-16320
2789
-4080
-3862
-17384
-5679
-8156
1272
1036
-3074
-11216
-1036
-3032
-9720
-13312
10484
-7160
-9779
-11228
-11801
-6088
-3337
-5116
-1004
20
7676
-5080
-1790
-7128
2027
-5112
5389
-10220
-5358
-5064
3061
-7128
-1488
-3048
-2068
-16348
-533
-5096
-8948
-6116
2288
-7116
-8945
-9192
-25661
-6092
-3347
-7136
-2801
-3008
-3587
-3068
1795
-5116
5950
-7156
3864
-9196
4622
-23276
-6660
-11248
2091
-14312
-2272
-8164
-1762
-11216
2554
-18404
-2323
24
235
-9208
-3328
36
518
-11232
-1272
-12252
-3326
-24276
5114
-22256
2806
1064
-4085
-10224
8186
-19444
2794
-11228
760
-17372
-6933
-11224
777
1072
-4085
-8180
1292
-1980
-23
-3016
11280
-7112
-2045
-4096
5368
1256
7179
-6128
4599
-5084
-9710
4112
-734
-11224
-1771
-2036
-2789
-17376
550
-3848
-3555
-9180
-1022
-16348
5869
-11228
-3633
-3060
4859
-9180
-1289
-11200
-14311
1264
7430
-8168
4844
-9192
-248
-8140
-7188
-10200
2049
-9172
2576
-11260
-5359
-13280
6889
-9200
-10
-6116
-4
1028
9243
2104
9747
-5092
-2037
-14304
-10468
-16352
3337
-14316
-7968
-14292
4882
-12072
-1547
1068
6927
-9172
4885
-8160
-6928
-9160
534
-2012
-7203
-3068
753
-8136
-800
-19333
2026
-1800
-6912
-7164
5110
-13304
1799
-772
-1024
-3016
9171
-16140
3576
-6124
-7659
-15292
2296
-11232
235
-13256
-4390
-5092
-6883
-11188
4892
-7136
5382
-15316
-8205
-7152
-11760
2124
10205
-6104
-3629
-6096
-5881
-5072
-4868
-1988
-10479
-5084
5380
-5064
3299
-14316
4053
-11220
-3829
-6132
-5651
-3848
1756
-17376
-6910
-5080
-6135
-6116
5377
-10228
5911
-10208
-1805
5164
485
-17388
503
-15336
6655
-7136
4102
-10188
7713
-11232
-498
-8184
9205
-5092
2049
-15292
3336
-6104
-7171
-12264
-3585
-10216
1020
-8148
-8434
-9180
8975
-15328
737
1072
5886
-5900
-5633
-1996
-12045
-8180
2826
-3876
8433
-7136
5882
-17376
-6919
-4052
-7160
-8132
2338
1040
-8463
-10164
524
-4056
11261
-6132
1536
-19428
-13336
-18428
-531
-17180
-2312
-12232
2068
-18412
-242
-10228
2605
-9168
-4638
-7132
2060
-7948
-1784
-11252
1515
-13060
3835
-13300
268
-7124
-8698
-15320
8928
-7140
4374
-11232
-3072
-7100
-6150
-15308
6894
-8168
-2840
-11252
1031
-12260
-2808
-6088
1043
-4044
-5663
-2000
11775
2296
16
-9192
-4864
-21468
223
-11012
-10469
-8164
759
-5112
3325
-4060
-4100
-6092
-4343
-12248
2528
-7116
2317
-2008
-8209
-4064
-4354
4140
257
-8168
2054
-10212
-3106
-13300
272
-14280
-6415
-13296
6409
-7136
-3571
-3032
-2796
2060
5891
1080
3852
-21468
-5355
-13264
2332
-10184
517
-6120
13353
-8136
-2007
-3064
-2311
-3068
6930
-8101
9980
1040
-12051
-11236
5362
-792
4100
-9196
-1026
-2032
2532
-9168
-1018
-4068
11992
-5052
15885
3076
-2030
-15312
8167
-18412
1797
-6100
-8213
-4092
-5389
-1972
-243
-7164
-11272
-2008
4079
-4068
4341
-18204
-3812
-10224
1270
-4048
3864
-13064
14590
1036
-2054
-9208
-24665
-13280
3835
-8980
2023
-15348
4848
-7164
4607
-2004
-1288
-9212
-4615
-12197
-6900
-9168
-10767
-10212
805
-23228
-3569
52
1800
1072
5136
-4056
-15
-6104
12786
1076
8695
-13288
757
5140
-771
-8160
5867
4148
3059
-15348
2308
-5088
-3586
-15308
4346
-2016
-2285
-9204
5126
-5096
1036
3092
3595
-16364
-7638
-8176
966
-7132
13064
-3012
5367
-6100
3570
-2016
2330
-3008
5099
-13240
-1305
-7168
-4045
-15308
-5391
-4892
1280
-10204
2036
-11256
8210
-6144
-270
-6924
-1023
-15360
2290
-9156
-2856
-9208
-4601
-13276
-555
-2024
-1027
-7136
4866
-6116
-4607
-5900
-3836
-11236
13340
-2008
-783
-5080
3379
-9172
4606
-11220
236
-13288
6916
-19412
6655
-6140
3824
-12220
2040
-11204
-2307
-5120
-3066
-10188
2068
-8176
1290
-8148
-4873
-6920
-3327
-8156
-1548
-10216
5866
-7136
-10969
-11236
-1576
1052
-11
-5096
-984
7212
-8492
-9156
-6166
-10216
-11545
-15352
4388
-13260
5362
-8172
-2573
-14308
2559
-17324
-755
-19412
-2070
-7100
7159
-4068
1025
-3064
-4593
-14328
-2028
-5112
7637
-17396
6884
-6112
41
-9156
-2323
-9160
3346
-3012
-7984
-8164
-1732
-4044
6126
-14320
23
-5072
-11779
-7096
8445
1032
6107
-4040
3590
-11204
-986
-11232
-532
-6108
-516
-996
2300
-14308
-6901
-19372
9444
-9164
4090
-1020
7914
-20232
-11218
236
6688
8256
-7675
-17380
14048
-15320
2084
9248
-4845
-18416
-7939
-7148
3084
-9204
1267
-972
7179
-6080
4075
-5068
248
-4076
-3598
-17408
3850
-4076
-2548
-10216
8964
-5080
-7174
-2016
-528
-16368
3347
-4080
33
-6100
5071
-5116
-4637
1052
9713
-9992
4378
-12264
4304
-11208
36
-19444
-214
-10200
266
-12224
-10237
-13304
5349
-5120
-3337
-3848
-8678
-15344
-2830
-14316
-8176
-1004
-1032
-17388
7955
-956
-4579
-2004
4333
-2040
319
-9200
9449
-16352
10248
-9192
-1030
-15340
3368
-12244
9714
-11216
1018
-7140
-804
-14084
-2595
-11240
2298
-14324
2796
-16364
7159
-14300
-2811
-10216
2518
-18416
-4613
-4096
-4091
-7132
-8475
-16132
2822
-3848
-5082
-2016
2301
-2028
760
-16356
7431
-19444
-21
-10224
5101
-11228
-740
-2008
6143
-7120
11312
-6128
782
-11016
4108
-12252
-1273
-6124
-2544
-16340
7672
-12240
-7657
-12272
-1510
1060
-4340
-12276
5878
-7160
-2032
-4068
3325
-6128
-246
-2828
1284
2076
-1266
1048
6424
-3052
785
-10188
10
-4060
-3590
-1016
-2033
-3020
228
-8168
3893
-16336
12042
-4868
2823
2068
5876
4136
2849
-13252
-757
-968
9473
-9160
-7391
-7132
6366
-5116
-5909
-12284
-2812
-3060
492
-12268
15388
-4056
-1018
-9188
-8710
20
11239
-12256
-8443
-15320
9446
-988
-6418
0
-6387
1272
-6139
-5104
12768
-14288
-3353
-4084
-3318
-8192
245
4
10502
-7944
-3303
-2000
1002
-1984
548
-4084
7955
-5096
3808
2052
-9241
-3056
-791
-17368
-3070
-14288
-7439
-13248
3152
-12236
2026
-8156
1262
-10192
1287
-11012
9244
-8128
-4075
-16152
-3077
-12264
1020
-9188
5619
-17396
2584
-5096
-7910
20
-1042
-13284
2320
-6108
1052
-8176
-4082
-6092
3834
-6120
4330
3076
7184
-13232
-7923
-14288
6890
28
-3313
-13276
11776
-6072
-1260
-960
3085
-4072
-253
-12272
2579
-16328
-12584
-6140
-5874
-13088
-9749
-7128
3811
-9192
-4327
-2036
-1033
-9204
-2294
-7112
-1033
-11212
6674
5160
4104
-13264
-2839
-4084
-3834
2076
5114
-1016
-1510
-11020
-4877
-10232
8992
-11244
2554
-7128
2051
-7160
9728
-7144
264
-11236
-3569
-14292
-4635
-7120
-3060
-10224
-9961
-15360
-774
-11232
-4079
-8184
241
-7112
-262
-6132
-2586
2139
-5864
-972
1806
-5100
-235
-6124
2571
-14308
-4115
-6080
533
-9140
-5834
40
4066
-9172
4084
56
3336
-5072
2801
-10208
-4912
-7160
4588
-7124
5394
-7164
-1013
-9200
2822
-5892
11762
8220
-2520
-14296
-6660
-3852
7177
-4080
-7657
-14312
5126
-8164
-1249
-5080
216
-7956
-2068
-11216
1563
-10192
5630
10280
2818
-7148
8695
-15328
514
-15348
7442
-8132
3564
-10220
4361
-13296
-2543
-7144
-9700
-2024
3844
-16344
-535
-18396
771
-12244
5901
1048
-548
-4052
1253
-6936
7181
-15296
4893
-3000
4363
-5096
-4059
-8156
2032
-8184
-240
-10196
-1268
-6128
-808
1080
-985
-7168
-3609
-992
4852
-12216
2810
-12264
752
-11244
-4605
-8180
7130
-23280
-5625
-8180
-7919
-10232
-3824
-5096
1039
-11024
-2812
-2040
-1272
5172
7711
-8172
2282
-11240
3367
-15320
-6653
-11256
-5640
-10224
-2063
-18384
728
-9136
-2814
-4092
-1045
40
4842
-6108
8712
-17356
1263
-10192
5872
-5064
-4618
-19440
-5376
-8184
2021
-9200
3350
-8152
3845
-6104
5580
-15360
7964
-6096
1564
-8964
-4859
-7148
2020
3076
512
-13304
2333
-13288
-11278
-2977
10752
-2008
4342
-21456
-10505
-4080
3036
-937
-5154
-11204
-4082
-1812
1041
-13280
-2022
7228
4639
-11232
9015
-984
1030
-12228
-1575
-7092
1302
-12036
519
-10168
5081
22328
-2806
-9160
-6926
-9152
-6136
-8148
-1776
-14312
785
-5892
505
-11236
279
-6080
-2042
3116
7136
-5108
-21024
-5088
6887
-17364
1529
-5088
2783
-2020
9
-964
-2574
-5092
2821
4116
2035
2080
2071
-12256
-3364
-3036
1269
-14336
3053
-6144
-2321
-16132
-8189
-6104
-8685
-3040
-5099
-8968
-2846
-11264
4618
-1012
-9188
-4076
1557
-5120
6411
-11224
-1509
-5088
-3841
-18404
4854
1096
2014
1268
1025
-10200
-2033
5160
-5103
-7108
8400
-12260
1266
-7144
-803
-12260
-8707
-3016
6652
-11228
5392
-17368
-7454
-13308
4353
-976
1043
-17348
-4824
-12264
7687
-7164
4378
-10212
-7380
-11232
-2303
-13268
-5614
-8140
-5622
-11252
4341
-9212
6376
-8132
-10485
-12236
2830
-6132
-4859
-13252
-6655
-10232
470
-992
-6185
-8176
2553
-3048
11519
252
-11289
-10236
-4124
-12260
-760
36
-2304
-4092
3326
-3032
-8224
-19436
3605
-15328
7191
-8168
-266
-11169
4096
-8152
-3833
-14296
-10777
-8164
-2319
-5084
2563
68
6140
40
772
-5104
9746
-8152
5113
-14268
-11005
-8164
4886
-6112
4372
-7144
4615
-996
-5907
-7156
-2297
-5088
3589
-5900
2327
-8176
-4880
-8168
-2086
-7164
-504
-12228
-8992
-14288
-770
-5068
-4880
-10204
-6384
-6112
-1988
-10192
-7421
-3028
-1044
-4080
-3853
-9172
3797
-10220
-510
-15340
825
-7132
766
-5084
-539
-9176
4648
-9212
-1504
-4084
-3046
-8172
7695
-12276
6642
-6084
-5891
1268
-3349
-10216
6920
-7128
-5914
-5104
-1787
-11252
4075
-12260
2282
-5100
-8179
-8152
-1781
-7104
12265
-4032
-1530
-2836
-2579
1056
-1806
-2024
4343
-5084
-11029
-11224
6174
-12244
-5141
-17352
-4358
-6944
2295
-6916
4340
-8128
10
-13280
11252
-18380
2056
-3040
-3573
-10200
1286
-7168
-8718
-8136
5141
1056
1806
-19412
-18966
-9160
4819
-11216
-9222
-8168
3594
-19416
8701
-12256
-3573
-8148
3588
-12040
-7695
-10008
4085
5152
4095
-4044
3850
5160
1000
-15344
3287
-11228
-6597
-11256
-3357
-6080
9245
-4092
6911
-10200
2849
-15352
-3616
-6124
6413
-11256
2327
-5112
-7720
4
-11532
-11161
6154
-8164
-4114
-8184
1522
-14328
1812
5152
2316
-4072
-21
-972
1503
-11244
-1052
-4040
-3085
-4056
-17
-6128
-6932
-11216
-7164
-9136
-6406
2092
-3879
-11236
9238
-3052
-5088
-11216
775
-5068
-4590
-7140
1545
-3020
-3851
-1008
-2
-11228
12840
-7116
2781
-17356
-15856
-6092
2337
-1992
-3316
-13268
-4618
-14292
5892
-5076
-6890
-3040
-3132
-10232
7423
-11220
-3832
-2036
-1806
-12280
-3598
-12248
-24
1040
788
1072
3304
-10196
-1776
-2020
6659
-8168
-3838
-14316
-2301
-6112
1784
-6076
1050
-12272
-7937
-18396
-6393
-1996
3373
-6100
6396
-8136
-2058
-17372
-6943
-12212
4322
32
-257
-13296
240
-5084
-5353
-12236
10248
4
6658
-6144
2800
-6116
14606
-19408
-1030
-15328
3593
-4064
-4624
-7144
10764
-16364
-3326
-14292
-2360
-5076
-3083
-4088
4372
-14084
-497
-8172
-1780
-19436
247
-7148
2566
-12272
-13
-18364
-8947
-6068
4365
-15348
-1306
-4020
-4095
-8972
-2798
1076
1543
-10208
-6127
-7132
1791
0
-1258
-10184
5897
-13276
-490
-10192
-1543
-17384
-7149
-6924
4600
-7160
-3085
-9188
7660
-21468
-6918
-10000
-12059
-14312
-2610
-10212
-286
-4096
-2311
-19444
-8458
-10192
-276
-12256
-3604
-5104
2572
-13252
2616
-13276
5880
-3036
-8423
-5088
-1772
-9208
3827
-12256
-4852
-12240
6906
3108
-6944
-11216
-737
-5092
14319
-15304
1781
36
-3586
-13268
-3062
-20464
2608
-5080
-2298
-14292
5902
-10216
-5648
-14296
-238
-9216
-3087
-8172
9985
-16340
535
-5060
-218
7228
3102
-976
-4874
-7120
-4836
-5044
-7153
-7104
-2055
24
-3818
3092
5881
-7124
2565
-11240
7439
-3004
7660
-2012
-5126
-10172
-279
-13068
8199
3124
2573
-11240
-7659
-9200
-3357
-4036
9204
-3004
-7405
-13288
9739
-10204
-3578
-9192
-11259
-17380
3348
-8156
553
-6128
5394
-2008
-754
-6120
4117
-9196
1050
-8140
3839
-16348
5360
-13272
-2808
-5084
-1526
-6084
-8232
-11216
-482
-12252
11779
-9188
-7177
-15328
-5146
-7108
-6368
-13240
-4340
-9196
-9237
-6088
740
-13296
-2027
-17376
-6886
-3012
6680
-5060
3337
-6132
-806
-9172
-6375
-10168
-5899
-7108
3304
-8192
-1763
-9176
4092
-4024
2847
-9144
8661
-18388
-2282
-4056
-2036
-17352
-3320
-6072
1542
-13288
1788
-12252
-2077
-2032
-1001
-8144
1582
-5100
5661
-12260
8982
-15352
-227
-3000
503
-13280
3123
-19408
1278
-13308
263
-8180
2799
2068
8729
1268
9014
4128
3067
-16340
983
-9136
-998
-5120
-15
-8968
3611
-9196
3329
