-8976
-6148
2068
-1518
-2032
2059
-3036
-8680
-11236
7694
-1012
-4061
-8160
11994
-7132
-7438
-6116
-17950
-5100
2067
-9192
-3342
1024
-4095
28
1006
-18420
1297
-6140
-4622
-5076
2325
-8148
-1017
-12256
10262
-5096
550
-8968
-7948
-14296
-3830
-14304
4627
-4048
-2552
-14300
1784
-14096
3316
-8164
3350
-16364
1792
-9204
-10754
-9188
-13305
-8164
-245
1076
-995
-13272
-3871
4120
-4086
-10216
4901
-9184
-1537
-8192
8954
-13300
10502
-13276
-6625
-12264
2790
-6104
1807
-8156
4829
-13072
3098
-17368
-5347
-20440
-9731
-20448
9975
-18396
12510
-8160
-5891
-6104
-1557
-7124
1306
-16360
-3288
-14324
6630
1076
-4364
-16360
-2544
-13284
295
-11240
4599
-12264
-5348
-4009
-3327
-11260
-2026
1044
1801
-19452
-4662
-13288
-8663
-4080
3378
-6112
1754
-7148
994
-3052
11784
4341
-4345
-12248
1269
-2000
-13819
-7088
-5
-15116
-3829
-12284
5387
-9172
3616
-16344
760
-7164
-5342
-6116
-1307
-4064
7433
-5056
8438
-7140
-6677
2076
-6145
-5120
3092
-13072
-4394
1052
3057
-6104
-8
-11240
-3353
-5068
-3584
-8176
974
-3056
-247
-11232
6148
-3060
-9967
-4040
7167
60
-4836
-7120
234
-9148
10
1040
-2021
-8192
-1816
-4096
1794
-13252
2840
-7120
-4868
-8180
7428
-14264
-7427
-18188
1312
-11236
12831
-5072
-12
-1796
8184
-2024
-6165
-7956
-4590
-4076
-4111
-16348
2284
-6108
-2819
-5072
-4903
-3856
-3314
-4868
6882
-13276
1535
-4092
-12073
-10192
-9457
-9160
-1547
-4064
2814
-15324
-506
1111
-3348
-6088
506
-8160
5128
-1796
2582
-10212
7960
-13284
8691
-8148
2289
-6920
4881
8
6929
-6116
-770
-7148
-2320
-6116
11777
-4064
-13809
-12272
11
-10200
1825
-10196
8417
-16364
1805
-16348
-1289
6184
-3874
1036
2053
16
-8194
-13280
4622
-7148
2550
-16348
-751
-6128
-3586
-9208
2568
4124
1776
-5076
-2599
-5100
-3572
-9172
9247
-7148
6366
-3048
7160
3092
-5626
-8172
-3820
-4092
3077
-4876
-290
-8168
1545
-12272
-4141
-11016
-1030
-9200
-7924
-8168
6168
-4088
-1798
-15308
-1772
-8976
-4628
-10216
-8437
-5080
3868
-7132
248
-7944
11259
-7140
-3076
-6132
1038
-8188
-8674
-14312
-242
-996
1044
-10220
-3
-4016
-8484
-2024
286
-5056
8721
-14320
1515
-6112
10506
-13060
-6140
-12280
2528
64
-5126
8
513
-10232
-12
2096
5867
-7148
-8192
-2020
7675
-2028
5103
-7168
5410
-7148
3340
-3020
3324
-17360
-3298
-3844
13318
44
-2073
-6136
-4087
-8156
-12525
-4040
-9484
-9184
2020
-13276
-1063
-12276
3597
-1988
-1511
-14320
12
-1004
11036
-11220
-5865
-12268
12057
-10188
732
-17368
-7199
-2040
5648
3112
-1062
-7132
7931
-6112
-3841
-6080
-18315
-8176
6613
-10188
-5103
5152
-6112
2060
2034
-3040
-4621
-5080
252
-13276
-4631
-10180
-3101
-8968
-11801
-11016
1054
-5892
-797
-6096
8218
-11228
-2804
-11260
4091
-3016
527
-10216
-6391
244
-3859
248
-14
1092
-4590
-8164
-9981
-11204
4079
-7140
-2559
-6104
1019
-11236
-3586
-12256
-6388
-11177
-1774
-3052
6670
-2004
-12312
1024
5381
-11236
-10497
-14336
5636
-6124
283
-1004
3085
-3024
-6909
-9196
-4104
-5084
3104
6168
-239
-8184
2567
-3036
2818
1076
270
-4068
503
-9196
9718
-10200
6144
-5100
3845
-3040
-6658
-8128
-3578
-9164
-6152
-12280
5112
-7108
4617
-8164
2296
-10212
2275
-17380
-5884
-8180
16369
-17368
-1775
-14096
-7927
-2000
-4092
-9212
2540
-10212
-8966
40
-5624
-12244
-2840
-988
4844
-8160
-8469
-10232
-3842
-20432
12525
-11216
-811
-21472
7160
-5064
-1767
-5060
5871
-20444
-4864
-13276
6645
-4076
-1007
-12256
3835
-16328
4868
-12248
-2017
-5060
2855
-7104
-3045
-7128
5
-5056
3806
-6108
-8168
-6092
2301
-988
12041
-5096
-3344
3076
-548
-6916
4601
-8164
3873
-3024
3343
-8180
-5906
10308
-487
-8152
-3119
-6136
6630
-13256
11536
-1012
4606
-11256
-3269
-13252
-6901
-9180
1038
-4880
-7403
-6096
8706
1040
531
-5096
-7376
-12244
-3102
-13312
-3343
-7168
14334
-28372
10500
-968
-270
-12280
5128
-2032
1049
-20468
-4649
-11192
3371
-11236
6426
-8124
-7653
-13292
3310
-2008
1080
-6092
-4078
-16360
-4614
3112
4623
-7136
1812
5156
-7
-13064
-3591
-972
-2564
-2000
-3064
2096
1804
-1988
-519
-18392
538
-17372
9210
-20460
8172
-4076
-4849
-19432
2787
-17321
8970
-5092
10248
28
-5624
-16324
12049
-10232
529
-11236
-9201
-15108
12278
-15324
-9460
3072
4851
-5040
-2542
-6064
1290
-9200
3619
-10224
-2552
-8105
-5616
-12256
-7180
36
9459
-6140
-3108
-6124
-506
-10212
-270
-14336
-281
-9172
2820
-7164
3360
-6112
13583
-11252
2313
-5076
-9466
8232
-11264
-2040
1573
-9216
-9469
7188
2069
-4052
-5634
-4088
2582
60
-6126
-11232
3841
-6128
-1241
-4040
8938
-5068
784
7420
2046
-984
-3085
-13252
-1269
-3028
1817
-1000
1500
-4072
-3330
-16356
-2038
-10212
-750
-5080
-6678
36
-15111
-3060
-1292
-4092
-5167
-996
1010
-8140
2055
-12252
-5161
-10204
-5057
-3028
2553
-10204
1059
-2016
10241
-4068
-2556
-17156
-2058
-17360
-4606
-15332
-13864
-6932
7405
-10212
-2813
-7160
-3330
-2988
-9756
-14292
-10220
2084
15572
44
2299
-5080
2819
-1800
-5370
-11244
-8177
-6120
-2797
-4072
-1514
2108
-3608
-13280
5396
1056
-5879
-26344
7959
-4072
-1777
-13288
-1563
36
-6170
-11196
3857
-6084
-10827
-9184
-2046
8
-8711
-7144
1261
-12268
-13832
-19440
6183
-11232
2039
-11232
1274
-6096
1293
-13288
18
-3052
-7389
-7136
2840
-9176
1757
-10240
-10794
-16376
6670
-4084
8734
-10208
-4606
-11252
2540
-7132
1770
-19440
2308
-10200
-506
-7120
1534
8
-3318
-1000
-4643
-15328
-4344
-16376
2018
2284
-11556
-4096
1031
-11228
-1017
-13296
8955
36
-10236
-8160
253
-10204
512
-10212
8479
-3000
-3048
-3048
-545
3072
-1308
-9196
7923
-6088
4874
-5912
2047
-14300
7911
-8164
-6152
-18424
-750
-7140
-291
-2000
-13314
-1016
-5607
-976
1045
-4080
5607
-13304
-5128
2088
4629
-4044
3053
-5080
9007
-8148
202
-976
-2547
-11264
1038
-5084
-1029
-12248
8943
-2004
-5352
-1996
6148
-6076
-10238
-2032
775
-17400
1055
-5120
-2342
-7092
991
-11252
3603
-19380
-507
-16344
3067
3096
1526
-5104
1780
2076
2748
-9200
-9983
-3844
-4860
-13276
4128
-11232
5125
-14296
-4104
-5072
-10758
-4044
265
-11228
4919
-12252
1044
-15312
-10512
-14332
271
1036
6138
-2044
4075
-9081
-6382
-16332
1555
2292
5913
-4068
16676
-9180
8221
-9172
6423
-15340
-6890
-12244
2551
-1000
5371
-1996
3050
20
9515
-1012
1558
-11256
-3818
36
-9718
16
-8751
-9180
3351
-4064
6165
-7148
-6137
-9208
9232
-16348
-3073
-10164
-13792
-7128
-6137
-6108
2297
-7108
4894
-11240
4365
-2820
2822
-6124
3622
-12256
-3841
-5088
8703
-12220
3606
-10208
-3379
-14316
8738
2064
-5096
-2020
-1274
-4096
-8205
-5084
3093
-2004
-15344
2232
-988
5156
-2866
-780
-4363
-7144
-3082
-4092
3077
-20444
-5370
-13264
-2794
-10224
-809
-9216
-7688
-12276
-2042
-9188
9198
2088
-7670
-956
250
-4072
-1573
-8168
500
-6120
9733
-9196
2602
-9212
-11505
-18408
-10755
-3060
6909
-11204
-3802
-10232
-2833
-984
7159
-13308
-6656
-8180
2816
-10200
6189
-9188
-3346
-14328
7658
3088
-4049
-7116
6406
-8180
10743
-13064
3586
2092
-5398
1111
6911
-11220
774
-6108
-9524
-15336
-5059
-1796
4882
-11173
-476
-10216
2074
-772
-4353
-6096
-1758
-9156
2826
-14288
-3327
1028
3583
-4080
-1787
-6092
47
-15304
16623
-15340
-13066
-1824
-249
-13264
-5869
-2824
4614
-16372
-4082
-14276
3368
-8180
7189
-9184
-12016
-12256
-2564
-13268
-7925
-3044
-4890
5152
-1548
-10192
-1038
-19400
3849
-2044
5107
-12268
-15367
-10228
-2295
-10228
8440
4132
-7925
-13064
-1548
-3020
-5895
-6096
2555
-14328
4862
4100
3098
-2028
-498
-6060
-4872
-10224
1541
1068
1025
0
-9260
-10208
-4068
-5116
-765
-12232
10263
-10216
-783
-4084
-7638
-5084
-6142
-10137
6686
-772
-512
-4088
-10998
-9176
-2335
-8964
7167
-14312
-221
14376
1782
-3028
508
48
529
-1016
269
-4044
-4362
-11216
-1021
-10188
7164
-6100
-2070
-6120
-229
-9144
8470
-956
-3572
-11220
-3030
-11212
-5649
-4056
1809
-5892
3053
-15360
-7190
-10208
-3326
-5104
3782
-9212
-5628
-4056
4611
-17376
2293
-4068
-13
-4048
-3850
-13280
-12076
-3056
-12077
4116
1040
-7124
-10468
-2004
4864
-14296
2573
-13248
1553
-8140
-2591
4112
-2563
-20468
-5640
-8132
2282
-8176
-239
4164
-3301
-13312
6466
-12252
-3316
-3056
-6151
-13280
-5146
-5108
-1014
-8136
5651
-4052
-1040
-3032
-6422
-3072
-3826
-10180
2814
-3072
3066
-6104
-6910
-17372
2047
-10200
-19958
-7164
9267
-11012
10977
-2988
758
-9200
-11520
-2024
-7203
-9152
-12540
-4876
4581
-17384
-7400
36
-1519
2112
4606
-9148
-783
-14336
7136
-8140
-6372
-15320
5879
-7948
4884
-11224
-10025
-4056
-5151
-11236
-779
-8184
-2564
-13304
15347
-11260
2793
-7140
-12528
-8164
8952
-12272
-4076
-4044
1789
-1012
3815
-1961
2078
-6100
-5134
-2028
8192
-5076
-2275
-1000
-3315
-10156
-780
-7124
2545
-12268
-747
-6920
3313
-4868
-764
-15288
516
1252
3094
-4064
6349
-10212
-3044
-3068
7674
-4076
-1020
-13304
-5367
-11224
549
-1008
4843
7176
7985
-11212
5893
-14280
-1241
44
11002
5168
12554
-4084
6372
12
6660
-17392
-15902
-4060
2810
-16380
-7672
-7160
-1778
-10240
-13313
-996
-1046
-12272
6618
-6100
-4616
-3048
-1206
-12260
-2570
-5112
-2579
-2020
-1544
-13068
6433
32
-7152
-17160
-3060
-13244
284
-4072
2072
-14324
2307
-5108
-6916
-7940
-12036
-2016
2546
-15332
-1553
-4052
1032
-14296
1258
-18384
-9979
-9176
6412
-2028
-3057
1048
-4327
-14288
1515
-4092
2545
-9996
-5139
1060
6660
-16348
-13618
-10236
-6379
-18352
6129
64
-4862
-9168
3046
-6124
-1007
-4080
251
-1004
-2594
-4044
-5683
-10212
17920
-13292
-1022
-12252
6423
-10168
-979
-8188
7677
-5084
5882
-4052
-7134
-5064
5666
-12220
-737
-15312
-485
-8168
-1802
-11208
-8978
-10240
8445
-16384
2844
-4092
-4839
-12252
3317
-2000
1513
-16348
10763
60
-2524
36
7710
-10192
7176
-6100
1498
-10200
1584
-3844
-1531
-2000
-238
-17388
-4858
-5068
20
-1992
7167
-4068
4
-12252
-12267
-9152
5
40
12018
-22236
-6906
-3052
3074
-9168
1806
20
1269
-7148
-8701
-15320
5632
-13260
-3341
-19365
-1301
-11200
-1790
-15300
1538
-7136
9462
3080
1029
-20452
2309
-10196
4603
-9188
3593
-7132
-7422
-16132
-6145
-4868
777
-17388
-240
-3844
4103
-10200
5362
-11240
-5118
-11260
-2288
-10228
3347
-6116
-6399
-22260
2329
-4064
-7455
-5100
6649
-13268
-11768
-6112
1006
-13272
-5671
-4056
-11152
-4872
5893
-9164
540
-1000
3589
-2824
-6937
-7136
2042
-7940
1281
-11248
9706
-8164
-10225
-6916
10496
-4872
5096
-11208
-3059
-4064
-9993
-5120
3885
-6924
-1272
3084
7966
-10228
6888
-980
4114
-7124
-1267
-6108
-776
-16352
499
-9164
-3056
-14324
-8182
-3844
2579
11308
1240
-5084
-3847
-11228
-732
-5060
-4348
-1020
6671
-5892
-7997
3140
-9467
-8152
1557
-6104
7143
-14300
3575
-6100
3096
40
6904
-4048
780
1060
12832
-6120
-2049
-11240
3809
-8976
6177
-1008
1561
-2036
5885
-13280
511
-3072
3334
-16372
-7160
-988
506
-4096
1802
-8192
-8218
-9204
-6156
-4056
-5662
-9184
-7415
-11232
-3862
-13280
-13542
-5120
-12534
-12236
-8479
-6132
-4586
-5088
3611
-7160
3100
-13300
-5901
-5056
-782
-4868
-4331
-11260
-4079
-7132
2319
-2016
5139
-10232
2593
-12280
3587
8444
-2569
4156
1535
-8976
2801
-16360
2828
-10220
12540
-13300
1804
-7156
-2546
-11248
759
-6108
-11260
2068
8961
-5068
-2565
-14296
-2785
-5076
1513
-8172
-770
-6104
3587
-5072
-3339
-968
-3810
-6064
-1301
-12240
2558
-4052
-3856
-5104
6129
-13076
-5381
-15344
-2803
-8160
1816
-6136
753
-988
4079
-14316
-1787
-1796
-4085
-14288
4324
-7128
-1770
-14304
747
-15356
4629
-4068
-1564
-20468
-6412
-13060
251
-2032
-6405
-8164
-1043
-18396
-7114
-984
3866
-5892
-6659
-6084
-6384
1076
-6429
-9160
2095
-4088
254
3324
7418
-7160
-7950
-16356
-5095
-6124
-3619
-7132
536
-4005
6890
-10188
502
28
2564
-3052
-9763
-6116
3583
7184
10547
-14324
-11792
-6116
7980
-11232
7140
-13304
-2553
2088
10487
-3028
4038
-4064
1538
-10224
3074
-17384
4070
-8164
-9202
-4072
-10771
-8128
1520
-14088
-6374
-9188
2561
-5040
-500
-19216
3567
-4048
772
-9168
5108
-5080
1531
-11228
6165
-12212
6895
-9212
7646
-11212
-507
-13312
-2325
-9172
-1053
-12224
-3099
36
-2803
-6076
18686
-6144
-746
-11260
-12828
-4084
-6642
-9184
-6916
-6080
6124
-1012
249
4116
2803
-14316
2052
3108
6397
-5092
2852
-11240
6132
-2040
-1279
-6924
-3576
-14308
-2080
-7140
4070
-968
3075
-14308
4651
-7160
-3584
-14308
-9476
3104
3645
-7940
-2553
-11020
7683
-2036
-1302
-6112
-278
-6124
6388
-12260
-4603
-7140
7437
-8144
1255
-17388
-1278
-5064
-751
-7136
5598
48
5113
-8172
1009
-11204
6906
-7160
12063
-5084
-8454
-3064
-2801
40
7911
-19452
-4363
-7116
-6926
-18424
14101
-7148
11279
-6140
2056
-9168
-6917
-5068
-10786
-8128
-8181
-11212
-8689
-9168
9205
-2024
-771
-7140
2585
-5104
-2590
-972
5149
-2016
5885
-2828
8462
1052
4366
-9184
-14079
-3024
-4372
-5096
289
-10204
-7911
2292
3599
-988
4589
-6120
-11800
-17360
-519
-2016
-3336
-20444
2519
-10232
-6920
-12276
3583
-8124
-13
-7156
-5903
-9132
4606
-17404
9448
-7128
10458
-5068
-505
-6124
2048
-8168
4122
32
-2823
1044
-2544
-8120
-8161
-7140
-269
-16320
4109
-8120
-9
-7160
6401
-11228
-1497
-3052
4367
1060
-3088
-8180
-271
-11252
-11011
-776
2043
-9196
12045
-9188
5621
-8140
13302
-8148
-3806
-16148
-1270
-13268
5353
-10192
-4369
-7948
3094
-11244
-6155
-7156
6145
-1020
-9522
-6136
6173
-8164
4876
-6112
2056
-15308
493
-6140
-7177
-6128
-5661
-14300
-5886
-6128
-1026
-6124
8181
-13300
-1277
-3872
-1534
-6076
4328
-7128
-744
5368
6898
-968
-10237
-1004
-6661
-8160
9950
-2836
4592
-7144
-4074
-3044
1030
-8128
1
4124
-3323
-8136
-6924
-2028
-2014
-5108
1538
-10196
-10043
4160
5652
-14284
242
-8188
-1788
-9184
10747
-13248
9171
3088
6688
252
6649
-7132
-3079
-1804
-2577
-13288
-503
-4056
1773
-11252
9237
-3064
-6
-13276
1780
-8168
-6931
-4068
6656
-11248
525
1072
525
-9180
-5378
-12256
-11911
-3068
-4330
-772
3823
1044
-2302
20
-10031
-11264
-1543
-5100
2071
-8164
8993
-5076
-10485
-9216
4632
-7164
7404
-5092
-5873
-996
8687
5156
1298
-5096
2805
1056
-3099
-11012
-2818
-960
5618
-3048
-5898
2056
5902
-7124
5601
28
4346
1064
289
-7944
4088
-11260
-3882
-7136
487
-3008
-7142
-6116
3806
-12276
-3841
-8160
-1838
-7124
-787
-4048
-3832
-4032
4083
-6108
228
-4080
-267
-14084
4338
-992
-5137
-13280
253
-12268
-7683
-996
1025
-996
787
-3072
-8175
-11216
523
-13252
2328
-11020
240
3104
5111
52
1564
-8192
778
-22240
9934
-3028
15878
-9176
7430
-9200
3107
-7164
7166
-4064
1808
-6128
-455
-2036
1309
-13244
2807
-6112
-2319
-11204
6647
-4048
-5587
-9188
1527
3084
733
-14280
2564
2072
-6640
1040
-774
-12284
10493
-12256
1012
-3036
-12027
-2016
1008
-5084
2513
-7168
2838
-4092
5641
244
-1009
-13296
281
-8164
-4101
2072
-1038
-10208
4087
-7124
2558
-13064
6131
-20428
-7942
-6096
-5359
-3060
5395
-3064
-6378
-9204
-1321
36
7215
-8164
-1299
-7073
-4327
-7116
7180
-6132
13103
-984
-251
-12280
-2788
-7152
-783
-2008
2821
-14296
-248
-6096
236
-11252
6674
-9156
-255
-4068
9480
-8140
1537
-18424
10777
-7132
-1030
-11240
-12814
17440
-5635
-9188
-2010
-7132
12836
-24284
-8193
-6108
10786
-14296
3090
-2824
2028
-5072
-7146
4116
-1776
-20456
-1040
-8168
2023
-7136
-5844
-3052
1729
8436
763
-5092
-4863
-940
-3323
-18372
-248
-13276
2283
-15360
-13014
-7132
-1303
-5072
-17419
-1000
-537
-8172
-11309
-6120
7968
-4060
283
-4068
-764
-9168
9744
-3044
9200
-7140
2608
-5120
240
-7140
4331
-12280
525
-2028
-5865
-8152
-6915
-788
2296
-9180
5897
-5896
-7436
-5900
6425
-8172
-9692
2108
-8430
-9168
-6123
-937
-8187
-12036
5093
1064
-2546
-10172
3601
-10220
-4636
-9180
-5904
-7160
-7655
-1992
-5874
-14300
-7449
-12248
-3873
-5120
2319
-4032
752
-9216
-10040
-12264
-2290
-8144
-3327
-12252
-10742
-10216
-3581
-13268
1278
-10196
-6929
-6112
-8209
-9156
-8212
-11200
-7452
-4016
3842
-6124
-8489
44
4346
-6108
-2047
-4088
7215
-5100
-4902
-4072
1030
-5080
3062
2084
-2539
-14084
3588
-7132
6393
-8144
1030
-12272
-3598
-2040
275
1036
-4323
-13304
-2858
1268
-6889
-5084
7419
-3068
-1002
-7164
-7188
-9216
-3584
2092
-4873
12
-7928
1028
503
-7132
3061
4132
8735
-7156
-4
-1992
-1028
-8188
-4111
-17404
751
-8192
-4077
2068
-511
-3056
-2862
-12276
-1802
-8188
-3588
-984
6916
-12040
-5658
-19424
-3863
-13236
-4120
-6916
-502
-9176
-4863
1032
-224
9464
14834
-4084
10769
-1980
-7167
-17352
1531
-11232
983
-3044
-2551
-3064
-9451
3116
-4365
-8140
-2827
-4088
-2296
-1000
4374
48
4805
-2820
-3052
-2012
4838
-976
-7400
-9156
11521
-8116
3605
-7140
-282
-9180
-1071
-16316
6130
-8172
5130
-8176
4858
-3872
-13316
-5108
5908
-3028
2331
-9204
8193
-12276
-1003
-6116
6614
4112
-3062
-8992
-12301
-6108
-4106
-3844
2816
-8124
2586
2056
-1775
-17368
-17947
-7144
3305
1032
-511
1272
-3854
1028
-538
7188
-5661
-17388
5611
-8128
8492
-15304
-9230
-10196
3094
-12280
5640
-4072
-7149
-8168
1018
-6124
3542
1052
-5643
3112
-770
-11216
2795
-8148
3314
-5108
-3830
-7144
4320
-3060
-2546
-7168
4372
-4080
7181
-12248
-3835
-9216
-1786
-13276
-5108
5148
-2331
-3056
5608
-9188
-4630
2104
2805
-8136
1548
32
-1814
-13296
-9744
-5904
-6607
4116
9467
-17368
5878
-4892
14075
-6072
-3841
-3044
-7670
-1008
6930
-11252
-4380
-4080
3833
-4016
4621
-3056
-254
-6108
-2281
-8156
-1045
2072
8168
1044
3611
-6116
4379
-13308
3350
-13296
5906
-5904
6152
-2012
1005
-3848
-2338
-8132
3320
-10024
-5339
-3044
-2097
-3056
9488
-2008
-2810
-8164
-1303
-3056
9465
-5108
-8138
-13308
5625
-940
6394
-17364
4050
8216
7674
-3064
-1798
-8156
9256
-1996
995
8236
-2837
-5928
13353
-16352
-11301
-11216
-3850
-8152
-4138
-11244
-7160
-13260
-5629
-10224
255
-4884
1287
1276
34
-10164
2309
-9176
12809
12
-2038
-7136
3100
-16372
3105
-14284
-1009
-3068
6373
-14324
2332
-7156
-3046
-2048
-2293
-1008
-8191
-15356
-235
-13064
5355
-6116
-7424
-1012
-9261
-7148
1288
-6120
5898
-2044
4605
-14296
-11769
-6092
4111
3116
6693
-8160
2557
-7148
2510
-7140
2854
-13312
-5
-7952
-759
-8184
9966
-8968
13043
-15348
794
-28416
-5890
7184
-5842
-1957
4865
-4064
4129
-10200
-2542
-6096
-4116
2052
-5629
-9216
2070
36
11274
-15344
5360
-13284
-5632
-2028
-3312
-11248
10700
-3008
-6121
-7148
-1298
-1796
4589
-8168
1033
-1000
-7681
-9200
-5410
-13312
11535
1044
-3298
-8160
2856
-1000
2844
-12212
2529
-980
-5645
-4056
8484
-5896
761
-3028
1513
-12236
-516
2068
-6396
-984
-5120
3080
-6939
9460
-4298
-11248
1466
-4076
4318
-8984
-7436
-8160
-4083
-13268
772
-8168
-4047
-2044
1
-5096
7886
-11228
1546
-5052
-2761
-7144
-2797
-980
-2827
-12288
6353
-8152
272
-7940
3309
-10228
1537
6180
823
-7152
7664
-16364
-2287
-2044
3075
2048
-4587
-10204
-1807
-11224
-7
-13256
7178
-7096
-8956
-13304
-10263
-14320
5379
-6128
-1503
1044
6907
-8152
3044
-11228
-6917
4136
10224
-14312
-22082
-20432
2834
-11248
-504
-7124
2813
-3032
3066
5136
-8179
-11248
-497
2112
7
5168
3839
-9164
2301
-9156
2064
-12280
-1288
-10228
-10461
4
-807
-12244
8966
-5112
-3605
6148
-9486
-13260
-14609
-7148
10232
-7092
-2803
-16352
-3354
-9168
1770
-8972
-13540
-13288
3310
24
5650
-14292
-4587
-17156
-10283
-14300
-2288
-1804
-3878
-8160
1783
-992
2073
-6124
-2813
-2024
8441
2056
-4115
-7148
4372
-15340
-503
-8164
5911
-6084
-4880
-1000
5379
-9172
2290
-2012
3340
-6920
-3852
-4060
1788
-7112
-18699
-15308
5367
-8148
-2273
-14308
-3804
8
7678
-5120
4888
10488
526
-10192
-1234
6160
-7406
-4024
10738
-9204
-3845
-10236
-8441
4104
-2309
-9188
-4620
-22260
4571
-7120
1009
-3052
-4565
-11228
13067
-11032
-9703
24
-3089
-17356
-5601
-2004
-4900
-11232
8648
-4872
2796
-2016
-1795
24
4875
-9152
-5599
24
4331
-7132
-3558
-20236
-9714
-6108
-5873
-15288
-5144
-1800
-2563
-8160
-2039
-13276
1004
-12212
-1795
-16380
9708
-4068
-14086
-7940
1019
-18424
-2845
-9200
6385
-6120
1535
-9168
-4085
-3048
-1285
-7100
-2592
-2008
-4307
-18360
9234
-8176
267
-12272
766
-15332
2790
-5088
-5388
1028
-3314
-17408
-281
-4068
-3801
-4876
-5909
-3024
1012
-16372
7433
-14288
7442
-10184
-6650
-3068
-3604
-11216
-2327
-8164
-14839
-4096
-14084
-5116
3358
-16380
237
-14296
3330
-6124
-3585
-3060
9744
-4040
2831
-7148
739
-984
278
-11240
-3307
-11256
4608
-10180
-7911
-8192
-1279
-1992
-1283
-13300
-9216
-14308
-1084
-9164
-5114
-9988
5364
-4080
2327
-3068
-2070
-3064
2524
-5104
-3296
-12264
7887
-11016
-3072
24
8172
-4064
-13
-4052
10539
4116
-2313
-2020
1798
-5064
-4088
-7148
7665
-7108
-2828
-13280
-2321
-11016
-3602
-2820
5423
-8192
3588
-13308
-1035
-13060
3049
-16368
1779
-17368
-2812
-4060
5921
-3028
5087
-3024
-778
-5080
-2068
-776
-217
-12280
3092
-11204
-2580
8
-234
-4868
-7652
-9184
10995
-13284
-477
-5120
7690
5148
754
-4036
5916
-3852
2264
-4084
5366
-12276
1512
-2012
3065
3076
2313
-7124
4863
-5100
7686
-4076
3089
-3064
-5633
-9192
1535
-4908
6424
-1008
-6676
-13260
-8193
-8152
-3822
1276
7171
-8144
-4833
-7144
6619
-8192
-1283
-17368
-229
-8164
283
-5088
1019
-3048
277
-7140
29
-9996
292
32
-4094
-5084
7680
-4088
-5403
-4076
-3067
-8984
-12537
5372
4335
-5916
-264
-10220
-246
-12256
6413
-4040
3860
-3844
-1034
-7148
6938
-6116
-279
-1004
6916
-5084
8973
-3016
-1283
-18204
-259
-5072
2794
1044
2057
-1996
-3600
-8144
5113
-11228
-543
-4056
7161
-4072
-2064
-13264
-6672
-9192
-6403
-3044
2018
-19444
-4572
-7124
1805
-12272
4085
-7952
-11
12
3350
-15340
-3850
-11220
3103
-4060
4344
-12268
1289
-6916
-3844
-17364
4078
-17376
-992
-3060
1285
-7944
-9453
-1008
-262
-13256
3585
56
-8728
-21492
-2844
-6136
6862
-15344
-6910
6180
6922
5140
2049
28
3882
-7156
3586
-8160
8454
-4052
-2768
-8176
-6668
-10216
-9497
44
-3068
-17156
4618
-12072
-2305
-6132
1563
-22240
-3072
-8140
-3626
-4048
3584
-10004
4368
-6096
2806
-7164
-13331
-10220
8455
-9176
-722
-8184
-3869
4136
5636
-10184
31
-7140
9211
-7112
1001
-8136
-2812
-7144
6151
-13276
-2036
-1016
12546
-5912
-746
-16356
4304
-6144
-4067
-2020
-4829
-784
-1023
-10220
2257
-12268
-4323
-10220
4868
-3064
8719
-8152
7902
-3040
-5111
-3052
2572
-2000
-4385
-20436
738
-11244
-3841
-8160
-5397
-7940
-15130
6196
5857
-10192
-4570
-11236
14352
-6936
3069
-13276
-3082
-16356
-501
-2008
47
-4868
-496
-5080
6108
-12284
9219
-14304
-1571
-7128
-267
-2000
-6655
-8168
-3370
-14260
6930
-6112
-4595
-3048
-9208
-18380
-3323
-7136
9713
-11212
1536
-2024
-1019
-13080
5109
1032
11514
-4076
266
-10204
505
-7148
-1529
-9200
-8194
4164
-4130
-2824
6396
-8144
-538
-17400
-11550
-9176
5879
-5076
-1755
-11256
-3069
-15336
-1527
-1004
-7420
-17380
6181
-17368
-11
-12036
-6925
-2824
3328
-10236
10263
-13312
-4580
6156
-2293
-5076
-6667
4136
3030
-2032
-6637
-2044
-4093
-5088
6176
-5076
-247
-7132
267
-13272
-9205
-14308
-2038
-12240
-8185
-20228
-4830
-14280
-1804
-7112
-2571
-10208
2804
-8164
-2793
-14300
4356
-4880
782
-11216
-8907
-5096
19370
-3032
-2031
-8136
-1018
-980
6906
-9196
-10979
-12220
-2817
-13060
4099
-10212
2042
6204
-1296
5140
7152
-19452
4300
-16348
-10246
-10192
13
-10008
17647
-9160
4865
-5060
-5373
-12272
235
-5108
7939
-14316
6116
-11212
-7158
-3036
-3066
-5096
3021
-9180
3584
-9180
5092
-3040
-6446
-3064
1821
-5100
-1285
-2016
-10279
-3040
2039
-10220
-7691
-4064
-3075
-9180
-5135
-5096
7158
-15316
-764
-9200
-12780
-5080
3091
6172
-1827
-13292
-998
-4052
-7976
-7136
4364
-1996
4869
-15316
2569
-10180
-1518
-6096
263
-7160
1051
-15312
3055
-13276
6903
-18408
-1304
-14284
-9234
-16356
-2588
-12224
2049
-3068
2583
-10180
10194
1036
9720
-12232
-7939
-11012
-5129
-15348
6118
-11240
-2035
-11236
2330
-8180
-11260
-9192
3835
-3020
-6931
-7152
1845
-11220
-775
-15332
-9737
-3064
-8179
-2040
1296
-7152
-3793
-12044
8457
-10212
-6165
-11212
-3812
2100
-476
-1968
1268
-996
6926
-17388
-2042
-5060
552
-21484
5862
-11204
2795
3324
8203
-11240
-5367
-7100
768
-5076
4108
-12276
10490
-16356
-5874
16452
282
-8180
11994
-5080
4610
3308
5125
-8128
-6659
-7128
-2590
-11012
7184
-11224
11774
-10224
-4625
-8156
3839
-9184
7404
-16360
4887
-1004
-3337
-6124
5909
-7124
-2551
-14084
5349
-9168
9741
-11232
271
-15332
-1533
-16320
-760
-13292
-4576
2064
4577
-4040
-13298
-13304
9181
-10172
-13554
28
-1536
-3072
4573
4140
-11784
-5104
3048
0
-9934
-23256
2818
-11248
-9468
2088
1517
-7128
-10724
-6116
8173
-5092
-3594
-6096
7432
-4060
2825
-6128
-1269
-5084
-7201
-13284
1016
-4072
-9976
-13308
4624
-8140
2041
-9192
2835
-20464
-3581
-7136
1276
-996
-6962
-5080
-6170
-13300
-1803
-7120
8943
-6104
3834
-12244
1239
-16336
6683
-7140
-5877
-9988
-3606
-7100
5135
-6132
-17719
-7120
5657
40
9248
2112
-8193
-10004
2542
-13276
-6622
-6116
-1270
-10208
-6677
-1020
6404
-9204
8716
-12248
5910
-4040
3548
-11228
2032
-4072
-4093
-7940
3064
-13276
-1267
-8188
-5634
52
5900
-10204
4598
-19424
-1534
-3028
-2055
244
-823
1084
2049
-11220
-6350
-7144
4868
-19424
-2831
64
-5621
-16132
-8475
-14296
-9997
-6080
7693
-5084
9725
