-15340
4569
8
-272
-5060
11000
-10133
-17986
-4092
6408
-10208
3064
-4080
2559
-2036
-15096
-9148
5417
-7124
3833
-12260
-1820
5356
-9970
-4052
-2342
1032
3083
-2028
-31
-13292
-4599
-12224
5125
-4092
7724
-2036
-732
-3064
-1538
-7940
235
-9180
6137
-14292
4913
-1988
7427
-7120
12536
-17372
2585
-6088
-2271
4144
3822
-14088
-5643
-8164
-2797
-7120
-10251
-6916
4892
-16384
7411
-13264
1011
64
-4601
-6124
6965
-21476
-516
-9180
7938
1260
7660
-7156
3053
-7956
5330
-11232
-6398
-13268
5405
-18432
-2809
-10228
214
4140
-1232
-11244
-1012
-3040
-6676
4116
7920
-972
-7924
-2844
6911
-6120
796
-5088
9981
5168
3058
-13300
466
-2032
3303
-5072
12270
-4056
2327
-15340
6181
-6076
-14900
-6112
774
-6092
6153
-4044
6401
-6088
8973
-12280
3574
2076
30
-10196
-3819
-3032
1535
-6132
-2307
-8164
-2321
-4068
6402
-2008
12806
-12036
1539
-4052
4373
-8148
11563
-5096
5114
-2820
-5845
-4076
-520
2088
5358
-7132
9431
-3064
5635
-15332
-4612
-16360
7429
-988
1812
-11244
-7715
-3056
-4075
6188
7173
-9180
-4091
-7132
-7656
-5084
5902
-13244
5902
-18376
4873
-8172
11812
-5068
10497
-3048
-519
-2032
29
-6928
-1532
-10224
-5366
-19420
-4878
-1012
-1766
-964
2291
-4040
21
5148
-18
-9184
-3809
-13260
1805
-6120
4602
-10192
2302
-19396
503
-8164
-4636
-996
-2561
3128
1529
-12260
-776
-7104
8440
-13296
4872
2108
2587
8228
-4382
-988
1516
-2028
11271
-5088
7137
4108
-2568
-20464
-1794
-7100
1811
-6136
-3606
-9196
2034
-7960
-1768
-4048
-3313
1256
-3823
-6128
4078
-2040
12783
-12264
-1274
-1992
-2298
-5092
5379
-17317
-8969
28
-6667
4
8932
-19452
-3825
-8180
-3067
-8156
1
-6920
8449
-13296
5883
-5112
5407
-5116
-5876
-11216
-4106
-11220
3309
-8164
-986
-2040
-764
-5100
468
-5076
3067
44
-2574
3096
1789
-13260
-4625
-11200
1805
-13276
-2
-7136
-9392
-3848
-2311
-8168
13537
-4052
2317
-4096
-2031
-6084
-2800
-16340
3104
-11020
9202
0
3120
-18400
-552
-10141
4858
-976
14
-6132
-6135
-8972
7436
-12268
3098
8236
-9719
-5088
1784
-6108
-275
-18404
-781
-5108
2305
-4092
-1026
8208
1300
-7156
-1303
-10208
4630
-6116
3586
-12248
-3551
-11252
7407
-9176
1506
-3024
13057
-996
-3316
-7160
8954
-12252
-2789
-11240
7422
-3044
-3821
-10204
-3081
2060
-14613
-15316
-9219
-6916
-4590
-12216
13574
-14312
-5128
2064
-5604
-5060
-242
5136
-8205
-11240
-4645
-9176
-7635
-5112
-542
-13268
-4857
5152
-1037
-5084
8490
12296
-558
-9200
-1266
1044
-7168
-14316
2268
-7132
2306
-4036
5336
-16348
-4597
-5064
4098
-3016
-3570
-8964
4369
4132
4042
-11248
-1282
-13268
-2798
-3040
-7429
5356
8460
-12248
9193
-4084
-7177
-8164
-1535
-12260
-8953
7192
477
-9168
781
-13260
1302
-12264
-3882
-9196
3869
-7136
-2314
-8172
11008
36
15
-15312
-8206
-2004
1278
-9200
-1806
-6132
-3364
-3044
-520
-14292
4084
-6092
-3316
-10232
-12764
40
-4835
-6104
-7202
-12276
-8977
2112
1778
32
6165
-6088
-2567
-8972
-3073
-10232
4629
-7940
-760
-992
-1785
-10196
3831
-4088
9983
-12236
-10
2088
-5898
2068
3355
-4052
-1779
-7940
-773
-8184
5651
-13248
3092
-9160
-1772
-8188
-514
-10220
-3076
-11256
-8944
-13308
4865
-984
9466
-4072
5646
-14308
3057
-6960
3066
-1796
-2053
-10200
3846
-17396
247
-3036
4096
-13296
3839
-10133
5393
2124
-12033
-8136
-1256
-1000
-2068
-6112
-3817
-2040
8713
-7136
1785
-14092
-1031
1052
-2559
-12268
6961
2064
1773
-10212
5866
-12260
-5108
-6132
251
32
772
-7124
3856
-10192
11255
-7152
-1521
44
2765
-7120
2029
-6120
5640
-3044
4098
-5096
1255
11516
-9458
-11260
12057
-4076
992
-6140
14099
-2985
-13811
-2036
2502
1064
-2318
-20252
-3827
2284
-6136
-6108
2065
-4044
-5352
-6088
3088
-13312
-14348
-9172
6397
-3060
14
0
1758
-6128
3379
-9156
-774
-9216
-6878
-8980
10503
-3028
8438
-3064
28
-5100
2298
-7144
794
-3848
2038
-13300
-4124
-1996
8245
-15328
3335
-11220
-3339
1264
-8962
-1992
-2825
-7120
-3059
-11252
260
-16348
1012
-10216
-6155
-12260
-4622
-10192
-1
-14324
1069
-9196
3619
-7108
-5618
-9992
2808
-2840
6158
-7144
6681
-12280
1028
-15328
-9735
-7132
-3848
-6092
-4586
-5088
14100
7188
9796
-15344
-5626
-7132
7421
-988
15878
-2004
2075
-8105
1288
-7148
8428
-8148
768
-7144
1285
-7148
6655
48
2016
-10180
4035
13336
-6910
-7128
-7437
-11252
1264
1060
-3813
-15324
-1771
1028
-2046
-23224
6659
-9164
7444
3100
-3095
-10200
1294
-3036
-483
-10188
-6655
-3024
5873
-1988
-1790
-3072
5339
-1004
-8695
-15112
3075
-8172
4099
-2012
1029
4136
5872
-12280
-278
-4060
-6
5128
748
-4052
-1321
-8140
8990
3076
-5629
-5076
521
-12248
2
-4880
-2810
-4076
-6148
-17372
-734
-6124
5125
-6120
5625
-17404
-4613
-9196
2830
36
6396
-13280
1039
-10224
-1555
-5112
-10170
-6112
-262
-972
-11562
-4868
-1542
5164
4367
-13064
-5386
-4044
2297
-3876
-3838
-14292
-2065
-4872
-8916
-2020
5343
-9200
-5142
-8156
4860
-988
2297
-18388
-7195
-10176
4379
-6104
5887
-12248
771
-2036
-2082
-15300
3327
-5092
-10239
-10176
-12326
-9180
-3861
-3068
-7165
1056
-2595
-7128
7670
-13060
-5908
-9140
-1537
-11236
8156
-5108
-2516
-11204
3588
2064
-4857
1060
7944
3108
-17
-8148
5654
-11220
2823
-5068
-15128
-9184
-2556
-5896
791
-2016
-1033
-7140
-6956
1272
-8990
32
7179
-1796
3598
12
-497
-9192
7139
-11212
995
-7140
6908
-15312
-10772
-11252
-7933
1256
1023
-15320
18958
32
8698
52
10988
-5120
-1794
-8184
3829
-8160
-741
-11184
249
-10228
4630
-9196
-3578
-17380
4098
-6108
-3579
-9148
2263
-14308
5118
-9192
220
-1008
-5838
-9160
2028
-12268
-514
-7128
-765
-13280
1270
-14324
1243
-6120
-1036
-6080
5870
28
5621
-11248
-5895
-14316
8955
40
6965
-7124
4848
-6140
-251
-14292
-3807
-12256
9187
-12280
-7690
-4068
-4880
-3064
7927
-3056
10731
-5088
-4109
-15288
7931
3112
512
2096
7377
52
-8462
-6116
18983
-15336
-4607
-12280
2556
-6128
-6127
-13272
3119
-3072
-1793
-11232
5393
-8148
4084
-13280
-9213
-6108
-10231
-14328
3828
-7124
-11500
-10196
-3544
-12256
-6903
3100
1781
-18400
-1309
-8160
11273
-6100
1267
-11212
-7951
-1996
4841
-10232
8969
-8148
6141
-5076
7670
5364
-4125
-3056
512
-13064
-9229
-996
-531
-7116
-715
-7144
2307
-3044
770
-4072
-2301
-8168
-6152
-6116
-1289
-11244
2339
-10196
2292
-992
2604
-12240
3815
-7160
1574
-9164
-4099
32
-3068
-9204
20
-2036
6654
-7124
-6640
-2836
7682
-10212
3322
-3056
2549
-5048
9510
-11248
1525
4
2019
-6132
3081
-15324
-8762
-12052
561
-11208
-7699
-12052
-12790
-15348
-1553
-4080
-1536
-11240
514
-11236
-5379
-1008
-31
2096
3596
-6136
-5384
-9176
-3558
-5100
1262
-22232
-8176
-12252
1518
-16364
6634
1139
495
9216
-7177
-13268
-9746
-6132
-1778
-8176
-20207
-3036
-510
-6124
-8724
-12256
2803
-10188
-9237
-6128
-6933
-8176
4833
-10204
-5109
2052
-4311
5128
-16
-7956
11
-14268
4609
11292
7429
-9988
-5354
-3064
-11495
-11016
-6169
-2040
-1790
-15308
-6438
-10192
-3843
-7152
-6389
-10224
9196
-1984
2292
-5088
-5866
-7972
-5635
-16324
-1553
-13272
-10499
-16328
2312
-10200
1541
-11232
5886
-21464
1561
-9212
3856
-13072
7930
2064
3592
-6132
5108
-11232
4096
-13264
-1559
-10200
-2814
-10196
2258
-9208
3313
-4880
3306
-19412
-791
1064
2817
-13304
8443
-4080
-9209
-956
2289
-12248
5115
-3020
-11806
-12228
-1755
-13292
-8982
-11252
247
248
-4359
-15328
-8478
-11240
11800
-16368
821
-4080
-9997
-5092
8169
-14092
-2103
244
-3315
-13288
-1551
-15308
-1529
-2036
511
-12264
7
-12264
7415
-9176
-2007
-2012
1274
-8152
3306
-16360
-5896
-4072
-7380
-5116
-482
-12236
7684
-11244
2062
-19436
-7680
-12256
6405
-10212
-6148
-20436
271
-16380
6143
-6124
2034
-6072
-6921
-11208
9438
-14316
14321
-8968
1045
-4064
-739
-14292
3084
-14284
-1040
28
1520
-3056
-295
-6124
-1521
-8188
-1516
-3012
2585
-9156
9725
-9200
-2798
-6108
255
-7128
-1
-8152
2078
-8136
-5092
-8128
-6390
-10200
-8464
1064
10245
2064
-2853
-11200
1548
-9172
45
-8172
-7683
-10121
-1268
-17352
-508
-5112
-1767
3096
6166
-15348
1762
-2996
-798
-27364
-3836
-10208
-2322
-14312
750
3072
-1765
-1008
6667
-11224
4124
-4060
-6387
-9172
4115
7192
1815
-6100
-6651
-12256
480
20
-6357
-10236
6141
3148
3597
5176
-2304
-8152
3817
-9132
-9990
-13240
-2355
-7152
263
-6088
13018
-12256
-772
-2016
-2810
-7100
7441
-13292
4393
-3048
-1020
-18384
-6689
-7112
1021
-15288
-6132
-10020
3865
-2028
-264
-4068
-3298
-21440
781
-12036
-2824
3124
1018
-8140
9
-9208
6929
-4076
2596
-20404
6385
-11240
1792
-9184
-1770
-3052
1797
-17400
1746
-3032
-3021
-11244
3060
-14308
7941
-5088
5902
-12212
4401
-7156
-2313
-13312
217
-9168
-8452
-18408
-8690
-9216
-6188
-4084
-5361
-2040
-3835
-4080
-262
-8976
-291
-996
-4095
-6116
3571
-19432
1812
3116
-2561
-7168
4885
-4028
-2028
-6124
11258
-4088
-1029
-11236
1530
-9992
-6392
-6128
8410
-4092
-8692
-18368
3849
-13276
-234
-1016
1311
-8148
-3327
-14328
16103
-23280
7927
-7116
-9225
-10192
6418
-5060
-6
-14312
4328
-9180
-3853
-15320
6397
6160
-1041
-12036
6170
-6096
766
-4005
-2274
-13292
5386
-17388
-4356
-6932
-12082
-3028
-5108
-10220
9225
-5892
5097
-13280
751
-13288
2560
-16360
-1275
-1800
-2302
-980
2300
-10176
-1558
-9160
-1300
-3028
-2327
-8172
-5319
-8140
-2816
-8152
5366
-9192
755
-11248
-3588
-8968
-18172
-5072
1549
-16308
3402
-12224
9467
8216
-1810
-10200
-2062
-5080
3592
-8140
6377
-9184
-741
-22240
3312
-12268
-3553
-2012
-773
-5092
5921
-14320
20
-8188
-8960
-10204
5133
-2008
1798
-5060
269
-18396
1265
-992
6670
-4084
5344
-944
-5139
-7948
-3049
6144
-1040
-11256
-530
-992
-12036
-1016
779
-20424
-3109
-11224
761
-15316
1058
-9988
2296
-15280
-14334
-10212
6916
-2004
-1284
-3048
4610
-3048
-21
40
-4123
-11248
-6643
-8144
9431
-1004
-3591
-11236
-2040
-7136
8242
-12260
-8190
-6088
3064
-3020
-6638
2104
-7922
-17364
-7685
-13276
3326
2100
-3095
-7128
-1020
-12288
2077
-12268
5639
-9176
7947
-3072
-5081
-12220
744
-3020
2068
-28172
-9964
-10208
-2308
-19452
1274
-10200
-8228
-14108
1484
-13260
-12768
-13288
8971
4116
-3564
-10188
-264
-16356
-7950
-5036
2302
-992
1785
-8976
791
-1976
6663
-9172
3076
-8172
-1011
4100
-4382
-7144
-7958
-10240
-747
-7156
-10996
-988
-3602
-7136
-3106
-15312
1560
-10200
-7698
-10176
-4584
-13300
-4856
-13260
-1530
-772
10475
-3052
4097
-10004
-3075
-3028
-18709
-10176
6915
-3032
2572
-12224
16385
-7144
-7950
-992
5898
-10176
6374
-16348
4878
-7112
-13806
-3060
9991
-8140
-12010
-9168
5627
-9204
-5130
-5076
-800
-6108
3837
2060
-14074
-4868
6168
-26324
5395
-3068
-13609
-1012
1040
-6104
5877
12
-1268
-9164
4340
-8136
4627
-3024
7459
-964
3317
-15300
-5880
-3056
-1551
-4044
1788
-10232
5141
-4880
-11803
-5112
-253
-2040
6635
-7136
-5132
-12272
1551
-10188
9475
-16332
1787
-12288
-9744
-15296
-5644
7188
-12058
-8168
5636
-13296
-499
-4068
11007
3288
-3
-10188
1274
-3020
-9488
-6136
-1566
36
-787
-14312
1
-4092
4563
-9160
-6151
-10192
-7162
-15356
-6619
-12260
6140
-8160
-3569
2088
-11505
-13080
-2324
-13304
-309
-5076
-5354
-3032
-6088
-7116
514
-16336
-3591
-17376
-13786
-17364
1991
-17332
-5906
-10200
2575
-2012
4873
12
-2016
-8132
-2561
-13280
524
-2020
2825
-10196
2034
-7116
6108
-10200
1046
-3040
4621
3140
5345
-16368
501
-12256
-7444
-3052
-2287
-10216
5091
-12216
6928
6172
7425
-9160
-759
-6128
-6928
-13308
7925
-8184
12043
8
-758
-6132
177
-4064
-4330
-9168
-2834
-6128
-12013
-13288
8464
-10208
-6892
-2028
1264
-8168
15
-4088
-4867
-2000
10497
-11252
-1555
-5033
-779
-6092
1007
-11196
10998
80
-5348
-12264
2295
-5084
265
-11236
-3864
-8164
5876
-4060
3563
-4096
3560
-4056
11763
3112
-6673
-19404
-6180
-22228
-17156
1028
2027
1068
4310
-5104
-8465
-15332
-2798
-2844
1030
-952
-2052
-6088
-238
3132
-1805
-5084
9442
-3064
-5348
-2000
1806
32
5916
-4040
4890
-7128
7698
-10216
-1560
-10228
1279
-9180
-5863
-2040
-1796
-4068
-1302
-12268
-497
-15316
3071
-1988
-7946
-2020
2035
-21484
264
-14320
263
-7148
251
5160
-1013
60
-483
-9192
-10505
-15284
-7922
-10236
3335
-7156
2839
-8972
6133
-4080
-1014
-11236
-8196
-9176
756
-17392
-1497
2056
-6165
-2032
-1556
-8160
784
-4872
9975
-3064
-3298
-18428
43
-12204
-9211
-9208
-8206
-11228
-3311
-10184
8939
-4040
-3308
-2832
262
-6120
-3312
-5076
6962
-8168
235
-11248
-6416
-8156
10296
-8176
-265
-7136
5359
-10232
4600
-3020
4590
-16380
-2057
-4072
6170
-12240
5632
-12264
6167
-6116
-5671
3088
791
-14268
1017
-3036
-1032
-13264
259
-10236
-241
-17376
3336
-968
6875
-3036
30
-7152
2821
-14272
-9214
-12284
-36
-11208
5361
-12048
-1016
-5092
3359
-6124
7373
-18392
-550
-11216
-5900
-12276
536
7224
9489
-13268
-4070
-7140
2818
-2985
-3335
-7136
4368
-3064
13169
-7160
-4626
-7116
-3569
-14304
8700
-22228
10462
-12276
-39
-5080
-1545
-10192
-5635
2064
3291
-10200
5365
-14320
-759
-17380
-5386
-4048
9741
-5080
5609
-1996
3317
-16324
265
-996
-220
-14308
6921
-8152
-791
-12220
-7674
-11020
-1794
-12248
2038
-5060
-233
-5116
-3593
-9176
8943
-10160
-2563
-7128
3048
3108
-5116
-9172
-16400
-12244
13822
-8140
506
-9188
-7913
-5084
235
-15340
8970
-10204
7932
-7152
3048
-6928
1528
-16320
-5136
-10200
-4112
-7124
2803
1276
1484
-2028
3877
-8164
756
-11240
-2076
-6128
10478
-8132
-1530
-11016
7137
-9196
-4096
-9168
4873
-11252
3066
4152
-3852
-20444
1015
-4088
7408
-11264
-4312
-7144
-2036
-7148
993
-14312
-6945
-8132
5127
-14336
5402
2104
-1041
-3044
-4079
-17396
6925
-9121
9984
-10192
-37
-8144
1023
-19436
2047
-6928
1532
-5068
7687
-12248
-5605
-9208
1263
-10228
736
-12268
1560
-16152
-9510
-11244
1800
-14300
-3099
-7144
15861
-8140
-3340
-972
-1800
-11220
-12275
-10224
-252
-10236
6158
-10240
2060
-7148
-5343
10260
6678
-3048
-4346
-8136
-14092
-5084
3597
-4052
6641
-16376
-7665
-21256
5380
-9168
-6145
-15340
-6138
-7152
-5652
-9168
-1775
-25320
10778
-5120
1292
-12244
3626
-4048
-7453
-8152
2327
-9144
-3093
-10220
8697
-6936
-513
-14304
-8698
-17364
-3612
32
18918
-16348
-5356
4112
1791
-9172
7423
-14304
-3087
40
-4579
-15360
9978
1064
-11014
-10208
13826
-19448
1004
-14308
6132
1052
-8183
-3052
5633
-13308
-2801
-11264
8696
-30440
-512
-8140
-2584
-17368
4088
-4092
6931
-12244
1504
-4076
-7663
-5104
-260
-6112
-6929
-5080
6403
-16348
4071
-11228
-2333
-5096
-7176
-2036
256
-5100
6162
-8192
-5107
-13280
-1780
-8172
2826
-14292
6641
-10220
244
-7104
-1496
-13272
-5629
-11040
3306
-9168
-4129
-6136
8949
-7132
-37
-5088
2823
-2024
2053
4108
-273
6172
9226
-7136
-1309
-6924
13822
-11240
-2537
-13280
6141
-9176
-1835
-3056
5876
-7124
763
-12240
-5627
-10216
4572
-7136
8700
2048
-9431
2104
4842
-18392
-3080
-13264
-4351
-13288
-779
-11236
-4338
-17336
2569
-9172
-500
-11204
11808
4148
-4355
-11240
10226
-8140
1017
-5100
-1767
-776
1006
-14316
3819
-2016
3852
-772
43
-3024
11269
-15304
2064
-2000
3840
-3060
-793
-18428
1013
-11180
-5908
-11200
-3594
-16352
4111
-3016
-1809
-4076
-4586
-13308
-5949
-10228
3587
-13240
6142
-18400
-5889
-11220
5105
-10236
1325
-7140
-3845
-8132
-1810
-16324
-2303
-3032
-11502
-9188
4863
-9172
-769
-3012
1262
-17368
-2809
-17384
-4832
-9164
996
-4044
-6375
-10196
-5134
5132
9476
-4060
7960
2060
6907
2092
1000
-7168
-4329
1056
-262
-3856
5398
-7120
-2038
-9208
-11001
-9216
-252
-12280
4108
-980
1568
-7152
-3591
-11204
2337
-11236
6876
4124
-2564
-12264
7164
-13288
3078
-9188
-10792
-10204
2104
-1004
-2604
-7952
4858
-14288
-3625
-6128
3057
-7140
7431
-6080
-994
-9200
15
-4076
246
-17396
-12265
-12272
8923
-13288
-4834
-16332
-4132
-4080
1043
-3028
-229
2052
5640
-2016
1002
-5112
-13337
-3032
5906
-16356
-782
-14292
-1288
-8192
-1011
-7160
-2299
1056
-5902
-3056
-2034
-992
1744
-8176
-5134
-788
-6398
-13276
-2575
20
-1265
-5076
-2841
-6928
-6922
3084
-2073
-7164
-4839
-7132
10249
3092
-1237
-13296
-2279
-1012
-6640
-7164
-2809
-2032
4092
-2036
-9237
-14312
-3074
-13264
8163
-9204
7687
-2012
3569
-6104
2566
-13304
-262
2072
-5088
-20452
-5345
-17196
245
-13280
-5892
-15308
-5387
-11252
1536
-3052
-4371
-18412
-2304
-10240
7160
4132
1551
-6092
-1011
-9101
2808
-9212
8463
-5088
-3848
-4040
5899
-14292
-8748
-17396
-8474
-15324
3302
-8148
1308
-8168
-8688
-7156
-4
-7136
4329
-6916
-2294
-12284
2040
7188
-4884
-5064
6123
3132
-5357
-5088
1287
-10204
3315
-4060
-10476
-3860
10729
-16348
-3567
-12040
5375
-7124
1509
-10208
-2570
-6092
-3863
-3052
3049
-6116
1577
-6104
-3828
-21500
6392
-10208
-1062
-3072
-3563
-2012
-5356
-12280
2826
-8168
-8190
-3024
-1309
-16344
-14091
5148
-9177
-21424
-789
-6104
-6388
-7948
8216
-1996
-3830
-14312
4075
-14108
-4885
-6924
-3620
-7156
10769
-7956
4644
-1000
-1011
-16384
-1028
-7164
-2569
-13268
5908
-8172
2281
-2004
-9687
-4096
5892
-16356
-5608
-5892
-1230
-4052
13808
-1016
-1307
-12268
-4856
-23244
3075
-972
-3852
-13260
2300
-11244
-478
-14084
-8200
-17368
2090
-12244
8199
-19416
-739
-4080
-7424
-13292
1751
2076
5913
-13236
-2553
-8156
746
-7160
3299
2064
13
-1992
2280
-17352
1561
-19432
3
-9208
5638
244
517
20
3867
-11224
-5352
1064
-1782
-3052
-2574
-5112
2307
-4096
-2316
-8180
-4836
-17376
7672
2080
6887
-6136
1268
-14292
-240
-7164
-1249
-6104
12020
-4096
-3037
-17388
-3835
-4032
-3352
-15348
-3098
-14268
-9464
1048
7713
-17376
3564
-3016
6387
1068
524
-3048
3855
-11252
-3565
-7156
11976
252
-4604
-9160
3089
-1016
-772
-9180
-5642
-9125
3080
-9200
-798
-12280
-5649
-3048
4591
-3024
-5137
-4092
1536
-12264
-8174
-3844
6645
-5108
11005
1056
3044
-6100
-3859
-10196
12034
-3008
-3059
-10224
4366
6164
-3597
-1008
4662
-20468
-5111
-5116
-1040
-11244
525
-4076
4671
-8184
3573
-5100
1011
-7128
-7172
-8152
2800
-7128
-6134
2064
787
4120
-7674
1268
-1001
-976
-11233
-3040
-4883
-9172
2346
-4072
5130
-7100
-3070
-9176
-1305
-13304
4080
-8140
-7949
-3020
-4602
4172
-1815
-14292
-5091
-11236
7929
-18380
-6666
2100
3377
-1000
533
-10200
-4100
-16372
2307
-17380
9189
-980
-490
-9196
1248
-7148
-10509
-6092
6918
-17380
755
2080
5871
-7156
4846
-13292
-3096
-984
7688
-1992
-11268
-8192
-4084
-5056
8432
-3032
3051
-18408
-3102
1060
-1287
-996
-2072
-20436
-14114
-7160
7662
-12240
-10014
-7148
-3813
-6136
5369
-15128
-779
-996
-3092
-14276
-3818
-5060
-505
-14328
2054
-12256
6394
-2040
-3601
4124
-5122
-14320
-11044
-18384
-2309
-1004
-13044
-20232
1507
-1000
7437
4160
4092
-3028
3076
-1992
-3293
-11228
-3882
-10228
260
-12276
5084
-6120
6956
-11236
9949
244
-3088
1048
-979
-5064
5100
-9188
-1497
-4084
1535
-5064
-6670
-3032
2040
-8128
-1784
5164
1525
-6116
5106
-19452
-4341
-13276
-294
-10212
3594
-15336
3319
-7160
-2316
-12268
7188
44
778
-8101
723
-3032
10442
-17400
5099
-10204
1800
-3016
5865
1068
-2543
-13292
-14866
-9160
1797
-17408
-12828
-9196
-5634
-12264
-6655
-2032
-4370
-9208
-3077
5152
4586
20
-8456
-13296
-7934
-14320
-512
76
1821
6168
3573
-5072
6684
-23284
6675
-17380
1809
-24276
1814
-12272
5397
3088
3059
-2008
-248
-7120
-2
-3008
8977
-4072
288
-8152
2331
-8180
-7214
-5084
-1577
-12236
-7410
6168
-2031
-984
-2026
-10200
-777
-8172
-2300
-776
12578
-5048
3581
-9192
13084
-6136
-1302
2112
-1023
-5084
3818
-14304
-3352
5148
-8967
-7108
-9968
-8144
-5386
-16300
7698
-17396
6648
-7096
6961
-12276
-1012
8232
-3053
-4056
11775
-13276
2318
-15140
2307
-2012
4626
-8144
-8245
-7112
-4867
-5908
-2077
1064
-9944
-11248
-5
-11220
-4389
-8128
4861
-7116
-8461
-15328
-2793
-4076
-6147
-13304
3075
-8972
-3082
-3064
3060
-8164
-5908
-9208
724
-10220
-2313
-11196
-22
-6084
6694
-13280
1530
-10000
-4366
-9164
-4608
-8152
-964
-6128
513
76
8430
-4088
-7895
-11200
-1300
-7100
-4865
-10184
-1785
-13300
-4332
-4060
5653
-6096
261
-20236
7423
5136
-521
1072
3577
-3060
-2275
-10216
6952
-7156
-7717
-12052
789
-10232
-2566
-3868
-6143
-4044
-1792
-7148
1575
-6108
-4845
-8132
5656
1064
1796
-2012
5872
3096
-756
-9160
-8490
4124
-3845
-8168
-1487
-8160
5383
-8176
1794
-12048
2286
-7944
1019
-9204
5136
-4876
7708
-3064
6129
-1796
-4844
-17340
1330
-7944
11291
-5092
3826
-3020
1850
-12272
6890
-11192
521
1080
-4356
-3040
-530
3100
10761
-3036
4336
-10212
1544
-11216
6939
-16316
-9456
3132
-3874
-5892
7691
-7120
7676
-5092
5124
-3040
3642
-13292
-1783
-7092
5909
-3040
-13328
-9200
-511
-6100
-5111
-7116
-257
-9172
-5118
-11228
-4129
-14304
-3565
-1000
6628
-4072
12552
-4052
-2836
-16368
6640
52
-4634
-10212
1530
-9172
-1023
-4076
729
-3044
-5134
-2040
7151
3116
-2049
-14336
-3089
-4064
3594
-2048
-4866
-6928
-1526
-6088
-284
-4876
-4859
-2000
-8714
-12232
2050
-9164
8968
-1988
-270
-14284
6633
3112
-2309
-7156
-4372
-9208
14577
4116
-12310
-972
-1562
-14324
-3354
-7144
-1517
-19440
-519
-9148
-11024
-6128
4
-14316
6411
4124
-1487
-7124
-2328
-6124
520
-7104
-5625
1064
-9778
-2028
772
-4088
2068
-12036
-3601
60
-5904
-980
7927
-9196
14
-5908
2316
-1976
8979
-3000
-4603
-9160
-10515
-992
-2330
-6104
2065
-9992
12012
-14320
1013
-2036
7681
-5100
-1513
-9188
5097
-12212
5890
-4884
-13549
-7132
-8197
-12256
6687
-13292
-4873
-2000
1278
-6092
-13551
-18396
-6898
17452
-4098
-6936
6138
-7144
-268
-14272
12830
6192
4880
5164
-1011
-976
-3818
-10204
8443
-13304
7977
-9208
-1263
-2824
795
1044
16
-11228
-4637
40
4114
-9200
5654
-12268
5635
-4056
1513
56
1256
-17388
4097
-9172
-4371
-3044
-494
-4052
8702
-11240
6117
-13276
-3048
-13284
711
-10236
533
-12276
-244
-7148
-1553
-1020
-1003
-3048
-3852
-10220
6392
-10188
4589
-6916
9713
-15300
-2285
-9200
2324
-6116
-4863
-17352
6968
-5892
-2272
-15340
-4323
-4872
1764
-8172
279
-3068
3583
-7108
-289
2100
-1256
-2016
-30
-8152
-2814
-4056
2508
-9168
-978
-15320
4342
-16384
986
-11256
1802
-9200
-2789
-6088
1295
-16132
2292
-13080
800
2296
-4048
-2028
4882
4120
9729
-4068
-505
-3860
753
-5100
-3067
-14320
2801
-2012
-10519
-10224
3605
-9176
4608
-8144
764
-6096
733
-1988
-1517
-7164
-1576
244
-4328
-12280
1029
-10200
517
-14324
-4376
-7140
-1786
-6112
2085
-4060
2108
-2032
-3327
-12252
-6365
-14280
-5346
-2016
1263
-11240
3845
-7156
2557
-6124
-6175
-2004
-2822
16392
2290
7204
-2024
-7144
-747
-12268
2807
3116
-1794
3080
5081
1068
-10236
-7124
1547
-4052
-7427
-976
-4361
-11224
-3577
-6057
4834
-9180
-5630
-6920
2011
-2048
1829
-22224
249
-12276
-560
-3072
-6392
-5052
-6123
-8148
-6147
-9176
7184
-6120
-10994
-16352
12530
-10196
8225
-6136
2781
-12244
3040
-17336
-12767
-10224
515
-11236
-3849
-12288
3621
4120
3333
-4868
-6680
-4044
2053
3112
-4123
-7144
-5623
-5076
234
-7940
7395
-5104
5631
-7124
8420
-8152
-2585
-15340
11523
-17368
722
-7948
1027
-12260
5143
-11220
4889
-9176
2523
-6928
3823
40
-527
-5912
7455
-4088
10494
-19228
5650
-7128
-2310
-16336
9981
-10220
3337
1048
-5614
-7144
-778
-8124
-2039
-9164
-16
-11236
-239
-17332
3851
-12280
4612
-16380
1756
-13292
-10524
-3048
3348
-11236
17715
-14292
11490
-11264
-4621
-9988
-3064
-8192
-2029
-12244
9707
20
246
-5112
-3830
-2016
-1252
1036
-1008
-9180
-2293
-4040
2008
-3040
-5388
-3048
1771
20752
-5878
-6136
-10768
-11216
9493
-3028
3067
-12244
-2322
-4088
-1786
-9216
2073
-12236
-5603
-9188
-1013
0
9481
-6120
4328
-5084
761
-2036
3603
-10208
-11509
-5096
10286
-12248
-1778
-5112
3824
-8164
-1521
-8188
-1550
-7156
5133
-5092
-3583
-8156
1045
-14316
4606
-7156
-4100
-2028
-8441
-15356
-3105
-5044
-533
-18420
-754
-7116
-7389
-11256
-237
-6112
6394
-10216
3581
4128
4079
-4080
-1326
-13244
14898
-5056
4635
-12264
-8707
-7120
759
2100
-13583
-6104
11287
-10192
7159
-13292
-7437
3140
7930
-16360
255
-4084
-3357
-2836
-246
-1020
-5366
-6088
-2315
-11236
8677
-12240
-8461
-11256
4887
-11236
4112
-11212
2841
-9208
2562
-7956
-2554
-19456
5880
-15108
-7686
-14260
12792
5148
8710
-8128
7178
2284
-233
-10204
6659
-15340
-3095
-14328
8483
-10176
-10732
-6096
4631
-7116
-8182
-996
-6144
5168
1048
-15328
-8887
-996
3330
-6096
-17651
-5076
3313
-3028
-10810
-3032
3787
-3040
-4341
-15324
7166
-5116
-7185
1052
-1297
-9216
10485
-2000
-4871
-7160
1001
-5076
1549
-16324
-3049
-5080
6144
-16360
-3085
-9200
-239
-8976
-2540
-8180
6136
-9168
-759
-4872
-1279
-12212
-2808
-7148
3615
-12256
-15572
-1804
-3081
-6920
-7445
-18420
-2259
-2996
12760
-4060
-11539
3096
2288
1064
7158
-9212
-2293
-2988
3568
-10176
6145
-6924
3839
-2016
4614
-14300
6139
-10180
-2282
28
4853
-7124
-263
56
-1785
-1016
-2024
4120
8447
-2032
-6401
-13280
-8426
36
-6386
-5100
513
-4076
-5630
-8144
-2255
-9180
3841
-3052
-1018
-2048
-4875
-3044
-4313
-9192
6628
-8144
2598
16392
3100
-8968
-3340
-7132
8201
-19420
1052
-4072
2816
-20460
2053
-14324
309
1040
3342
-980
10246
-8156
-4331
-10204
-1527
28
-1301
-9168
3848
3084
7195
-2020
-27
-13240
-1529
1100
1031
-9188
2806
-7136
-5125
