-6124
-4858
-988
-8450
-1004
9454
-12060
3644
28
-6944
-2036
-6904
-7168
6901
-10224
9199
-6108
759
2064
-1019
-11212
2353
-3016
-2056
-7112
10234
-2988
-5119
-9184
2786
2072
-7662
-12284
1560
-4056
-804
-15108
-5888
-4060
4341
-796
-4851
-2020
765
-12244
-4596
-19436
3865
-12276
-3586
-4088
11037
-1800
1275
-11216
-2047
-5068
-2303
-9176
-10487
8200
-1275
-14308
-3611
44
-8432
-5116
3805
-6120
-2277
-2020
-10491
-1004
-10760
-4076
-1808
1040
-3086
-9188
-991
-8164
-5634
-4076
3838
-12248
509
-9180
-2792
-7128
2771
-5092
-270
-8152
26
32
-3835
-9184
-1525
-14084
5623
-13248
-9185
-9180
497
-3032
-3818
-6080
-7692
1076
-465
-9212
10241
-11260
-1018
2056
-5362
-4064
-1047
-1000
8472
-10204
278
-5064
3045
-12252
782
-7168
4385
3320
10216
-10208
1511
-15304
-253
-988
-3055
-4076
-4099
-10188
-1289
-16348
4605
-11240
17667
-6916
-4608
-7132
755
-17172
-8495
-5044
-2328
-5092
-7465
-6116
7947
3320
4335
-23236
-515
-776
7390
-4072
-5884
-12288
-4078
-11236
4886
4136
-1556
16
-5653
-17348
-1490
-4884
-16
-7952
-1821
-11204
5905
3324
4316
-3036
4332
-9188
2854
-9196
3332
-13284
-3
-2016
7946
-14320
-3570
-13236
-789
-4868
-11517
-12264
1259
-7132
-6169
-4056
10748
-3012
4347
-1972
-6397
-8168
-9734
-8172
1775
5148
-1807
-5112
-1053
-7124
-1258
-3052
-728
20
6918
-17384
-4358
-7140
-2539
-13292
-7187
36
4367
-3032
2063
-7944
2578
-16348
-230
-9164
6390
-984
-255
-2004
-6921
-9196
-6890
1044
-2293
3076
7134
-5084
-2074
1048
-3574
-4080
7900
2076
-1029
-12248
1038
-9188
221
-3012
1025
-20436
3070
-17160
2066
-10184
4597
3120
-7476
-4056
2026
-15324
791
-11220
-2337
-9148
-1512
-15340
3073
-13292
4860
-12288
2802
-17364
2789
3092
2052
-20464
1786
-13292
-7428
-2040
6903
-3040
3584
-11248
-1293
-9168
4094
-7140
4636
-13260
3622
-3056
2322
-2016
-3335
-13300
5650
-7128
10493
2064
-7909
-6096
1770
-7116
-4083
-4076
-3326
-12252
2049
-988
5394
-18400
-2589
-4068
-2290
-4088
3049
-1020
-538
-9192
6139
-14320
-3106
-9208
1610
-11240
-5136
-12165
7704
24
6663
1048
12281
-9180
-1043
-12244
8442
-13060
7405
5164
-11025
-11232
4342
-6104
4308
-11248
14602
-5928
-6421
-7160
4620
2080
-1796
-1816
4824
-16364
-471
2096
6880
-4868
-774
4128
-13559
-8148
6887
-9172
6127
7204
2276
-1012
-1535
-9168
-6129
-4032
1786
-13272
-4082
-3048
-776
-4048
-4356
-13260
-2100
-1988
-994
-7124
-1773
-5088
-11785
-5092
-2289
-2016
-2080
-15344
-1809
22516
4855
-2032
-5355
-4052
3331
-11240
-3565
-6132
-6124
-12216
4070
-2024
4870
-1992
-8190
-13264
-2271
-6108
-6944
-6072
-6919
-3048
-210
-5896
3302
44
-2059
-10232
-5393
6216
2232
-4040
5881
-2000
-4336
-976
-2822
1092
2799
-8172
6156
5132
-1241
-7168
-4566
3100
-501
-2004
2041
-9200
11274
-9176
2036
48
6937
1064
-6668
-10220
9985
-11264
6649
-11216
1290
-5100
4396
-6104
-3822
1036
-8690
-10224
4615
-7136
-3573
-7124
2816
-8192
2322
-4084
1558
-5116
7131
-5904
1531
-7148
7401
1040
5155
1048
1814
-6120
6152
-1820
-2545
-6084
3822
-4080
14290
-10192
-13044
-15308
7918
-12284
-1778
-7116
1802
-7140
-2280
-12276
32731
-13272
4332
16
3320
4124
-4310
-6916
8193
1052
-4073
1072
7154
-3040
-1304
-9212
2573
-1012
6404
-1004
1309
32
5084
-8172
3060
-11224
4092
-18396
-3576
-15116
-3306
-13284
6937
-13264
-28
-3044
1551
-6936
-3035
2088
1018
-4060
3615
-15320
-4858
1076
1501
-9176
-5642
-4052
-769
44
-4850
-12276
-6165
-2820
-9246
-1016
-7428
-15120
10481
-8172
-4087
-10208
9962
-7164
-1045
3080
4853
-2028
-2040
2076
-4075
-5108
-9751
-10200
1029
-10188
8211
-6112
-2559
-7120
-9937
-2036
-3637
-10212
4102
4348
-2840
-11248
-3281
-10200
-3344
-1024
4893
-8168
5390
-13284
-7675
-14292
4572
-14084
-1013
-992
4333
-6108
10815
-8160
2835
-5108
1258
-11161
7420
-4052
-3588
-13296
9227
-2820
1313
3088
-4345
-8152
-4120
-11228
767
-4056
8
-16364
-8445
-14088
2282
-7124
9707
-8136
7417
-10105
-3584
3088
22
28
1010
20
230
-7144
2809
-8116
1778
1080
-6645
-13252
5623
-960
1766
-15332
4926
-5116
7923
1072
-1284
-976
7678
-13225
-9200
-2028
-4327
-13276
4120
-15124
6119
-1004
8747
-6120
2861
2116
-8425
-4068
1791
-14280
2845
-12268
-3326
-11236
11007
-10212
-7423
-5116
-3120
-10200
-12779
-12264
-8451
1056
2802
-8168
-3377
-3044
-1530
-10184
1786
-4028
-245
-8176
-797
8212
3
-4052
4908
-15316
-7139
4156
-1807
20
-8429
-3056
5619
4096
0
-1008
6395
-3852
772
1252
-9219
-6088
2289
-13300
3598
-2028
4613
-11244
-9193
-11177
-2848
-3040
-1515
-14332
-246
-6068
-3594
32
4362
12
1799
-7160
-1291
-4084
-6163
-5104
548
-996
-3859
-7120
9468
-8124
-234
-6144
4082
2072
-4333
-11248
5167
-9208
-3629
2151
2009
-8188
2310
-18412
-6664
-1808
1579
-8180
-4588
-14320
8423
60
9487
10480
-4317
-7160
-4122
-992
1525
-3848
4581
3124
9751
-4868
6385
-18188
-2777
9244
-1327
-2036
-6918
-2828
-5414
-12252
-502
-2032
-5378
-8160
12014
-5092
-6354
248
-2297
-6140
285
-10188
17217
-11248
-5911
-13060
12533
-7144
-12533
-5108
5389
-5116
-9241
2072
791
-6096
-4889
-2008
-7219
-4888
-252
-7144
-4098
-2024
-1523
-3048
-1546
-6132
769
-3064
-4112
-7140
280
-7148
-3328
-2028
-496
5364
-2549
-8152
-2295
-4096
8963
-3052
-3598
-13296
544
-20228
499
-2036
-508
7200
-3067
-18212
-2809
-4052
1568
-2820
9731
-10224
-15844
-10240
-1283
-804
-11797
-3068
3323
-4092
-1532
-12228
-1285
1056
212
-11216
5412
-12264
-1019
-5088
3852
-7164
-2846
2080
4112
-772
-7689
-8152
-7406
-10200
2835
2060
6374
-5896
4122
-972
1544
36
-7160
-2028
-4612
-3044
1780
-15340
1543
-5104
1818
-8180
-9462
-6108
1551
-16364
-1044
-10004
2537
-4076
1283
-2832
-1280
-3052
8427
-12260
-1550
-1012
3082
-4012
-4305
-3028
1040
-11240
-2038
-9200
-4084
-3864
-4383
-16132
7448
-21264
8688
12300
-5150
-10212
6941
-10212
5872
1080
-7898
-1008
-4862
-15352
-7210
-15360
3620
-6124
246
-11252
-1268
-4024
-8186
-3012
1015
-16364
-1537
-12240
-2059
-6088
526
-8152
-2546
-988
14608
-25108
-1015
2056
-7429
-5100
-3828
-11256
-753
-9196
5096
5360
1247
-8164
495
40
497
2088
270
-8156
1294
-5100
-482
-3064
-3330
-776
-534
-7124
1523
-9196
-3087
-7156
-1261
-7128
-8717
-3060
-9459
-984
9
-968
-2824
-4036
-487
-10192
-4063
2104
-540
-12264
-3574
-8144
251
-1004
-13581
4132
2334
-6128
-3022
-6116
-2046
-7116
3328
-3024
1836
-11212
3311
-14312
-2808
-9180
-7670
-6128
5848
-8188
1003
-10224
3598
-10216
-9747
2076
4127
-10220
4071
4108
-11799
-15336
6195
1032
8204
-17360
-267
-7964
4902
-6932
4081
6144
-1542
-5108
2792
-14092
1806
-6108
-3807
-7136
10763
-9188
492
-7084
-9964
-6928
786
-5112
2567
20
-4643
-3012
-10485
-5116
9179
-11165
-1805
-12280
-5136
4100
3807
-2048
2855
-8164
1306
-5096
-6395
-15108
-2836
-7136
250
64
-4856
1048
5088
-2044
-1252
-4088
1554
-11220
2575
-3068
1281
-17356
-3811
-13288
-1068
-14300
-7159
8264
-1483
-2000
2818
4144
-5144
-13252
-2259
-5060
-4815
-9184
-2582
2112
-3086
-11228
794
-2852
-497
-17380
-5911
-5900
-1239
-11244
1543
20
-2837
7212
-2799
-5108
-2571
-7136
4610
-4072
4099
-14272
1733
-14332
2591
-5080
3315
-1996
233
-10204
3826
2088
-6648
-5100
5602
-7944
-4864
-968
-1256
-5076
-3865
-8172
2
-4084
8
-15332
1538
-7148
3832
-984
3830
-4884
-1785
-11228
-3343
-8152
3069
-7136
3057
48
1247
-988
-2302
-7128
779
-5064
2340
-9152
-1565
-13300
321
-8152
2300
-11232
9473
1104
-4330
-13308
-3875
-2040
6170
-10192
539
-12288
-2037
-7960
-2320
-11244
-3818
-18412
-2803
-5896
-4608
-8168
1546
-3864
-5890
-11016
251
240
-761
-15300
3808
0
-7145
-5084
2544
-3064
-2812
-7128
-1022
-5900
8476
-6116
-5370
-9992
-4606
-15300
3003
-1016
-1275
-3000
1551
-9172
4091
-6088
2311
4112
12541
28
3819
1092
-6658
-3068
9972
-8176
-1501
-12276
2017
-4064
-1512
-5056
-978
-996
-2018
-13252
-2810
-9216
8197
-3060
9979
-972
-2548
-7112
1060
-2044
-2051
-5080
4389
-11200
-4373
-6124
477
-7128
-3819
12
7129
-4064
-2562
-8156
238
-6108
9239
-11260
-4105
2076
1020
-988
5895
-8180
-4344
-4084
238
-9204
-2560
-18416
2325
-8132
-8217
-2040
5644
-9188
-7687
-4080
-3022
-6100
-1737
-15320
10978
-8136
-4102
-5092
1776
-13272
4103
-6144
3838
-2004
8175
-2024
5369
-8176
9193
-6132
-2293
-1808
-3575
-11204
735
-19452
-11259
-5104
10515
-7132
2765
-8136
7652
-6124
8943
-6924
-1041
-4872
-778
-7144
2811
-11232
-3100
-5092
2045
2060
5365
5180
4086
-14292
10489
-8160
-15852
-9196
-768
-5104
531
-5108
1027
-5116
2561
-11256
-10005
2080
3062
-14276
6387
-2024
3580
3072
-8724
-14284
-1564
-4028
-6629
-2016
13304
-6096
-767
-7144
-11519
-4040
-254
-5068
2800
-6940
1565
-12288
-15
-7136
-4862
2056
-6700
-4064
-6935
32
505
-2024
3330
1260
6680
-15348
-987
-13284
2834
-11232
-7681
-19424
-5383
-2000
-3124
-6096
-6622
-5096
-8485
-7128
6443
-9184
-2811
-988
-1520
-2820
10751
-10216
12551
-8192
6376
3320
4606
-13268
3059
-12240
4857
11300
-5347
-9192
-2052
-8156
-2782
-4084
-8212
-9208
2551
-13256
5363
-13304
10975
-780
1812
-11244
7654
-4876
8450
-5116
-6898
-4036
-14330
8252
7408
-976
-1045
-14268
1264
-8172
-4069
-2020
-768
-12236
6901
-7956
9001
-5056
-2034
-9140
5378
-1984
4623
-15328
-5381
-7124
2851
-11244
9207
-6092
-7682
-7084
-30
-10208
6895
-13272
-2848
-6140
12805
-12232
-2562
-3856
-5900
1032
-6631
-16328
3075
-992
282
-11236
3577
-5076
-974
-9204
-2590
-6112
1006
1072
-3848
-2044
-549
-10236
538
-8980
6190
-1000
-8698
-9208
20912
-11228
1038
-5076
12522
2052
-1545
1052
256
5132
4609
-12048
2809
7216
527
-988
6671
-13284
-5117
-6924
7170
2120
-2316
-5052
17173
-7940
7948
-7152
-2309
-6108
-4640
-8172
-4633
-988
-4570
-4032
-14075
-7948
-21
-5116
-5115
-4056
-5365
-6140
1806
-5928
-2547
-10164
8716
-2040
-3597
1264
-2298
-6057
-2283
2104
5131
-9996
11293
-4080
2036
-17376
-5646
9232
-3596
-21476
-7174
-11260
2298
-2836
8963
-7140
-3349
-13268
207
44
6668
-1016
-5635
-988
3342
-6144
-988
-17380
-579
-6100
-8442
2068
-6659
-12228
-3338
-11232
-271
-6096
-3834
-8136
-8969
-8184
7934
1272
-3091
-7140
2055
-9180
11265
-7124
1315
-15328
8437
-5029
-4352
-3052
-12280
-11196
3106
-6124
7425
-996
2873
-8148
6164
-14260
9463
248
6360
-12244
-6671
-4876
-4101
-10220
2030
-32444
4851
-18188
-7428
-7144
-5174
-16376
3343
-6084
-3841
-17404
-9747
-6053
-1796
-12232
-3332
-4028
6096
-16384
5865
-9125
10711
-6144
-5628
-7132
-4089
-11192
1771
-10196
2051
-4056
-521
-7128
2078
-7128
6388
-6092
-2586
8192
-3576
-13300
-3316
-13236
5182
28
491
-16384
5654
-12256
3345
-3068
3577
-7148
-2012
-16352
1810
3104
3887
-2020
5908
-7132
-6913
-7144
2028
-7128
-267
5164
-5886
-8172
-3066
-9164
-5912
-14304
-5088
-7156
6403
1080
534
-15344
3815
-8144
-7147
-5076
2279
-15308
-4342
-3864
7399
-3028
-237
-6104
7167
-21440
7432
4120
5122
-11248
6152
-5112
-5599
-6140
-2842
-9176
10237
-10204
-3315
-8156
-12299
-6108
769
-7140
-10479
-3064
-1537
-8140
6863
-10224
-2575
-12264
3065
-9216
4644
1052
-7134
-9184
13314
2064
2338
1052
-3088
-9176
7431
-10220
-5112
-1976
-2325
-9192
2011
-6124
-777
-6140
4626
40
6673
-7120
6414
-14316
-7132
-6112
3633
-8176
4367
-3032
-3064
-10208
1293
-16328
756
-7168
4085
1052
2040
-12248
-1289
-5096
4583
-4052
-7960
-3016
-4564
-15336
-6409
-9156
-8693
-11232
2525
-8140
-8933
-3052
8223
1036
-11767
-6132
-7637
-7156
8457
-4064
7172
-6100
-4076
-4080
1051
-17168
797
-8156
7155
12
-2512
-948
-10476
-1008
-4101
-6124
-513
-12044
2059
-7164
5868
-10188
-1046
-4088
-2806
-8152
7728
-5036
2554
-18428
1569
-6096
4061
-25288
-5115
-1996
-3602
5144
236
4120
-6122
-14092
-3599
-8108
2258
-988
5088
-7136
1551
-7140
4610
36
5122
-6116
-47
-3056
-2067
-13304
1019
-11244
-2321
-9212
-1010
-10196
5328
-9200
-2544
4340
4588
-1008
-1510
-8964
-5608
-8180
11010
1060
2284
-6136
4842
-6140
-5653
-10208
-4067
-5104
-10513
-4096
-11213
-4060
7933
56
-5638
-1800
-5625
-10200
10745
80
2076
-14308
-6935
-11260
-6649
-7148
-1326
-6104
9487
48
3069
-7124
-4634
-9196
-6145
-1812
1811
-12236
5855
-10216
4111
-8172
5643
-11024
5639
-7148
1541
-6940
2577
-6116
12041
-8172
1788
-3032
-279
-12268
-1542
-2012
-7416
-13244
-1518
-1012
-1008
1044
-3878
-3032
-10765
-3844
1800
-9180
5918
-6100
534
1056
-6121
-9172
-9214
-9196
6378
-5080
-3575
-3024
-2042
-10141
2817
-5100
2055
-6080
-8713
-4056
2813
-4084
-2808
-10192
8720
-17328
-1473
-12280
221
-2020
1816
-3048
-225
-10232
-1282
-16364
3341
-2988
2304
-13280
5125
-8124
1527
-9992
-3076
-7152
248
-9196
-7179
-10216
-6099
-4060
8671
-11028
1571
-5064
738
-4084
5382
-11240
-12831
1044
2274
-5068
-4863
1044
-9732
-5112
-4378
-4900
462
-10240
2807
-14288
-2803
-12264
-284
1268
3313
-3008
-6621
-6104
-1819
-11228
-6678
-7112
-240
-15320
-5897
-5112
2053
-10188
-5134
-1796
6879
-9200
10730
2084
2587
-992
5143
-9172
3595
-14304
-1291
-8968
1016
2084
-2041
-10200
6925
-4068
-2551
-7156
-7696
12
-6931
-11260
34
-4876
1283
-10236
1546
-5108
1262
-18428
-3861
-5080
2547
-12280
-4165
-6096
-11262
-2048
3072
4
-1789
-6084
5676
-10172
267
-13304
-9736
-12236
7656
-7108
-2543
-10184
-2791
-10196
-794
-22224
-264
-8124
5618
-8156
535
-9196
-3359
-14312
11002
1056
9736
-12044
2552
-5056
781
-8168
-5639
-7136
-293
-7092
-2779
-11244
526
-3064
-3335
-11056
-4086
-1016
-547
-8180
1526
-14320
-3057
-8176
5391
-10240
-7170
-4048
2789
-3068
7394
-9156
-5658
1028
7947
1068
3613
-13288
1780
-7148
2813
-17388
-3838
-2044
-1293
-13240
-6177
-23264
-1059
-4052
4328
-3860
-5084
-9996
4882
-17384
3804
1040
5146
-10184
3072
-9176
-3309
-7065
7408
-3016
-3319
-10188
1812
5148
3043
-7152
6647
-6120
-4841
-6124
1021
-10212
4842
-9156
-3831
-2028
-1302
-14304
3292
-7144
4591
-5892
3057
1068
1304
-3028
2562
-2020
-2284
-8964
9974
-11016
735
-7140
8453
-11248
-7446
-14288
5890
-3040
-4879
-4028
-1815
-7164
-4334
-3856
-4147
-8192
-7409
-2836
-10244
-8168
-763
2100
-13059
-8168
-2529
-8152
-1259
-15352
-10760
-8172
-10501
-6080
10761
-13300
246
-12244
-6390
-10236
2567
-11020
-6617
20
975
-4084
-522
-14328
-2588
1060
2299
-8172
-9230
-6924
6126
-10200
-750
-5096
1798
24
7954
-14316
-5112
-11224
-14356
-3044
4834
-18400
4138
-9212
9223
-11264
-3600
-2000
1259
-12260
3356
-11212
-756
-20444
-11267
-6920
-3809
-9184
3045
-8148
-7921
-9164
3797
-8105
2315
-26316
-2562
-11020
2056
-18416
-2600
-15316
-3354
-2016
-10259
-18408
6110
1076
16123
-4072
-10493
-8152
-1288
4132
4078
-9200
535
-20480
-1795
-14320
-2633
76
6930
-6092
12796
-4060
-2057
-4048
-3069
-9212
4593
-7128
-2584
-8156
-9195
-2040
10002
-4872
-6136
-10204
-794
-14288
-2574
-11256
-2828
2272
6684
-14304
8707
-6120
-5613
-5088
-2321
-6128
-249
-16348
4338
-988
3028
-7104
1047
1276
-253
-14308
5361
-13060
-5342
-17364
-9233
-6096
-223
-17356
-4836
1260
5595
-9196
-261
-5112
-3308
-17372
9195
-2832
-1025
-15300
-4873
-11232
6952
-6120
-4338
-1004
-9719
-7148
10254
-8168
1803
3084
11528
-6140
1805
-5068
-8451
-6124
-305
5136
-4844
-11224
7199
-8152
-3094
-12240
4075
-8176
-4103
-6132
-5133
-9172
3857
8
-2305
-15320
-8236
-5092
-3592
7168
9246
-8132
269
36
3055
-5080
521
-9996
2047
-8160
-5405
-4048
1263
-1796
-5632
-5084
302
-13260
-8971
-11228
-11
-16372
2544
7200
2050
-11204
8429
-6132
-2306
-12252
301
-14328
-12041
-11204
-1015
-4068
-3851
-4060
-8
-11016
-22336
5136
-4891
-13300
-2032
1040
772
-7160
1322
-13292
7195
-13268
-3057
-984
11581
-5060
-6882
44
7164
-4084
-1757
-3024
-11782
-7160
-1270
-11216
2322
-2036
-6175
-9196
-2799
-4084
-2304
-10176
10780
-3036
1022
-4048
-1043
-7160
-1289
8224
3593
-16308
-5917
-12236
479
-7160
3291
-9176
5636
-9204
4875
-2024
-1011
11284
5884
-12256
515
-3048
2816
-2028
2298
-2028
3089
-11244
-8674
20
5120
-6104
-7693
-12252
-5140
-10216
6123
-7944
6912
-4072
-2272
-4084
-9491
-11240
-511
-9208
14850
-6128
2595
4
-5872
-11260
2554
-13296
3580
1040
5652
-8172
-3869
220
-463
2112
2045
-13292
-2354
-2000
-7640
-9992
-7978
-5100
-3322
-6136
3355
-7956
7682
-2844
-11783
-4064
490
-4048
-4834
-13276
-4603
1052
-1268
-23264
-267
-10000
2850
-7120
-2287
2048
-3614
-6144
5104
-3048
8707
44
-5896
48
519
-3056
11257
-17400
-5660
1256
-3086
-6088
4113
-10224
-2557
-1000
1769
-3012
2046
3108
-3340
-8176
244
-10232
4850
-15328
-6633
-15340
6929
1048
789
-956
-494
-1000
11282
8192
2
-6096
-1993
-5100
-3585
-8140
-482
-14288
12031
-8160
9997
-9212
1071
-9992
1770
-11220
-1016
-10216
-761
-13300
-1307
-9176
3344
-3032
-9453
-11232
5935
-6132
-6
-7140
3337
-8168
-520
-10156
2320
-6920
-2291
-10220
-4874
240
-1756
1024
-12288
-9180
-2271
-4060
273
-14304
-2566
16
-3317
-4064
3829
-1008
-1766
-6132
-4826
-12280
496
-4076
7941
4320
-3356
-4064
-11771
-13280
-541
-12284
-3827
-3844
2535
-13272
6907
-7128
-2304
-11252
5874
1044
3587
-17392
13307
-8972
-3565
-8172
-3578
-7140
4336
3096
-5093
-8128
-1275
-12240
-775
-18412
1578
-13276
-9239
-4076
-7399
-8176
5380
-3044
3363
-6144
-3067
-10196
-1500
-5056
-1839
-6092
7180
-7136
6382
6152
-1530
10272
-2051
7236
2826
-14292
1803
-4036
1786
16
2328
-7132
1299
-6132
2822
-3044
-1282
-11232
1772
-12256
3385
-11220
3318
-11252
3609
8
3301
-12224
-2087
-10240
-11777
-4880
733
3108
4363
-2024
819
-5080
-3862
-10184
770
-9200
238
-8164
-2802
24
5131
16
4328
-20428
-3070
20492
-3037
-4032
-8949
-5052
-3371
-10220
-2074
-14288
-1222
-15328
-2824
-6088
5643
-1000
3840
-4904
-11760
-8160
7906
-9172
291
-6136
1511
-10240
-731
-7140
-762
-16136
11504
-13260
186
5120
-238
-2820
-512
-9208
4617
-15348
2796
-4096
-5112
2056
-7424
-4056
4357
7180
4142
-14308
-2061
-6112
1999
-3072
4597
252
4328
-9180
-4117
-14296
-6130
-7144
3604
-2828
10184
-7148
-1008
-12260
7944
-1804
6673
-9168
7921
-12268
1290
-8172
-6653
-1996
7901
-8168
-6893
-3064
-14361
-5896
-536
16
-5147
-10228
-14573
-12260
-1816
3136
1543
-17317
-1284
-7148
-2045
-5088
743
-8148
-7165
-10192
7916
-3056
-12279
-4076
4337
-4068
4848
-3048
-6417
-2988
2047
-5088
-3032
-9121
2830
-17388
-5893
-9212
5364
-13268
-8641
-8176
-6407
-3028
471
-4060
-1297
2052
-6605
-10232
1523
-10228
4324
-3052
7170
20
-2291
-3032
-1572
-14312
-7950
-9204
7643
-8152
4842
5140
7411
-2044
2312
-9180
15660
-5104
-2558
-12280
6398
-7140
-4113
-996
-778
-5072
-6406
-18428
10253
-5932
1033
-9192
6412
-10196
11249
12
2079
-8160
3313
3108
256
4164
5355
-15304
16155
1056
-519
-15116
-1046
-17388
-1326
-9192
1018
-11224
1544
3140
512
-7152
-3586
-7136
2074
-8172
4072
-2016
-1733
-4868
-3836
40
750
-988
5863
-14312
-549
6184
736
4128
-4317
3088
-4629
7184
-1020
-10240
-4077
1044
-7192
-10180
-11218
-2032
-3089
-7148
-2550
-10216
2050
-5100
-5640
-6932
-808
-9188
-6707
-7168
-2012
4140
-5656
-20460
5360
-15344
4869
4144
2315
-12260
-4090
-6116
782
-6104
6126
-10200
1025
-18204
3827
-2008
745
1044
-1779
-9184
4860
-11228
6912
-11177
3610
-5096
2761
-14284
11821
-8164
-775
-13296
-7680
2100
-1292
-2024
3569
-5084
25
3080
4330
-15332
-7427
-9180
-5673
-980
4619
-17368
-24
-3844
3564
-2016
-6409
-5096
-1001
-6084
-1524
48
-5899
4136
-2830
-13272
2315
-11212
-2054
-6128
-2312
52
8455
-12224
-15370
-13300
-4355
-7156
3042
-7084
-992
-11220
5667
-4076
-528
-5080
-11
-1820
-2534
-5120
-3849
-11256
5643
-5092
-5905
-8152
-4589
-8128
7166
-7940
-10239
-16300
3087
7192
-6652
-10228
6135
-7148
3841
-960
3345
-17368
7188
-11228
5601
-10216
-5339
-3016
-3051
-9176
9515
-6057
-3827
-10200
314
2068
2785
-9216
6405
-6916
-1025
5136
-6684
-9192
2263
1072
-4131
-14320
-272
-3028
-13529
-12288
-6626
-9180
-12279
-5064
-3079
-996
2289
-2004
-7950
-6124
5369
1048
-1535
-8156
-6461
-11232
264
-10184
-1825
-19416
-1771
-5104
6891
-17376
-3842
-9176
27
-1004
-2807
-5084
2052
-3056
-4878
-16356
1539
8236
8179
-7116
9989
3320
4337
-6096
1797
-6120
-18156
-11220
-5352
0
-526
-7940
5646
-2028
-2824
-6128
-6392
-9188
7208
-11204
4589
64
-3335
-7140
-1046
3324
4610
-6116
-1843
-3048
1057
-4044
-4618
-14276
6381
-11240
8167
-13272
-3056
-7108
-9994
-988
5916
-15324
-4366
-8160
-1503
-6140
1021
-11173
-12
-1012
6666
-9176
5101
-13300
-6333
-5912
-7435
-7160
-270
-6092
6659
-976
-2055
-3068
-1258
-16352
4871
-18428
9467
-1988
-1291
-10196
-2265
-8176
-3327
1056
7181
-10192
-3089
-4044
-9012
-9180
2066
-2032
8958
-21492
4577
2056
768
-10232
2567
-15360
-5397
-4064
-1502
-5076
-2033
-9188
-1517
-7164
-6401
-3052
-4620
-10232
-3071
-7164
22
-20444
13831
-11212
-268
-10192
-3047
-16336
8170
-8168
-8456
-13264
10781
-10192
-3075
-2008
-4365
-5108
-9
-10216
-2555
-6920
-6639
-7148
5875
-772
-4614
-12272
8464
-996
-765
4116
-6130
-6116
1019
-4080
6635
-3064
3308
-3036
2026
-13300
5332
-6140
3820
4104
2274
-4056
4870
-12264
34
-5084
6913
-5072
-8197
-8160
7951
-1012
487
5176
6176
-3016
-7906
-13280
9219
-14280
-7175
-4892
748
-6920
-2066
-9188
10498
-10216
-10987
-8164
9702
-6120
6160
-8148
-4316
-10224
5630
-12264
-2320
-12264
4842
-7116
10275
64
4099
-26116
-8461
-5892
7181
-9208
-2365
3104
2327
-3048
2587
-11200
237
-1996
-3041
-16352
-5633
-5088
-2053
-9184
5645
-5072
-778
-996
247
-6120
2828
-16376
5326
-5112
-4084
-12252
722
-5108
4869
-780
-3867
-5076
517
-5100
-2560
-12228
-6888
1260
-4614
-11236
1018
-5076
3811
-9196
2745
-4084
-4622
-10196
8
-4044
-529
52
-10217
5176
-253
-4084
6405
-2832
-2283
-8156
19
-6088
12014
-3040
7666
-8172
-7182
-17336
14372
-12288
-5628
-6920
1266
-6120
1770
-5100
-3866
6180
-8972
-9188
-2846
-12280
9956
-12288
-9456
-19216
5624
4160
1044
-988
7686
4128
-14094
1220
256
-9212
1572
2052
11522
-5092
-10986
-5076
1047
-3016
-4888
-12280
1011
-11256
-1540
-6064
5369
-3000
1779
-3060
1205
-15340
-1541
-11224
-7168
-9200
4354
-992
-11008
-4068
-2059
-2028
563
-9176
-1277
-11236
11036
40
3622
-2008
-5883
-13248
8685
-7116
-6665
-2020
7942
-964
1293
-6124
3841
-18408
6899
-10204
-1241
5144
-9203
-1808
12818
-5900
12049
-2004
-7667
-11252
-4863
-10220
-4363
-9176
-3850
-12276
-4125
-992
8464
-4072
-4637
52
7640
-14284
-1283
-10200
-11785
-9148
2050
-10184
997
-3044
-3097
-5080
-11277
-6136
-5644
-10192
7422
-11236
2783
1076
1039
-3064
-3857
-9192
-7933
-2032
-6404
2276
8936
-4068
2064
-2044
6429
-16304
-1304
-13276
9728
56
-1275
-3068
-5631
-16324
-760
-6140
3286
-2836
8666
2300
-3598
-10232
1225
-2840
5377
-4056
3049
68
10502
-4064
-3067
1044
489
-3044
-8721
-3024
11571
2080
-8984
-5092
3843
-10220
3562
-6100
2065
-4080
-3318
-948
-3801
-11208
-13
-17360
9533
-5108
-2570
-14284
2558
-10216
5905
-6144
-2529
-2036
8714
-8172
3046
-17360
-3600
-10208
4600
-8996
307
-964
6138
-7948
3611
-11224
1799
-16132
3301
-6100
-1011
-9176
-6679
48
-271
-2996
3875
-2040
-5909
-772
4585
-2044
3343
-8140
-1013
-1000
1264
-976
7721
-22216
-4605
-7160
6905
-3060
728
4
9504
-5084
-15877
-5096
744
-16312
1320
-9188
-9204
-4076
-4367
-14336
289
-992
-2266
5132
6339
-9200
-2800
-1000
-8428
-4076
-1055
-5104
-15872
2056
7408
-8172
1076
4136
5893
-5892
-2542
-6108
5901
-10232
1279
-2008
-6396
-6104
-1798
-6120
-4853
-9140
-494
4
-785
-5076
-4351
-988
-8440
-9212
3356
-4060
2557
-11012
4891
-6128
-523
-9184
2009
-4076
-4836
-1804
-3823
1060
751
-3064
-10306
-5076
-3323
44
7662
1272
12785
5128
-2815
-3868
4118
-9180
8196
-1024
273
-13288
-2817
-13236
-2836
-12268
5099
-4028
18454
-6120
-7389
-11224
2573
-6928
1532
-3032
-3574
-3020
2017
-15284
9450
-6116
796
-4044
8153
-9208
532
-1008
-1849
20
6675
-6100
2782
5120
7958
-7120
-3588
-2020
-3583
-15300
4377
2300
-8477
-7156
4619
-6088
7394
-15336
-2567
-16336
15
3324
1264
-1020
8220
13324
-4887
-3056
2827
-4024
4082
-4040
-3828
2128
-2060
-8180
5860
-7164
-10734
-15344
-3312
-4060
-5670
1060
1781
8196
-776
1068
1818
-10224
-5915
-6120
-6863
-7124
8448
-7124
-4838
-10224
-202
-9204
2802
-8980
5146
-7152
-13061
1276
4084
-14276
-3074
-10184
-7191
-16332
6124
-6112
4869
-9180
1271
-8192
4126
-14316
779
-20468
1544
-11260
4347
-8168
-4345
-10180
773
-11208
11259
-5080
6427
-14272
2290
-3060
-2578
1040
753
-6120
-2310
-13300
-4385
3080
1279
-15332
-3325
-9192
-2069
-17368
7158
-9188
12575
-3068
9466
-11244
3083
-11020
-1809
-10204
2559
-14332
-2069
-1800
4589
-13268
5656
-6088
3333
-12256
-513
-14268
-9005
7208
7182
1052
3575
72
-5142
-6140
1290
-2024
1543
-15356
-3590
-7144
-10237
-5896
-6909
-10216
554
-14300
9700
-2020
-7140
-4064
9202
-3072
-264
-7944
-5619
-13304
8462
-2032
3289
2068
2815
-14324
-2032
-5080
517
