-8976
4626
-6072
-5121
-6100
-1291
-12268
2310
5128
5090
-5056
3358
-988
6136
1044
9974
-10224
6382
48
-1266
-6096
-6935
-10212
1532
-14336
-3081
4144
2304
-7132
-3567
-4076
9434
-4092
7689
-11216
-1272
-4068
1541
-9200
4845
-772
7368
-6092
-2036
2120
5118
-7140
284
-17188
5620
-5060
-13545
-2016
2058
13328
2060
1276
-7185
-968
-285
-6136
10764
-21484
8504
-3064
1810
10284
5409
-2016
-2054
-13064
-1284
-2048
-263
-18392
9723
2092
5593
1028
6398
-7112
6918
-3068
5373
2052
4072
-6120
-762
2080
7679
-13248
5622
-8968
3586
-7148
-2863
-980
3833
-5033
1808
-12276
-1800
-4056
-2342
-10204
-2837
-5080
2838
-21480
1271
-6128
-4875
8
1042
-14312
3552
-9184
6408
-4052
1579
-5900
-3312
-8164
-1558
-14300
3567
-6132
-2309
-4080
-3073
4128
21
-17380
10960
-4092
3083
-992
3813
-5060
-3558
-6132
-4345
-4068
-493
-10200
-999
-16364
7934
-3844
3555
-12236
-11509
-2048
-7952
-7124
-227
-7128
-11018
-10216
-230
-12280
-1257
-15320
1039
-10208
9474
-12248
-6877
-10200
3840
3320
1022
-16340
-2314
-1796
-4608
-12284
-974
-3052
-9980
-9208
3587
-10164
1779
1052
-5630
-18432
-5325
-2016
4828
-2020
-3311
-3040
-3307
-10224
-6411
-1968
1595
2092
525
-4048
-2287
-2024
-9730
-19444
1020
-15340
1564
-988
3316
-9988
1018
32
4110
-5080
3081
-3852
-5169
-9184
-2555
-12284
-7906
-3056
10752
-2016
-1765
-9184
8485
-18412
1550
-4088
-5351
-921
-5368
-18384
4083
-968
-779
-13072
-4550
20
1018
-9196
3334
-19416
7197
12
5358
-988
-6652
-12240
4843
-7120
-531
-5088
-7142
-10216
5150
-15316
-778
-5088
-1817
-3048
-3827
-2044
-6176
-13292
1028
-3040
-1814
-996
2829
2092
2275
-1004
-7663
-11228
-2568
-12256
-748
-11256
2062
-9208
-5852
-2020
-4612
-12268
6406
-6108
4355
-9208
-5918
-11208
-3838
5124
-1511
-15336
-227
-10160
3328
-7132
7904
-5092
-1495
-15340
-3306
-17408
8703
-6104
5094
-13272
2823
-4068
-16635
-10236
6420
-18420
-9736
-11212
-11801
-7092
6145
1056
-6434
-18408
-5132
-7124
-16398
-3016
-9192
-9172
-3353
-14328
7937
-14332
1774
-8160
-2819
-6092
-15593
-15324
-8189
-14316
2814
-5064
8162
-8164
6175
-9184
-1266
1048
10768
2052
4865
-5092
-10225
-19436
11525
-23268
-6664
-5108
7461
-7128
-199
-17364
-3083
-12252
2834
-4908
-1780
-3016
-215
-20424
6128
64
6159
-6140
-531
-23268
-773
-7136
-18
-7148
18141
-8160
14096
-5100
546
-10204
2550
-10204
-10724
-8168
13549
-4052
1274
-12256
4081
-6136
4622
2076
-2573
-11232
-3093
2060
4858
-8180
1274
-8176
-283
-12264
10521
-7144
9240
-13288
10528
-14092
-2559
-14296
-2053
-6068
-501
-2828
3832
-11240
7398
-9996
8690
-3056
792
-2024
25
-4052
5336
-8144
-1530
-6088
-7650
-3064
1061
-1020
-9743
-11252
-2051
-3040
-4384
-5060
3843
-8156
3097
1268
4880
-6116
-3048
-16384
7148
-976
1023
-12236
-518
-14324
5131
1048
-493
-3008
-1835
-14300
-4869
-26320
-766
1032
6639
-5080
8693
1036
8722
-5904
-7649
-18396
5148
99
-7161
-7144
-3820
-6072
-7684
7244
769
-6116
-3065
-11236
-5894
4132
3316
-10224
11785
-8128
1319
16
4089
-6088
-5630
-14300
-1033
-4076
-2552
-8168
1539
-10216
2612
-5076
-3075
-12264
4344
-9212
-3350
-8124
-2796
20
-5381
-5080
2023
-9164
1787
-3036
1083
-3068
-6174
-964
1047
-6104
4849
-2004
8186
-10208
6
-5104
5118
-6112
4885
-10192
-1026
-9216
-1024
1036
541
-8168
-1507
-2024
10774
-5104
-4114
-4048
2277
-7140
-2318
-6120
-7716
-13280
-6932
-8144
-4145
-10188
-3097
-14300
7452
-7144
-1840
-18412
5399
-20440
745
-6108
-1805
-8136
8148
-10224
-8687
-11228
-10010
-5088
-1275
32
8461
-10216
-4055
-5104
2297
-1004
2020
-8160
-1264
-2016
-2594
-9200
-10244
-6140
3816
-4076
-4872
3072
9243
-14312
-2570
-4048
-1021
-5100
-1813
-19440
1282
-14272
272
-3064
1762
-980
-990
-4048
5608
-13292
764
-13072
-235
-4080
2058
-4060
-9468
1064
10188
-9208
-6657
-3848
8716
-8168
-1038
-5108
-1245
1268
6136
-11232
-1784
-13292
-4617
-5060
-11008
-8192
-510
0
8927
-6112
4618
-17376
6117
36
1823
-17384
13064
-18412
-9706
-8156
-2539
-13252
-3835
-4068
4351
-24308
1521
-1004
-504
-13064
1300
-6136
1524
-9176
2325
-13268
-3104
-11236
7698
-4076
-6903
-3068
-7182
-980
7944
-4072
8
-6128
-2555
-13276
-286
-10192
3326
-8168
1512
-12268
3839
-17404
2291
-8968
-3040
68
-6662
-5088
3587
-14304
3573
56
-774
4
-3101
-7160
256
-11248
1532
-7116
-3865
-15324
-6406
-16348
12518
-4048
-3362
-15332
5653
-24264
7185
-6092
2052
-11204
5401
-6116
776
-7164
2578
-6112
-5130
-8160
8679
-21504
-2537
-5088
6659
-5092
8185
-9184
-1789
-12248
5640
-19436
-4636
-11212
1535
1048
1749
-16372
-5367
12
-491
-12276
-4851
-8988
751
-8168
-5119
-6116
-5141
-11232
-1032
-7116
2314
-14324
-2313
-9160
-1287
-6116
-3351
-4040
-5657
-9000
-4619
-7132
3080
5144
-3802
-9216
5371
-7132
-13309
-12048
-6386
-10204
4604
-3048
491
-10188
6376
-4080
-4565
-14300
3331
-1012
775
-14276
-5369
-7128
-6408
-6096
5375
-9152
-4619
-8172
1790
-13284
1252
-12268
509
-9180
13324
-19432
-2528
-8972
5372
-5100
-5375
-5096
-8445
1052
1548
-7952
-3882
-3844
-3079
-11260
6906
-13276
-11758
-8184
3580
6152
-7
-7140
8938
-9192
-3309
-16132
10237
3108
-6888
-5104
8222
-4020
6166
-3856
15108
-2012
-761
-980
-2056
-7108
4339
-14084
-790
-4044
4877
-7160
4921
-15332
13315
-13312
5082
-11224
497
-11264
2810
-10224
-1577
-11188
-3595
-8160
-4372
-13260
6918
1060
3127
-11232
-10513
-10200
5642
-13260
-4597
-7112
-527
-12201
6661
-15292
-8162
-10216
-8961
-9212
6408
-5088
-1806
-4068
-2043
-13264
4854
-11220
-502
192
-4870
-14264
7970
-5120
-6645
-11020
6369
-12272
522
84
-9224
-7152
2611
-13292
3108
-6936
-1828
-12264
2040
1056
-10218
-8192
4832
-12272
10991
-14320
-12810
-12272
4113
2096
-3835
-996
-1004
-13280
5393
248
-4106
-5060
4333
-5088
-9716
-10236
-8425
-10204
-1569
-7948
-772
-12256
-3328
-11212
-2560
-12236
-4359
-5116
9454
-6124
-510
-3024
2333
-8112
7665
-6108
4654
1060
10490
-12252
-2261
-5120
3594
-6140
10003
-6916
-3343
-15348
-2591
-9176
-3060
-6140
8700
-8172
4613
-10228
4102
-15316
2557
-26344
-1030
-5084
-2574
-972
4604
-13256
-6431
-7128
3337
-7156
14351
-9196
-779
-4072
5112
-5120
4613
-12288
-1034
-1004
-3567
-13284
5872
8208
4830
-4092
-2574
-24284
4607
-10232
1495
-3024
-520
-5092
768
-3040
1785
-13260
8162
-11244
10268
-5100
995
-14312
278
-7132
-4062
-12244
4097
-8152
6703
5184
5327
-3052
8177
-4068
11502
2088
-9697
-17388
-1
-3012
-222
-2020
3082
-12284
-11011
-4068
-2030
-6936
512
3092
-10011
-12228
3848
-15356
6423
-16344
1800
-8172
-1327
-8964
505
-5108
-563
-4084
-1522
-17384
-4127
-8144
-4627
11268
1263
-3040
6146
-3060
-3335
-9216
-10722
1028
-9724
-6144
9750
-12244
7700
-5100
3837
-9180
-242
-9152
8958
-7144
-794
-5076
1287
-996
1287
-12280
760
-8132
-5348
-16364
-3592
-1000
3076
1076
11499
-6144
780
-11180
2278
-22260
3829
-7160
-3007
-12268
-4357
-18400
1526
-12276
-5896
-9164
-1558
-4092
2838
-1008
510
-10200
11031
-12232
-7417
-4024
4107
-11204
8706
-12268
2797
-1964
-13793
-16328
3842
-9164
-1503
3088
6146
-4868
5639
-11252
-9214
-5068
-6422
-22240
-5115
-980
-8684
-5088
2027
-12224
-6645
-4072
-1037
-2016
-1812
-10200
3867
-8180
5624
-17364
4834
-14312
-3059
3316
-4616
-12264
-1266
-12260
11517
-12044
-268
5148
-5384
-4056
-1799
-15336
-5379
-7948
5382
-1988
-526
3124
-10251
-996
-4099
-7116
9213
-8132
7693
-4048
-5096
-8164
-1311
-4092
1743
-9160
-1268
-20452
1019
-2024
-6426
-12276
13025
-9208
2584
-11260
1553
-16368
-234
-7128
-4354
-10200
1007
-11240
796
-15308
-5108
-8136
-1004
-6076
-7189
-10216
-4897
-2024
10493
-8148
-12025
-1000
-9958
-1012
19695
-3016
5622
-992
287
-7112
-5615
-16380
6122
-12240
-3619
-24312
18
-13272
-1802
-5892
1542
1024
-2337
-9180
-5128
-5084
2313
-9192
-7139
-14304
6889
-11212
-3084
-18396
3825
-7164
1275
1036
1531
-12256
4909
-9176
-2027
-1968
1311
4172
3584
2064
2310
-5116
1035
-6140
-5131
-988
5878
-8184
747
-5096
-10786
-6104
2079
-14292
-5883
-7940
-4122
-9184
3858
-2820
-3805
-10200
227
-21456
-5438
-11220
-5913
-1996
3886
-9196
-9450
-2000
-4611
-12268
2815
-3044
-16343
-6120
2037
-4072
-3097
-4076
-4622
-3056
-7910
-12276
-1556
-10232
3335
-16332
53
-8116
-4623
-2000
-1294
-1004
-4592
-6092
1782
-13308
3084
-7124
-11012
-7168
-6916
-6132
-3875
-3028
3862
-5088
-3582
-13296
7162
-5080
14569
-4080
-3607
-7136
-8441
-10208
-8936
-13268
-43
-5096
1785
-8156
5403
-12288
8979
-952
-1310
-984
7972
-9184
5365
-5100
-1262
-5096
4638
-2000
-9992
-11240
277
-11188
-5363
6376
-522
-9184
-8711
-7152
-8681
-7132
2032
-13060
4084
-11256
-2544
6160
2604
2056
2039
-7148
2798
-3040
-7194
-8168
6130
-8968
-8922
-14316
8177
-5072
8446
5164
3030
-15304
501
-4880
5897
-3028
3082
-4880
-3852
-3040
4101
-13276
-5392
-980
-5635
-13300
1275
-11208
5095
-13292
-2823
2088
-3594
-17360
-5630
-5096
-6906
-4028
-1548
-5120
-4893
-5908
4838
-12208
-13035
-12252
-4116
-7160
-1527
3104
10728
-13296
-2267
-15108
-3096
-5932
-2295
-5084
-2583
-11016
-772
-9180
-796
-12256
3853
-18384
-8186
-12232
1051
-6136
3589
-11224
-467
-6116
-3093
-6108
-7192
-3056
2539
-7100
8154
-9184
-2550
-3060
-554
-13252
761
-7112
-5121
-12276
-3816
1048
3579
-8156
8722
-8140
1013
-6104
2587
-7132
-11017
-9160
-3830
-9176
-4369
-13276
7396
-11244
-3841
-10008
1014
-10220
561
-4052
-3585
-10212
12775
-7140
4112
-10224
-1258
-11252
-5158
1060
12269
-3860
5645
-15344
-2025
-972
2814
-2028
5106
-7116
10993
-6088
2555
-3064
-532
-2044
-5106
-12240
2033
-12284
1281
-15312
-8421
-2000
4116
-10236
-1545
3100
-8209
-5120
-4615
-11240
1805
-20464
9978
-11244
-5892
-4044
15601
-12252
2067
-12256
-5905
-5076
1583
-14300
3595
-6092
-3
-4868
-4864
-5056
3380
-5092
778
-17384
7675
-3008
9716
-6108
-1793
3092
-5637
-14276
1793
-21468
7647
-14276
10544
-3036
10021
-12236
8930
-2044
810
-10240
-278
-8160
-7458
-5120
-788
-9168
2815
-6108
5922
-12252
1509
-13268
-9953
-5116
-7461
-6124
-762
-6128
3039
-15360
1018
-6120
-1043
-16368
-752
-11200
-1253
-8112
4371
-12268
-1575
-7112
-1546
-10176
-3077
-2016
2319
-3860
-3621
-6100
-1810
-10212
9446
-7164
2062
-6120
-5661
-11240
-3536
-3008
1973
-984
9996
-4044
4091
-10228
10480
-8156
-751
-6136
-6635
-4056
-2550
-14280
10246
-16308
-10993
-6124
-3314
-8972
-4358
-3024
-10227
1264
-9170
-14084
264
-2008
3075
-7116
-5126
44
4079
-18392
-2334
4140
-8454
-10196
3088
-7124
2043
1028
-4127
2068
5621
-13268
1260
-14328
-4366
-9188
4383
-7140
4889
-7136
-1275
-4080
7649
-16352
-12534
-9184
3852
-7148
-782
-4060
1036
-9204
1532
-14300
5155
-4096
2810
-16140
-11
-8172
-5627
-9180
6144
-4096
-1023
-9200
1251
-7132
1555
-10204
3089
-13252
-6902
5144
-763
-10208
4103
-5072
20700
-4064
8240
-16340
-5396
-21472
2539
-4060
4852
-17364
1290
-2000
2019
-14088
-4586
-3056
1566
-5096
1016
16
-1007
1052
4340
-5072
8210
-6116
-3058
-984
-1544
-10204
4634
-13256
-7709
-18412
1788
-7156
-3310
-10228
1782
-15340
-2058
-8140
1500
-1004
1068
-17344
2562
-8140
4342
-9204
-15388
4
1281
-14300
3882
52
505
-15320
-12512
-9168
-2339
-19448
3581
-10200
-5091
-11208
7422
-12264
-11015
-12272
4590
-8152
3046
-12272
-1764
-7136
-4099
-1016
2058
-2016
3830
-9148
-8457
-13268
3801
-7108
-3293
-21488
-6152
-5892
1816
-3052
-2565
-8964
-1299
-3028
9750
-11248
-2015
-12264
2271
-8188
-2821
-16360
2285
-2820
-5382
-6108
3078
-4028
772
-2020
1750
-16312
-5359
-14304
-1282
-8160
10975
-3020
5865
-16372
-8702
-3036
-2851
8
2568
-8160
2788
-11228
-6640
-6120
5604
-5112
784
-12260
-4386
1032
-3338
-15348
2283
-12252
-1501
1276
-7925
2072
-7619
24
2050
-14304
-1526
-10232
3811
3100
3580
-2828
9231
-15316
-2820
-10204
-9443
-9160
5625
-4024
-757
-7124
-9223
5168
9987
7212
-2793
-11224
4640
-10164
6158
-4080
4358
-10236
-5099
-7144
-507
5144
286
-12236
1509
-12272
-3320
-8156
1050
-8164
4362
-15332
1770
9244
-2807
-8160
1784
-8120
4594
-6041
-14588
44
-5396
-8136
6377
-5092
11546
-21480
-2291
-11224
-1772
-4044
3835
-9164
-7887
-5896
1017
-3048
-8182
1028
-3853
-776
5118
-13264
-10013
-5056
-8175
-3036
-493
-9192
5863
-11224
-4071
-6080
5887
-13288
267
-7940
-3070
-12252
-3356
-16344
-1777
-16352
2308
-9176
4848
-16132
-5897
-12248
1045
1068
-2302
-8168
-262
-3028
-513
-11208
2292
-14300
-3299
-13272
5410
-6120
2579
-6112
-7668
-9996
-1529
-8148
4621
-13312
8180
-13244
-4328
-5108
-1279
-12232
2053
-6100
759
-8160
511
-2044
7682
-13264
-2780
-2000
-1005
-9176
3839
-9200
532
76
9459
-11224
-7926
-11248
5400
87
-7451
-5100
-7922
-8968
-4365
-14324
7156
-8164
-780
20
1520
-5892
4369
-9172
2570
-4096
3629
-5060
1023
-7136
9503
-4056
-3616
-12240
-5117
-3844
-6676
-24076
3826
-13284
5380
52
4622
-4088
-5402
-10184
6153
-10200
12293
-4036
-5868
-6120
3830
-9196
236
-6924
1006
-11192
-1783
-11232
5875
-6088
13582
-15316
-1046
-3008
-2039
-1012
3572
-11260
-4364
-10176
8691
-17384
-1507
-9184
-7931
-8192
4865
1048
-5113
-8180
4324
-12260
4092
-10216
6133
-7144
-1271
-2016
-1270
5156
-5631
-6088
2805
-4060
1029
-14284
4343
-3048
-1529
-20432
2058
-2000
490
-6112
6157
-2016
-2846
-11228
-5644
-9160
10746
6168
5394
-8176
-42
-11240
-9485
-3060
6161
-6144
5393
-772
-2026
-4048
-4123
-4024
2824
-4056
1301
-9988
4345
-784
517
-16328
-4870
-2012
293
-1000
-6357
-5104
-11996
2048
5600
-12268
3859
-3044
-1254
1084
4880
-3024
6921
-11236
4089
-10180
524
-9176
-1544
1096
-11535
5152
1773
-17392
-2554
-5076
9456
-1000
510
-3040
-4630
-2004
-3814
-9180
-9459
3316
-1049
2076
-6120
-9144
-22519
-11212
-1006
-9176
240
-6104
9242
-4080
-1012
-9200
4827
-13284
3351
-11244
5620
-2824
-511
16
-521
-18412
2786
-5900
278
-5116
3073
-12264
736
-988
-9466
-9180
-1002
-21456
-1028
-8172
-14088
-16352
-799
4104
-8464
-9188
-1513
-6136
8219
-14284
3798
-996
-3838
-8176
-1511
-11232
3335
-12228
13065
-3036
5358
-11212
-2058
-10204
-2094
-8164
-4316
-4064
260
-15300
8434
2116
-4071
-15269
-3851
-11248
-475
-9208
-1311
16
-12050
-9988
5630
-6088
-13843
-12240
1253
-9184
5103
-7120
-1280
-8144
-3056
-13296
8454
-11224
-2551
-18420
-5
-8132
1556
-11212
-6690
-2036
-1255
-10196
-3364
-9196
2786
-12232
-7428
-11260
2807
-13276
7174
-15332
-1834
-9176
14590
-9180
4889
7208
8215
-7156
-1033
-13288
10503
-8184
1265
-9160
3862
-13260
-1784
-6120
-2847
-17348
-5102
-12212
504
-12256
-3039
-7100
-8980
-9992
10297
1056
5153
-5116
-4634
-8160
-1794
-7112
8176
-12256
-3366
-7160
2509
-9208
2293
-7132
509
-1008
-9203
-4056
2316
-8988
4594
252
1557
-17392
2022
-15344
-1319
-7156
4415
252
-519
-4068
-1024
-2020
2797
-6092
-1263
-2008
1313
-12268
-10793
-10200
3587
-4024
-2289
-13292
544
-8156
8951
-1008
793
-5060
3307
-6100
-2543
-1004
2088
-5072
-6167
-3024
-1775
-4060
-11755
-6112
3811
-4076
-6134
-13292
5373
-8168
-8678
-6100
-4625
-980
6442
-13284
-1782
-2008
-7201
-11228
-7946
-10232
7941
-18372
-5849
-7144
4885
-10164
-13297
-27388
4364
-15324
5127
-4876
-2306
-15348
5378
-18420
2793
-9196
-7454
-5108
3582
-6132
-5400
-14300
-7422
-1996
8955
-4068
-1504
-2048
-3280
-2036
2030
-8144
524
-6140
5897
-8160
1783
2084
-2800
-3024
-3860
-14292
-4850
-3040
17
-10184
1592
-4092
494
-16332
-6394
-2032
4869
-4880
499
-11260
-2804
6200
4881
-7156
4356
-7952
-274
28
-7651
-5100
-3374
-8140
-4877
1080
-3062
-13292
-8491
-10228
-2813
-10240
-10741
-19432
3078
-4872
6673
-6104
530
-5068
-6676
2288
-3314
4148
-7142
-7136
-3075
252
6652
-24236
-980
-4052
-5892
-14300
-2304
-6104
-6132
-9172
-2817
-1804
3615
-12248
9203
24
-524
-9168
10512
-7116
1320
-6136
8978
-15328
2577
-5072
11771
-4096
1521
-980
-255
-980
-10751
-6104
-5905
-14312
7401
-1008
1526
-7140
3356
-6128
510
-17348
-1045
-9156
-3792
-12276
3841
-9208
1266
-8968
-6930
-6116
7397
-14296
3070
-3020
8213
-7152
-2044
-14328
-1003
-4052
-11492
-9168
7684
-13060
8997
-12252
5645
-2028
-203
-9204
3563
-9188
-1774
-9204
800
-12276
4611
-16332
-6644
52
5396
-6136
-769
1036
-1294
-8144
-9983
-6084
-1010
-2024
1292
-6096
746
-16312
-4900
-7132
11777
-4880
8441
-7136
-6669
-2024
5667
-15316
-6162
-5116
-4616
-5096
8170
-4072
-8706
-4048
-3849
-12256
1768
-4080
1044
-3044
230
-2036
7131
-7168
3593
-12252
510
-10228
-9229
-10176
2275
-7120
6387
-12228
1545
-5120
528
-7104
12840
-1804
-486
-7128
4580
-6080
-3851
-12232
2800
-11232
-2799
-7132
6141
-8140
-1509
-10200
7421
-10232
-5913
-10220
-2827
-5052
13307
-12252
5360
-14320
-5383
-5048
6406
-10200
-480
-13264
-4875
-12280
-2568
1084
1013
-9164
-2555
-14332
236
-8132
6625
16
-2032
-7092
9966
-11236
250
-17360
-5927
-4080
-1299
-14324
-498
-9172
5642
-6136
-4121
-19392
9527
-19416
-2079
28
27
-4056
-2571
-6104
-4349
-8984
-3068
-14308
6401
-12244
-245
2064
-2309
-9988
-3577
-5100
-3846
-17364
3029
-16312
-1298
-5096
-1006
-5096
-4394
-7148
787
-7108
482
-4096
2559
-9204
-1815
-8164
-4105
-9184
-3280
5128
1515
-12248
5392
-12252
6656
-11248
-5126
-6100
-1827
-12280
-208
-3028
2528
-8168
6905
-15300
2558
-7136
4072
-19412
-10989
-1004
-1522
-14284
3304
-10196
-5878
-1008
4145
-11228
-2034
-25312
11781
-3060
-2032
-3040
1020
4128
3095
-4052
4361
-5112
-5640
-5112
1007
-1796
522
-2012
2298
20
6383
-9184
14
-3056
-751
-3072
-3310
-17384
6918
-6116
-5638
-1020
-6433
-4068
-6682
-10212
-4096
-13276
10756
-13288
-6387
-10236
-7151
-9196
-18
-15328
-2272
-5096
253
-776
-4378
-11216
-10992
-10204
-2069
-12288
1557
-11220
7991
-8188
-523
-14276
-4610
-4080
3305
-6136
-8951
-12260
8452
-996
3327
36
2555
-4052
-4355
-10232
3574
-13060
10233
5120
2070
-3044
-2539
0
4355
-7116
8698
24
1050
-2032
-2572
-11256
-7396
1044
2039
-13272
2812
-4060
-2300
-5056
-5665
-12260
-2293
-11248
-261
-8139
4368
-8180
11005
-7140
-5891
-20420
3325
-3048
-2285
-4044
-14869
-13236
-1833
-6140
-3333
-8192
1789
-16336
-750
-1004
-767
-7128
2331
-13064
-3348
-17372
-552
-8964
-4378
-18412
2049
40
-5119
-14084
1270
-3052
11031
-6920
1783
-8156
2347
-4064
-1533
-11244
1815
-6132
1295
-3032
1776
-4876
-5629
-10204
2527
-10212
4872
-14324
-4848
-980
-1549
-8984
5091
-12284
-7938
1072
-1001
-4868
3317
-7168
-7679
-2000
9741
-3040
-2818
-7112
2290
4128
742
-9192
2771
-776
8144
-9172
3351
-5108
2873
-6100
-19
-22224
5126
-13292
-2581
-4080
-10235
-2008
-817
-8160
6627
5144
-7389
-15312
-3813
-6120
2066
-2044
-11317
-4868
5132
-11248
537
-10000
-8711
-9208
7172
1072
-2806
5132
5382
-2040
-3573
-9204
-5912
-11204
5619
-10212
-5917
-16320
1283
1052
4615
-9180
-2287
-15348
254
-9216
-1562
-4068
-6642
-3036
-36
5152
-5077
-14300
-7706
-8152
14896
-3044
-8468
-20420
2283
-11252
-1507
-4060
-797
-9176
3346
-996
-2837
-10204
-5364
-3040
-3843
-18364
-1255
-10228
1222
-4036
5655
-8176
6634
-2048
-2042
-12256
-9981
-7120
-803
-17384
12067
-3048
-5674
-9212
-1030
-5120
-11239
-22244
5396
24
539
-4068
-253
-12240
-234
-14316
1255
2292
3055
-1972
492
-16328
-1258
-6132
1021
-8156
-10975
1032
-2060
-2008
-3553
-13292
1555
-7120
-2058
-6064
-6407
-7140
5885
-5044
3604
-7136
6653
-996
7703
-10212
-1285
-3012
7686
-6092
3829
-12260
-1531
-5088
4323
-16364
-7656
-4096
-1553
-6916
255
-14296
-1524
-13068
-267
-4088
-15
-11024
10469
10256
-11800
-13080
-8172
-14316
4876
-6100
-5103
-7124
246
-21496
-5127
24
10254
-9180
1274
-15273
1032
-8164
-6904
60
-2839
36
4591
-2032
-274
-2820
-4331
-4088
-11267
-3016
2827
-5092
-4617
-15336
2559
-4068
5352
-4052
1253
-12276
9249
-18416
1267
-8148
-2582
5168
-257
-10180
4885
-3844
-3554
-2012
8957
-4080
-3337
-5092
-1824
-11232
-4362
-11236
-748
-4048
-3327
-14296
-4632
-8172
6158
-6132
-4300
3080
3575
-3024
-2826
-12252
17666
-988
4610
-1008
-4616
-10224
2846
-11224
-4912
-4036
-1220
-9192
3343
-4005
539
3124
-8955
-5088
2549
-9216
-4599
-8192
259
1072
4614
-19416
-5914
18468
7898
-7164
4586
-12276
6884
-7168
-2560
-17156
6361
-12256
-5863
-1012
5849
-992
2572
228
772
32
1554
-8168
-1813
-5072
-8479
-5092
-2324
2068
-2597
-17384
2531
-4096
-8714
-13272
6109
-2012
-5451
-3068
1021
-4076
-3320
6200
-3373
-8972
539
-2032
-528
-7136
-3571
-11256
-3612
-8140
1311
-11220
-5140
-3052
-2051
-5904
-4089
-5088
6388
20
2273
-11200
3334
-15128
1792
-10220
1272
-3036
-15090
1040
2834
-5120
4356
-13292
3079
-11236
6608
-7132
-2577
36
-3582
-1024
-2314
-5104
2332
-11244
3330
-11236
-13325
-12260
-6922
-9208
5105
-11260
1809
4144
-3099
-3060
467
12
-3882
44
5111
-13252
990
-19428
1538
-2024
9509
-10220
-5360
-7136
1789
2068
-1808
1068
-8951
-6140
1013
-8156
2299
-8156
-4867
-2028
-7930
2108
1270
-8156
2534
-9208
11012
-13300
1808
-992
-275
-9976
1772
-7152
-1838
-7152
-507
-8140
-492
-2024
1544
-2012
11275
-8156
9441
-8136
3090
-5096
742
4
5387
24
5399
8208
3849
-7120
3588
-14304
8190
-8188
-4872
-5900
1552
4120
3053
-8164
1033
1072
3066
-8192
-4360
-4036
-5358
-3052
9962
-1024
-1538
-2044
994
-9208
-1796
-14316
3072
-3068
-5609
-15276
2090
1080
13060
-3020
-739
-10180
5895
-9184
-3048
-1020
1003
2088
8453
-3060
-2064
-3056
-7203
-13177
-262
-3860
-2060
-6120
9985
-5100
-527
-15348
3347
-8156
-802
-9184
-4101
1072
7176
-7148
-18170
-8164
238
-2028
15115
-14292
1026
7192
2816
-4016
278
-8180
5869
-10164
-777
-1820
-1564
-9160
9971
-9156
10232
-13308
-3586
-10224
-1515
-2032
4387
-9188
1032
-1992
264
-8188
5126
-3044
-7437
-2012
1299
-3048
-16382
-5056
2055
24
764
-13060
-7139
-980
3337
-11252
3572
-7120
-3821
-2020
8458
-6124
-5920
-4028
-1034
-2840
740
-12244
-1808
-8176
3334
-16364
-8927
-12284
245
-5100
1531
-9200
-3606
-7148
4603
-5096
-1011
2076
-9483
-4084
-4078
-6084
9229
-3036
10250
-8192
5096
-7152
1802
-4072
-7685
-11248
11007
-3024
-5875
7420
-1761
-11024
300
-10204
1804
-14336
-3567
1040
756
1064
-2321
-10216
-3323
-7152
6915
44
-6165
1044
6660
2284
-5848
-13272
7668
2060
-7964
-7164
4602
-780
-2024
3320
-269
-9988
6665
-7144
1560
-11256
2546
-14300
-1050
-6132
-1261
-1964
-1250
-12284
4100
3324
1283
-7132
-532
-8168
-2058
9248
-2046
-8128
-15605
-8968
-9473
-7160
4900
68
-3354
-13296
5860
-8184
-231
-9208
3572
-11256
-2054
-17364
-13548
-9188
6363
-3848
-1020
-2008
3320
-7136
-4344
-1796
6157
-5892
3590
-2016
-2588
-3040
9711
1048
-2553
-9180
-1014
-9188
22
-8192
-1554
-964
-2254
-10204
-3848
-14320
1279
1060
-2566
-4056
9992
-7144
4664
-8164
6629
-2000
-3583
-3056
9188
-15316
-2324
-14280
-249
-5096
-2301
-8188
292
-10012
6143
-13260
1781
3108
-11803
-13252
-4855
-8156
6933
-9200
-521
-996
-9957
-15300
5073
-15320
-5110
-7120
11778
-15324
-2318
-5112
5355
-5112
-5885
2092
2787
4116
3312
-10204
754
-23268
-6893
-15288
1033
-1953
-1260
-16340
-9455
3076
18149
-7124
6400
-1008
8651
-5088
-1784
-9172
-2056
20
12831
-10232
-523
-3032
-1815
56
-7712
-9172
3050
-13276
-3829
-6088
12554
-13268
6
-4052
-2842
-17400
1507
-8128
-4627
32
-1267
-6136
-12830
-11228
-8181
-3024
-7174
-14312
502
-1796
-28725
2064
5362
-11260
8674
-10180
-3811
-11248
5595
-5088
-798
-6112
2023
-13280
-4853
-10172
1006
-8172
-1785
-3012
-3570
-12240
8195
-4876
1551
-15348
287
-14300
9708
-5092
7462
-6104
3074
-11224
-4094
-8164
-1044
-8188
781
-8168
10775
-15336
3330
-8152
-11772
-11208
11543
-10068
-4112
-8172
6630
-2012
-6398
-1012
3843
-15336
-6386
-14292
3553
-8164
-1507
-12256
3064
-14316
-6662
-14296
8438
-6108
-10235
-15332
3334
-5112
-774
-11200
-516
-1016
12290
-9192
-6901
-8132
4109
4140
-13
-6088
-6390
-4080
-2817
-4044
-7683
-14284
4641
-16360
-4415
-4048
-4343
-19456
-1557
-17160
2046
-6112
23
6188
498
-5096
-1766
-12240
4634
-10220
2842
-11020
-759
-8172
8972
-6128
-5358
-2008
2539
28
3854
-7168
-11039
-1004
-209
-2012
6684
52
5116
-14316
-2063
-3036
4120
-15348
4062
-20452
-2310
2100
-6375
-17384
-5893
-2828
501
-7148
-4892
-2020
-12775
-8176
9449
-17380
-9976
-19404
752
-9152
260
-14304
-2831
52
5141
-6144
1814
-8164
-1777
-2036
-1532
2064
1250
-19416
1325
-2028
3315
-2844
4675
-15284
-1278
-10204
2823
-10200
1073
-8156
-5911
-8168
1801
-4076
-1038
-13296
4856
-988
3113
-13260
-1255
-7136
790
-10196
-2314
-14324
4836
-8180
2066
-12272
9213
-3848
5121
-4060
-498
-7128
-2328
-4084
3304
-7128
-7426
-6932
-4108
-1000
-267
56
-6140
-3024
-1823
-8148
-11282
-3052
-5880
-10232
3344
-14268
-6178
-9192
-3563
-11260
-2523
-4064
7684
-8148
-3838
32
-12020
-5088
-5897
-6116
-1533
-6112
5373
-22256
-3571
-16132
-4131
-8964
-2290
-4060
-4114
-6128
3593
-11232
5622
-4868
-10739
-4872
1279
-4056
-507
3080
-2302
-8156
4079
-7148
1804
-16352
2324
-17392
-6412
4120
-6922
-13256
-10770
-10240
-2860
-9156
5372
-2000
8701
-12280
-3098
-15308
764
-8124
-206
-8176
4607
-7164
-8725
-17364
4077
-6120
-7206
-13308
-18
-15344
3571
-6140
3605
