-984
-4351
-7140
-2278
-2012
-1562
-7152
5129
-5072
1313
-11224
-9732
-8164
5141
-3044
-4086
-7948
7673
-13300
-2794
-6108
-3098
3324
1805
-8164
-13
-16352
1002
-8188
-4317
-3048
8949
-5104
-768
-15336
6364
-17348
-4092
-10208
3086
-7132
8978
-9992
7459
-7156
6921
-7140
2057
-16368
5610
-17400
-10245
-14308
-765
-11200
4593
-5104
-6380
40
-1255
1056
-7151
-9208
8454
-14300
780
-8164
6134
-4092
-2564
-17356
-8950
-6120
1533
-9176
5907
-6080
9197
-8184
-7189
1044
-8187
44
-798
-11260
-2550
-3048
-5644
-13288
2571
8232
-10000
-7940
4354
-4044
-1028
-9180
10511
12
-2347
-6100
7419
-14088
-1506
-17340
1018
-6116
-4837
-9192
4642
-9156
8923
-8152
-4835
-12244
-2066
-3068
-3315
-8144
-1530
-7168
-1288
-8168
8966
-4056
-3557
-5060
4583
-3016
8183
-5076
-4067
-4088
8435
-9200
1280
-7108
-2067
-4064
9209
-17348
-2293
-7156
1325
-13300
1795
-4084
2060
-10240
2800
-2000
3319
-2828
-988
3096
-6662
-7120
788
3092
-5116
-10164
8946
7196
-6647
-2028
-3565
-3036
7168
0
-3357
-11260
1787
-19396
-1821
-4048
-2306
-13272
-6906
-3032
-6673
-4068
-6380
-3020
7457
-12244
6408
-7952
3353
-10208
2795
-3931
-235
-5116
13311
-6112
11258
-4068
-3811
3092
-509
-6104
-2298
-5096
280
-7132
5140
-10204
-4358
-5072
-1275
-3052
12298
-14272
2826
-4024
-2331
-988
-9242
-6116
1782
-1976
-273
-13232
4081
-10196
-777
-4068
-2067
-9176
-6872
-4892
3356
4152
-726
-16352
-4373
-1996
3083
-18364
-6395
-3064
14118
-14296
-3351
-14284
-1531
-19208
3565
-6124
8458
-7144
6651
-13304
-9762
-9160
4672
-10224
-7452
-12272
-1516
-4068
2288
-14320
10496
-4068
-5365
-11248
2069
3108
4367
-8176
2579
-6916
2080
-6112
-7701
-1820
3828
1032
-1538
6200
1799
2056
1029
-10232
-4845
-9180
3794
-5088
-4873
-6916
3079
-984
8479
-8192
-1305
-8148
-2062
-1012
4365
11312
2602
-7168
481
-6140
4628
-7136
9186
-9204
-513
-12280
3586
-17321
-4858
-1008
-5108
-10240
2027
1044
-774
28
-6402
-4880
1765
-9196
6160
-2036
-11461
-988
7557
-2044
7902
-6924
4102
-6096
6097
-5076
4349
-6068
4117
2092
787
-13272
4355
-12252
-1522
-1016
7696
-11236
-3859
-10228
2079
1060
-2021
-16348
-1265
-5096
11753
-3036
-2813
5364
2065
-12252
-1811
-13276
-6372
-14320
12067
-11216
-279
-10224
7411
-9192
-2828
-15324
-9445
-9216
1275
16
-7430
-11204
6140
5124
3295
-11232
-6379
1068
4862
24
-2307
2296
7417
-18396
37
44
4111
-12256
-7941
-2028
3581
4108
-513
-11256
-260
-13284
-11299
-13268
240
-7136
4100
-11220
-710
-6104
-5173
-9184
-3328
-11256
-2023
-4084
968
5172
-4374
-9144
-4583
-12123
-2082
-11244
5892
-6116
2317
2068
-2543
-10204
-472
-19436
5624
-11240
-1523
1072
2048
-27384
-2571
-980
-4366
-8156
-6437
-6112
3065
-6072
6893
-12044
-3847
-8972
-5856
-3048
511
8
-1770
-5096
8714
-7164
4878
-5904
-4095
-12272
1774
-772
-3607
-7116
-2535
-10228
803
-10208
6899
-15344
-7159
-784
4116
-15360
10729
-4072
-9742
-7128
8679
-7152
-12281
-2824
3348
-7108
-1534
2068
7905
-11236
-3075
-7960
-2823
-5092
-2029
-4076
224
-3028
-3595
-6128
-2582
-3020
-3563
1252
1537
-4080
-2319
-9212
3576
-12220
5874
-9208
-17234
16
3598
-10208
11263
-12268
2315
-3032
1530
-19384
2057
-6136
1029
1064
-12
-972
-1484
40
2300
-6136
-7725
-4096
-4605
-9176
3088
-6108
3069
-4076
6418
-6120
-2316
5148
-7678
-2832
-7140
-10212
-1044
-5068
7450
-24296
-8941
-15292
10229
-15308
-12837
1028
5867
-956
-4602
-1000
12769
-10216
-2294
-11216
11771
-10004
1781
-11016
10500
-6144
9221
-8164
-4559
-10208
-3891
-11212
283
-2012
7653
-15356
6673
-11224
-2813
-19404
-252
-11220
-6411
-14300
-1512
-7124
4909
-4072
-9206
-6132
3862
3112
-6163
-9188
3336
-15120
-1039
-7140
-502
-4060
-1781
-9172
3597
-19412
9193
-11248
6132
-4868
-2834
-15300
-4331
-10196
5867
-5112
1032
-9184
-2838
-2036
1545
-4068
5367
-6132
-9515
-4872
2290
-996
-3308
-2020
-817
-10228
-10215
-6104
-2606
4
-548
-13232
14073
-5100
1793
-13240
4842
-7100
-5137
-2820
6171
-952
1568
4160
-16880
1080
5629
-988
2094
-5080
5355
36
-12031
-13064
533
-6120
2285
-10196
-37
-14316
4585
-7136
-1574
1084
-1804
-2040
-3087
-13292
-3059
-2028
2044
-1984
-2833
-980
-7189
-14308
486
-3060
11303
-1796
-2055
-2024
3890
-6128
18434
-7124
-8425
-996
-5885
-16340
-6421
-6140
7189
12
1271
-14288
6151
5184
4862
-16340
-1019
-10220
1225
-12284
4863
-1024
-4604
-7944
6175
2068
3088
-7116
-259
-2016
-4616
-15332
-11018
-12244
4566
-5060
-3545
-12272
4856
-6104
-7405
-13292
3844
-3032
8199
0
-278
-14312
5643
2100
-3047
-992
11000
-5076
4857
-5072
-2076
-3024
-8715
-9172
-6138
-11228
-3343
-8168
-26
-10176
-6883
-20436
7430
-11236
6163
-9180
-2795
-5064
-1802
-15312
800
-17372
-2031
2104
4862
1276
-2051
-11020
-4101
-1000
11794
-3064
-10016
-6120
-267
-4092
7941
-16368
6928
-14304
11310
-3040
4077
-10200
2831
-1012
6639
-6084
-3585
-8144
5891
1044
-3572
-10188
816
-7088
-1259
-15320
-6134
-7152
-1004
-9216
-1306
12
-2008
-15332
254
-8180
5616
-6116
7931
-9204
-6891
20
2848
-1016
-4874
-3008
-5149
-3056
-1063
-10212
3038
11488
8927
-10180
-1804
-8964
1806
-12284
-987
-10192
3087
232
2549
-9168
-10228
-9208
2801
-19408
-1797
-4052
-4122
-772
7145
-5096
6406
-1024
1269
-7108
-3304
-11024
8191
-792
5115
-992
-4858
-7156
1004
-772
-1825
-14304
-11265
-9172
-3851
-4056
3593
-6116
14639
-18428
-3095
-8184
7952
-6952
1087
-4072
6887
-10184
-1764
-996
-1548
-5048
8731
-18412
10479
-18396
-11246
-10184
7959
-5092
-5649
-12228
2551
1276
248
-6092
-7430
-7108
-5100
-5080
3057
-2020
2583
-3864
3594
-9188
-2811
5140
8728
-13256
2039
-12260
737
-9144
-6417
-6112
5121
-980
-19957
-13260
752
1056
-230
-13280
-530
-6120
-6683
-8152
794
-6092
-2018
-6136
2800
-5096
5897
-6108
3360
-4080
4373
-4048
-4858
-7132
3624
12
-4830
-3032
-11781
-4064
-2810
236
815
-2820
-3061
-992
3066
4
-4847
-976
2541
-13292
1291
-12040
-1265
-11036
225
-4872
8439
-12040
-2570
-7148
4839
-9156
-2
-4064
-3078
-3052
-11513
-3060
5371
-10216
-8965
-996
-280
-9216
-527
-9164
-8698
-10184
4880
9224
-2820
-8140
-10293
-6092
-2778
-13272
-3323
-14308
2835
-13304
17
-9156
4088
-6124
3031
4108
1795
3100
7156
-9188
5673
248
-8445
-4048
-6868
20
8687
-5092
-5371
-5064
5379
-22032
-1500
-15312
-763
-10004
-3069
-5076
6672
-10216
-10205
-7136
13590
-11248
-2800
4140
5346
-4052
-13856
-13296
-5118
-3048
11522
-5100
-10259
-4032
-19
0
2781
-8128
1541
-10004
-272
-2000
2306
-4060
-1774
-7164
-997
-14312
-4131
-8164
-3300
-18196
1541
-4072
9499
2068
-34
-3032
-5878
-12240
-2049
-6112
3614
-7112
3841
-13308
4595
28
-1549
-8156
1529
2060
-260
4112
3288
-7156
-714
-6112
8696
-18404
-1567
-3012
1071
-5088
1326
-10232
6369
1040
-735
3116
2600
4104
33
-7128
1292
-13284
2801
3320
1273
-5080
6156
-9992
-22
-3032
9965
-8192
-761
-7140
-3314
6168
-1061
10484
-3850
-8192
5633
-5092
-2823
-11216
3076
-13296
5357
-9196
-9482
-4072
5611
-19428
4881
-8132
-7364
-17348
-3060
1052
5384
-4052
3084
-15348
213
-1000
6895
5144
5365
-6096
2532
1036
-4133
-8168
-1535
-9148
-3562
-8980
-16617
-1000
-3545
-9204
-5639
1024
16924
5368
2276
-8176
-4380
5156
4610
-8144
-11008
1040
-3069
-10212
1525
-9184
2819
-3060
4620
-13288
-6424
-16332
527
-7148
-13832
-4088
-263
-5908
-476
2292
2819
-8192
-263
-13272
3283
-1000
-1530
-10228
3577
-2020
4598
-5092
-7898
-5080
7654
-772
-1503
-13068
3876
-15300
-4633
-7128
-6426
1036
13063
-952
-1027
-6104
-5143
-10172
-12039
-8172
-5630
-5076
11020
-13300
3349
-5096
-3024
-3008
13095
2072
-7179
-8968
-285
-2028
472
-5092
971
-2004
10749
-6144
-1308
2056
12
6396
-9716
-14108
2314
-21468
7744
-10216
5623
-11240
-1028
-12248
1002
-9160
5655
-9188
-3592
-15304
3331
-12264
4870
-3024
-1561
-7104
-1806
-1012
-8453
-13260
261
-11240
4880
-6144
10990
4
35
-2820
-5129
-3040
6
-4064
1049
-5072
-3570
3108
-2544
-4076
7966
244
2039
-5072
-10493
-4096
12054
-6100
7952
-8164
494
-15316
-5607
-14308
-12315
-8176
-4087
-3056
-5372
-23256
-512
-10228
-6402
-8976
-3065
-7136
-5854
-5076
6627
-10232
4847
-3052
2328
2072
-5383
-14328
1281
-4068
5125
-4092
15364
-9156
1544
-10204
2839
3080
1782
-960
4106
-18420
-25
-1012
-3313
-7136
-4114
-1996
-2771
-18196
3342
-7116
10261
-3056
-9761
-5092
-1269
4132
5114
-9192
4846
-5084
4577
-18376
276
-7148
-2780
-7124
9979
-11244
6385
-5080
2068
-2020
2014
-9176
8226
7172
-7209
8
-4372
-16336
7900
-7156
3082
-5100
-9714
-12052
1301
2076
-794
2048
-4608
44
-3828
-18208
-3085
-8164
6646
-5084
-1024
-9180
-4870
2300
-3570
-6080
-2283
-5104
-3847
-5092
-5394
-2020
-9978
-15120
-16
12
2261
-2036
-5146
-7108
-5386
-7088
2764
36
-4117
-10000
237
4332
-12778
-13312
-6934
-4048
2041
-9168
2858
-7128
-10242
-11236
-5896
-15328
-3619
-4088
1523
-8968
2579
-9204
-15119
-1000
1260
-11228
-4362
-7164
-4359
-4092
9996
-1012
7924
-5084
2564
-9200
9166
-12284
1301
-18404
6144
6188
-4107
-1961
4061
-16376
-3828
-5896
3571
-18392
2049
-2044
-2039
-11224
758
-9136
6180
-12264
1563
-14280
-1014
-9176
7404
-14284
2043
-9180
-13870
2296
-3063
-15340
-5622
-11224
-5647
-5120
2573
-2016
6924
-4032
-1570
-11260
-6139
-12224
493
-9184
-13792
-8152
5640
2076
2313
-8152
1275
-15348
-1015
-8188
-1067
-5076
-3822
-11264
7708
-10192
5108
-5100
3073
-9160
-1801
-11252
-5116
9252
6905
-3020
-231
-7124
-10758
-9176
3604
-9148
-4859
-4056
2332
-9168
12279
2112
1035
-9164
-1539
-10208
6929
-13260
506
-1008
-1535
-11228
-2280
-2020
6392
-3012
-4605
-10224
533
-9200
-753
-8172
-3072
-18416
2573
-15336
-5898
-11220
8471
-5104
-4628
-7112
-5158
-10212
502
24
7193
-4080
6437
-5088
7704
-14084
7917
-12252
-6171
-7100
777
-5100
750
-5108
-6137
1036
3066
-21476
-5370
-3048
4077
-3036
4843
-15332
-747
-15340
-1543
-9168
10234
-1020
-2026
-4060
-15115
-11240
2045
2300
-4616
-6112
231
-4888
-7404
-7148
-25
-4080
-6371
-10220
-5378
-12284
7400
-16332
-242
-6084
3322
-6084
-5135
-4868
-8944
-14308
-1789
-16348
7451
-7164
-7969
-8988
-2337
-9192
6921
-14332
-2327
248
290
-3028
-7209
-12244
4334
-1016
286
-6132
1806
-12260
-5663
-11240
-15876
-10232
-2567
-772
2282
-4032
-4124
-9180
-1287
-9176
-5886
-6116
8951
-6104
-6669
-7144
2303
-1961
13043
7192
-3354
-8156
2560
-3040
12822
-14300
-3351
2112
2820
-10236
983
-11236
-1272
-10004
-2087
-3056
1542
-5076
3603
-14324
259
-5104
-481
-14312
2571
-11224
8911
-17160
-2797
-7116
-2297
-16304
-4062
-11240
276
-8136
272
-11264
10000
-2048
-1263
-20432
-230
-5096
-2818
-10240
-1783
-4024
5105
-7940
-1301
-17396
-771
-3040
3037
-7124
20420
-5892
-10761
-12252
7966
-9168
4834
-3028
-6193
-9196
10003
-4032
4157
-9172
-7148
-13225
-11775
-7108
3556
-9192
-9433
-7956
9734
-7140
6937
-9160
1037
1076
1273
-17344
-7201
9264
-8172
-7164
-6177
-9204
1031
-3052
-8468
-10192
10008
-13260
5905
-12264
2041
-5088
-8745
-11244
9214
-14324
-2038
6168
2809
-23236
-25796
-7084
-6934
-15308
6882
-5080
-1806
-7108
3851
1036
2527
-12260
3610
-3064
4870
-11240
2085
-12268
-2832
-4868
-2278
-8132
-2061
-1020
-6667
-6072
1803
-9184
5146
-7144
-4587
-14316
5677
-6116
3846
-14260
-3327
-3068
1777
-8964
1806
-9188
2279
-1012
-6916
-9204
-9955
-12220
3824
-7136
767
-7112
7155
-3020
-3081
-4056
-6663
-3868
3320
-10236
-9717
-6104
2542
-15312
1809
-10212
-2534
8
4598
-7132
7668
-11208
1775
19488
9481
-5052
-3587
-1972
-8172
-11228
6672
-7112
-2025
-1988
-3854
-7152
6642
-6136
-7884
-9172
3862
-3032
-5583
-5100
-3863
-7140
-16896
-15320
-2049
-13064
-5363
-12256
-4102
-4076
-3604
-10228
6177
-12264
1053
-10220
8741
-17376
-6644
2056
-1772
-6124
247
-9180
8924
-7164
5653
-13300
5620
-7132
-7406
-1000
-4601
-11260
-2814
-11224
-4859
-4080
7696
-16132
-809
-6104
-3352
-7136
-3608
-9188
-2330
-7132
-6394
-976
4865
-13308
-4586
-4084
7420
-14320
2782
-14324
-7684
-14324
-2559
-11200
-2837
-11252
2576
-8160
-3805
-1000
4862
-8156
-12294
-11240
-4593
2068
2306
-3044
226
-10224
-4598
-10188
4358
-4072
3862
-6916
-558
-5084
4379
-12252
-802
-968
4323
80
1262
-6116
516
-16344
4110
-4056
-775
-10236
-2008
-988
-3363
-7116
-498
-13264
-4592
-11240
2279
-11240
768
-4880
1269
-3864
-5
1080
4072
-12040
-4834
-19428
-1002
-8148
263
3088
-3340
3128
-2561
-14292
-6713
-6080
-6430
-10196
740
-4052
10523
-12276
-14376
-9152
2558
-16372
796
-15332
7678
-3040
1495
3088
-7181
-3052
-12508
-6100
5380
-1020
7694
-8156
5894
-14320
10732
5164
-2029
-15320
-237
-5052
-5427
-10168
3821
-8972
-8945
-5120
1
-5092
-5132
-12244
1275
-15360
767
-5048
8713
1032
-1773
-7124
4570
-4068
-2300
-8152
-13829
1092
-3811
-4872
984
-11216
-2314
-6136
6934
-5052
-3372
-13280
-7437
-17348
3327
-8168
-536
-5120
-2054
-6120
-4330
-6088
-483
244
-1291
-3012
4358
-6100
-7922
-10196
-3586
-18360
4109
-8116
-6895
-10224
-1743
-5088
-1782
-7144
2583
-11012
-36
-16360
2819
-13284
1551
-10208
-236
-1012
-1563
-5096
18
-3036
5100
-9192
2321
-17384
-288
-1012
8457
-7104
504
-13288
-999
-8156
17950
-17376
4329
-2024
6434
-5080
3564
8
-6909
-14225
-11246
1044
6406
-3020
-2290
-7120
1793
-1976
5914
-14284
3308
-12244
-3343
-4064
4650
-10220
-1538
-14084
4597
-10200
-2807
-1016
3569
-5080
-7962
-12276
2569
1048
5620
-6136
-1781
-7128
509
5176
-9477
252
-2054
12
764
-12244
10249
-10176
13834
-4088
-8180
-5068
-2277
-7140
4568
-15300
-4348
-6104
-729
-10228
3590
-11256
-1807
-13260
-4083
-7132
-534
-9192
-6624
-16352
-1806
-12272
-3575
-6060
-4392
-19440
-8696
-5092
-7970
32520
-5857
-3032
3825
1072
-8698
-11252
-6919
-7156
-3120
-5112
-4846
-21504
261
-14296
7662
-5060
-480
-20448
-479
5152
6394
-1984
-1039
-16324
3056
-976
-2582
-11228
-1021
-18416
1027
-14316
3343
-10180
779
-2004
982
-10192
4597
-7132
-3325
-3900
6142
-18416
5117
5148
-2289
-8136
4115
-14308
-4076
-4064
5131
-13244
-3317
2296
-8160
-13276
5371
-996
5092
-2008
-211
-1000
5389
-5092
-8447
-2000
4374
-4056
-2827
-10180
-8468
-9204
-275
-5064
8687
-10192
-1021
-3060
-3068
-2040
10493
-11228
5105
-9176
-4367
-10184
2059
-6100
6824
-16348
-19917
-4092
5147
-15332
4345
-10188
-1294
-11224
-4135
-13288
-4848
-5120
12779
-8188
-3056
2068
6631
-7152
1517
-3040
979
-12248
5927
-5104
-531
-4088
-6125
-5076
11029
-1996
-3087
-12252
3566
-14264
1008
-13244
10255
-11260
-2561
-3060
-3320
-19416
-524
-3036
-8674
-10220
10719
44
2793
-15308
-2600
-11224
1542
-6092
-277
-6092
-3089
40
3300
36
-11556
-11012
-8456
-18388
-4338
-5116
-2061
-5104
-1777
-7140
4356
-7132
-5337
-11232
778
-14312
-9724
-4072
-3060
-11260
18917
9232
6911
-7108
5128
-15324
238
-1004
-1537
-12244
-6391
-20432
-3317
-13288
4593
3324
4625
2096
4104
-2040
271
-6096
3097
2060
279
-3856
4593
-15340
1779
-7132
8432
-15292
8419
-2000
-3842
-4048
-2349
-9988
2802
2072
776
-5072
-2307
-17388
-12800
-10208
-2
-8148
3546
-3044
4626
3108
-1525
-11236
-2053
-8180
-779
7220
791
-4084
-1283
-12248
-265
-5092
1265
-4044
2289
-15284
-8684
-9184
4071
-9184
-6922
16
-3049
-980
-36
-4096
4359
-14308
-2589
-4068
-517
16
-4879
-10240
5904
-13296
1318
-5100
4082
-11240
3064
-4064
-6155
-3868
6672
-13268
3579
-15336
4577
-11212
1528
-16308
-1586
4128
12041
-6096
5617
-14276
4105
-10192
7157
-5060
-4347
-6108
-2532
-12220
-1549
-15340
1808
-5096
2262
-11220
257
-12252
7706
-8984
2292
-3052
-8440
-9192
-10751
-18380
-8192
-772
3565
-26332
-4874
-5072
3359
-8964
-5889
2300
10496
-16344
5878
-13312
247
-10188
-3338
-7956
-750
-14092
-4112
-11240
-12021
-11252
5392
-8132
5400
-5088
-4111
-14292
2009
-19424
4665
-13260
-1808
-3048
-2089
2112
-1534
36
2544
-8192
1528
-1020
279
-9192
1530
-17380
5649
-6108
4350
2060
4620
-9200
-1274
1272
276
-6092
-7228
-5056
2556
-6112
15
-16360
4878
-2032
1253
6144
3853
-8176
-3825
-6100
3346
-10220
3589
-16376
755
-9988
-7406
-9172
2528
-6108
-6933
-11236
1266
-2028
-13580
-15336
11531
-7160
-3052
7176
-1503
-7140
2800
-2012
9435
-13284
-2056
-9168
1778
-4872
-8707
-9144
-743
1036
7394
-1000
-7118
-10224
9728
-9156
11004
-5108
-6403
-16380
3838
-8160
3343
1056
-11254
-4040
13036
-9164
2064
-14096
-6657
-14308
763
-3040
2
-10188
2794
-6132
-1281
-8164
-5
-13272
7696
5132
-7439
-13296
3836
12304
3052
-7140
-11270
-4092
11768
-15304
-5618
-3876
-8411
-12268
6902
-16356
2314
-2824
-1316
-9996
6650
-11252
-6148
-8156
-10468
7176
-10767
-7152
519
236
1297
-15328
1280
-10216
8957
-12232
10250
-14324
-6115
44
6914
-13304
4126
-4072
3339
-13076
-1263
-8968
-6896
-11228
-1011
-9208
-4579
-2028
3840
-10220
-2808
-5104
15099
-2820
-1516
-980
2333
44
7715
-8164
11506
-13248
-2315
-2012
4386
-13300
-4366
-6132
1526
-7144
-3327
-1016
-5921
-9184
-3315
-8164
9954
-10188
1319
-7164
-12022
-11236
-3353
-14308
-3855
-10212
6387
-2020
-1043
-6140
255
-5108
-5419
-15352
-8445
-2012
497
-16344
-479
-12256
-5644
-9176
-2258
-4068
-4370
-7128
6161
-8172
2593
-13076
-4085
-12232
-6664
-9204
4095
-996
-2057
-10220
-2521
-10168
7692
-5076
4104
-7120
5140
-16352
-273
-3036
-1280
-4060
-9469
-8160
3092
-11228
11750
-8184
-2283
-10208
990
2108
6935
-14312
1762
-13284
3096
-8188
4573
3324
800
-12232
-10225
4104
-1800
-7144
-6159
-9196
-2030
1064
-7649
-7136
-1018
-8132
3346
-996
9212
-10212
-1255
-6140
-3826
-21464
9421
-5040
3049
68
-8443
-2036
2287
84
-2822
-16348
-2785
-2048
5361
-14336
-1022
-1000
3838
-7132
3344
-13072
-736
2056
-2100
-9180
-2298
-6112
-2058
-11012
16680
-5076
-498
-3852
-3565
1260
-525
28
-3576
-5092
-761
-10212
7940
2088
-4598
-18420
10730
-7124
-7136
-13248
-785
-5104
-3044
6156
-2051
-14276
-4618
-11236
-252
-8184
2299
-8968
16607
-6104
2502
-7160
-3080
14340
-5889
-18380
-1767
-7124
-13074
-7944
-30
-15304
-1535
-7128
8182
-7120
-6374
-10168
4873
-5092
-236
-9184
-1811
-1800
-6158
-15308
6895
-14332
-11256
-4056
-4339
-10004
6648
-6100
4589
-2008
-2072
-3048
8195
-9988
2567
-10240
-1794
-3040
740
-14316
-2085
8
-3575
-5048
2817
-4044
2291
-7124
5114
-11240
-3313
-4064
766
-18208
-4612
3120
-760
-15332
15100
1084
4338
-18380
-3831
-3044
-5104
-4060
-3078
252
4598
-7104
-4870
-976
-1289
-6120
-3584
-11024
-4117
-2020
-1766
-11200
2797
-6140
-3314
-2012
-13077
3084
4109
-8176
-6928
-10176
-8197
-8168
546
-8120
2305
-10192
3089
2080
-7675
-3848
8211
-13296
-6142
-17380
3579
-6924
-3589
-4096
4080
-2836
-10513
-10200
5110
-7108
4582
-13296
-8225
3120
-3859
-972
-544
-3060
12303
-11016
-721
-5120
12300
-12256
6661
-9196
3344
-11212
8696
-7120
-5133
-8176
-2306
-1012
2562
-4076
11
-6104
1298
-13292
-3365
-9176
3079
-5116
2083
-5092
-2553
-7164
-8191
-2004
-3069
-17400
1308
-5900
-8178
-6124
470
-7152
-2270
-20448
-4403
-17356
1828
-4084
3288
3080
-2789
-7148
-9496
-6116
2052
-14304
-1839
-13280
6933
-6940
-4360
-8136
774
-9188
-2559
-6116
5857
-14292
1266
-4072
-3583
-8144
-3830
-5080
4869
-7144
-9190
-4068
9207
-6100
-8707
-9216
-4658
-4060
1025
-4987
11013
-22228
-1787
1076
260
1048
3080
2108
1804
-13268
-1056
-9184
-760
248
508
-4072
7692
-12248
-5648
-3848
4591
-12272
-767
-12276
-4847
-1000
-8172
-980
10463
2048
-1270
-4072
-4902
-9180
2811
-8156
5638
2076
-3590
-5112
14809
-5052
-5851
-1000
-3852
-14284
-3832
-14096
1319
-2024
-8461
-11228
473
-1796
9667
-11236
-7946
-5092
5904
-4096
-8431
-13248
-2578
5140
-1528
-3060
-4383
-3072
7160
-8152
3605
-12240
-9754
-3032
-2293
-1004
3841
-1020
7446
5128
-1312
-7972
-3350
-2016
-3290
-8972
7425
-13280
-3052
-8148
5894
-21252
486
-4048
-10473
1048
9486
-5096
-5096
-4052
6423
4116
5137
16
-1549
-9180
-1790
-7148
8172
1072
2021
-12260
-3840
-16360
-11214
-5892
5636
-4080
3304
-13248
-10260
-19444
-1797
-9204
4599
-10188
-4074
-11264
-5639
-1004
4886
-6092
-2355
-9192
3100
-10196
6126
-988
-6649
-13268
-11251
-10224
-5877
-15328
8679
-11216
-14328
-13280
1283
-12276
-4335
-11236
7938
-4072
8433
-10180
5384
-13288
-4389
-14328
-1003
-3048
2802
-11244
7684
-5108
7716
52
4325
-3044
-12528
-16336
7697
2104
1019
-5108
-3067
-4064
-5375
-16356
8951
-10208
-1261
-6920
-5900
-7164
5371
-20468
-3343
-15312
-3060
-13060
-252
-17380
-5642
-8180
-1054
-8180
5351
-17328
-7426
-12260
-505
-9125
5071
-9200
-8719
-10208
6392
-3068
764
2056
-5090
-4076
-5642
-10240
4608
-14300
-2540
-17372
4619
-13248
-2035
-6092
-7165
-11216
1287
-9180
5897
-1004
2056
-792
6915
-10008
1516
-11260
-7434
-2032
-269
-772
-1517
-19448
2042
-16328
-2564
-11252
-4876
6176
-1287
-6952
-3089
-7144
-7956
-9176
4846
-13260
-6
-6136
772
-988
4828
-6120
-5881
-21448
-763
-2028
-4583
1036
-1550
-8168
-2555
-8184
-781
-14328
-4615
-4064
755
28
-3577
-13304
5119
-6120
2787
-816
1016
-3004
1020
12
492
-8188
-8710
-6132
3814
-2024
-6668
-8192
-13573
-18424
-9746
-5096
-4104
-8140
-508
-8176
1795
-13292
1543
-18424
10491
-7148
5902
-968
-1055
-1020
-6131
-5892
-2591
-25832
-3088
-12228
-478
-7128
530
-6112
1035
-14324
788
-9200
1819
-6104
-3800
-8176
8714
1056
7661
-10208
2319
-8152
6919
-3020
1523
-5900
-6650
-10228
-5639
-9164
-746
-4076
-5905
-6104
2283
-10212
2304
-9212
4111
-10196
1779
2088
3581
28
765
-9216
-5628
-19428
9475
-14288
-2045
-10204
-4368
-9176
510
-9164
-479
-7096
2040
2052
759
-4064
-3075
-5088
-7444
-6120
5115
-19448
8214
-11264
-5389
-11240
8457
-6136
1794
-1984
1020
-7136
14
-7136
287
-11232
-1277
-3000
-747
-16132
5880
-9212
-7707
3100
2343
-9180
-7953
-2824
-7932
-3068
2073
-5092
-4116
-7148
8470
-14296
1767
-6112
2052
-10188
-9990
-7116
1734
-4880
6434
-11248
-4083
40
4344
-4032
6136
-5896
1799
1036
-1297
-7168
-7181
-1020
2066
-4084
-10733
-6920
1513
1024
-995
4132
1015
7220
2518
-9172
-511
1119
5102
-3012
-6395
-11248
7722
-4036
1320
-5048
510
-7940
8201
-12040
-259
-11208
-748
-7152
-4113
-10196
4340
-11248
-7723
-11212
7968
-1804
539
-5908
-10266
-5108
2322
-4880
1527
-5896
-4876
-4084
-16
5140
1279
-13252
-2017
-8148
-13309
-4044
7414
32
-5391
-6920
-9733
-12256
1281
-3016
-8212
3324
4105
-10208
9245
-1800
-5611
-3072
-5892
-19424
3598
-6092
1039
-12268
-2351
-964
-3590
-3012
-4074
-4084
18
-6928
-257
-9180
-799
-10224
-4125
1052
8765
-16360
-2818
3084
1315
-16364
-1817
-11020
1515
-11188
1585
-3868
-1535
-8168
-6142
-2832
-8445
-11224
1289
-5104
2578
-14092
2311
2072
-11222
4336
-2041
-15344
4057
56
6922
-6124
2575
48
-7657
-11236
6640
-9212
6896
-5108
-1539
8208
742
-17396
-1003
-7148
-1804
-6100
-1505
5140
3601
-9204
2274
-8164
-1823
-3044
-962
-10204
-1800
244
-5386
-7164
-804
-13304
16140
-7168
-6639
1064
-2825
-3028
2045
1276
1043
-12256
-3314
-9196
3569
-4056
1016
-11244
10218
0
-13297
-10172
-6152
-14328
-3621
-9200
6375
-16132
-16907
-3056
5400
-25324
-8467
-11260
2562
-12272
-6686
-17368
7634
1056
1556
-9172
6381
-15340
-6117
-7136
4357
-6100
-10470
-4092
10228
-11224
3566
1044
-4328
-11240
-6392
-3016
-3607
-5100
16
3128
-3066
-4872
-7175
-6096
4573
-7940
-11790
-19384
-539
-8144
10968
-8164
9995
-4068
5412
-13284
-5133
-19420
10486
-12268
-3032
-4068
3588
2072
-4600
-22244
13075
-10200
6665
-10240
-2545
-8180
-6669
-16348
-3328
-2032
493
2300
1998
-14304
1296
8
1827
2072
-4855
-12256
1266
-8184
4846
-8192
-6621
-3060
1273
-5100
-2306
-7136
518
-1992
7411
-13304
-5861
-7148
5868
-9184
9235
-5088
6667
-9200
-9483
1048
5352
-2048
-1553
-9192
-3054
-17156
-3102
2076
41
-2836
-7395
-8128
7672
-2000
5102
-7140
2842
-8168
7927
-10240
5107
-1816
5424
-7140
10733
-3040
-7915
252
4326
-7956
4105
2084
-5587
5188
-2049
-7152
-3319
-2824
-788
-12036
289
-4092
-1278
-7944
-274
-4868
-775
-9164
9128
-19444
-8720
-6116
-4343
-3036
2834
-4036
5380
-6120
-2028
-10216
11547
-8144
27
1032
3324
-7132
5933
-1804
-3
-9160
-37
-9212
8936
-13260
-3591
-5092
4325
-8160
-2807
-2040
-3067
-3032
5417
-3036
-4353
-4080
10751
2060
6408
-11236
4320
-10232
2799
-7152
-4627
16
490
-3032
-7932
-3844
1825
-10228
10992
-3020
2306
-10216
542
-2036
7669
-9172
2553
-3008
-3330
-16380
-3554
-17380
-7672
-9152
5862
1076
-3
-3064
-3308
-2016
3364
-2004
-774
-9988
-5382
-9996
-3818
-6128
14623
-13304
501
-15336
-5414
-2820
7164
60
2065
-9176
8436
-12248
782
-18428
490
-13264
-11745
-11244
-813
-1020
-1281
-13284
2837
-7132
-7927
-8180
-3057
-3068
6410
-2032
-17402
-12260
-799
-7164
39
-12244
3089
-2828
-782
-13268
10471
-9200
-5357
-10188
3878
4120
-216
-1996
2813
7176
-3869
-2828
4604
-1004
1518
-5076
-225
-11228
-5928
-7073
-1763
-16360
-6384
-9216
-6151
-8108
2850
-7144
-1793
4120
-524
-6100
3324
-7116
7421
-8156
1800
-3064
2617
-17372
11520
-14280
-13307
-3048
-1520
-8164
2812
-6096
-1293
-10232
7193
-3036
-9724
-3032
-527
-4068
4881
-9196
4101
-4068
-520
-7148
772
-4076
1550
