4908
-3081
-21464
-6915
-4068
-5164
-7148
-12785
-15340
-3092
-10172
1041
-2044
546
-6124
4843
-5100
3341
-15328
1803
-6100
-3069
20
-2592
-7104
10744
-9188
1296
-13308
8661
-4060
2312
-4052
2030
-4048
-2811
-3056
-24
-9140
-8991
-8152
-1753
-5100
3094
-10188
-1543
-14324
-4106
-9216
-5394
-2824
-3288
-8156
4104
-12204
-6148
-11228
1797
-10188
-6651
-10141
4090
-18424
11043
-18412
-773
-7136
-1034
-18416
5632
-25340
11792
-9196
7473
-21500
-1596
-7152
6152
-960
-9217
28
-9975
-10204
4086
-9208
1281
-10208
-10709
48
4100
-14249
7672
-15316
-14897
-7148
-3847
-10232
-8172
-11236
2066
-9196
7187
-11240
1782
-2828
-4820
-19432
-4083
5148
783
-5064
5649
-12256
3841
-2040
2783
-12280
-1773
-12288
-7409
-5116
-2303
-6088
-1787
30000
-2033
-7128
-1012
-10212
-2583
-2020
4817
-3036
-3077
-11260
4060
-13280
2292
-10224
-2280
-5112
-528
-6120
-3054
-8168
3072
-11216
520
-16348
5098
-10220
2610
1072
12509
-14296
-4345
-4072
2552
-6120
4874
-7144
760
8440
5882
-15348
4867
-13300
6163
-12268
1299
-19448
14374
-11052
3070
-5088
-6396
-12260
-3845
-3036
4114
-7128
11498
-6096
-736
-16364
-1267
-7140
5094
36
-2302
-3044
7156
-6924
-3091
-21496
1771
-10224
783
-1996
2824
1028
7417
3096
-4077
-14284
7902
-10180
-6667
-12232
223
-9184
4847
-15352
1003
-2000
-4349
-4032
-8663
-4080
1762
-11204
8948
-12260
-487
-1992
-237
-12288
6923
-7104
2320
4112
-4637
-9172
6400
-5896
5350
-8168
-2810
-5104
-11759
24
462
-10188
-5909
-2004
-4597
-13060
6150
-15316
3843
-5104
-766
-17376
-4833
-18372
2820
-15324
9243
-1876
5625
-7148
8675
-15348
3320
-7128
7
-8156
4382
-18388
-1218
-12272
-2074
-10016
-3076
-992
9215
-8188
3911
-8192
6433
-3032
-2075
-13280
-1027
1060
-522
-16368
9230
-8192
-3099
-8168
-3090
-11232
-255
-3020
3852
252
1509
-4096
4113
-4088
6921
40
2567
52
4590
-1004
-1010
-14328
-234
-6136
11001
-7120
4371
-3024
10487
-11208
4848
-4880
511
-976
-3860
-7140
-15870
-2016
4061
-10216
1786
-5108
2301
-11024
3533
-9204
-5861
-8148
-9524
-11212
-4551
-10200
-7661
-7136
-5157
24
-2836
-9172
511
-11236
-7712
-7940
-5650
-7140
-1522
4168
-3082
-972
1504
-2024
995
3084
-1041
-6092
-3824
16
9709
-8160
2022
-11220
2610
8
-4613
-14308
-2805
-17392
-1581
-15356
1328
-4032
1252
-13232
-3833
-13260
1549
-988
-4095
-14304
1527
-8136
-3559
-5080
262
-6108
3059
-17360
-220
-4052
1027
-7960
264
-8124
263
-9172
-9215
-5100
-770
-984
1263
-8168
-11484
32
4575
-17368
4859
-8128
-6924
-7132
-3349
2048
-6878
-4064
4644
-9196
-10761
-2016
3824
-6080
4608
-4060
-30
-10228
-1027
3104
-6710
-7152
-2286
-11260
-7429
-17400
13615
-20448
13312
-9188
-489
-8172
2265
-1980
2814
-15356
-4624
-10200
1530
-12252
7959
-7132
-526
-6136
4598
-11024
-986
-5092
-1051
-15112
4869
-9988
5633
19488
2060
1056
-1788
-3020
-6122
12
1031
2104
6949
1068
-768
-7124
-6662
-9204
2568
-14280
3335
-8192
-2787
-18408
-6926
-7144
-5644
-6116
-4349
-9180
2018
-14304
1284
-16376
-4315
-12236
5363
-8152
4343
-8964
-5616
-10188
2026
-6092
7187
-19420
-2288
-5088
5855
-10212
-5370
-8124
1018
-4880
-11013
-6928
30550
-9204
-11257
5160
4098
-3856
-1017
-12244
557
-6116
5111
-8156
-2533
-4056
8199
-10216
-989
-10220
-13
-15312
1538
-12240
-2031
-3032
-10480
-800
-787
-11216
3590
-7112
-7426
-7116
-229
40
-1303
-17368
-4414
2076
-7942
56
-247
-11212
-2822
20
-7172
-6116
9977
-6100
4372
-4088
-7383
-3028
3560
-5900
-6657
-4068
4645
-20452
12055
-6112
-1759
-8105
-8464
-5068
5109
2048
3634
-7128
-5910
-6140
-6907
252
9228
-7084
-5389
2056
1750
-10196
-1026
-12260
-12540
-3068
2013
16
-3067
-7136
1795
-6096
-3839
-15324
-5894
-5036
1281
-1800
-785
24
-5883
-11248
4661
-12268
6137
-3052
-1546
36
1507
-3028
3336
-10216
-4335
-13288
1777
-12240
9222
-6124
244
-6120
-1746
-13076
4609
-9988
-5589
-13240
7396
-12268
-6138
-8964
-2816
4104
-3296
-9180
-1034
-6128
-984
-4060
8987
-7128
2794
24
-6413
-21476
-8669
-13244
-3314
-16344
-9255
-9176
1778
2056
-2318
-9208
3828
-11252
18
-5064
4345
-976
-819
-13284
-1288
-3064
-3832
-16328
9963
-6092
-5101
-1816
2543
-5088
-4068
-14312
-3057
-8152
-4344
-15336
-4132
-8160
4617
-21476
1273
-11220
6370
-9204
7939
-14292
6909
-10216
2336
-3024
5392
-6112
5647
-8184
-767
-12252
7185
-5108
4093
-5068
9516
-13264
1776
-7160
-2306
-9184
-4353
-11236
-1270
-4064
-242
-10188
3557
-12264
2566
-9168
7419
-16308
-1504
-7108
-5669
-11252
11755
-17360
-2065
-8148
1013
-4076
-3075
-13268
-3852
36
4591
-9188
6407
3124
7933
-8168
-5649
-7164
1261
-7120
578
-6092
5137
-9148
-5612
-1984
-4599
-15108
6902
-21496
8950
-10208
-3354
-11212
-12065
-11228
1038
-5100
7943
-10196
3827
-3056
2043
-4056
-9734
-13268
10979
-15356
-1774
-15352
-10249
-5104
-1573
-4064
-3342
-4040
-3346
-13272
-4095
-9196
2529
-5068
1057
1072
-11486
-4024
-1552
-14312
-25
-14320
987
-7152
-5111
-12280
-4368
-9176
-1274
-8144
3110
-6088
5636
-9172
2844
-6112
1268
-18428
501
-20452
2333
-6080
-4868
-3012
-4374
-10212
18679
-14304
16122
-10168
-4818
-3860
-1546
-996
3310
-21464
3078
-12276
1778
4128
-3605
-11188
5912
-11240
-4625
-9192
-1760
4
4133
-10204
4617
-14088
-2791
-10200
-5921
-5092
-3549
-16336
3817
-8192
-4576
-15316
-1585
-14312
-4589
-12268
-3865
-10208
-6146
-1012
-1819
-10212
11777
-2032
-1309
-11244
6166
-10200
3097
-6116
-2843
-18408
-2059
-16328
-7179
-15304
-5613
-9200
-3374
-3856
-8956
-7160
480
-5064
-1560
-6084
1012
-772
-1280
-9200
4083
-7144
-11267
-14268
532
-5088
5112
-7148
3293
-6080
-3103
-9172
735
-14308
2844
-4020
5906
-14336
-4613
-9196
-9247
-6140
8937
-20448
-5625
52
2059
-12272
-241
-7144
2584
-956
4382
-6112
6913
-9988
-1027
-9212
1772
-9168
11985
-5080
-12272
-2000
-781
-8148
-8188
-5088
-1048
-10232
-10970
-14328
-8474
-7144
245
-2020
7679
-5088
-3850
-9176
-13800
-7108
4875
-12248
-4616
-16372
10241
-12248
-2307
-17396
-8458
-5920
1536
-14084
-3090
-6096
-1783
-20252
3053
-1976
-303
-6916
-8434
12
11
-14328
249
-4056
4870
6152
-2311
-12248
2798
-9212
-1252
-8128
-3343
252
2316
1276
10194
-7096
2845
7204
3
-5076
-4609
-9184
-4121
-3012
6424
-4052
-778
-18392
9977
-8180
2307
-19440
4584
-3048
-6913
-9184
-6658
1276
3337
-22228
3835
-11204
3802
-13272
-1280
-10196
-4877
44
2083
-21488
7681
-4064
-5392
-9204
-6407
-11252
2612
-7116
15352
-14336
-3313
-9196
2806
-11236
4092
-16136
-4886
-5092
3823
-2000
-5109
-12272
12
0
-2032
-968
2303
-5096
-2330
-6920
-4107
-10176
6200
28
493
-4064
3602
-15300
-4085
-12264
5109
-4080
-508
-6924
5875
-3028
-2573
-13268
5883
4
3058
-5084
3372
-23224
-792
1060
-14839
-7168
5391
2064
-5131
-952
-9733
-788
-3298
-2008
2551
-14312
-5134
-4060
1811
-1988
-2040
-8164
2555
-7108
-38
-14280
-6637
-12256
7938
-16368
-2296
-4080
-1804
-11196
7187
-5060
3297
-5088
-6401
-8124
-503
-18388
-11519
-2044
1791
1068
10778
-6080
3838
-12260
6422
-10216
-1548
-4872
-3275
-7136
7904
-7948
-3771
-2824
-3366
-10196
-2830
-6136
1040
-13296
6351
-6108
-4836
-2020
-1804
-10192
1552
-9144
233
-9180
13834
-992
1499
-12272
-3602
-15304
3548
5172
-9239
-15292
4582
-11240
-8417
1248
-1000
-14288
-1791
-11157
1547
-10204
-7165
-12248
4091
-9204
-4354
-21456
783
-17364
-2284
-8184
2065
-10196
6140
-5064
-1030
-14284
5150
-9208
2556
-3040
-277
-7944
4844
-5036
2835
-12252
-3589
4160
2039
-11212
10518
-16376
-2011
28
6145
-6072
-3594
-21464
1007
-4020
3070
1064
-2854
-10212
793
-8188
19
1060
-3562
-12252
-2309
-15336
-772
-8168
1786
-16136
-3077
-9168
-4362
-9200
-5382
-3056
-6595
-4868
4621
-5104
-6198
-12268
-267
-8156
987
-9196
-5087
2088
7953
-13260
-768
-12236
6416
5164
8461
-6116
-2043
1076
2023
-9200
5138
-8132
6412
-15300
-12327
-12248
7147
-12232
6422
-3032
5922
-1796
-5124
-9204
-260
-9196
3547
20
3846
-1988
-4326
-7120
3823
-5080
-1268
1084
-5633
-8160
-4099
-13304
17
-13296
-6935
-10220
-2816
-7156
7969
-16328
-1537
-5088
-10480
-4056
7650
-984
546
-7136
3579
-10220
5080
2292
-3599
-3028
-3861
-7128
-5922
3128
-9959
-996
6133
2080
1562
4104
-8664
-8144
5342
-10208
4332
-7160
-7402
-9208
7152
-10228
3293
-6120
-6943
-7160
280
36
4834
-8172
-9216
-7944
2793
-19436
-750
-11228
6950
2064
783
-4060
4101
-13284
-7893
-4072
6961
-6936
7158
-10220
-5401
-5108
5387
-6116
-6438
-7960
-5135
-10216
-4588
-5104
6911
-1004
-969
-8144
-1809
-4060
5340
-15108
-5363
-5076
8210
-11236
11305
-5981
3062
-7108
9002
-7140
2277
-10188
5662
-20432
-8722
-3044
3067
-9204
1553
-11184
-499
-2828
511
-5100
-3857
-11196
5896
-16376
-785
-8124
6399
3140
5383
-3016
520
-6112
250
-1024
1758
-8156
2334
-3068
2553
-13276
-9229
-7144
5402
-18384
1533
3104
3095
248
-1020
-2028
-2801
-7148
-7984
48
5338
-8176
-3579
-4076
5358
-9992
-3349
-10232
6441
-10240
-1004
1068
-3823
-4076
4350
-9212
-13
-8180
-4122
-4056
1283
-2008
-2326
-11228
-295
-13308
12284
-10220
3061
-5076
793
-7156
-258
3088
1267
-8180
-5888
-9184
-4043
-5092
-4089
3096
3583
-2004
-7200
-5112
3341
-8140
-3281
-12228
10522
-12272
18958
-6136
-3628
-6088
-483
7180
-16
-5092
9706
-4076
-487
-8152
8206
-8180
-3075
-8136
4370
-984
782
-8184
-2281
-10012
8685
-18392
3580
-7128
-8
-10204
-8453
-8172
-6899
-3052
-4101
-7160
-3617
-13284
7940
-15328
-11819
-10188
-4360
-17348
-779
-12240
-3091
-7120
4865
-15116
-4333
-16328
-1284
-15356
2598
-4076
6381
-6084
6143
-5088
-5887
-6116
-5651
-7128
4336
-17348
15
-11252
5331
-14292
-3121
56
-4111
1084
-3078
-1988
-8479
-8192
-743
3124
-1765
-8172
2590
-16348
7694
-12236
1278
-5088
14116
-992
-6891
-8148
-1318
-7152
-2546
-20444
-4874
-5100
-1787
-14324
4840
-4088
-5376
-4048
-11508
-5904
2042
-2008
-12808
-3032
-1295
-3064
1025
-7148
-7446
-6120
1773
-3048
-2308
-13213
-276
-9172
2024
5364
-3069
-10228
-5879
-11244
247
-11232
1533
-996
1569
-13228
-5631
-20472
2820
-9196
-4608
-5108
9174
-2000
2545
-4076
-4874
1024
11022
-8168
-3092
-18392
-2851
-9168
6144
-8176
250
-8176
259
-3048
-18695
-11224
8460
-16368
-1289
-5100
1799
2300
-1014
-17364
4589
-7140
-4050
-9129
2302
-3068
8725
-13276
243
-11232
2575
-11224
6137
-13308
-7717
-8172
8448
-2036
13
-5092
751
-7156
-15118
32
7955
-10184
2539
-9212
5863
-12228
2283
-10228
-2580
-19208
8712
-19428
5912
-11220
-6912
-9200
-11287
-14300
-11532
-3052
-3575
1052
6890
-16336
6668
-8180
1306
-10188
-8738
-7140
3606
-2032
-762
-5060
-1049
-5088
-3574
-5112
1774
-8184
6461
-5076
-6942
-11236
7165
-8172
-10244
-5104
-6677
-10184
-3587
-12248
-7404
7180
-7182
-9184
-527
-3072
6136
-5092
-1033
-11232
-736
-16320
1775
-12272
10514
-12240
3838
-12240
492
-12268
1279
-8180
-2065
-14288
486
2068
-5388
-2012
-2027
-3064
-2327
-9216
5114
-12256
-1480
-4096
5108
-13288
-542
-12288
-10245
-5108
-3295
-4088
5389
-6128
-5905
-11228
-5108
-16348
-12
240
4364
-5056
-1513
-5080
4129
-4056
263
-6924
3839
-6108
-3606
-10208
-3600
-16376
-6916
-12280
1006
-8140
3061
-2016
12041
-26324
4622
-13284
-8682
-12224
7678
-8128
732
-2024
-249
-6112
-1245
-8140
266
-13264
-6161
-3064
1300
-7128
-3862
-11260
-7668
-12240
-770
-8152
3327
-6080
-500
-7132
-9505
-6124
11015
-25296
-5623
-980
-1067
-8148
-4913
-12284
2854
-6128
3031
-15316
8998
-11240
5130
-8156
-10250
-8120
12307
-4032
5131
-11212
6883
-14288
-4874
-12284
-1780
4108
-7940
-5072
-7478
-5120
-2545
-15332
1000
-4088
-2259
-11192
-3102
-8964
2075
-12260
1030
-11040
-6389
-15312
-779
-6096
740
-9180
-10219
-6116
-2847
-9208
-8971
-7940
787
-772
4872
-6088
-799
-10200
-3092
-18408
-1756
-6096
-1541
-8192
-4820
-12244
4633
-7136
497
-13280
3590
-15340
4103
3096
-15874
-3892
-3569
1052
8953
1068
-1273
-7156
3832
2084
2527
-10188
9980
-14288
-2821
-18408
-4125
-10224
-2042
-5912
-5850
-10184
-1293
-9188
8246
-8156
-1797
-5904
-1527
-20464
-2571
-8140
-1066
-9156
7206
-11264
-9977
-6136
4083
-9216
-2594
-8160
-2828
-15344
1019
-18424
7714
-4068
7653
-16344
6637
-8176
5860
-11036
5129
-15336
289
-16336
-783
-8156
5879
-6108
-10491
-11228
1002
-6116
2070
-2848
4105
-9168
-2296
7232
4110
-11252
6917
-4092
-7429
-5064
3563
-8176
-6098
4
3563
-7144
2565
-9212
-3855
4
2311
-4076
4127
-7132
10497
-19424
7971
252
-768
-9192
3106
-17392
5624
-2016
3596
1064
7639
-13268
-4340
-5084
-4110
-3040
-7396
-10224
3056
-13280
6136
-10200
-5641
-10232
5641
1072
-5916
2076
2086
-8156
-2781
-11264
-3323
-9216
-7391
3092
237
-12252
2065
-16364
-4337
-23276
4354
-10172
9479
-18372
-1563
4140
2533
-14336
-2798
-10228
1259
-4088
-233
-8156
-5131
-10176
742
-15284
6650
-7164
258
-15316
3308
-14280
8702
-4868
3856
-10184
-2540
-8136
11032
-4092
-479
-17364
-7157
-8156
-5647
-3064
1332
-7116
4865
-9192
1006
0
-8158
-4048
-4334
-6104
-4092
-14316
-1027
-6132
-489
-13276
-8197
1032
-10237
-7116
4074
-14312
-10286
-10224
-6155
-12272
269
-11248
15351
-10196
12047
-11248
-6926
-19420
-4128
-13312
-14077
-4056
4049
-10216
2582
244
-5122
-6920
-5356
-8148
1815
-10184
1542
-1004
4048
-2048
1296
-8964
-3825
-1000
3869
-16340
8169
-3048
-2810
-18412
1527
-7132
-3344
-10196
-2284
-11244
-1253
-9192
-1812
-984
-15588
-2036
6137
-7152
-4585
-5080
-5139
2076
2063
-17376
6689
1036
8185
1028
1019
-7148
-2559
-6108
-3348
48
-3849
-996
-4850
-18412
-2295
-20436
-7159
-9176
-5883
11264
265
-7948
4891
20
6096
-992
-6945
7196
-3305
-9988
-3836
-17376
2301
-7136
-5102
2048
-4370
-14308
-2839
-11260
2317
2072
2075
-3048
5346
-10204
-6402
-12284
1546
-5108
-1268
-19204
-3036
-20460
13303
-1816
2062
-8988
7176
2068
750
-4084
-1289
-5076
-1018
-22204
-2297
-4076
3576
-11232
-3863
-22212
-2317
-4060
-2794
-4880
-2311
-10224
4056
-7156
-7679
-8144
4083
-2020
8977
16
1305
-3852
-1517
-13244
3862
-6092
-7169
-13252
-2017
-17356
1017
2084
-2561
-7124
-999
52
-3055
3092
3586
-10204
1048
20
-6133
-4084
-2040
-7140
-1033
-14304
6862
-2008
-272
5192
2068
8
-2836
-15340
8426
1036
-11287
-8160
5353
-11248
-6437
-6140
6363
-4072
-1773
-9204
-5603
-8180
-1279
-10184
-2830
-19428
-2018
-6088
21
-9200
11510
-6092
4607
3120
1787
-5072
-7401
-6108
-3091
24
3322
-8176
11503
-10228
8727
-2008
-5097
-8180
-5386
-6128
22
-7940
1012
-2004
1509
2296
2023
-6100
4851
-11252
8417
40
-6142
-1004
6630
-7164
5385
-10196
-2529
-5088
-6140
-2048
2063
-11220
536
-7108
-3301
-13308
-758
-5116
1799
-4096
751
-4052
-5392
-12256
7440
-10008
-8
-9160
-4599
-6916
4382
-13308
9460
-1984
-10803
16
11515
-13076
-2276
-6112
-2791
-980
-2330
-7100
2834
-1000
4084
-14312
6132
-14292
1815
3080
481
-2044
-8701
-2020
986
-8172
2032
8240
-1304
-3020
4587
-10220
-8943
-2024
13581
-8156
-4586
-10224
1556
-13296
1566
3163
2075
4148
-1020
-1012
-1820
-8168
-1019
40
-5359
-7132
-10297
-3048
-3094
2056
-4331
-5108
762
-12272
-1790
-10192
260
-6916
1303
-984
4905
-14308
-3829
-11228
-1264
1048
2074
-10220
-3044
-16372
2554
-13228
-4100
-2020
-4626
-9184
4110
-13268
6422
-3064
-6426
-4068
-5886
-10200
-4069
-4084
4351
-4056
-258
-9184
7407
-8164
240
5160
-2555
-6108
6397
-12236
-11774
9280
5117
-13256
8470
1052
2074
-14308
-2028
-4868
-779
-5108
-4072
-7132
-2261
-12248
-4629
-7152
4353
-11216
9966
-7144
7679
-6096
8441
4
-4602
-3064
-9492
-4048
-3073
-8116
7418
-10204
4875
-3848
-3595
-7156
-2799
-19408
7680
-11016
-5093
-20420
-7162
-12280
20
-8148
-218
-1012
5353
1032
-1756
-26352
12281
-15316
-308
3092
-236
-5096
2273
-2016
-5097
-9188
-3832
-3028
756
-12228
-1791
-4080
-5106
3092
1511
1084
21
-6124
21
-4028
5624
-12260
-7160
12
742
-6136
3320
-18404
7972
-10184
781
-10180
-4354
-7136
4356
3312
-2046
-18380
-1766
3124
-1510
-11220
784
3124
-775
-5112
7189
-15120
-12051
-14276
13074
-7136
-7929
-12232
-3541
-7140
-6895
-7132
14072
-8176
3336
5156
9197
-9992
5131
-11216
-1770
-9168
3099
-4084
44
-4056
-2524
-780
1517
-7136
1815
-14088
524
-7148
-2046
-5896
-6125
-14316
-6433
-17404
6926
-11248
-2514
-16364
3350
-13256
13597
-12236
4090
-7156
-1537
-14336
-2081
-12260
-2529
-5120
-4103
-17364
-7
-8140
-5879
-3044
-4848
-2016
-6192
-4036
999
-7140
-749
-10204
-6153
-3048
4066
1048
1517
-18196
-2866
-6920
-7468
-4076
5375
-6128
4376
-996
-2781
-6920
4352
-4868
-3049
-16372
11765
-9168
-11490
-8176
3834
-9176
8948
-1992
10757
-7108
4883
7208
-14067
-15352
1755
-10204
-11786
7200
-1802
-9184
-2562
-11224
4876
-15348
4885
-15312
1588
-7104
-1505
-5904
4338
-7160
-6903
-6092
-6664
-16304
4608
-996
-2809
-6132
-9495
-4048
-1569
-9188
-3614
-8168
3062
-13288
-6141
-8168
2818
-7144
-4088
4128
-3099
-16136
-2346
-8132
16158
-12264
-8941
-12080
-6663
-23280
-1017
-9172
-529
-7136
493
-7940
-4869
-8160
1284
-10004
1282
-7152
-2551
-3040
-1535
-8124
-1302
-13276
4319
12
5679
-4076
-1302
-11248
-4569
-6140
1528
-12260
1275
-18420
-1539
-11236
-6927
-10232
-2571
-17392
-3841
-16340
-3888
-4064
-715
-11236
-4097
-13252
-3033
-3028
-7381
-9176
-1504
-9180
2295
1044
-3341
1044
805
4132
-2066
-4048
-757
-9180
1306
-7132
1305
-6112
-9450
-16336
-1534
-12288
6665
-9196
2051
-7136
525
-9192
-4
-4092
-5110
-10204
-10231
-7944
1553
-15316
-2299
-4868
1554
-6116
2795
-17368
1317
-11236
-4854
-13256
766
-15348
11790
20480
-10250
-21484
4857
-4088
1839
-7132
10504
-11232
1018
-12216
2056
-8156
3317
-4080
-2083
-9184
31
-14312
788
-9988
8713
-4084
-9460
-8112
-5616
-2020
-6896
-3064
5626
-9204
-3842
5152
-8194
-12248
2828
-4084
-21363
-6096
-9687
-10208
2039
-11224
-5879
-5080
9979
24
6647
-14304
-14357
-11216
2030
-6104
6170
-6112
-1010
-8152
3101
4120
-10483
-2020
-3327
3132
-744
-1008
7932
-19416
-8718
-4064
-2296
2116
-7932
-5052
8
-8176
7956
-8180
-2333
-9180
6616
-15316
-11556
-18356
11033
-5072
-532
-2004
3097
-4064
1270
-10188
521
-10176
-2305
-4060
4883
-3072
4344
-15108
-747
-16348
2031
-5080
-1788
-4088
7909
-12044
-5087
-14296
8990
-4880
11237
-17368
-501
-7124
-9977
52
4879
-5072
12528
-14332
1028
-9200
14836
-10200
-3359
-8964
-5362
-13292
-1031
-12272
2568
9232
2567
-10180
4859
-4052
-1017
-1024
5874
-4080
-2046
-6136
3873
-3052
-5139
-2020
-3839
4148
470
-9988
-3030
-980
4358
-5064
-2819
2135
-1785
-4064
17176
-1804
-2548
-3036
1289
-11240
-5390
-19432
-1790
-2020
5381
-17352
-3304
2088
3866
-10192
-1261
-5100
3350
-10220
-5121
-3052
3866
-14320
-8973
-7144
-1781
-4096
-5399
-12228
8173
-2012
9469
-10208
4341
-7144
-1549
24
271
-11012
-13577
-8972
1275
4112
-6631
-9188
7469
-5080
-1263
0
4106
-5112
-6139
-6140
-3053
-5092
6367
-2048
-6161
-9188
11547
20
-2542
-13272
12815
-14312
-540
4132
-3317
-12220
-3345
-7164
4851
-972
514
-14300
5649
-1992
9462
-10196
-5914
-12288
2049
-4056
-4367
4112
-2076
-9988
-7165
-8968
-6914
-11224
-6922
-11032
9976
-7940
1532
-9129
-544
-14084
-3308
-4056
2791
-2028
3865
-968
-4880
-5088
-6164
1064
510
1088
1258
56
-4376
-10180
-6124
-10153
-550
-2040
-1546
-776
-1794
1056
-1021
-3044
10757
-976
2296
-21260
-5882
-5088
-802
-9196
1820
-2020
8445
-6140
-4371
-4096
-271
-11252
5125
-7152
1794
-2824
-8941
-8176
5916
-10232
2819
-16368
8482
-16356
1303
-10224
4867
-9188
-7132
-16364
-40
1064
8934
-8144
-10966
-9188
1027
-14249
-17147
-15336
5914
-18428
-5638
-8176
3559
-4072
1304
-12288
273
-10216
-3061
-4064
8454
-2020
6159
-960
11556
-9164
5133
-8148
6932
-772
7419
-8152
-5128
-2044
10987
-7112
-3835
-10212
6394
-7116
-5885
1076
3845
7184
-3342
-4009
3846
-12248
-3331
-2032
-4076
-9172
7420
-7140
220
-8136
7651
64
-3047
-4080
-9462
-16324
-1539
-4064
2026
-6116
-261
-7120
11500
-9200
4115
-2040
-3605
-14328
288
-9188
-3082
-7152
1268
1060
1823
-11244
-1793
-15300
4618
-4068
8933
-17340
4331
1104
-9490
-1804
1025
12
-1780
-2008
-5667
-11208
-1282
-12036
-1282
-10228
-10501
-11264
-2068
-11024
4358
-5092
768
-5108
3063
-9200
-1768
-11012
-1030
5136
785
-10232
-266
-10224
3339
-2860
504
-14280
765
-8172
-5639
-20444
-1007
-5076
-5144
-9196
-1855
-8144
-4642
-6924
-1297
-8144
7915
-1996
5148
-6144
3609
-9216
533
-6120
4625
-10004
-6937
-8160
5628
-9180
8165
-6116
-9460
-23232
-7187
-6136
5376
-5068
1540
-8172
-1801
-7144
-2305
-15280
-11251
-10224
-2843
-992
-6921
-15328
-17156
-5092
4074
12
9209
-2000
-8178
6164
-4864
-12284
-2017
-16328
-7446
-11256
-13093
-2004
7221
-16372
2038
-13300
5378
-2036
780
-11228
4096
-10224
-235
-6116
-14370
-7156
-7173
-3028
507
-17160
9218
-16336
-2831
-9200
2239
-8136
15
-7140
7669
-14276
13799
-2028
-9716
-13272
-264
-1816
-3296
-6924
-5369
-5100
-2296
-5072
6137
44
5148
-13288
-1029
-20412
-275
-7164
985
-10236
7699
-10240
-2579
-15332
-785
-2832
27
-18416
3346
-12272
10240
-4048
-7176
-4056
4342
-21496
11499
-14288
-8666
-19204
9216
-18333
-5889
2088
-5641
-21464
4124
-4060
8174
-15316
2820
-12189
-7147
-10216
-2829
-4084
216
-6136
-6142
-6112
-4109
-984
258
-6120
3355
-8964
-3046
-7088
4371
-9160
4824
-22256
532
1096
18419
-6916
-6681
-8988
6144
-20448
-2817
-6928
2575
-12272
-11020
-9212
3824
-11212
13847
-12288
10988
-13304
8692
-9208
5892
-1800
14072
-10188
-3832
-4880
-7690
-988
-279
-7140
2022
-10208
9197
4104
-3610
-2048
5343
-16340
6151
-4076
5393
-7140
9224
-3068
2318
1088
-11789
-8184
-2288
-15344
-253
-8152
-5392
5144
4601
-9176
-4644
-8180
-2046
8216
-7188
-11236
-1027
-7152
7957
-9184
-7949
-2032
4880
-25328
4112
-2020
-5923
-4048
-3353
-3060
-533
-5072
-245
-7140
-1297
-7136
-7148
-9164
-7690
-14284
-771
-5088
-1250
-1024
1011
-7152
-230
-6076
10747
7172
-4631
-5064
520
5140
5641
-2040
-519
-5892
-2307
-1012
-6135
-6100
-5630
-3064
-2026
32
3813
-3040
12022
5124
6932
-13272
-5389
-7108
-7442
-11248
-6123
-2828
1311
-9200
4073
5372
2581
-11236
1294
-14328
-9734
-4068
-515
-7128
11038
1080
2806
-7152
-6139
28
8476
-11204
28
-15360
3077
-9184
4897
-9168
-3855
-6136
6936
2056
-8436
-12264
1008
-13296
2816
-2032
7687
-2000
9736
-14292
2307
60
-5889
-25304
8451
-3048
2352
-4048
-522
-4060
23776
-8172
-2059
-5092
-5131
-2020
-1809
-7152
2585
-5116
-1557
-10200
7446
-13268
-4088
-7980
2057
-3028
-252
-14292
7667
-3024
-9499
-7128
-2330
-5092
7408
-10232
789
36
-1776
-13072
5930
-6084
1999
-9188
4619
-6124
-5630
8260
7429
-7120
-1029
-15348
1767
1272
7734
-11204
-4117
-7136
4378
-4052
-7956
-10184
-5133
-18432
-3359
-11256
-2809
-2044
-3583
-11224
-1274
-8124
4614
1044
-4109
-13296
1292
28
-3306
-4064
-3072
-776
7691
-11224
-3831
-9176
3576
-964
2296
-988
-9207
-5072
770
-19424
-1292
-4092
2536
-8140
-9469
-2820
8990
1084
9219
-10232
-1024
-7144
-3590
-2024
5415
-10196
1052
-9200
-4644
-7144
-8947
-1004
-1015
-3032
3574
-10000
2330
-17396
-522
-13272
-3081
-4868
12820
-6108
-1295
-9152
2833
-10200
-768
-2832
-1537
-4036
2014
-776
-9467
-984
-7162
-15320
4349
-11252
531
-5060
-2542
-12224
-496
-956
4597
-7112
-1309
-13276
7678
1060
-7674
-25284
9961
-1024
1278
-11196
-4323
-15304
2030
-4080
12030
-7152
-2086
-11204
9453
-1000
2335
-6120
8198
-8112
2284
-8188
-6358
-8132
13784
-9208
3294
-10208
1314
-9176
-3836
40
-3851
-5088
-5617
-9212
-2868
-5096
-1566
-4044
1523
-4876
-1796
-9992
3069
-1992
-5638
-11028
-1761
-8144
4326
-4044
-4883
-16368
-281
-11212
247
-6104
-14862
-10236
-4333
1080
5107
-12248
-2566
-5108
3331
-7128
-1561
-11212
-760
40
7202
-2032
-1282
-8176
-2289
-992
5602
-9184
2818
-17164
5374
-4040
2057
-9204
1546
-3844
2296
-4024
5107
-4072
2856
-13292
6387
-9208
-241
-14328
5613
-12248
1781
-6108
-1798
-4876
8483
-6112
-1810
-6132
525
2072
3300
-4048
-794
-4076
271
-10176
6934
-11212
-4112
1036
-10524
-10236
6118
-11012
2834
-11240
1296
-11228
1243
-6108
7
-9180
2041
-9204
5364
-20444
-9775
3100
8755
-8184
-2797
-2008
3052
-2012
-3063
-6136
-7154
-4088
-4103
-1996
3611
4132
6374
-8152
-6106
-3064
11004
-16384
7693
-11256
3548
-9184
2814
-15304
-5634
-12244
7928
-7124
3595
-8188
-5396
-16384
16884
-6124
-12046
-9172
-4352
2076
-507
-2016
255
-7136
-3804
-14288
4369
-4072
-247
7184
2039
-17340
-1541
-5072
3874
-6132
485
-960
4597
-1020
-1000
-5104
5874
-2028
6410
-4868
-1549
-14304
5142
-14304
-790
-10192
1045
-10200
-6
-7948
-8191
-2828
229
-6096
-2044
-8184
4067
-3052
-9178
-8172
9743
-11212
-2254
-8188
6642
-13280
-2319
-13312
13321
-9208
-3378
-1992
-7404
-16380
-1026
-6112
497
-13292
5072
-9216
-6865
2048
-263
-8144
1801
-8152
-1278
12
1806
-10176
-1014
-15340
5651
-5064
4377
-12232
-6169
-16356
534
-6116
-26
-2048
15877
3084
2325
2088
1994
-8964
1535
7216
-2033
-7140
-7167
-7144
-3874
76
5120
-2016
-801
-5092
-3352
-4072
3611
-4080
5115
-17376
272
2052
2045
-18416
1511
2064
4364
-6916
9730
-8116
2788
-8152
6420
-14300
-280
-9212
-8478
-2016
2545
-16356
215
-4044
2798
-13308
-756
