-9144
3327
-14296
-8723
-1992
-7985
-5120
16640
-15344
3871
-5048
-1531
-19420
1275
-5096
-5848
-6116
-1542
-7120
-2314
-8192
25
-8156
-3304
-5088
5849
-7128
499
-17356
-6412
-8160
-748
-10224
-5670
-8184
8683
-8180
3072
-5084
3094
-10180
-4621
1044
-1807
-9172
1267
-11196
2561
-10168
5617
-1008
-5370
-3052
5143
-16340
-10983
1064
4366
-9184
-5394
-5096
-1022
-13308
-1000
-10216
10745
-12268
3573
-10220
-1529
-5100
2044
-11236
1809
-10024
768
-7152
-8449
-10216
784
-11232
-6134
-10220
5400
-7140
-792
-10208
-1518
-15304
3817
-15320
2054
-996
6380
1064
-4855
-14284
-1505
-15332
-3054
-11240
-3323
-5052
3567
-21480
-9996
-7132
1017
-9136
3345
56
4111
-16368
-790
-14264
-21534
-4080
-269
-14280
12802
-4088
2039
-4052
10518
-8156
-2548
72
12769
-8112
-2558
-20456
5108
-16348
-15639
-6076
-5360
-13300
-3873
-9200
-980
-6124
1789
-5108
4343
-10208
-4596
-14316
7179
-12264
-772
-5108
-9964
-988
3334
-10228
2017
-988
-2539
-12264
-1016
-16340
1029
-17388
-6412
-13264
255
-9988
7160
-13304
7178
-10176
-9487
-3048
992
3080
-1809
-3032
-3314
3096
-6609
-6128
-753
-4088
3611
-20428
-5095
8236
4903
-3056
3301
-2008
6679
-23276
-5078
56
3038
3108
-7153
4100
1803
-8192
-1538
-19456
1022
-6120
984
-5096
-1775
-8188
511
-17376
4648
-5072
9982
-11256
9478
-6928
-3047
-7124
2308
-3004
12070
-6140
-14313
-5088
-2590
-14264
-8962
-16336
5118
-5072
-6387
-2028
-1507
1052
35
-7132
-2329
-11012
10252
-18368
-500
-7168
2867
-6100
2568
-14288
-1513
-6916
513
-10208
2578
-11236
254
-10232
9933
-11264
254
-13312
6437
-5084
-2286
2064
-8192
-5088
3572
-5120
-2064
-5021
5347
-9188
12283
-8140
-4607
-9180
5879
-8164
-2315
-7108
5126
-4056
-7161
-6100
-15122
4132
-14640
-3032
12560
3096
-5629
-4876
-3094
-3048
1295
5144
3078
-19452
10501
8
12302
-996
4075
-12252
-4903
-15336
-4081
-11228
-9238
-18404
5102
-12228
1030
-4872
2802
-4080
-252
-16360
-3603
-3016
2561
-7124
-3036
-6096
9725
-10204
8142
-5084
-6382
-16324
-4317
-13288
-4341
16
-1808
-6116
1770
-11216
4369
-14252
3569
-13304
8700
-6072
9752
-5104
-8677
-10188
-7163
-9188
1776
-5100
-1269
-9192
-520
-6104
-8975
-1004
-16624
-3068
-3338
1028
-1776
-9208
-9973
-13292
-5128
-10204
-5104
-1024
267
-17344
1036
-4088
-1594
-21488
7406
-18384
-5114
-3052
-1035
-8160
-816
-4052
-10224
-10220
-4089
14364
10246
-17368
-522
-13264
1535
-8968
-7919
-5092
14592
-3024
7922
-8164
-9227
-8140
2359
-6104
10224
-14084
6886
-8184
-2067
-11224
-2812
-1024
2835
2084
-215
-4052
522
1032
-4899
1040
1565
28
-524
-11204
-276
-14312
2820
-14324
-9955
-11228
13558
-3064
-264
-6096
6430
-12228
-7458
5160
6396
-11248
781
-2000
7973
-7148
2572
-8140
-5654
-6080
6646
-8980
-10759
-13264
-4603
-2004
8704
-2036
9450
-16352
3577
-14316
7694
-12224
-5896
-18432
-2573
-9180
7962
-14320
262
-9188
756
-13256
-10012
-12252
1776
12308
-6142
-6108
2308
-5056
-2267
-14316
6903
-3072
5905
-5108
-4095
-8164
-2338
-4032
-9967
-8156
-6137
-8192
496
-8180
-4855
-2016
-2546
-16324
-6152
36
-3877
-12256
-2040
-15356
492
28
-4046
4156
5632
-11260
228
2092
-4109
-964
2074
-15332
7655
-6112
6142
-10192
-4358
-6084
-1317
-8156
-736
-6924
6152
-15320
-3340
-13312
-5617
-19404
-1277
-11220
758
-6108
13788
-14260
-496
-2032
-489
-7120
1046
-2048
2830
-11032
-8955
-7092
-4869
-5112
561
-2044
6946
-4096
4113
6200
-2558
-7120
-3582
-8168
2270
4112
761
-8160
3292
-15116
5911
-3036
4369
-9184
1820
-12256
745
-6932
-4867
60
2035
-6112
3632
-7156
-11278
-8164
7929
-5084
1053
-9176
-2333
-13252
9462
-6128
-21834
-3028
3820
-1020
5902
-9184
2044
-7112
8455
8236
-490
-14300
-6895
-9188
12262
-13264
-6672
-7140
3330
-7144
-3333
11512
4626
-10196
-7947
7196
-250
-4076
272
-4072
8453
-11240
-3073
-1004
262
5128
4602
-4084
2814
-4088
3587
-7132
512
-11208
-2298
-5088
5645
1056
761
-9184
-266
-13280
4091
-10048
-291
-11252
3561
-3020
-755
-12264
2062
-976
11761
-9188
4379
-10232
-1750
-13308
3338
-9164
-8456
-9148
4329
-14332
-5885
-2016
-2808
-12044
-239
-2032
-9447
-2040
2840
1100
6166
-13300
2276
-7088
-9
-9176
-4354
-13248
-4871
40
2815
-9176
1282
-10212
5865
-4872
2539
-17364
-8501
-10200
465
-996
6147
-21456
-992
-17396
9476
-17340
-5902
-8160
7175
-5068
3315
-10153
-508
-12236
-18421
-10224
-6161
-8176
6369
-10180
-2046
-14312
-5638
-18400
-9226
1040
7962
-1984
-2805
1044
-1258
-12248
1284
-8160
-5123
-11240
-511
-3060
6909
-13276
2049
-17380
-2082
-3056
3339
-1988
5606
1268
5384
-17156
-6674
-4868
-4597
-20464
212
-3044
-4869
-6096
4860
-8168
-2526
-6096
2292
-9144
994
-6924
-4589
-12036
242
-4084
-7418
2052
-12
11312
1576
-10184
-1043
-16368
1791
-1996
8666
-8164
5080
-9188
277
-17360
-2598
-10216
-7923
-12044
3081
32
-6113
-9988
5138
-13256
1810
-6928
713
-5912
2302
-7160
2035
-9208
12751
-17360
-3821
-11244
749
-11196
3321
-5100
-14
-4076
8690
-11224
2067
1260
-3828
44
5624
-13256
3850
-8192
4064
-9176
6133
-7160
1049
-9200
-2050
-8968
5873
-8144
1275
-8176
-1271
-7168
2559
-12268
-1059
-17344
-1810
-11216
-4112
-9156
2013
-15324
-3372
-8148
-2046
7259
8469
-3040
-2314
-9168
-7449
-12228
2834
-9188
-4333
-7140
7386
-4072
1792
-16352
7946
-964
-464
2100
-251
-10224
-4872
-5116
3561
-12272
-8704
-10224
3046
-11216
6875
-6144
5921
-10212
-1259
-19440
8204
-2016
279
1024
-2048
-13064
-5124
-8180
1031
-19416
6651
-11232
1529
24
-499
-17404
5895
-6084
-8174
3128
-1050
-17384
-3105
-6116
8724
-8148
2093
-6120
10773
-11244
-1275
-4080
-1551
-4072
-2064
-8184
998
-8132
-503
-13300
7618
-12240
-3813
-1016
3632
-2036
5131
1044
-2810
-13284
-760
8
17132
-6088
3343
-15352
488
-2016
-5376
-2024
5855
-3056
4603
-11208
-13295
-8972
7186
-13304
-527
-6916
-1576
-15336
-1250
-14280
-2303
-4084
-211
-6088
2848
-21440
235
-2016
-5875
-3032
-5137
-9172
27
-14284
-8714
-3044
-1559
-6120
2302
-4056
-7411
-12244
4100
-15292
-13800
-4056
214
-13312
-231
-18392
7665
-6124
4872
-8168
2033
-6104
-5625
-12276
-14873
-12240
-3310
-11204
2828
2108
5604
-9196
-10229
-13064
512
-11264
-1794
-9184
-4067
-9180
-7439
-12236
-487
-1020
531
-9152
-4861
-3052
7419
-3872
1549
-9208
3835
36
-2832
-5104
-4109
-6104
3071
1052
10234
-772
1020
-11208
4098
-22236
6640
-12036
810
-8148
3540
-10212
246
-3036
1315
-4056
10212
-12036
-2054
-10220
-8719
-2040
-7392
12528
-1052
-4080
7198
-18420
-3355
-12276
1537
-6112
4833
-10204
8440
-8156
-271
-11224
-5126
-12264
1550
4128
4087
-13228
-2319
-5092
6449
-10012
7187
-8148
-5
-14300
3579
6192
9257
-14268
1779
-14304
-2579
-12216
2580
-8172
6416
-15328
-7142
-8152
1263
52
5115
-6120
-3366
-6136
-9741
-7132
-768
-6120
-4857
-2012
9999
-8164
4639
-13296
-7421
248
1296
-3844
-6931
-13072
-17660
48
-6624
-8188
-7941
-2048
10766
-19408
-8958
-11240
12284
3116
-2571
-16148
-13293
4148
-5636
-12268
-1300
-7156
-295
-12036
525
-11220
-5390
-6920
4351
-12244
-2343
-3052
-6937
1044
-2070
-6108
4613
-2036
-3565
-5112
552
-9212
-1288
-964
-3841
-8144
-3062
-7136
12067
-9192
-764
-8152
-6144
-11228
4666
-6096
4361
3076
-738
-15316
-289
-11232
-7441
-9196
-5111
-12244
522
-10192
9218
-6128
-5843
-7112
532
-5080
7709
-1016
-277
-10200
770
-12284
5655
-15352
5657
4112
-2321
-13272
2081
-6924
-4591
-12252
3058
-6112
778
-11224
1749
-10172
3364
-8168
-9690
-11200
-4083
-8192
-4096
-6128
5893
-11020
-1820
7196
-1550
1044
484
-8180
2056
-9188
-12037
-7124
1273
-14312
249
-9184
-3583
-10228
-2299
-2000
-8735
-4060
-2043
-976
-4106
-11224
-11237
-12204
1011
-10012
-1049
-14288
6108
-10180
1800
-20452
1783
-11264
-2069
7180
7150
-10220
-2794
-8144
-7984
-1804
-2577
-11236
2554
-2032
-543
-3000
991
-1000
4100
-6108
-1749
28
-3065
2056
-238
-8152
9225
-10216
-5893
-3844
-1293
-13308
-4322
-13276
-1013
-6128
-786
-3040
-229
-10196
-7664
-12264
-1517
-15304
-7654
-2024
-5910
-15108
-4371
1036
3558
-16340
9223
-7148
-7461
-9180
-9973
-15140
-5114
-12220
-2825
1068
-5615
-9184
10527
-10192
-1005
1072
487
-16300
-4368
-13248
6627
-6088
-721
-10208
-3338
-976
-13589
-18392
1517
-4032
-1503
2104
1239
-5892
-242
-12284
-2280
-13284
-4884
-4056
-531
-9148
-2051
-18428
7
-6128
-1025
-4072
1534
-15340
-4871
-976
-7402
-17384
780
-13260
-512
-2012
-2816
-8156
-2521
-6100
1554
-4064
-3591
-5092
-5369
-3056
-4314
-14304
5372
-17368
3327
-6084
1833
-5096
-781
-5100
4088
-8172
-3070
-6108
-3079
1268
2566
-6108
781
-9176
-5142
-11248
4614
48
-1017
-776
-4344
36
13804
-10204
3581
-8136
766
-2020
-249
-9184
-4327
-9196
6149
-6916
10494
-2008
8470
-3040
-5373
-16352
-6923
52
4620
-17404
-2836
-11256
-5124
-16356
7948
-976
5379
-3072
-3830
-14304
10502
-13300
1545
-15336
-1799
-10216
-3565
-4068
-8146
-10184
-3061
-10220
1788
3084
3825
-8976
-4853
-13260
2856
-3844
-1021
-9180
473
-7128
-783
3092
-535
3124
1811
-6116
14076
-929
-217
-1008
-6647
-12264
1548
-3052
7163
-10024
8182
-10176
6654
-7156
726
-6120
-3314
1068
-1044
-6084
2822
-7144
-10250
-5904
7705
-2044
-519
-2016
2537
-11260
2061
-8156
6388
-964
2035
-5096
-3867
-4064
-6903
-1012
-3327
-12052
-4302
-1024
5628
-7144
-10255
-1012
3096
-6116
-6431
-3072
-2306
-4072
1
-4056
-2304
-6084
6939
-11192
-3844
4144
-4396
-11200
265
-11028
-3115
-14300
-991
-11232
2576
-7140
1285
-9164
14068
1028
-1035
-15288
975
-13292
-12035
-13268
-6650
-3008
3317
-8180
1786
-8164
-15140
-13312
3577
68
5096
-5084
6895
-8160
-6907
4120
2292
-10216
11266
-960
-2272
-18396
-5115
-14092
-7186
-13268
-9717
-17324
9460
-6084
5148
-8144
2804
-6948
-5393
-2028
-5891
-6068
4340
-8160
9802
-9184
-3827
-4052
-1337
-11212
3337
-10216
-1794
-13304
2581
-10192
-2570
-13060
-7942
9220
7885
-10204
-3302
-10200
256
-980
-522
-14320
4634
-9188
-7198
-17384
2796
1044
-7655
-6100
3345
-11024
-6705
-2036
484
-4028
-2584
-4052
-5413
-5928
-1801
-14316
5
-7120
-6952
-11252
15628
-6116
-4322
-10240
-2032
-2000
-3858
-4868
6144
-13292
-5624
-11212
-7187
-13308
504
-10204
8982
40
4618
5164
1031
-4088
-1774
-17356
14097
-3068
4364
-17372
3859
3112
3610
-11192
-14569
-11244
1018
-9204
-1270
-20444
-5147
-15340
4607
-3056
2848
-16324
8430
-16344
2822
-3036
-4059
-12256
-781
-7164
11012
-12260
498
-14268
757
4132
531
-6124
-747
-1024
-216
-3032
-1045
-15316
3056
-4040
-12503
-8168
3611
-18384
-2562
-13276
-3588
-11232
-10217
-14308
511
-8172
5132
-7148
-5670
-6136
-1563
-12280
-15067
-5092
8673
-9160
3356
-9180
-289
-15316
-275
-3004
8985
-15324
5920
-6104
-526
-24280
-10500
-9192
-1026
-17396
-13053
-5052
2041
-772
-4593
-10228
11235
-3012
520
-7168
755
-18416
-5121
-2012
-2006
-996
-4823
-6108
5894
-5080
5361
2064
-763
-5072
-793
3096
1294
-9200
-3577
32
2548
-11016
-264
-14316
526
-8156
4338
-14288
-1783
-15332
-9196
-15300
3344
1084
-5598
-14288
1522
-9208
-4554
-5092
6664
-5104
-494
-4056
2569
-15324
-3084
-15340
9230
-968
-8728
-2048
5363
-2820
-2049
1024
10748
9248
2550
2132
8706
-1000
-4125
-10192
-16
-4056
-6153
-9204
4871
-11256
-9732
-11248
2069
-10204
3582
2060
1310
-10200
-2070
-12248
-15091
-10228
5365
-14324
-1033
-8152
2035
-12276
-4
-7116
269
-10216
8956
-996
3078
4128
-8997
-7124
3592
-7077
-7444
-992
-2038
-9144
5121
-16372
-8675
-19416
9450
-7128
-4851
-8168
7207
-10224
-10994
-7140
1295
-4036
-5691
-7156
-2322
-2824
-1267
-988
-262
2100
-6632
7204
-1556
-1004
-988
-10004
2519
-10204
8496
-4088
-1264
-6092
-3572
-2832
1286
-5088
-15392
-17372
-6925
-4036
4120
-12068
3313
-1012
1782
-14328
16633
-8160
10470
-2024
228
-12240
13531
-3056
-1768
-8156
8709
-8156
-6389
-11244
-1808
-4060
-9463
-14304
1290
-15344
6128
-17400
-267
-8192
2806
-9212
10002
-2000
1019
-9188
1315
-5092
-2055
-8184
7669
-13292
2793
-11224
-2571
-5068
1015
1096
3856
1068
-4352
-12284
-3581
-7144
3590
-13284
-1804
2072
4809
-2992
-6955
-996
3119
-20452
1508
-15312
3
-5096
-2805
-3056
-3313
-9172
1014
-9164
259
-4060
-3820
-5080
6647
-4060
5908
-14268
5
-18384
3839
-6092
4856
-16344
1056
-17156
-7409
-12260
-4852
-3052
-6706
-1004
6401
3108
-3834
-8140
9708
-13304
10742
-6076
3084
-7156
-6671
-20228
5119
-11036
-5907
-988
4833
-4060
4625
-9176
-4351
-12264
769
-13276
1253
-3864
5151
1080
-12553
-3032
8429
-18208
-4069
-11240
-3833
-20460
-2812
-13276
-6113
-7132
2797
-9988
3330
-8152
1308
-9212
-3810
-2040
-3071
-23248
-3087
-8156
-253
-7132
-3797
-13072
-3578
-1800
-2076
-8152
-6395
-10216
1242
-7112
4339
-14332
-12797
-7156
1572
-13284
1260
-15352
5903
-17368
13321
-6108
-5121
-9996
1232
-6116
4576
-5092
-3601
-5080
11558
-19408
-5384
-3056
6665
-10204
3855
-5108
-3866
-5064
-2258
-3052
2583
-10224
-3825
-4876
2304
7220
-4603
-1012
753
-13288
-4114
-16368
-8187
-6100
-3838
-13308
0
-6144
5615
-6096
205
-7152
2299
-988
8486
-16316
-11807
7216
-12303
-2820
2544
-15348
-4606
-5116
-3354
1028
4131
5144
1998
-7132
-5137
-14324
1811
-12276
4351
-2016
745
12
7422
-14316
-10518
-6920
4839
-6104
2047
-15356
-3080
-7152
-3293
-9176
5885
-11016
-2288
4116
2543
-6100
5338
-6088
2787
-5108
-9741
-1004
-1526
-19432
-3855
-9188
5865
-2040
1317
-7120
10449
-15352
-6945
-11224
-2851
-16380
-10266
-2036
-2813
-7077
1521
-16344
-11
44
8687
-3852
267
-11200
9753
-6100
-3831
-8156
10271
-9988
-727
-14332
-3330
-14304
994
-5060
-7398
-2828
-2817
-14292
2793
-3008
6368
-4084
-13305
-13244
-6147
1036
5368
-15336
-4050
-984
1024
-13276
-8717
24
3347
-12268
4595
-4044
2551
-7120
5875
-3844
6144
-1820
2335
-4056
1013
-10200
-5137
-4056
-6145
-10208
-8941
-5072
-3553
-8184
9716
-3068
-8971
-8192
-12525
-2016
-4
-8160
-7664
3108
-12310
-11016
7407
-8164
-5394
-2000
-1274
-5104
-3064
2076
5334
-17388
-1014
-12280
-3097
-11244
-6374
-4060
-502
-9180
-1038
-3052
6383
-8160
1051
-9200
-1063
-10200
-2076
-2008
-2050
-4056
-1306
1272
2844
-10172
-4614
-4880
9451
-2020
2576
-9168
2580
-10232
2057
-5084
10753
-13240
-3828
-2032
7919
-1020
5945
1048
2804
-17388
4871
24
-5323
-11228
-1832
-9192
4318
-3020
-13311
2100
-767
-3044
-4332
-7124
-752
-10236
3350
-1020
-13596
-9164
7425
-5096
8208
-6112
-1303
48
-5109
-1988
-508
-16360
1270
-4060
11741
-3028
-5418
-20460
-8472
-11244
3836
-4044
-1302
-8164
-6435
-5076
2032
-6132
3578
9288
7703
-11228
-7175
-5904
-3564
-6100
5892
-8164
-7688
-10204
14312
-11240
-2068
-7168
-2045
-4872
-2746
1060
-8225
-5072
-7958
-10240
-2065
-15340
6920
-9204
-6136
-12252
1813
-3844
7688
-12208
-508
-13304
5880
-11208
239
-8184
-5872
-4044
-262
-7148
4625
5128
-1555
-14316
527
-4080
-6426
-7948
-6152
-6088
-270
-5100
-3846
-11184
-243
-3036
8169
-8152
-1046
-9208
-6642
-4060
-5687
-12252
-7124
-3024
10790
-18380
4097
2300
1544
-8188
11263
-10196
-4630
-6132
11032
-5068
2260
-6120
-2802
-10224
5102
-5052
5375
-16328
-2538
-7132
-1799
-13260
2053
-4056
-8703
-8160
-5882
-9152
-10999
-10224
4359
-11236
7959
-3020
-4850
-3056
276
-12185
5878
-14328
4345
-12260
4836
-5076
2840
-8148
-3094
-4096
-269
-4068
8962
-14084
-2833
-9144
5350
-14296
-2309
-8140
-761
3096
-3078
-4052
-1282
-11216
502
-13304
3839
-9996
3580
-23032
747
-4048
4853
5148
-8950
-3064
15869
-14316
-509
-13268
2306
-8156
-7404
-5080
-9747
-5092
4365
-12260
3839
-3024
9722
-2036
-490
-2016
8194
-6140
1027
-8964
4361
-14316
265
-5088
15349
-7112
-1251
-13272
-4080
-17352
-523
-11240
7954
-1008
1282
-9140
8468
-9176
-2058
-11216
4849
-12220
-6138
-11252
2316
5136
5364
-4068
1815
1060
-6676
-5096
-4597
-7128
-1545
-14276
5662
3088
-745
-5112
-2300
-772
1018
2076
-276
-7100
-6928
-4080
-6934
-8184
-3584
-7120
-12768
-11012
-239
-6084
-1561
-10168
8458
-1004
4839
-3844
1786
-7136
3577
-4052
-6432
-15292
-505
-18416
2028
52
5638
-7164
4913
-10212
-3557
3144
9513
-4044
2315
-13296
-4862
-10220
-9722
-15312
6142
-14304
-511
-17344
-12599
-5116
-5381
-7132
4351
-2028
2577
-3056
2294
-7144
6139
-5100
-3283
-16328
4858
-9176
-1276
-12240
-3062
-1988
15896
-8992
-790
-11232
-8483
-3036
1787
-11248
3858
-5108
-758
-7128
-5371
-4028
-272
-9216
-466
-7160
-3082
-7152
3603
-988
-1794
-7940
5097
-5080
7686
-7124
2552
-4060
7917
-5896
10524
-1996
-3805
-14284
4094
-13300
2020
-15296
3068
-4084
-4089
-14312
7944
6388
-2788
-2048
-15876
1036
-7155
-14316
16
-4076
-17
-5108
2291
-3036
1785
-956
-3587
-5108
4087
-6120
480
-6120
-7434
-6120
13274
-15344
3336
-9184
3055
-10208
-1542
-8144
-8462
1032
-5911
-3072
6668
-22236
-4871
-13064
13824
1092
10747
-10180
8983
-6096
4612
-9196
1029
-22264
764
-3036
2324
-2016
7677
-14260
-2554
-12248
-5900
-13284
521
-3068
-763
44
2837
-10212
2820
-8184
8932
-13272
-3884
-16360
-3852
-3068
-1547
-11204
-3826
-16336
7143
-992
5903
-11220
-12580
-4876
256
2092
2248
-6132
-2300
-3856
-2565
12
-263
-1992
-8164
-12264
254
-4068
-5342
-7108
-9717
-21444
-1277
-9208
-5878
-6100
-1040
-12236
-1782
-17356
770
-12244
4593
-11204
-3522
-4080
-2328
-18424
7450
-9176
-9765
-7164
-794
1040
759
-2988
-9481
-9176
-490
-8172
1527
-1000
-2542
-7140
-5867
-12264
-12
-12256
2797
-7132
-9455
-11016
259
-17392
-9777
-5112
-6393
-5060
1522
-7116
4343
-5080
4100
4148
-3073
-11228
3102
-11252
2051
-1804
1031
-12256
13102
-2004
-10237
3116
1541
-6112
-2565
3084
-3846
-9164
5890
-8144
1782
-9204
-3609
2104
3054
4336
-5638
-16364
-2579
-6124
7682
-3868
-3566
-8180
-6171
-3028
-8440
-12256
-8957
-7156
559
-4056
6416
-8160
4608
-5100
1789
-5076
2591
-3024
-1259
-3856
1502
-10196
-12819
-14304
1268
-7140
-7682
-4064
751
-5072
2291
-7124
1513
-6100
-4843
-8136
-1807
2056
8713
-11248
-764
-20428
509
-7148
6904
-784
2837
-13260
-1027
-4032
250
-10192
-2566
-4020
777
-1812
5373
-11200
4109
-9208
-4097
-6104
-6693
-5092
-761
-13244
-1024
-7940
4892
-8172
1550
-776
-6669
-5084
4079
-14332
-2555
-13276
12018
-4044
-2577
10276
1251
-7148
13549
-18416
513
-772
4086
-16336
10234
-16364
1030
-9196
-10785
-5040
-6661
-3040
-1262
-5100
-6650
-11240
2795
-984
-4653
-2028
-6661
64
2528
-4092
-2046
-3068
-1291
-15352
-8970
-13276
3337
-10196
-7185
-7148
13307
3076
-9679
-14316
-7406
-12264
13814
-5104
8424
-2048
-286
-4064
-770
-1812
2055
-4060
-6379
-6100
5682
-5068
-3876
-4068
-1010
-7108
-13307
-7120
10749
-9168
8436
-6120
-4614
-16372
-5158
8256
-7416
-9148
3821
-15344
2819
-3020
7175
-15336
-2595
-1020
3055
-2040
3611
-3032
1535
-12236
-1018
-8152
-1030
-952
5390
-18400
-9978
-12280
-3071
-17392
6167
8
3804
-3036
-1784
-13268
-2277
-7152
12040
1076
-14837
-11224
7385
-8148
1059
-10208
-1010
-3004
8932
-4056
1564
-15280
-4610
-7100
-492
36
-2071
-8172
3844
-8144
2071
4108
6132
-8152
1030
-12232
-2045
-16316
2041
-5096
1550
-8172
-3367
-7140
-991
-8172
-2268
-12236
-524
-16360
5653
-6112
4850
-3028
5626
-7160
8690
-5896
6392
-8168
5119
-4068
-3357
-8152
7193
-2024
-3070
-11236
10265
-9200
2578
-1008
2040
-12236
13345
-14296
2306
-968
-2055
-10172
-3063
-17336
5140
-7156
-3562
3112
3347
-6088
-270
-8152
5657
-6045
5879
-3048
-5902
-8176
-12556
-16352
12523
-13064
2085
6384
7145
-9196
-4335
-996
1276
-4080
-794
-12252
-1034
-13264
7
-12284
1291
-12197
4072
-5104
-6392
2088
508
-15328
-5371
-8176
6406
4152
-5890
-11240
4831
-2020
1772
-6092
-2819
-6136
1573
-7132
1265
-12236
2069
-976
2325
-6140
4587
-988
2545
-13252
3086
-7132
-9466
-5072
6114
-4072
2816
-18392
1042
4116
-7444
-16297
-1321
-9204
-1537
-7156
-8972
-7140
-8439
-10224
-1529
-6112
9724
3088
-1799
3096
-2057
-6124
6418
-6116
1574
-15340
-2105
-996
3637
-9184
-3832
-2044
-2546
-7136
-3591
12
-1521
-3040
8207
-4016
2049
40
2038
-6144
-1775
-8160
2818
-6108
7203
-3072
999
-7168
5610
-14288
-9721
-8180
6946
-996
-7424
-10184
2582
-7108
3597
-11248
6664
-988
775
-6936
-1563
-8156
6904
-1796
-13057
-11264
-7647
-8168
-6147
-8164
15
-1000
-4870
1080
-284
-8156
7933
-11244
2062
-6104
5635
-8152
1494
-21480
-9710
-11224
3551
-4060
-8440
3120
781
-11224
7412
-2028
-802
-8144
2280
-2004
-2048
-9172
2035
-11248
-3556
-1024
-6929
-6920
-8928
-6136
-9480
-7104
-15356
-9192
4331
-8144
-1543
3308
278
-984
247
-12252
4318
-13296
-3069
-8140
-1265
-14284
-11296
2096
-4106
-12220
-4363
-8156
8168
40
-4859
-6108
2323
-4036
2854
-11232
2798
-9992
749
-10232
-2032
-1820
6401
7200
1512
4144
-2294
-996
-1262
-9204
999
12
-6917
-8172
-2058
-15316
-1250
3072
7422
-6104
8
-6140
4881
3120
4609
-12236
-14086
-9200
-3083
-13268
7938
-5112
8962
-5096
10507
-8132
771
-7960
4875
-16352
-9991
-2032
4084
-8160
-11
2072
6429
-11216
3046
-3068
6388
-10240
-6139
-11244
9204
-6088
3587
-11024
-8936
-17372
-5624
-5076
277
-11200
-8713
-7164
-2349
44
4114
-2032
8742
-7148
235
-14276
-2018
-16336
5890
-4044
-1783
-10212
11498
-8188
-5901
-8192
1797
-3016
-8470
-5116
4857
-14296
-8978
-7136
7655
-8128
-4887
-15340
5890
-7124
1275
-16368
-3577
1032
5085
-992
-5348
-10208
5854
-9208
-1026
-3040
-1767
-12036
1291
-16340
-524
-8184
-9473
-8144
2329
-14292
9744
-6108
-3864
-3024
-7668
-7112
8742
-12220
5885
-11248
-4112
-10208
-3064
-5064
-7190
-11220
1525
-10172
-17907
12
-1304
-17360
-4373
3132
-6163
28
-8968
-10176
-6393
-7156
-3889
-4872
1817
-9992
268
-11232
284
-14320
529
-15340
-489
-2020
-3113
-5892
-8435
-11220
7
-3044
-3346
-16348
-3548
-11220
223
4
-2810
-9164
2815
-12260
-8709
-9204
9458
-10204
-2043
-5900
2042
-14312
-6421
-11244
-8183
-6072
-6140
40
-2580
-2024
-2548
-2008
2334
-1016
1278
-7116
14074
-7112
1049
1076
-1291
-12232
-5426
-8168
-13798
-6920
-7636
-5033
-2032
-9204
-3340
-1020
-498
-20448
-3577
-7120
-3828
-7108
-4361
-12260
4825
-8184
-1276
-2024
1534
-3056
-4907
-18408
3902
-976
-490
-11236
1286
-7136
-754
-7156
-283
-2832
-774
-17404
10233
-6057
6662
-6140
6623
-6100
5130
-11216
4355
-13260
4850
-7112
2831
6220
524
-9172
-9991
-3036
5135
-11244
548
-12280
4626
-6120
-24144
-6916
2277
-13300
-5120
-10220
10203
-8164
3091
-4076
484
-5100
3045
-15324
-255
-16368
-5088
-3016
6401
-11232
1023
-7116
1295
-13276
-8485
-2048
-5901
-14276
-7443
-9196
798
-3028
-3589
-5072
-4836
-6112
-7414
6180
-1577
-4064
6417
-3044
-1519
-5116
-4100
-19384
-3843
-2012
-1549
-1984
3594
3080
1004
2048
-5611
-5084
795
-3012
-509
-6092
3066
-4048
-3353
-6108
1558
-9160
281
-12044
-6919
-7136
-4105
-10188
-3330
-10220
-4573
-13304
2562
-11252
8179
-5072
6
-12268
-1251
-18420
3085
-1000
3108
-4092
-6651
-8156
5369
-17944
-6653
-4040
206
2064
2045
-9176
1793
-10212
6100
4112
-8182
-7116
4094
-13256
-2811
-9180
3326
1028
3840
-6928
-2560
-6104
-3306
-3044
-9965
-9996
5922
-18376
-812
-13288
-1537
-11216
-5355
-8180
4135
-15112
9989
-8968
11785
-9208
-5912
-16316
261
-5080
-744
-11264
280
-8168
3331
-7940
-3316
-14268
4869
-4068
6156
-14324
-1273
-5100
5375
-6916
-1029
-11200
-716
-13272
-7434
9264
776
-2000
4862
-7124
4072
-9180
2538
2088
-1261
-12264
-746
-4096
-3555
-8164
9996
-14324
7924
-8160
-772
-7124
-988
-5060
4101
-3060
9726
-996
-4594
-1004
7384
-3024
1801
-7128
-4607
-11260
-6001
-6108
1999
-10212
2274
-5108
755
-10196
-4863
-6132
7183
-8192
-11049
-3028
3092
-5076
9514
-3068
-6377
-11212
1007
-14324
2570
-3044
2544
-13288
-4615
-8168
-243
-8180
522
-4072
786
-2016
-3075
-17396
-3583
-5072
3323
5160
-13065
-14312
16620
-4072
-2047
-7124
-3318
-14292
5897
-4064
-268
-9152
-270
-9188
-4321
-19428
11777
-12268
-4593
-1800
-8202
-5052
7657
-11220
-7994
-2000
3613
-23240
-6156
-12232
3084
-7116
3799
-17372
6385
-3052
-7411
-4872
-2842
-7952
4611
-12272
-5895
2080
-212
-8148
3805
-17328
4609
-9160
259
-2048
-2581
-11200
4349
-7136
17
-8156
-2036
-18404
8972
-8160
-7679
-4084
-4624
-8160
-4085
-1996
12249
-19380
1003
-6096
4890
-7120
7684
-3000
4351
-7128
7183
-2012
-6618
-13280
1269
-3032
-5615
16
8983
-5116
2815
-11252
5918
-4044
-222
-964
2801
-17352
3048
3096
724
-7940
-4332
-6116
5611
-5076
2296
19488
-2066
-6132
-10493
2060
-6398
4
1058
-16364
-5344
-6112
7945
-17360
-4597
-21468
-2300
-12228
-1002
32
-1535
-12240
-6149
-13288
-741
-13276
-513
-5120
1567
-8148
3057
-21448
283
-9204
4103
4116
2312
1056
3324
4120
-6376
-10208
7680
-13064
-8696
-12244
-1521
40
-4355
-5104
1044
-11216
2541
-8128
-9237
-9200
6910
-6108
-3101
44
10035
-10208
9
-5092
3333
-5092
-5638
-1024
5
-5112
9478
-980
4110
-4072
-9956
-9196
-2520
-5064
1496
-5104
-3044
1052
-6648
-6080
-4859
-12240
-4360
-4036
3283
-3068
-9235
-2040
4361
-13244
35
-5908
-12043
32
-7162
-1016
5624
-12232
2517
-3028
12290
-9216
3304
-7136
6662
-7144
8198
-2016
1283
-8160
-6890
-11244
18
-8144
799
-6088
-3049
-6068
-7428
-3844
2336
-6144
-7
4
3333
-8176
-3063
-14304
7439
-12224
-2542
-8180
-744
-7168
-2577
-7128
-4581
-10208
4094
