-1000
1797
-7128
-12297
-2000
2046
-2040
3036
-4056
4055
-12224
3047
-11224
-732
3104
-8715
-12256
7948
-6100
2313
-3048
4620
-9148
4912
-6100
6913
-6144
9985
-19388
-3322
-4872
2032
-9172
2346
-7152
-1534
-9172
13300
36
-8201
-16376
-249
-7152
17392
32
-2553
-9216
1296
-15292
4071
-7132
1277
52
-8679
-8164
-521
-13280
9739
-16316
4880
-6108
4080
-19436
5904
-6100
3898
-6932
-3834
-15348
-10238
-11220
-764
-7096
-1554
-4064
1296
-7124
-1271
-18372
3054
-12236
1056
-6108
-4866
-2024
-3535
-16344
1780
-10160
2309
-10168
-496
-10204
33
-9180
4872
2112
-2323
-4876
18
-1000
11491
-21456
6138
2072
-3325
72
5126
-7128
2313
-10204
4866
-13312
-4352
-12252
-2549
-13296
4366
-8156
-6178
-6120
-13
-4868
-1514
-8164
-3876
-12272
6135
-10180
-7442
-17364
-2811
-12224
-27
-11252
9688
-10200
-2070
-18384
-1785
-3068
2807
-2036
8736
-6132
10261
-11224
12539
-14260
-498
-7124
992
-18420
-1024
-6920
-4586
-7152
-3823
3092
7420
-7140
-8193
-2008
6398
-14304
-5627
-9996
5356
-17388
-6400
-12236
-257
-15108
7663
3116
3057
-9164
1580
1276
-2559
-6144
4115
-13276
-3309
4124
-4105
-3044
2036
-11196
-2564
-13308
-8727
-8176
-239
-9212
3572
-15300
2077
-3848
-5343
-4096
12038
-10204
-4625
7204
-2319
-13272
-8232
-12272
5396
-6124
1013
-1008
-1533
-944
7154
-12236
-3572
-9140
-7434
-3036
4597
-18420
-4346
-11220
6676
-9164
3600
-9152
-4375
-9160
1535
-3036
4316
-11256
-5113
-11224
-1019
-9992
9487
-21464
4594
-10168
3056
-8120
-2788
-8148
-3061
-12276
2321
-5100
-8
-9184
-2573
-948
4086
-16384
-5159
-13280
3569
-10188
5923
-4036
-3835
-9192
3324
-14304
-16131
-19420
-9972
-13272
6396
-11224
1298
-10192
6932
-12284
9992
-16316
-222
-11028
-7718
-11252
2573
-980
-4075
-11188
13073
-11248
-4847
-19400
3622
-7152
4344
-7120
-4862
-23044
5879
-3048
3840
-9184
4350
-13276
2790
-20472
-3833
-7096
7141
-20440
-9459
-6112
-4873
-9192
4334
-16376
8953
-6112
1585
-10228
-753
2135
267
-2032
8159
16
-2018
-10220
5912
-11016
5117
6168
-4568
3096
-3324
-5108
2090
1048
-6929
-12240
5840
-12248
3329
-6124
-774
-13276
4346
-13272
4599
-8124
-5392
-11252
5135
-7156
-1487
-8164
-6156
-10240
5631
-6120
4332
0
3846
-4096
4381
-3052
-9491
2064
-2836
-9200
-8210
-3040
9939
5172
-6164
-4080
11797
-6104
3072
6176
3591
-8156
-4351
-16348
1287
2084
2841
-16136
6355
-7156
2589
-14312
-12322
-4044
6422
-10204
10518
-992
6629
-3052
7146
-4040
-11519
4124
-5148
-11020
5381
-3044
-2782
232
4088
-6132
-3307
-4064
2045
-12236
-7640
-5092
-3343
-4056
-3312
-4064
483
-9196
-3074
-7136
-3871
-9152
3818
-11240
-8636
-19408
7199
-13268
-1741
-10216
-508
5120
12798
-2020
-3356
-8132
-4079
36
-6148
-8192
4329
-15356
749
-5092
-12014
-17392
2817
-5900
6430
-9168
256
-4088
9730
-4068
6123
-14332
-265
-5096
-2315
-17384
-771
-13252
5384
-14088
-4352
-8192
-3046
-11228
-2772
-4060
2797
-7116
2054
-2024
232
-5896
-5668
-3044
-3827
-3068
11479
-18412
-5357
-16300
-2332
7188
-7710
-1996
-14844
4100
5639
-17388
-750
16
5325
-19436
6149
-14229
6417
-11248
6663
-4056
-1766
-1008
-7946
-7084
6158
-8156
-4629
-15328
-4861
2108
9998
-11208
4362
-14272
3630
-6920
253
-772
-9441
-2004
-3338
52
1526
-6108
3099
-10188
-5117
-1000
6882
-5096
3593
-7140
-2297
-9172
6662
-4048
541
-6132
-4111
-15332
9270
-9184
499
-10196
2745
-12260
-2296
-12260
238
-16316
2792
-13072
-1263
-16384
-1772
-5892
4577
-13248
-14853
-6084
-10517
-1004
7934
7412
3604
-16356
762
-10212
-2801
-8156
5888
-3064
-3048
-10228
3336
-6144
4866
-14268
4094
-12252
-1294
-4064
3321
-6128
4853
-901
-2036
-12280
-5647
-8156
-10264
-3068
1795
-6096
3313
-7152
-2351
-14304
2041
-6132
512
-4060
-6162
-17360
2831
-7120
1529
-6144
2802
1064
-1515
-17396
-1536
-20420
-8438
-11228
4350
-4024
1514
-11244
14563
-6092
4362
-9180
1007
2052
1782
-6100
1267
-8172
4334
-7112
-4874
-4060
-6404
-10216
-4082
-5084
-5371
-6096
-3847
-12264
-2058
-8144
1324
3088
-1291
-13276
-4353
-17388
-5123
-9200
-2071
-10220
-4589
-3032
1821
-8152
-2303
-7120
1517
-10216
508
-12236
2322
-12244
1514
-4048
2031
-7948
3073
-9204
741
-5092
-2827
-16316
7158
-22224
7979
-6104
-2330
-10192
2524
-7160
1794
-7136
751
-6112
-10724
-8097
-8726
-12272
4086
-9168
9186
-11244
256
-10224
-1018
-6140
2562
-9184
-13843
-18404
3822
3108
7946
3104
4372
2084
1564
-6112
1015
-8148
-4360
-8976
6379
-12268
234
-8180
-3079
-6108
6391
-8128
-5610
-1000
-3096
-8180
6923
-9216
8203
-11252
2347
-16140
-768
-6132
-3320
-12248
8686
-3036
3296
-17160
-2282
-4056
-4111
-7140
-1526
-6924
-2270
-7136
-1777
-13244
-4351
-21500
761
-2820
-18478
-7940
2567
-11244
8428
-4056
1285
-6116
2296
-8132
-3808
-2036
-796
-4060
1507
-11224
-1022
-18412
6377
-3032
4383
-5912
-8433
-8112
3860
-12256
6403
5152
-5662
-1004
-4613
-4868
-4126
-5104
-2327
-996
4092
-4868
-5374
-11220
-5919
-4068
5879
-5088
2045
1052
-6902
3104
-1297
5136
-4114
-15324
-5379
8
-1771
-14312
-2580
-4040
5396
-5076
3052
-24292
-2309
-9176
1550
-4080
-3571
-4880
5093
-6128
-9993
-3020
3052
24
-3083
-16360
-6653
-8164
9248
10264
495
-12248
4606
-10204
-494
-6132
6920
3108
1762
-11216
4107
-11216
-12312
-10196
4609
-10236
-4350
-10224
-6180
-988
-5109
-11232
-520
-14292
-2043
-1996
-5141
-12280
-2554
-7132
-8709
-19436
1251
3116
4886
3320
2
-7132
5
3152
4076
-7088
-10734
-8188
-9232
-16380
4827
8220
11751
-13284
-275
-10176
-1997
-12268
-2065
-8180
2516
-3020
10753
-13240
-12004
-2040
5121
-9168
20
-12264
3585
5164
-3573
-13308
263
-5120
-253
-5916
4100
-5900
-1231
-9180
-5855
-11252
3293
-2024
-4593
-11208
-3831
-10188
-2038
4104
13561
-4076
7154
1104
-8247
-2820
4108
-6112
0
3100
-2805
-5084
-1542
8
-2280
-9204
-271
-11228
-7692
-992
-6675
-21456
-6947
-6916
-14830
-11228
8734
4132
10221
-3028
257
-14084
1049
-6916
23
-3016
-2789
-5108
-2842
-12256
-6674
-19440
-3329
-5920
6628
-5060
-4317
-8156
-9214
-3060
2571
-7144
8178
-10192
3837
-3040
3082
-1808
-1763
-6140
12788
-7152
-2847
-6124
5105
-5072
5885
-2020
-6661
-12208
-5851
-12260
-5128
-9160
4621
2100
-2534
-3860
-3099
-8176
-1541
-11228
-540
-15344
-2874
-7144
2581
-12240
4325
-4084
-5388
-4088
9744
-16384
989
-13308
-14104
-17352
1293
-14336
-11766
-13292
-4619
-2028
5144
-18384
-3321
-4028
-3818
-13308
-7937
-4872
-1542
-10220
8190
-3040
6166
-9140
12025
-11232
-5114
-10208
-11015
-16376
7951
-5096
-1025
8252
5143
-11244
-2566
-7160
-6385
2076
4579
-3848
-1288
-6092
3826
-19212
2818
-8164
-524
-11260
2027
-9168
-7911
-14328
-3557
-9176
17400
-15300
2583
-17356
3333
3112
-3327
-13296
4622
-6096
1010
-1796
-8452
-10176
3568
-13260
-2295
36
5373
-21472
764
-5068
14060
-16332
-6120
-3064
-1491
-20416
-1275
-9164
6945
-9140
6669
-10204
2582
-15340
7191
-6108
7437
-11208
1275
-14280
-9737
-6112
7926
-8160
-2071
-15328
-3362
-9200
-6106
-17400
2036
-3040
-4860
-14316
-1804
-10212
1030
-15344
-2783
-2004
-3633
-13296
-2064
-2004
-5131
-12272
-6657
-11220
6946
-980
770
-6088
-6104
-7164
6643
-7088
18
-4036
-7944
-14300
-8471
-2012
-4073
-15324
731
-12244
1540
-6116
6672
-7144
280
-7140
1787
1072
-1795
-4052
2289
-1996
-7156
-15332
4572
-2016
3854
16636
-3309
-12252
-4600
-2024
7429
-5108
-2558
1276
-7934
4104
-2046
-14324
-9203
-14084
-1067
28
2568
-5072
1277
-2004
2281
-8132
-7915
-3072
3068
-5072
-6669
-12220
-3333
-10176
6351
-19408
-13050
-21504
4574
-14332
-7697
-3020
518
1080
-12275
-940
-262
-10208
-2816
-11236
-2045
-11236
7671
-13244
15850
-21492
2784
-10204
7691
-2020
-7660
-14296
991
-3040
-4092
-11016
764
3108
3071
-4036
-3567
-7112
-3805
-5076
5124
3076
-2784
-6064
-2014
-9200
4602
-13292
-2294
4156
-6126
-11256
-10763
3092
6680
1072
3862
28
6159
-1964
-3097
-3068
7154
1276
-3836
-11240
1547
-5092
522
-15336
3074
-5092
7395
-8188
-5869
-13280
-6404
5360
9976
-11012
4093
-7156
10207
-12220
-7714
-980
-8677
-10208
5904
-3040
-2790
-2020
-1294
-5096
6145
-5040
-11063
1064
-1509
-10208
2825
-6128
-4384
-6920
-2817
-15124
3620
-3012
-6383
1060
-2325
-11220
6162
-9184
1252
-7156
2548
8
1278
-17376
-2327
-3036
1517
-10216
-10227
1024
2044
-14288
-8676
-7124
6130
-10192
2063
-10172
1045
-16384
3893
-8164
9243
-8164
2278
-16136
3854
-5092
-3827
-7092
-738
-10188
-2063
-1008
4611
36
-6926
-7104
5404
-10232
-4392
-2000
7947
-15340
1794
-9180
-1761
-10220
-1012
-4040
6906
-14316
510
-19228
7897
-8160
9232
-14316
3032
-12240
6129
-8132
12527
-5048
-1022
-9208
1042
-13088
7460
-8128
-7172
-7168
-505
-4060
-1816
-13248
-2035
-17384
11804
-9992
7159
-9188
-2565
-11224
-1526
-10228
-2548
-9156
-2590
-16356
1282
-8972
1006
-10212
3612
-13268
-5653
-5912
6173
-12236
6109
-13260
4613
-5080
-1033
-14316
2303
-9188
-7661
1088
-2546
-8180
-1807
-17392
3075
-3072
-5604
-8172
9730
-5064
6420
-15344
3590
-9204
-7625
32
6155
-13288
5120
-14324
-1295
-11012
1770
-11200
2326
-16352
-4304
24
-2798
-11232
-3334
-4060
-4895
-11244
-4626
-7116
19
-2024
520
2068
-780
-8164
2068
-2012
4595
-9188
-1279
-9184
1017
-3072
18
-11204
4373
56
-1013
5144
5845
-1012
9457
-11216
-2020
-6136
-2337
-7136
-762
-4064
4361
0
-1291
-16372
6142
-21452
-2029
-14304
-3334
-17364
-4341
-5068
-2039
-4060
2553
-15356
4317
-1992
-12811
-2004
-7211
-11244
-2832
-10208
-4374
40
762
-9196
-6432
-5076
2794
1100
12034
-8168
475
-10216
11256
-14288
1034
-6924
-5155
-11200
-6143
-9188
2055
-6080
-1287
-19424
-3814
-5064
-5393
-13276
7914
1068
5111
-2000
6612
-10212
230
-22272
-1796
-9184
-1766
-9200
-1805
-7156
3861
-6920
4339
-6136
9996
24
-3606
24
-14077
-9192
1761
-6116
-3329
-1020
6413
-9164
6395
1084
-1289
-8148
14580
-3036
1799
-2032
8203
-4892
8440
-9156
8
-12216
752
-5064
-3546
-5052
4356
1068
-8407
8
10738
-980
1773
-6120
-1253
-14260
-5074
1252
4601
-9172
3815
-5112
-4627
-6140
8966
-8968
2590
-7112
1516
48
4615
-14280
1786
-6116
1788
-7108
9442
-9188
3047
-7156
-1265
-6112
4593
-7152
6412
-10164
-7693
-12236
-7633
-11028
-3547
-10232
2570
-1020
-2300
-14292
16899
-10180
-1819
-9184
-1772
-10196
6424
-13284
-11746
-4088
-778
-8156
-4608
-1980
4349
-4092
9216
-11264
9485
-4088
11002
-11224
3584
-9212
-5161
-8980
5116
-11196
5122
-10200
779
7204
-5123
-11244
-8742
-5100
6930
-4040
-795
-5900
-2038
-5104
6409
-16344
5637
-9192
7173
-13268
-5610
-6092
2584
1048
-1301
-9176
9978
-15328
4595
-4096
5357
-15324
-7950
-3044
1277
40
-1793
-11196
1553
-5084
2343
-7136
5635
-4884
-1729
-12276
4630
6208
758
-14304
-4370
-15280
-7390
9228
-2834
-8156
-5114
-11204
6635
-13292
-2334
-3032
6916
-11236
2067
-3032
-3608
-11256
2304
-2000
-7954
-9164
2810
-7152
-6124
40
-6174
-5104
-12764
-14296
8181
-5084
-5116
-1008
-11753
-7152
-7951
-16372
-1282
-1012
-7699
-1012
2304
-14300
5906
1040
-1021
-980
3057
-5088
-8956
-9200
-3311
-11220
3821
-15344
-2568
-1008
-511
-3056
4335
-2020
534
-7108
-6706
-3032
3839
-17352
260
-9152
800
1068
4602
32
6179
-10192
-5634
-13272
1035
-15356
-4873
-6092
-5852
-22208
-274
9456
-2351
-12244
1799
-8168
-14834
-2004
2809
-17384
220
252
-5087
4140
-500
-9172
-2060
-12280
2540
-9196
1269
-5056
3074
2080
4594
-8176
8463
-7128
5635
-7140
-3077
-6080
5906
-3036
-2306
-5080
-1053
-9200
2855
-4048
-5902
-4060
6123
-14292
10751
6176
-7167
-6096
1307
52
2070
-13280
-2821
-4068
757
3300
2046
-3032
-1295
-10220
-5880
-2048
7421
-6128
8179
-13068
7739
1272
2053
-9988
2780
-18384
-2538
-20468
-6105
-9212
-2799
-15356
-1272
-13268
2842
5132
5127
64
502
-976
9253
19480
-3
-11248
5893
-6116
-6172
-17368
1763
-7152
-8934
-9160
1258
-3040
42
-8172
10
-14336
3575
-2016
-45
-4056
7666
-4096
-5631
-18392
-4888
-5900
-1021
-15348
-2601
-7164
-1495
-9180
9736
-7960
3063
-16368
-1550
-1024
3330
-10236
9220
-11240
-3115
-10016
4817
-13296
-6115
-3008
3105
-9168
5889
-4076
-2292
-792
-2535
-5892
4630
-780
11529
-4096
-1523
32
-8165
-12264
4802
-8152
-6151
-12232
-1507
-8168
1310
-12280
6647
-8156
5364
-15360
-1014
1072
-10519
-8120
-2090
-9188
6131
-9152
783
-6920
-9713
-2024
-523
-5900
2574
-780
268
-10004
-3290
-20456
-2075
-6128
-6918
-13248
4117
-11248
9779
-5112
-1046
-5116
6159
-3044
1262
-7956
7677
-4084
-7184
4104
-1292
-12044
6616
-13060
-4394
-12280
2820
-4064
-782
-4884
7945
-10212
5386
28
-737
-10216
2
-1004
-6904
-8168
6935
-9168
-4585
44
5866
-6928
-1309
-8140
4101
-4080
0
-1800
-6123
-1984
525
-5084
-518
-13276
-10273
-9192
-4091
-5072
553
-5108
-5908
-17384
-4606
-3052
2562
-10228
9693
-7128
6407
-8168
-5666
-4080
-14846
-8172
6411
-12264
-5834
4124
-2266
-12272
-1778
-11252
-3105
-4872
1573
-1020
-2581
-4072
5107
-12268
-6134
-4064
3328
-1020
479
-6112
-1275
-10180
-5631
-7136
2063
-16320
-2569
-2820
-8185
-4024
8984
-7168
-13303
-7940
-1578
-976
-7671
-4072
3354
-5112
795
-14300
-11510
-9212
-7698
-17348
-4869
2084
3575
-7168
-6111
-2004
-2835
-8160
-4608
-5084
1239
-3072
5877
9268
-1035
28
6936
-14296
1547
-4084
-523
-19420
7406
-9204
-2565
5132
6645
-15320
542
-5892
-2293
-6108
3093
-4096
8702
-15336
-250
-12201
9225
-12044
-5132
-8160
-1001
-8188
3608
-8148
2351
-5084
-4107
-10212
508
3304
485
-12280
-3345
-13300
10515
-1996
17161
-13264
2563
-15344
-4624
-8160
-2032
248
-475
-10212
-6090
-9208
-542
-4060
-2292
-4068
-1771
-7156
6695
-12268
-3030
-14096
5330
5148
-9215
-13268
3583
-9200
-6647
2064
3074
-6140
40
-15324
2608
6172
7146
-8160
-5615
-7152
4344
-4056
267
-7148
2577
-10208
-21
-10212
-4867
-18408
-4098
-7136
5383
-4052
7182
24
1270
-2044
14623
-7128
7994
-18404
4605
2096
5370
-8152
-3571
5140
-8170
8436
12766
1084
1505
-2028
6678
-10204
3881
3108
288
-1996
-5885
2080
-7182
-8132
-247
-4916
7443
1040
-8244
-13308
-1534
-4884
-3343
-11208
-15144
-2820
-979
-12232
-1788
-5084
-5872
-13268
1809
1044
4318
-4048
-14043
-992
1531
-13292
15643
-11232
-10755
-2016
-4641
28
-8461
-12244
3582
-3032
7939
-6100
2859
-6924
2549
-3064
10016
-9172
252
-780
3793
-8156
4106
-5112
-6709
4332
816
-10220
-7432
244
-9432
-2820
-1494
5372
264
-3048
-275
-6108
-9470
-4084
-561
-9192
-5433
-2048
-5117
-7128
6137
2112
-5380
44
24
-1000
-2812
-11220
-2307
-10200
1754
-11240
-284
-8136
794
5124
-1507
252
532
32
2322
-12252
-12788
-5104
3806
-10224
17927
-968
3586
-8192
-5631
-17392
-5657
-8101
6911
-980
4368
-1996
-3340
-17380
-1547
-6944
6651
-13296
-2792
-6064
1796
-11248
4339
-5064
4122
-8140
-13118
-10216
12270
-4060
-803
-14312
1064
-7112
2583
-9172
5909
1028
-3839
-12288
-2057
-11236
-3080
-10172
1017
-4088
-739
-6932
1532
-10008
4899
-5092
6417
-6128
1
8
3826
-5100
12008
-1996
-4381
-7148
-5120
-7092
2830
-6104
-8685
-2036
8965
-4040
-13809
-10184
3296
-2028
1768
-8148
5632
-9148
-13046
-3856
9481
-5084
2073
-8180
6931
-3052
775
-13312
-2023
-4056
5357
-5088
9188
-10220
-2831
-4076
-2341
-15136
7918
-4092
1534
-2016
4840
-9168
14895
32
-261
-2016
3877
-15316
2049
-11208
6179
-6084
1774
-14316
-3610
-12268
-3048
-4888
-1316
-8156
10762
-5116
-4306
-5092
4842
4328
-5342
-2016
12012
-5912
-257
-8132
-9245
-5088
-3583
-6108
4089
-9188
-1283
-6108
-4860
-8964
2842
-3020
6123
-6100
1296
-5116
-8686
-2828
4390
-3032
2564
-10168
-12022
-2016
-3335
7188
-2053
-15284
-4326
-4072
-3626
3132
-14074
-5120
1534
5152
-2337
4132
-807
-1016
6220
-10240
4113
1032
10013
-19428
8195
60
3580
-10216
-3585
-11232
8474
-11252
-7418
-15328
515
-15348
-995
-8184
-3841
-11224
-4833
-9208
9467
-10208
-1531
-6120
-1040
5168
309
-8176
-2016
-13272
-2549
-3028
531
-5104
-2060
-3036
260
1048
-4072
-4064
10012
-1796
2052
-13292
-8958
-3060
-8433
-3056
10475
-6128
6133
-12284
-10549
-7132
1244
-10208
-1001
-5084
5107
-3064
6411
-13296
3339
-5084
-3590
36
-7450
-9168
-2583
-9168
-11524
-14292
-7728
-9196
6922
-6092
-1019
-1996
34
-13304
-5355
-10176
5097
-7124
-12584
-4072
-4852
-8188
3081
-11260
4095
-17404
2091
-16344
9474
-7108
13324
-2016
-12
-11204
549
2060
3588
-21436
6138
-10236
-10744
5168
-752
-3064
2547
-13260
244
-10192
4599
-5100
-11486
-7148
-13320
-14268
-498
-19412
9468
-13292
12062
-7144
-7215
-4096
3084
-14092
4615
-10016
9203
-12220
-1764
-2824
-3053
-2036
-5634
-6112
-3839
-10204
-9977
-12268
757
2052
-2339
-3016
-5929
-5068
-5110
-9164
286
-8156
3077
-14096
1036
52
4848
-7088
-3626
-3020
1008
-11264
-6647
-12280
4140
-14320
4108
-15344
486
8
-4855
-13248
2021
-15296
1511
-7152
5360
-5068
2311
-12260
1797
-9212
-39
-992
-7482
-15360
-1308
-3068
-11755
-10220
1279
-11196
-3858
-14288
1805
-15348
7162
-4060
-6637
-5068
2851
-3044
811
-4072
-3070
-4080
4103
-12272
-5362
-6116
9457
1088
1278
-13264
512
-1012
-293
-17352
8698
-8148
-261
-3016
3847
-11224
-2829
-13236
2564
32
1290
4120
-1790
-2820
-3865
-7140
-4110
-16376
4130
-5088
-3077
-4084
8708
-4868
-513
3116
-3270
-11228
284
-7148
-279
-3024
-17205
-6124
8976
-4024
-2551
-15324
2065
-10228
8891
-7152
7147
-11024
-10228
-2996
-2326
-15316
-4429
-5112
816
-6136
1768
-8132
3861
-10236
-2558
-15312
2555
32
-504
2056
3071
-11200
5125
-8176
782
-5900
3577
-18364
2040
-1816
-3038
24
255
2068
2273
-8184
514
-988
3044
-15316
7384
1040
5111
-10192
11491
-14312
7679
-6084
6418
-6136
-787
-3852
-8214
-7148
-8960
3088
5355
-6108
-2024
-6120
3116
-11216
297
-7104
-9504
-18412
-5883
-8148
-12321
64
10508
-15284
-4895
36
-1550
-4064
8174
-12272
-480
-7156
726
32
1029
-8132
-9211
-18400
-2558
-7144
-755
-11248
1309
-8124
-1256
-5076
-4578
-19440
1000
-13284
3816
-19456
3062
-12240
-1800
-10208
4831
-9152
-2270
-2004
254
-3064
4881
4132
-3295
-1000
-220
-7132
997
-5088
-7397
-4868
4662
-21432
8441
-12036
-5143
-9204
2002
-6112
-13826
1068
1024
-9148
-5371
-2044
5654
-6112
5621
64
-2330
-9184
1500
-9196
-6903
-8164
-3080
-9200
14559
-8180
-3069
-6916
5095
-7152
-3536
-14256
-1782
4
2045
-21432
4878
-2004
-8670
-12272
16021
-9156
6399
-5060
-10220
-7144
-228
-12240
6133
-20228
-246
-11180
7929
-8136
-2516
-13280
9243
-6080
2601
-7136
458
-12276
2791
-12204
5364
-1016
-259
-5900
267
-11256
8462
-15340
5118
-11200
5350
-15336
-1240
-8188
-805
-14324
5651
-12036
2320
-5072
2243
-4064
-15857
-3056
4628
-4096
6641
-4096
-1762
-4072
5391
-7144
8437
-6100
766
-6088
-763
12308
-13309
-13240
2292
-9196
1814
-2024
-518
16
4854
-3044
-803
-2040
-773
-3064
-11988
-10232
-12093
-7140
2542
-11212
-3085
-8176
-3084
-5112
7402
32
5122
2088
1302
-11012
-10019
-10192
4094
-12260
-8943
-12276
15103
-8128
15
-11220
-3806
-14312
5678
-10204
-5383
-6100
-4107
-9172
-560
-14256
-6650
-17356
-6630
-10200
509
-6112
3345
-11232
3827
240
-11792
3320
6109
1024
-11519
-8172
503
-7140
6412
-12284
-8936
-13308
785
-9208
-2556
3092
-7433
5160
-6178
-12036
295
-11220
2532
-8160
2077
-12220
-7676
2092
10273
-7164
-5413
-15328
-11529
6156
-5101
-17388
-8488
-5108
3324
3092
3093
-2044
729
-9184
-1737
-964
2526
-6096
281
-10184
-253
-4040
281
-2820
43
-19428
-3590
-15304
2781
-9204
-7679
-12216
2545
-11224
-242
-6112
-6638
-4080
-7446
1064
-5409
-9164
5656
-6096
3045
-11236
-5404
-13284
-2267
-7136
-509
1276
4083
-3068
-3059
1040
-255
-9204
2055
-11212
4097
-23248
15102
-7144
3065
-14304
-4336
-11224
1058
-5100
-777
-8148
-262
9268
-3839
-6076
-3869
-15336
-5
-11256
8461
-12256
2278
-8156
-2820
-4072
270
8208
724
-7140
6439
-11232
5647
-8164
-1516
-7168
1544
-17364
2561
-8180
-1760
-9184
2576
-3048
-3591
-976
9711
-15300
2572
-21484
-246
1036
4092
-2020
-4369
-6132
-3580
-6080
-5124
-16324
3867
-6104
-1019
3096
6899
-12036
9708
-13268
4140
-8144
4328
-9180
-2050
-4080
4082
-1020
-5850
-5064
-8176
-1996
-6198
-20420
981
-10220
-4090
-7152
3092
-7124
522
-16364
-2813
-8168
1015
-5084
1539
-10232
1484
-12268
-3091
2084
259
-2044
2563
-984
4828
64
-3611
-11236
2585
-10224
2575
-2012
14884
-7156
-6152
-9188
-2309
-11228
-982
-11200
3842
-15288
-740
-4028
-1784
-16372
-2583
-12244
-8957
-8160
3045
-9184
4582
-1988
-494
-2024
-515
-5116
806
-5080
2804
-18420
9748
-2044
-2317
-4056
12530
-2028
-274
-7116
1271
-11240
1797
-24296
5353
-1988
2795
-9184
285
-14288
7186
-10236
-2038
-5064
-525
-7160
-1024
-3060
4116
-3032
11
-2048
235
3292
-2589
-13276
11063
36
1264
-10176
-3316
-11264
1770
-12264
3594
6172
4624
-8140
-2014
-7096
-4830
-5088
5121
-2020
-3335
-7140
-2831
-12268
2292
-1004
-2552
1044
8424
5128
2609
-12256
-5877
1056
-1253
-6116
1038
-3056
3062
-3032
1540
-4072
-540
-5096
-3630
-12284
-4600
-11188
-2582
1028
4108
-3024
-4861
-12260
-4
-16356
-4091
-8172
-13063
-5084
2274
-5096
2817
-6124
1540
-8156
12502
-8160
5400
-7124
4103
-2028
8659
-16360
-9208
-1976
-1749
-8168
1813
-9184
3051
-11236
-1019
-15320
-2822
-15316
4339
16
-2300
-13244
-5084
-13272
5372
-15284
-3827
-12232
259
16424
2544
-8148
-2294
-14292
5931
-9188
5352
-5092
-511
-13288
-1541
12
-2296
-1012
3054
-10192
-4580
-14332
-2045
2068
-2816
-11244
1038
-11232
6680
12
2550
-11212
3351
-2004
-572
-8164
3620
-5904
-9431
-7940
9250
2092
11022
-8164
9976
-10176
-5634
-1016
-1261
-6124
-6376
-972
3603
-18368
1530
-9196
5665
-13248
-1558
-8172
-527
-6100
2789
68
-1280
-8180
3853
-4068
-1263
-8192
2317
-3028
772
-12236
-3840
-8164
-1282
6144
212
-2028
10490
-10188
790
-2012
-1797
-8180
-2289
-9192
764
-6088
-2308
-15308
1011
-1024
-7225
1068
-7154
-12240
-5093
-4048
-4400
-8156
2038
-8156
-10528
-5072
2810
2276
-3602
-3048
-265
-12260
-1270
-9204
9968
-8180
7203
-7112
6404
-772
-2806
-4064
7438
-7124
-4088
-4080
-2803
-22252
-6912
-15316
-290
-1012
3590
-9204
-9751
-8128
2305
-6144
811
-11236
2046
-8188
-10021
-10208
-525
-5084
-1797
1056
513
-13268
10522
-21460
-6423
-9176
-3067
-10192
5905
-11236
-756
-8140
-3621
5144
2060
-8176
-5891
8232
7689
-11208
-6178
-11220
12293
-5076
-6159
-13268
2051
-10204
-3857
-5092
2801
-17404
3059
-8164
1502
-8980
4091
-9200
-15
-11228
1796
-10208
1221
-3020
-4344
-4056
1793
-3048
3063
-14328
7393
-996
-3809
-11244
-225
-6112
4350
-1988
-4848
-8136
8707
-8164
-6098
-7944
11786
1080
4072
-3052
-5866
-2000
-3085
-15320
-4846
20
5602
-12252
2067
-992
1833
-8188
3846
-6132
1007
-11224
-7423
-7092
6187
-952
13073
-9200
522
-11216
3582
-6128
-4351
-11024
3081
-21272
-3377
-6080
-4834
8287
5406
-12280
-4098
-6112
-5398
-20240
3041
-7148
5883
-6140
-3579
-4060
2060
-8968
-3082
-7160
7194
-968
4098
-3852
1525
-11256
-11523
-8148
3323
-2020
11009
-5096
2817
-12264
-3587
-10196
-8746
-11232
-9725
-996
5138
-14308
-4859
-6116
-3343
-9200
-293
-12232
-3323
-8168
-8433
-20428
-12569
-10204
10523
-8180
-6640
9248
8450
-4036
-543
-1012
3299
-9172
-2335
11296
-1009
-12272
-773
-3040
-797
-16340
-5120
-2832
-1020
-5104
1801
-8972
2581
-11220
3593
-17344
5854
2060
5881
-2024
-26946
4124
4881
-5072
-3549
-13084
-5118
-12260
277
-9192
7132
-4060
3093
-992
4089
-956
3326
-8192
993
5120
-7153
-2996
3849
-7128
2314
-8160
-6869
-3064
3820
-11256
4412
-9132
-3561
-16328
494
-5080
6670
-8172
-828
-14300
-4898
-9172
1294
-14304
1257
-3052
-11239
-4044
3808
-8144
-5609
-14276
9745
-996
-1018
-4036
2341
28
9207
-1000
-8712
-3052
6938
1052
-2768
-7124
-1791
12
4298
-8172
14094
-3028
-2550
-9212
8444
-10176
5852
-5056
3801
-6136
2294
-6124
5628
-10204
5883
3092
-6882
-8120
-3584
-9996
-5385
-7160
5102
-12256
1780
-9184
-5937
-8976
-7691
1056
2544
-13280
12004
-12252
-8705
-16348
6405
-8156
16655
-11252
-2066
-9196
-3093
-13252
8701
-4876
-6664
-13304
-7936
-3012
-241
-7148
-7177
-8164
266
-9188
-2083
-4028
-2052
-2832
1809
-3012
269
-22240
3564
-13268
-1544
-5076
-6660
-11264
-4099
-8156
-3556
-17336
-3336
-5100
5912
-10200
6658
-3044
-5659
-3048
-12800
-5068
-1527
-10184
4095
-4020
8955
-6124
-2527
-1008
-3351
-1020
-1006
-6120
1224
-8972
3319
-8152
-993
-8164
9461
-18428
764
-15352
1802
-9192
771
-7112
-6660
-3056
-7235
-2036
8724
-8160
-7397
3312
8718
-18368
4872
-5076
-4349
-11012
6923
-16136
-1038
1064
2548
-1024
-15076
5120
7188
-6112
3343
-1804
1813
-8184
-4901
-2008
-4854
-5904
-10980
-9172
-1750
-11256
8178
-3036
780
-6108
2277
-6136
785
-3056
495
1036
-5877
-5076
-264
-16324
2305
-4072
261
-10240
2311
-9996
-2513
-11236
6700
-13256
-2839
-15336
-4827
-3024
7175
-17392
-5625
3104
11001
-8164
2854
-10212
-2024
-13292
6129
-8968
-4884
-3040
-496
-11236
-1296
-9164
8218
1072
-9721
-8964
-2060
4112
2574
-16356
-10514
-7168
-4357
5144
-1768
-6124
-1788
-8192
-7183
-12272
-1045
-6100
-2048
-10212
8224
-9176
9735
-7136
-6639
-10224
6650
2084
6693
-4060
-8222
-7128
-1523
-12232
-5
-2036
-1747
-2012
2839
-8172
9203
-8168
7631
-3044
-5144
-10240
-5829
4136
-4091
