-17348
4092
-3044
4104
-2012
-495
-10232
2015
2064
-2298
-11236
-7678
-4868
7198
-10236
7672
-9180
773
-3052
-3603
2076
211
-6920
-3090
-8972
-1252
-4064
-2578
3088
-20476
2064
8710
-9168
-3838
-4068
-3838
-6080
-767
-21484
-2830
-2012
-1768
-17400
10
-6128
-6888
-16352
-998
-10212
2295
-13292
2545
-8148
6914
-4028
8663
-12256
-1542
-3004
3620
-11256
-4580
-14324
9714
2128
-7147
-8164
4639
-4080
-4101
-8156
-9739
-1000
-1532
-4088
-11032
-20468
-6163
-7128
-781
-968
11799
-9192
6928
-9168
-5855
-2008
1504
4120
0
-7164
-5378
-9200
-4606
-3848
17956
-14288
-10018
-5108
-1251
-16344
4079
-20448
-3829
-13272
-10227
248
6922
-7156
-3090
-11216
6393
-9200
-4830
-9184
-1760
-8152
3089
-3044
-1021
-10188
-735
-9160
4568
-2028
1538
-10168
4099
-1016
-3078
-14308
9984
-13268
-6888
-8188
1777
-7140
-4351
-9192
233
-6088
6649
-8148
4102
-6100
5372
-4076
6680
6176
-8703
36
3863
-17360
7660
-4044
-4063
-10236
-16
-15336
8473
-14284
-3065
-10176
3879
-11196
-2585
-7140
4885
-3048
10995
-9047
4055
-19412
-2577
-4876
5149
-4048
-4344
-7164
-4877
-12240
-8696
-9192
-6703
-9168
1764
-13248
-1283
-13240
-1050
-3044
221
8
8967
-2040
-9511
-8172
-781
-5908
-5342
-12252
12017
-16336
-9984
-21440
4089
-9192
-1537
-2040
4074
-16376
2062
-16328
-733
-16360
7943
-10004
6906
-12260
5123
-6144
-6375
-3036
10504
-17376
-6920
-5060
-2795
-11252
-302
-9192
3080
-8192
-10492
-6096
6356
7224
6158
-16324
-2057
-10184
-5155
-11236
6404
-14088
-469
-3048
1286
-11260
-5123
-12276
7438
-4068
4607
-12252
-16638
-16348
5633
-18404
-3861
-4080
-1292
-14284
-10231
-968
-520
-9164
499
-11200
-4377
-7100
12
-6064
-10533
-7136
12777
-11260
-3594
-8164
-6919
-7148
530
-5060
3039
-7108
-1288
-4868
-2285
-8152
7132
-6108
-5623
-9208
2337
44
6421
-14308
-5654
-6120
-769
-14324
-3061
-5060
-1067
-7132
-3088
-7168
9244
-13300
242
5120
-1284
-12260
-1012
-6112
499
1064
1327
5192
3856
-13284
2593
1048
3040
-8172
8450
-5100
272
-9152
-1808
-12236
-3078
-5080
6927
-7164
-2801
-16316
2291
-2032
4595
-5064
-9999
-12240
-495
-6104
-3352
-8132
1496
-13308
-5918
-11216
-3330
-9192
-4860
-5068
-12548
-5068
-8200
-10208
-1803
-12224
-2320
-6064
283
2076
-6907
-8968
4
-4056
-6130
-5108
1016
-8184
4327
-7160
4615
-16360
481
-9192
-6646
-2024
-5638
-7168
-1800
-9156
-1829
1044
-818
1096
2336
-15328
-1765
-9176
4583
-6108
-2823
-992
3320
-4072
-1528
-956
6596
-13272
6405
-4084
7168
-7120
2829
-12288
-6913
-9192
4870
-9200
3341
-10172
-4
-7948
4090
-2048
-1544
-14284
-1278
-6128
-2325
-5084
-1537
-5092
1297
-15340
3824
-19384
4633
-5080
5335
-9196
281
-6124
-2109
-6128
-5439
-8144
-1565
-5088
6886
-8152
-4365
-10216
3375
-2044
-2038
-11224
7178
-8172
6137
-8964
3626
-11228
-7430
3128
-2855
9288
-6659
-1996
3565
32
-1540
-1016
3329
-6136
1025
-14312
-11037
-10220
-776
-6092
-11268
-6100
10975
-13308
-4846
-12280
9480
-19448
-1053
-7132
-1528
-10228
4104
2056
6
-8172
8687
9220
-6636
-4072
-8941
-9164
7159
-13280
-2245
-11252
2842
-11236
-2036
-2016
1811
-6932
-6138
-3024
6412
-1804
280
-9168
1540
-13288
-6897
-13276
3841
1056
-3578
-9196
5381
-8180
-2797
-5096
7424
-12256
1483
-4900
-7165
-7144
-3598
-6100
-2811
-10224
4844
-1992
-5370
-14320
3835
-14308
-248
-5112
1810
-12256
-4352
-8152
4620
-4084
7968
-11196
6158
-17376
-742
-5108
-7175
-8156
2803
-19420
5387
-7136
-8227
-3056
-535
-1012
4380
-16356
-5914
-14312
-6190
-12280
-8420
-5092
10735
8
10524
-19444
-239
-6104
6904
-2044
9237
-6120
-5366
5144
-3864
-20440
9218
-15328
-6636
-8116
-2514
-6092
-2359
-2036
-9520
-4072
732
252
-1256
-1808
997
-1000
-245
-3036
5393
-8152
-3585
-11224
1512
-8964
8437
-1800
528
-3036
13054
-14320
-10484
24
9167
-9160
-8934
-5060
2807
-7120
-5344
2068
4129
1048
-2049
6192
-13078
-13308
-2813
-8152
1267
-9196
2065
-4072
-4625
44
-4361
2272
-7669
-11204
-10999
-12284
1281
-4076
9711
-19440
7667
-13296
234
-8144
2320
-5072
-6451
-10224
4619
1040
1779
-12244
4621
4124
-1031
1276
-6898
-11232
-513
-10220
7184
-6100
13832
4124
8982
-4040
13556
-8964
4888
-14292
2047
-19428
5631
-9196
818
-19424
-4119
-14316
4846
-7128
5375
-7140
-4354
-11224
7408
-2969
6150
-14292
3594
-10196
10246
3104
-12280
-10232
-5630
-968
-4825
-10204
-7975
-14312
-7659
1276
4094
-6080
5892
-6128
239
-11173
4349
-2012
-2827
-8160
8984
-14308
4868
-5892
5854
-16380
3079
3132
-2056
-13228
287
-4084
4832
-13248
1312
-18368
-765
-7968
2830
-14288
-5632
-10192
3299
-8120
-7451
-12284
-761
-6108
10989
-14312
10215
-16152
10734
-8164
1015
-16368
-505
-7164
-5351
-17384
-3309
-9988
3312
-7136
-1811
0
1282
-10196
-1245
-9176
7154
-2028
-1759
2080
-11763
-5104
-10254
3080
-524
68
-6407
16
993
-14332
8986
-13272
7410
-12264
-2794
-18400
-5394
-16312
-4332
-15116
-2300
-3024
8960
-7112
758
-4056
-4874
-12280
789
36
1813
-6132
808
-984
6109
-7124
5879
-7152
6127
-1796
7677
-12268
1805
-11012
-7187
3092
-5337
3116
3553
-4080
-3322
-5904
11515
-12284
792
-9204
-3609
-6104
-4818
-2836
-3055
-5116
12790
-5120
8708
-14308
-5911
-11252
-3
-3048
4856
-4040
-1038
-8140
3323
-5084
-2019
-9172
-513
9248
802
-5104
-6397
-14300
5380
-7084
4674
-5108
7676
-11016
26842
-8152
5893
-1012
4580
-2840
11529
-16148
-1022
-10240
1828
64
-6388
-6092
-3617
-19428
-732
-11232
6654
-16328
-9740
-9152
-1248
-2004
4573
-9208
-2813
-9200
-5146
-11192
-2002
-10204
3569
-1012
12
-976
465
-10216
-7712
-7160
-5903
-13288
4109
5148
15610
-3064
-7949
-2016
-2845
-2004
765
2076
7738
-3068
11787
3092
4643
-8148
-3057
-14296
-14
2096
4324
-3028
4033
-9180
3875
-4880
-11241
-780
5114
-2044
-495
-7112
-792
-7148
-12298
2068
508
-13272
5368
-14316
-2576
-18424
16
-11228
-4836
-13276
1000
-772
-2084
-11244
-2002
2284
4861
-2020
-14591
-9168
-5645
-18396
-4348
-2012
-520
-14312
-2826
-15300
-7161
-4052
-2576
-2000
-6656
-5120
2584
-3068
5371
-17408
-7164
-8172
-13
-12272
3075
-2824
8966
-1800
1771
-1012
-507
-2024
-8718
-5092
6670
-16300
-6429
-1012
4327
-3072
-511
2084
2602
-18380
6676
-13244
-1553
-980
-9740
-7132
-5131
-16376
14050
-6116
1566
3104
-6707
-8140
6397
-1996
3598
-12288
1529
-1000
2050
-12244
4355
-10208
-1779
-1016
9771
-6928
-3340
-7152
1043
-15360
-1803
-2036
-1754
-6120
-5389
2072
-3331
-4872
-7415
2100
-1305
2292
2029
-17388
4344
-10200
-2325
-6108
3860
1048
-1567
-11264
-2322
-8168
5656
-11228
-3573
-18192
8976
-3056
-4611
-13292
-3843
-10200
20681
6176
-492
1032
-8226
-15312
518
3104
6622
-8152
2304
-3032
760
-772
-11313
2064
5631
3088
-1289
-10224
-6914
-14245
2070
12528
-476
-992
-4374
-24820
4628
-11236
-9197
-13272
3323
-11232
-7186
-8136
1793
-2040
4588
1040
5129
-1020
-4380
-7108
9216
-13268
-4621
1052
-2808
-9156
4861
-5112
3339
1064
2592
-5100
-3071
-10216
1250
-2836
9470
-5116
-775
-6124
809
-5104
971
56
-3326
-7120
3343
-4092
-6375
-6136
1010
3112
-1532
-13272
2820
-6116
-243
-8148
46
-3056
-5367
-5896
7208
1272
-5132
-4028
-5141
-8164
-2824
-10160
516
-12284
-3603
-6120
4843
-5076
-2327
-17388
-6163
-19452
-1027
-15316
-5405
-15320
-501
1024
-7414
1076
-5115
-12040
-1294
-1004
276
-4884
-5888
-6076
3845
5136
-3080
-15336
2567
-5092
-60
-980
-737
-1020
3576
-4044
6659
-8148
7431
-7160
-3069
-13284
1267
-10212
-4103
-12260
-1010
-9188
4083
-19448
-4370
-9156
769
-9188
-2289
-6100
-8994
-14296
-5135
-11232
2829
-3052
22
-10168
10717
-11264
-7179
-9176
3066
-11260
-7403
-2992
3313
-10188
-10245
-9188
1823
-10232
1280
-2044
-5391
-14320
4307
20
-7927
-3056
-8204
1060
263
-6116
285
-3064
-3350
-8168
14
-5108
-1584
-15316
1305
8
6678
-10220
-10764
-13292
2100
-14292
10729
-3052
-10739
-9204
9963
-10184
-8945
-12220
6399
-8164
1002
-772
-2323
-5072
-6911
-5104
-4884
-8184
-4083
-4048
-3578
-11224
1000
-15292
-2304
-4072
-3835
-9188
2500
-1020
-6903
5136
2567
-10204
-497
-12240
10528
-984
-7712
1064
-2036
-10224
-3337
-6116
-2286
-9176
-1276
-4032
-2297
-15300
3305
-17376
-2068
-13296
-9217
-14316
-4362
-8180
-4842
-6116
-2273
-9208
-4372
-5944
-1282
-2036
1254
-14316
-255
-15324
-502
1056
11529
-4064
2011
-3036
1028
-4084
3826
-14308
-754
-13232
-3510
-6096
-770
-18408
-4107
-772
-26
-11240
-2032
-2040
2583
4348
-4353
-2824
7934
-3044
-9492
-16384
7908
-7132
1060
-9176
5373
-7940
-5396
-10200
9486
-6092
-3319
-16368
1527
-6928
7702
-8152
13307
-9176
3055
-1004
-787
-7160
-3089
-11240
5377
-12240
1303
-5896
6439
-8976
4058
1044
13050
-14312
1006
-1020
-2337
7420
-1
-3060
4083
-11248
7911
-4056
1505
-12260
7935
-2028
-1558
-9184
3069
-4048
-771
-6116
493
-12288
13789
-10204
-787
-10220
-6642
1040
3087
-2016
-503
-11032
-781
-1024
-1795
3092
-477
-13280
533
-5064
-6410
-4068
1784
-8164
8684
-5092
2319
-1988
-2589
-11232
-6681
-7140
4855
-19408
-9736
-15328
-5637
-7124
-8174
-2004
-1795
-12268
-3591
-10180
2563
-12264
506
-8148
9721
-1976
-7169
-6072
6157
-15108
-230
-9184
7967
-12212
-3857
-4072
2598
5140
-3084
-1000
3813
-14308
756
-11224
4334
-13284
-15113
6164
4356
-18396
-4865
-13280
7446
2048
2799
-8184
22
-6100
-6911
3096
249
-2048
7
-2004
9729
-4084
8416
-7132
-738
-14276
5653
-5088
-11250
-4048
-3559
-8156
9210
-10188
-811
-14308
-3857
-3052
10285
-4040
504
-14300
-7414
-8176
-524
-9184
-7474
-996
-14312
-3072
-4656
-8164
-8955
5180
4858
-9196
4102
4144
-2286
-15344
-6650
-2000
-1256
-10224
3285
-12244
-1020
-10208
766
-15336
-2536
-12276
795
-5904
3849
-8148
-6647
-976
4812
-10196
4621
28
-536
-11232
-569
-8144
-772
-2040
10483
-4072
-3843
-5064
-8705
1272
-11004
-4868
6659
-9208
1536
-2012
-4611
-12276
1831
-15340
1014
-6096
9203
-7132
-1286
-10236
1788
2076
3556
-13276
-520
-6124
-5910
-984
-3327
2088
1796
-2028
2024
-22020
-2552
-11220
3334
32
3075
-8152
-1281
-5896
4584
-12248
-9190
-23296
-1988
-956
3331
0
14875
-7144
1548
-11208
-4899
20
4088
44
4622
-8184
-513
-9188
3809
-14312
1799
-7148
9203
4
8439
-11208
-3811
-3048
247
-996
-7418
-19420
10248
28
-771
-16344
-6664
-10232
4833
2048
-2315
-7120
-1545
-15344
6638
-7136
2299
-10212
-2804
-19396
-2042
-7156
-4861
4140
-4372
-16360
4597
-3064
-6363
-8176
-7406
-3064
-4397
-10224
12871
-9196
-6907
-3064
-1041
-988
9198
-18412
-3070
-15112
9231
-6132
2287
-16376
1282
-1000
-752
-11232
-3348
-10204
-4321
-8148
8457
-9152
6152
-6144
-3828
-18384
-1061
-1012
8707
2084
-2547
-8168
557
-1968
-2308
2072
774
-11192
3554
-4068
-3341
-9180
10518
-7104
-7644
-3844
3575
-14084
6643
-3004
3575
-6096
3849
-13292
4618
-10192
6371
-11212
-5094
-988
-8984
-5088
7177
-10220
-5397
-9192
34
5136
10509
-13280
11772
-4056
12323
-9152
-1267
-8968
4084
-11220
8211
-992
-3878
2112
1015
-8156
2292
-12256
-5640
-9152
6160
-7144
-4099
-5112
3555
-5088
-3077
-4068
7691
-2828
-3847
-2000
2315
-4020
-770
-12256
-1549
-11216
2053
1032
-9742
-6108
782
-12276
725
-10224
5330
-11212
-1022
-7148
-5598
-3036
1024
-14292
-4097
1036
-3620
-7132
-2036
-6916
-2818
-11228
-4098
-16289
14612
-10216
8213
-2981
749
-9192
-1292
-8148
-501
-5112
2552
-2020
3336
-4036
-3060
-10196
227
-4064
9726
-13284
-1799
5156
-709
-11248
5111
-8184
6885
6188
-557
-9188
-5878
40
-5108
-11232
475
-7136
-1803
-11244
1315
-15300
-2305
-7160
-3809
-1000
-4085
11296
-3327
-12284
-2050
-8984
-2044
-5896
-2589
-9180
-4849
1040
3073
-780
-3339
-4064
11267
-5100
10473
-4024
-12020
2076
780
-5064
-529
-6112
-502
-1008
2823
-2012
3329
-5920
-1500
-12280
4619
-992
766
-9172
-2820
-6116
2822
-6924
4100
-9164
-2543
-8192
1762
-7156
-3865
-8964
-492
-9196
-7899
-18412
-4102
-4880
2307
-14096
-488
-6120
-6912
-2012
-2317
-5080
-6409
72
-1307
-11248
-4096
-6920
12822
-4076
-11006
-15124
-3616
-996
11541
-2012
-12276
-9164
-2297
-11248
-1014
-9212
-7965
-4872
6403
-4060
-8701
-5056
-12819
-1980
-5887
-7940
14826
-4056
-2320
-8128
12308
5124
-1794
-16368
3315
-9176
7924
-8168
4896
-23280
-9709
-3844
7930
-1812
10023
0
3815
-10216
-6385
-4072
536
1272
-1782
-1004
10746
-9188
2600
40
-1806
-10212
3784
-8132
-9187
-12256
-8999
-10196
5384
-1000
4093
-4056
-4369
44
1266
7252
-5
3108
9495
-1008
-10204
-17388
3052
-1008
5097
-6132
-11530
-8140
-1516
-10220
-2285
2092
7401
4120
4370
-5060
6865
-9164
-1233
-9188
2832
-12240
9680
-16352
1531
-1008
6178
-6140
7130
2120
7688
1056
6137
-6104
4621
-10208
-4380
-2016
2036
-4056
-3087
-4024
-2058
3112
-4601
-980
565
-7944
-32
-2028
-3059
-3044
5384
-5112
-1785
-8148
-510
-9176
11761
-6060
26
-964
267
-3036
-2317
-19428
-4850
-7160
-494
-7112
2802
-16380
-3576
3072
-2041
-15344
3296
-6112
-8445
2096
4127
-7136
-2821
-12288
-4364
-9208
996
-10232
-9214
-2008
2264
-1008
5901
-11236
-3589
-19440
-764
-8972
2598
-1796
-1036
-5092
-520
-3036
-8185
-20436
4561
-6092
-4590
-7116
6134
-13300
2817
-6104
-2071
-7120
3599
-4080
1025
-6140
-1000
-11240
-4377
-8120
-3344
-2004
1030
-996
-2044
-4868
-1805
-4892
2072
-5064
264
-5116
-7725
-2040
5651
-13272
-822
-11232
7467
-1796
244
44
775
-14088
-5386
-7156
-4352
-21464
-4604
-13304
-754
4148
6636
3096
-4083
4144
3081
-12264
-1783
-11252
267
2076
9200
-2824
-5881
-12224
248
6176
2050
-7120
-7641
-14268
5669
-10216
250
-8180
5898
-16344
-485
-10204
1780
-10184
-2035
-7136
-1310
-7168
-7436
208
3328
3092
6167
64
-8688
-772
6659
-23296
3098
-18180
781
-11232
3332
-3056
5643
-6084
3868
-4044
-1035
-16368
4347
-3060
5874
-5104
5386
1276
-474
-8172
2021
-15304
-2564
-8136
-9220
-3068
-4900
3088
7694
-7140
9469
-4056
3109
-4084
488
-8192
4339
-11012
477
1052
-12548
-4064
1249
-18376
-9752
-3048
4897
-10172
543
-12264
3080
-13064
1315
-12260
998
-10200
8433
-12040
-1813
-2016
1022
-14304
545
-2032
496
-9200
-3108
-2024
3333
-10200
-8676
44
-6140
-2016
275
1080
-6392
-8972
-1553
-8976
5394
-18416
-3311
-7140
-4347
-14292
449
-16144
-3591
-3056
-9190
-10200
1554
-5116
2348
-4040
-4333
-2820
4340
-9216
5389
10272
6116
2300
7434
-2820
-8413
1040
-2066
1048
6912
-10196
-8944
-4032
1007
-10232
-1033
-4060
4342
-4064
21
-5084
2318
-1008
4362
-12036
-7159
-10200
5631
-7152
4873
-9192
-5647
2064
-6375
-8144
531
-10188
4324
-7128
-3556
-3056
-1306
-10240
-6166
-9992
-1287
-4064
-2302
24
-3596
-9152
8943
-4072
6385
-15304
-4319
-20464
3070
-9184
-4060
-4096
-6392
-2828
4577
-6128
1558
-3068
-504
1032
-2053
-3048
2800
-4072
547
-8988
-2542
6212
-7678
1068
4883
-3844
-9751
-7168
-6668
-14249
18
-10208
-270
-10208
-3829
-9200
-6895
-8105
2590
3096
11253
-11228
-5380
-2044
-2574
-3008
3603
-13272
3825
-13292
-3807
-14092
-5382
-18412
-33
-9172
-2579
-11236
8440
-3052
8156
-13308
3341
9244
-7955
-6916
5645
5124
2075
24
-3869
-4068
1567
-8172
13
4116
6674
-2008
1808
-8168
9696
-10220
-5371
20
4086
-2000
7890
1044
55
-7148
-508
-5084
-762
-7156
1324
5132
2050
-14084
3600
-16368
14873
5180
-2045
-13276
-4096
-2016
5377
-9988
-3092
3100
1849
-6104
1813
2060
-6682
-5084
-6396
-7108
769
1040
6402
1028
-8186
-13276
-764
13324
3822
-5892
3307
-14308
-6395
-988
2297
-8140
267
-4052
3328
-5088
-3079
-6088
-7447
-3036
3563
-9176
-11525
-5096
3849
-8168
1819
-10212
3805
-2024
-2058
-10240
8194
-12256
2567
-4868
5125
-10208
2536
-11244
514
-8148
-2071
-2040
-5105
-6120
-5610
-13260
5626
-6124
-5103
1076
2063
-3004
-6183
-9996
254
9284
-2811
3140
4347
-6096
10
-968
-7947
-8164
-1033
11272
1531
-6124
6901
-5080
-9219
-14296
-12837
-9184
-8703
-4092
8447
-11240
509
-4028
239
-11244
-9206
-6132
6113
-7108
-4619
-9196
241
-13296
3317
-4088
-7674
14380
5863
-17400
-8227
-8176
-4846
-7140
8974
-6936
-6365
-6128
-2591
-11228
-4073
-15360
9228
-13292
268
-10188
-1264
-3032
-2043
-6072
-3320
-7100
4368
1040
4621
-7096
3278
7224
3344
-3860
4372
-8176
-1265
-6920
2826
-11256
7451
3292
-11766
-5908
3587
-18404
-8169
2108
7390
-3044
-1523
-5112
-5141
-4076
5125
-12268
-4095
-4068
-783
-7168
759
-13060
484
-7132
-6683
-10216
-4585
-976
-1026
-3056
3318
4144
-1507
60
217
-12260
-9960
1036
-729
-15320
-3838
2120
-1325
-5056
1030
-9168
-1804
-7152
3863
-8140
-1553
-9164
-3863
-5080
1028
-14312
-4122
-984
-4356
3100
-1541
-12268
-1774
-12256
2548
-15328
9229
4120
4883
-1020
2049
-12040
-1292
-10228
2274
-12248
7455
-2824
254
-10200
-207
-4880
4828
-4076
-5352
-9172
-3842
-6120
-5117
-10216
3322
-8168
5091
-2008
-4085
-10228
266
-4072
4870
-9196
1513
-12280
1775
-5072
-2272
7192
-2307
-25320
9963
-4016
-5631
-7144
5898
2080
5114
-7104
-1536
-7144
-5111
-10220
303
-10212
-3091
56
14
-7124
6169
-13264
3573
-5116
239
-6112
-12
-12220
-5875
-8156
6923
-7120
-4328
-12268
6412
-13264
-2021
-8152
3321
-13296
6428
-7140
-2324
-8176
6404
-14096
-5103
-13296
5125
-10228
14339
-6120
-4124
-9156
7394
-3020
1788
-15280
2313
-11224
2041
-9168
-510
-15324
-7414
-7128
1284
-12236
-8733
-2836
1064
-8160
-8170
-2036
10770
-11264
2852
-3044
-2066
-9172
13822
2092
-1802
-13068
5119
-16368
2825
-14084
3090
-8140
-1254
-13088
8973
-10168
-513
-6100
2068
64
-11
-14328
1305
-7144
-10287
2084
-7926
-13268
-4609
-16356
3854
-2036
775
-9992
-1050
-7164
-5603
-7128
-5348
-11264
-1326
-10208
5637
-11248
2087
-9188
10779
-3064
-251
-1000
9984
-18424
-3360
-10176
6421
-6096
-7403
-4024
-4066
3088
4067
-13244
-1304
-6920
5636
-3844
-3327
-3072
7680
-6128
2064
-5033
-5118
-12256
-510
56
-8443
-12244
4069
-2988
-8941
-6116
-2579
-3044
-4627
-14284
3830
-12044
-4866
-5096
5111
-7144
-1259
-6144
-1529
-19440
-1509
-3068
3822
-4040
-5416
-15320
-442
-8176
785
-13280
-6127
-7136
2534
3084
-17137
4096
5873
1052
-8964
1064
-2029
-3884
-6675
-20412
1276
28
-2313
-4868
-2325
-7956
-2799
-10232
7142
-980
-1019
20
-16148
4108
-7169
-9196
9704
-7128
5626
-3056
1558
-9164
-4596
-1008
-3564
-4048
-4863
-12280
-6665
-14312
-3574
-2820
-3083
-10176
1809
-12268
4064
-3048
-754
-2004
-1583
1260
-1554
-6140
229
-5100
-5907
-8160
-5652
-11220
2557
-19408
6423
-25328
-19213
-6100
7462
-4868
1270
-10180
1557
-2036
-2546
-13308
2833
-11264
-5615
-13076
5877
28
2575
-8184
-262
4148
-2022
-13308
7147
-17360
-3033
-5116
-4610
-8144
-7952
-14308
5127
-5056
-2289
-6112
2813
-9188
-3303
-11024
2808
-2820
4383
-952
-992
-12284
5858
-3036
6943
52
-4852
2092
8452
-12272
1021
-6120
-2776
-4096
2313
-16168
-6708
-5096
-12809
-8164
11028
-4072
2818
-9168
2079
-992
2350
-11228
5378
-5092
3348
-7168
5618
-9172
1075
-11244
5103
-5900
279
-12036
-3053
-3032
3356
-3056
-3367
-7152
9490
-6144
1308
6176
-6181
-3056
9449
-976
-14089
-4064
3840
-4060
6666
-8968
5372
-14312
782
-14276
1002
2300
-502
-5900
-4585
-2004
3600
-23240
1784
-2032
-8453
-11036
9772
-14320
8470
24
-3324
-2008
-1570
-3068
-3076
-14312
-771
-5104
5106
-8176
-2834
-3060
10550
-13284
-6432
1052
-3066
24
-2067
-9160
-4588
-6144
5901
-5096
2059
-11264
-3327
-6096
-6183
-1988
-10470
44
4640
-3064
8698
-5080
-776
-9192
-1828
-11212
-4607
-9164
-2032
-9164
4582
-6104
-4886
4132
-4
-13284
-4863
48
11270
4
978
-7148
-276
-12248
-1513
-12268
-11540
-17348
-1273
-5104
-4070
-5100
-1565
-3048
-508
-28352
-3306
8204
3102
-8168
3338
1052
-1026
-1016
15639
-2008
8425
-10220
-18225
-7160
3605
40
-10494
1276
-8725
-4064
12745
-9172
-9238
-6104
-6904
-7116
-512
-12060
1538
-8180
775
3096
-4115
-13268
778
3080
-2332
-6088
498
-4092
10493
-10220
-2305
-3024
18757
-7124
4355
-5072
5120
-6092
-12354
-12201
546
-13300
7435
1052
3580
244
-3029
-15348
-2057
-13288
5631
-9164
-18431
-10200
-8700
-14280
9227
-2004
-3056
-12052
-9242
-3068
2053
24
7161
-4052
27
2072
9960
-10208
-10742
-5100
-13810
-9196
-1007
-11248
7705
-1024
6132
7188
6397
-1012
7647
-6096
-12032
-15296
-3849
-6916
6436
-2040
-1550
-2024
-504
36
7707
-1000
1516
-7104
8642
-14328
-5109
-12264
-1555
-6140
-4659
-1012
-527
-11236
-4113
-12252
10001
2084
-10748
-23252
11520
-15292
5624
1276
738
-15312
2309
-2048
-1762
-6140
-3863
-9180
13030
6160
-1542
-7140
1298
-9168
-7930
1032
-1799
-7960
-2303
-7148
-4374
-9204
-6902
-6084
11513
-2020
2073
-7144
1805
-4048
3339
-9212
17
-4868
-2542
40
5390
-3052
-6947
-9184
4600
-7160
-6380
-984
10766
-13068
1256
-15328
-754
-11244
-6929
3104
-528
-6100
-2257
-3048
5140
-5033
-5903
1076
-3849
-4068
10497
-6100
-2540
-11220
-2060
-1800
-2554
-1008
4649
1060
-5872
-3072
9368
-12272
-6400
-12248
5384
-6116
-3069
-18404
3817
-13060
2069
-8180
-526
-9188
7135
248
282
-14296
-549
-3052
-3564
-20412
1521
3076
4596
-4080
-4868
-19392
-529
-2020
-8436
-12272
763
-1016
2048
-5064
7929
-6944
-14834
-7124
-1829
-5088
8670
-8188
-3571
4148
-7686
-9196
-3850
-16312
-2598
-7144
-5357
3108
-4876
-7152
-3603
-6140
-1288
-3056
-2039
-9156
-7927
-8140
3303
-7944
-8682
-1964
10734
-8128
-5907
-2024
2365
-5076
-5377
-3064
-5663
7204
-9480
-8144
1797
-5060
9736
-11260
1309
-10208
2582
-15120
5078
1272
-2570
-3032
-5100
-4052
-3859
-15324
-3295
-4044
790
-4872
-6432
-10204
1561
-7164
-6660
-4872
9739
-18376
-2310
-10240
4341
-9188
5848
4128
792
-8140
1263
-13060
9196
6204
-1793
-11240
4606
-2036
-10463
-988
1773
-6104
3366
3316
2312
-2828
-3823
-7948
-9964
-3052
-6423
-14328
8920
-9208
7419
-3060
2287
-19416
-4416
-3064
2065
1088
-2049
1024
4087
-17400
-995
-9160
-7978
-2000
-3862
-7144
-5919
-13284
-3074
-4068
5877
-10240
-8220
12
252
-3844
503
-5084
8980
-9188
5139
-12260
1793
1052
3877
-12040
3096
-2016
-2029
-3060
-2080
-7164
-508
7172
-1503
-1012
-13868
-15360
-7658
-4892
510
4
2600
-6924
-1287
-7136
13550
-10216
-1565
-15332
-4588
2300
14907
-4088
1537
1260
-1780
-6084
-4611
-16352
1558
-972
5166
-8964
-7451
1036
537
-18396
-2838
-7152
8209
-4044
8716
-4096
-15
-996
1009
-5044
-749
-4076
-1248
-2012
-1830
-4036
-5113
-8164
5116
4183
-2803
-12252
9223
-5892
-9242
-13256
6653
-7148
4351
-1000
1283
-8152
1023
-13292
2057
-3056
5881
-11204
1272
-11248
-7390
-11236
5615
3104
-3815
-5088
15066
-5116
5914
-3052
-6118
-4080
-6925
-9176
8996
-3052
-6396
-4088
1316
-4068
-14087
-4060
6901
-13300
755
4
1273
2060
-4348
-6128
-2812
-11240
2019
-9192
-12288
-6140
-3843
-14328
-3591
-2028
-7927
-8172
5871
-15316
5648
-10232
-3301
-4868
3069
-5068
7396
-11236
-10213
-14276
-3322
-9196
2093
-1024
-1043
3120
6619
-5056
4327
5172
-1988
4116
6378
-8160
3347
-9180
-7950
-8168
-5610
-10220
7685
1064
6640
2108
8452
4124
4593
-12252
-4661
-5108
-7925
-2044
3839
-5056
5593
-8976
-2528
-984
479
-3060
-1556
-776
-4353
-1008
4622
-3044
9732
-9992
-11286
-9144
4606
-4080
-1257
-4872
1271
-4064
2832
-7148
5084
-5096
1594
1040
16
-1012
5632
-11016
10
-10176
3331
-2008
3849
2116
6121
-9160
4621
-5900
1822
-11236
2814
-6096
11507
-13272
-259
-11260
800
-4072
6130
-3072
3339
-7940
-10518
-16132
-7464
-3048
-5395
-5044
-1523
-8168
-1276
-14312
21
-5080
6910
-6108
-25
-5092
-8176
-12244
-1291
-10216
6628
-11212
-4857
4104
1029
-8148
-5887
6396
4826
-4072
1787
-5104
511
-17352
3851
-3000
1546
-12068
-3854
-9200
2805
-7960
-7193
-9176
4866
-4080
1538
-6132
2800
-2040
-544
-3056
-14865
-7156
-4345
-2048
-513
-9188
1779
-3040
255
-11232
2279
-13292
782
-12236
-10505
-13284
3072
-13312
-3870
-3016
2552
-4048
4127
-11256
-6407
-14300
1010
-5104
-6917
1264
2803
5184
-2045
4132
-1535
-13300
-1308
-7128
-767
-6124
21749
-14268
1269
-17328
-3079
-14304
2026
-4076
3804
-4040
4919
-12048
-2311
-2020
2069
-4084
808
-12288
6136
1024
6151
-11216
3087
-12288
-7682
-7116
7388
-17408
-8958
-3040
-1266
-6080
6636
-6116
-9452
2056
-1533
-3044
7934
-8164
-265
-968
-4398
-5108
12809
-12276
-3068
5144
2064
-11216
-4382
-8152
-2094
-6112
-6157
3092
8203
3304
-487
-12248
1527
-5092
3345
-14332
-23504
-9200
5141
-4060
-520
5160
2299
-20468
1026
-19456
982
-7948
-3595
-14316
1532
-11244
4344
-5104
-2278
-7152
1268
-23252
1
-26344
4599
2076
1827
-2016
1005
-4060
-14
-9156
5363
-8128
-3586
-7148
1522
-8176
-7927
-16364
4855
5172
9260
-16376
-4642
-14308
-5871
-6068
8968
-7124
6427
-7160
2567
-8972
6909
-17392
-8192
-11196
8984
-4072
5142
-10236
-1258
-10216
-788
3096
-4365
6380
4594
-3848
7411
-10208
-5096
-4096
-1792
60
-516
-14304
4412
-11232
10
-6088
5913
-5108
-6901
-7156
3844
-12232
-2829
5156
4332
-8148
4349
-3024
10496
-5076
12511
-7120
-8468
-1812
1526
-7168
-271
-5092
-4875
-1008
-8716
-1012
-3569
2048
3318
-792
1274
-3048
-6654
-11236
4611
-5112
3316
-13304
-4593
1024
1041
-15348
-3588
-10240
-2051
-11248
-13310
-7156
13
-5108
6394
-12220
746
-4096
2240
-4092
-1268
-1008
-19812
-5104
-11285
-9192
-5850
2068
4607
-18380
-2774
-10212
-767
