-18408
6132
-10212
787
-3048
516
-12260
-4106
-10196
3085
-13292
-6107
-14096
5393
-6100
6661
-11252
4849
-11044
2537
-12252
1042
-4876
-1300
-11200
8208
-992
-8207
-16297
-2800
-8180
-8738
-4064
983
-9180
2271
-5064
6175
-16336
4379
56
-6658
-3020
4138
-2020
6121
-7144
-3597
40
5619
-4064
-5613
-10196
1271
-14284
-5369
-13300
-499
5160
-286
-8156
-772
-20432
6369
-16372
12059
-2828
-1009
-7164
-2017
-11256
5916
-8148
1523
-7156
-1294
-3064
8717
-11236
-5393
1060
489
-10196
3588
-7948
2061
-8128
-6128
2096
-6395
-8116
-7948
-13304
6409
-10224
-7695
-8164
-5129
1092
-4113
-6920
9221
-6088
-7645
-15324
4086
-13292
-12316
-7152
4078
-14088
-9015
-9988
-11055
8
-4087
-13264
2021
68
3578
-7168
526
-5120
-776
-2016
268
-16348
-1531
-4080
1014
-5084
15102
-16324
-5129
-9992
11
-6128
1314
-15320
745
-1980
-534
-13292
-265
1024
-3606
1060
4636
1036
11231
-9200
10488
-3032
-6135
2056
-2576
0
-3828
-15304
-8410
-16340
-11787
-6124
-4326
-7168
-4346
-7164
2559
-5116
-10006
-9216
-6610
-7144
8156
-9192
521
-10105
1543
-21464
-783
-11240
1288
-18392
-3565
-4060
1
-4088
-2293
-8156
-2555
-3036
-3071
-4076
-6433
-11232
7201
2052
-3357
-13280
-2077
-8140
-4086
-6076
1762
-2020
4583
-7152
6900
-4060
-244
-5088
4114
-1012
-8686
-8124
-2081
-5076
-2817
5124
-1773
-7104
5390
-1020
-1293
-8120
-222
-19428
6386
-5108
2314
-10192
-2365
-6128
1040
-11216
-7145
-10220
9472
-2820
-8462
32
2290
-8120
-4335
-14084
1792
-13308
6686
-7124
-1276
-6100
1825
-9176
-1009
-7156
1022
-9180
6399
-14304
-11762
-8188
3086
-16376
-3583
2068
-2838
-4884
4108
-5104
762
-8168
2002
-9192
3313
-12248
-3814
-5096
3062
-792
3066
-8192
-3078
-5088
-13283
-2828
4352
-5052
-7436
-6092
-4866
-13268
-1802
-12232
6402
1272
-6893
-3848
1212
-13232
8159
-5076
-5380
-6104
-5912
-5112
1281
-13304
-749
-9156
-4
-4072
4106
-6092
-1475
-6124
2287
-5080
-2057
-6112
2561
-12260
-5909
-22264
7149
3116
-6122
-19448
-31
-5120
-2322
-8964
-3349
-9152
3834
-5092
3334
1040
4878
-3024
-3598
5120
5901
-2032
-4580
-7156
4538
-13260
1029
-2012
-1058
-12248
-263
1052
-2798
-996
-1530
-17380
-2031
-8168
526
-13284
2572
-7108
5352
-5092
-6907
-4040
1505
-17344
728
-13256
-1292
-15332
10013
-27380
-7150
1052
7690
6380
3293
-13288
-262
-12248
-7184
-11228
-3312
-4080
-7680
-8172
2535
-9176
-5899
-14104
19176
-10153
-5092
-6092
-11248
2088
5907
-12264
1808
-1996
2023
-14288
-505
-7120
-3078
-4080
7429
-18416
-8195
-8160
237
-15320
1281
-3848
8177
-3024
6672
1060
4636
5176
-2
2088
-757
-5076
-10217
-7132
-4101
-7944
1040
-2000
2361
-7128
-1003
-12252
3883
-9180
-6185
-18416
7732
-3848
8730
-5108
-5895
-14288
9223
-10204
-6686
-4048
-12839
-3844
-7408
-17384
-5119
-15332
-5351
-7108
1534
-13248
-2557
-3044
1009
-9204
3581
-12268
-5091
-16136
-4611
-8156
-2033
-9180
-19209
-5060
3624
-3040
-5659
-12252
-7683
-8128
263
-9216
3076
1068
492
-6124
-6662
-964
4338
76
-2811
-5108
-6122
-10220
4566
-16344
4369
-2004
-1275
-15308
2804
-5084
9218
-980
-3840
-11212
6417
-6116
6649
-4872
-6422
-21492
5135
-5072
1762
44
2572
-7136
7178
-3052
-2306
-9152
2308
4104
469
-13304
1844
-7144
-2037
-1804
5882
-8168
-1043
-19448
-5608
-11236
11226
-10208
8949
-7948
231
6188
5076
-2036
-6385
-1000
499
6160
1538
-6076
1526
-3072
-7416
-24300
2089
4128
759
-6112
5874
-8980
6405
-14268
-4559
-9184
-1310
-16308
-1297
-15348
-13328
5144
1597
-9200
-544
-8168
-12061
-5088
-1829
-2012
-10197
-3056
500
-10236
-2790
-19428
3326
-5112
-3113
20
-5630
-9152
2066
-9180
-3798
-16340
4863
-3020
-1043
-11220
-6418
-8140
-9433
-11236
-1524
-5060
6403
-7140
-796
-5048
-6934
-1016
1025
-11236
-4364
-11240
-6411
-15316
-7941
-10216
4084
-18416
494
-5096
-11507
2296
7908
-14336
-4869
-7112
2580
2092
-5113
-2840
6940
-6112
-4862
12
2837
-984
16
-4036
3083
-2024
-2354
3116
4079
2084
8210
-2000
-251
-4084
12297
-11208
750
2088
2320
-4080
497
-4880
-1275
-16348
-766
-10196
-726
-16364
12538
-7140
2063
-9180
-7175
-3048
-3310
-7116
8455
4108
12573
-6128
2329
-6120
-8165
-8116
-6392
-21460
-2309
-11012
3850
-11248
-10767
-2048
-3355
-18364
-2076
-3072
7171
-10172
-527
-6132
-251
-2008
265
-9196
-11481
-10176
-8458
2108
-1794
-3052
4903
-14308
-7410
-4092
-3578
-13284
273
-6124
13319
-15356
-2047
-1980
712
2056
5918
-11200
-251
-6916
-3330
-8148
-15143
-4076
1267
-7132
-4115
-12280
10516
-8964
1535
-976
6124
-3028
5670
-8148
4077
2088
-9189
-11236
-1549
-17360
-1294
-11208
4600
-2028
-2573
-8120
6694
-12252
-1794
-16293
7168
1268
-5118
-6128
7185
-4044
-1245
-11256
2614
-10220
-12555
-1988
1323
-18412
9744
-13292
-1517
-7168
492
-3032
19450
5168
1511
-7144
-4875
-13296
-9982
-7112
-3321
-26316
6139
-10232
-2791
-3848
-2032
-7128
1296
-3008
-6139
5148
14
-7140
3619
4104
-3569
-2012
-2592
-9192
-2796
-3024
2015
-12264
-1271
9460
1039
-8160
-3088
1276
-253
2096
13851
-7120
-4341
32
9456
-14288
-785
-6932
-750
-10192
3545
-4084
-2288
-4080
-5336
-8148
-9200
-8160
-2554
-12244
-1786
-12228
288
-5108
-2301
32
-4870
-5072
5132
-17356
-6927
-5092
3558
-7108
-5651
6212
-482
-10240
-8468
-8180
3571
44
-7659
-6920
17394
-8128
-1764
-12052
489
-9192
3595
1040
2076
-4044
-5387
-3852
1776
-5060
-16392
-5892
3299
-5120
-2036
-1996
-6397
-6128
2018
-15336
-2294
-4040
2076
-10204
-2054
-8172
3602
-13272
-6432
-21492
1525
-14292
-2827
-1992
-5105
-2020
1277
-9180
-13811
-6112
8898
-6100
2022
-14316
-1030
-5088
-6421
-3016
3568
-10200
2822
8
7680
-2024
2070
-11224
800
-13260
3
-8188
-9461
-17396
-6664
-11224
5111
-12260
262
-12260
776
-8168
7429
-12212
-8232
-6057
-6358
-9172
-8727
-2032
-1014
-22188
-7654
-7128
-9225
-10236
2789
-5072
-3304
-13304
781
-11260
-2602
-14324
11284
-13288
-7705
-5072
3087
-772
988
-17356
5376
-3044
5127
-4060
5644
-9200
-6377
5136
12810
-3060
1551
-15312
2079
-12248
-791
-6140
-6165
-3044
-1795
2092
-8972
-8172
-1067
-17336
1577
-8140
11258
40
1805
4140
-2567
-3040
-5873
-9176
4354
-3044
-3
-3852
2040
-5080
-1016
1044
13044
-11184
-1235
-15320
-3591
-9204
-4394
-1984
6171
-16344
1030
-2040
-5338
-12224
-1029
-6124
1509
25860
-1513
-9196
1775
-10180
7925
-2828
3547
-11236
230
-6092
3071
-4072
-3834
-7948
3580
-2012
-1476
-6112
6143
-11236
2541
-9176
7965
-14304
11030
-4072
5646
-7124
-1589
-964
-3358
-11244
10760
-12216
-1754
-7128
-3071
-4080
511
-11248
2042
-4052
5386
-8976
-2564
-7168
-2
-12232
-7710
-13264
495
-8140
3803
-9192
2036
-992
1028
-6132
-5903
-8172
-1783
4112
9716
-3032
-3539
8248
2841
-12272
-2539
-2008
1524
-14316
-7164
-7140
1559
-15316
-3584
-24784
4871
8208
-8698
-14304
3022
-17372
-4106
-4060
-1797
-19424
-2808
-1008
4628
-19388
2061
-10216
-3082
-4096
-14085
-2040
2285
-4052
259
-9136
-9519
-2024
-4355
-18356
-8983
-4040
-2044
2068
-2852
-19416
10504
-22232
-4082
3308
989
-13248
-9718
-15332
14344
-4096
-6663
4140
-1297
-14264
3324
-14316
-11778
-7144
-46
-12236
-1001
-10240
-7910
-3044
-6664
-12252
-5900
-15120
-4868
-5096
2054
-2044
-6170
-3012
-3560
-9172
5861
-1012
5620
-6112
1537
-5076
-10250
-8172
3836
-6068
-3365
-8140
-10253
8224
-7912
-8156
6933
-11020
5876
-3852
7898
-8968
499
-8168
-5091
-15300
4853
-16360
5871
-10153
3597
-13300
788
-10188
2836
-7124
-7634
5132
5909
-22260
-9479
-15324
4070
-9188
2534
-9184
-1303
-9188
1538
2064
6941
2068
-2799
-10228
7436
-5100
-2321
-7108
-3843
-6128
-1526
-8160
-4576
-9200
2484
-6140
8184
-5108
-4569
-12240
-7430
-18404
-6944
-3028
-6420
-3064
2812
-11252
253
-6112
9482
-10224
6418
-5084
-1045
-5108
271
-2004
3865
-15328
-9985
-7148
7175
-11240
-2808
-8180
5891
-4092
4626
-7168
-6165
-8172
-4581
-3052
7664
-5112
2010
-7156
-6137
-4080
6399
-11220
228
-3036
8701
-10224
1304
-13284
-996
-6112
9234
2108
-3061
3140
779
-9160
5369
-9156
-2033
-9212
-28
-12260
-15351
-6100
6375
4340
3337
-12256
-7945
-7156
-3345
-3028
8187
7420
783
-13284
-773
-4868
11787
-5104
279
5124
12822
-7108
-4861
-4052
1543
-7124
3024
-13260
7407
-4076
14354
-9180
-7677
-11244
-11511
-14312
2837
-11016
3085
-4040
-2831
-13280
4624
-2040
6640
-13272
-6693
-20228
-8727
-8172
-278
-10216
-8705
-9176
-1503
-972
1023
-4092
1777
-6096
-1799
-5064
-2527
-12264
1551
-6124
-6658
-3020
-456
-12240
-277
-8136
-1565
-1020
1515
-11264
-7438
-15308
1259
-5076
4652
-10180
1290
-2048
4104
-6120
2072
-5100
-3073
-10192
528
-4060
-10460
-18396
-1783
-7128
5387
-3000
2821
-25312
-6903
-13268
982
-11232
10246
-7140
-3571
-16132
786
-5104
2045
2288
5120
-16344
3615
-9180
3625
-14296
2042
2128
2302
52
-7415
-9176
6146
-6124
510
-4880
2537
-12288
2565
-4068
-1552
-4876
-5868
-10220
-3859
-8148
-12596
32
9472
20
548
-5052
-8483
5132
-4608
-6136
-997
-988
3061
-15328
4861
-13268
1257
-12240
4132
-14300
-8701
-7112
-250
-5088
2541
1044
8749
3324
-6388
-10232
2552
-5060
4118
-5092
-4383
40
293
-12268
-988
-6132
-1041
-5096
6624
-4072
3561
-14296
-1790
-2000
3109
-20448
1802
8436
-1778
-5092
5611
-12260
-513
-11248
-5659
-22228
-4088
-12236
-4085
-13284
4890
-4056
7678
1056
12772
-12216
-756
-8156
-6140
-2820
-5908
-7132
9226
-1020
-2010
-8168
-250
-21468
1518
-10176
11012
-5076
-4119
-2004
523
5132
-251
-12272
1288
-10220
8929
-14104
6642
-6072
-2306
-10208
-3354
-6108
6134
-18368
3045
-3040
8389
-4024
7182
5132
-1799
-10212
1249
-6944
4114
-13272
-3583
-9184
-229
-9168
1265
-7148
529
-7944
9742
-9208
10481
8
-5889
-17156
-8727
4
1782
-5080
12318
-5092
978
-18412
4586
5164
765
-16320
6426
-6124
-3064
-11252
3575
-9208
-10755
-11260
16
2060
-785
-4072
8997
-17396
-1042
36
-803
-6124
-10990
-10220
3859
-18400
4629
44
1790
1084
-1027
-12232
-2587
28
-2072
-5072
-3578
9232
749
-2048
4608
-10240
8460
-11024
6891
-14316
-3305
-2004
5853
-7152
1288
-16364
-7657
-1000
-1010
-16348
3806
-2008
-6688
2080
-2046
12
-1782
4136
3310
-9172
2022
-5096
-2553
-8180
6895
-6080
-1339
-11012
-4852
-8160
7407
2052
8207
-4024
-3082
-5040
12534
-6144
-4572
-11240
-1791
-14304
-6680
-17364
-6148
-10236
11743
16
2597
-6116
541
-9160
-5129
-3060
255
-2004
-2312
-3032
-551
-12256
-6935
3088
-996
-13280
3333
-19448
-3840
-7160
13532
-10196
-8193
-8164
12
-14324
3311
-996
-2328
-18384
8456
-13264
-981
-5044
6652
-17376
2079
-12228
-4338
-15312
-9481
6176
194
-6092
-6917
44
-22492
-14300
775
-1012
-3100
-11224
5370
-14332
5350
-3032
3354
-21252
-12294
-7140
-8992
-7144
3818
-6120
7673
1072
1287
-4060
-4881
-9164
-1028
-17321
8185
-13300
-2805
-16344
5661
-5064
-3318
-22216
-1282
-19452
-8441
-6100
-4874
-14312
560
-5108
-2592
-6128
-4608
-7124
-3370
52
-1516
-13260
3317
-5044
-6147
-3052
-2013
-14316
6130
-7104
9
-9180
2796
-3016
6920
-12252
-1071
44
-2779
-6128
-271
-9164
1280
-13276
6394
-2836
5591
-6072
5659
-3036
-6389
-16344
6652
-5100
-3863
-7128
-3843
-18392
-9705
-8172
4625
-14292
-3090
-3064
5112
-15352
-4853
-7124
4114
-2000
4386
-5064
-2278
-972
-2814
-13280
8435
-3048
1284
-9188
4891
1064
2073
20
769
-6124
2533
-9204
9454
8
1575
-5072
8234
-3008
-3361
-9156
-3586
-13252
11485
-15336
-1480
-4060
-1037
-5096
-2062
-8144
7950
-2004
-4612
-4888
-3840
-9180
8161
-7148
1015
-3016
3830
-6092
-2559
-4084
-11546
-8152
7691
-3024
-2590
-5052
-8425
4136
-4874
-3044
-275
1072
-796
-784
-7980
-9176
-6163
-12240
14076
-12212
541
-6112
7449
-2036
1068
-5104
1780
-2016
2602
1072
-513
4108
3581
-10176
-4830
4116
-4069
-988
10982
-5088
-1058
5144
543
2280
2053
-2044
-4796
-988
2793
-12036
4346
-5112
-4580
-5088
9724
-8168
-240
-9180
9980
-9164
-14831
-14300
5102
-5100
3331
-15348
-5374
-10184
5875
5172
-9965
4104
520
-7128
-6393
-11220
256
-13312
2773
-6096
2572
-8152
-10797
-6092
-8170
3092
5393
-8140
4868
-10208
-9742
-7156
10241
1048
-6667
-980
11013
13328
-5906
-23284
985
-3072
1023
-5092
7454
-16344
4846
-7152
6606
-1996
-756
-2048
305
-19456
4897
-11188
-4877
-5084
-2062
-9184
-5102
-776
-5396
-2040
-28
-10208
4362
-2820
1525
-6116
1037
-5072
-8693
-9168
-1566
-8124
6641
5148
-7428
-8140
4867
16172
1019
-9200
-2832
-988
-5891
-808
-3380
-9992
-9230
-7168
-6900
-5120
3101
-3036
6159
248
11774
-3852
-4350
-12252
13060
-4060
-10994
-14308
5888
-13240
-9977
-14284
5911
-21480
-12776
-1004
-4116
-12276
7162
-13292
6670
-2008
3616
4128
-7690
-10196
-1051
-12248
3052
-6116
-3832
-12260
1009
-11228
781
-7108
2051
-16364
-2529
-13304
2578
-11244
5852
-4056
5136
-3024
30
-9204
-2549
-4064
-4832
-3020
11261
-11224
-254
-8132
6656
3116
-1778
-968
-1016
-12256
3350
-10236
-1552
-4868
-2573
7196
-1537
-14088
-8215
-14296
2037
-4080
3
-7116
-248
-6072
7927
-13264
2831
-4040
1499
-7944
-10235
-18380
-1285
-12268
8692
-6136
4615
-2040
2599
-4044
-1318
-10208
-3338
-8168
10266
-8140
-3565
-1996
3071
-1992
-4313
-11224
228
-7940
8721
-2028
-3809
-7116
-5660
3112
-16184
-8140
11064
-6116
4616
-12272
7946
-6124
-9743
-4068
3544
-8168
-991
-1012
-1774
-10236
-2321
-13256
-1490
-10228
-4091
-988
8991
3084
4861
-13284
-3602
2296
-2542
-9172
3830
-2040
6153
-4080
991
24
-5878
-14304
1520
-18416
4855
-8172
1827
-9208
-8162
-5112
1303
20
-6661
-20436
517
-10192
6405
5160
-2288
-11220
7470
-4068
2832
-9180
-1048
-11244
-8386
-10236
-6893
-5064
-4115
-2028
1008
-8160
2033
-8168
3319
2056
-5404
2296
274
-5892
-254
-5096
-8736
3092
-3863
-2020
-12573
-984
9208
-7140
3360
-11252
-766
2108
10273
-14332
3108
-8160
-11
-6132
46
-6916
-769
-9188
-8226
-2036
-2272
-7160
4137
-6932
782
-7152
-2822
-15356
-5379
-8160
5628
-12264
1025
-12272
776
-8188
4085
-21480
795
-10200
-4081
-788
9973
-9212
2315
-3028
-5143
1076
-2814
-5052
-1778
-12244
4604
-13300
-7378
-7168
3852
-7136
-2057
-9164
-1009
-10216
-531
-7136
537
-8160
7690
3112
-5654
56
4108
-17352
5369
-11264
-3567
-9172
-1062
-14284
1594
2056
9509
-4056
-3631
-11208
255
-13296
3
-6132
1780
-3032
-1569
-17372
-1019
-14276
1795
-5076
8501
2096
-2802
-5108
-260
-11200
235
52
-2304
-1012
8731
-11212
-7933
-15336
2797
-11260
2784
32
6877
-11236
3817
-10212
-5909
1028
11732
-9200
275
-8172
2821
-7940
12292
-21440
759
3320
5646
-6100
-4855
-3032
2539
-9988
8432
1064
-3864
-11236
6622
-10188
8983
-9156
1281
-9204
4091
-2024
-265
-14256
1034
-6120
-7931
-6104
-4355
1068
2291
3112
-2779
-9164
20
-6064
-551
-23248
2034
-5092
554
-13284
1319
-12264
2299
-9129
2861
-5068
-4106
-5072
8158
-5064
-2860
-8132
-6405
4156
-2789
-2024
-1043
-11236
-1531
-5092
-6926
-6108
-4587
3088
4064
48
-6396
-5088
1274
-10224
10247
-12284
274
-13260
2295
-9208
4342
-4080
-6888
2080
1522
-18400
3090
-12276
-3859
-8140
-9716
-3052
-9997
-11244
-3063
-10192
1769
-3040
-4864
-9176
-1539
-4084
5848
-1988
2032
-14300
-4093
-6041
4115
-8188
5651
-10216
516
-9180
8509
-12248
-9990
-8148
4613
-8128
14615
-17372
-3849
1104
3036
-12284
-4100
-7124
5613
-968
-5132
-18412
-14
-12264
-9979
-8168
-2335
-9168
-2829
-4092
-5324
-1024
-542
-8168
-4123
-1996
9203
-808
-2316
-12260
-5135
-14296
6898
2108
4613
-8964
9990
-7160
-3855
-2012
-6132
-3060
-746
-2020
3596
-4060
-15862
-4048
12020
-15360
-2823
-7120
3855
-1008
-753
-964
-9983
-12260
239
-7116
552
-13060
5335
-3020
-11515
-9192
6678
-4868
-2044
-12212
-6407
-14316
-4857
-2008
-2056
-984
2056
-5108
-3864
-6088
2036
-3028
2802
-5108
9958
12
-263
-7168
31
-5896
3832
-5100
4626
-16372
1562
-3040
-2074
-792
5175
-17400
2273
-17364
-3258
-8120
-5891
-4068
-7174
-12264
-3607
-6096
-2541
-1996
-5645
-13260
1298
-18420
3082
-7132
-5
-5104
-5910
-16368
1313
-9992
9497
-5108
-1799
-13296
-5103
-9176
-4599
-7112
-6141
-5072
3810
1040
496
2084
4355
-8148
-736
-14316
-7127
-3044
-2778
-7156
997
-11240
-14069
-3056
268
-772
10744
-4060
-11473
-7144
4867
-7136
1249
-11228
-3816
-8972
3593
-4064
260
-17392
8455
-3064
8182
-6132
4905
-4052
1272
-6124
779
-9204
7409
2072
8720
-5092
4585
2072
-4359
-13236
5126
8216
3585
-11260
-569
-780
7929
-5072
4566
-8101
-3835
-1808
-3312
-8156
1014
-2000
7924
24
6932
-18396
-1780
7188
2020
-3044
5147
-7148
-4606
-6136
-7164
-5072
-3341
-15152
3605
-10184
-5406
-988
-7156
-4024
-11014
-5076
5113
-6120
4628
-10216
9718
-13252
1241
-2036
-6107
-20424
-8978
-4884
-791
-8136
2561
-20448
-2788
-11228
-4386
-11264
7914
-13256
-12036
-7144
-7694
-12224
-4066
-11244
1804
-14304
5084
1044
4085
32
2045
5132
-13311
-10212
-1019
-7140
-5630
-7124
-5381
-5084
-1557
-3060
2062
-972
-1537
-12220
-6641
-18396
1300
-14324
16078
28
-4898
-7132
-6393
-14328
3797
-10196
-4577
-3072
-8729
3175
-781
-1800
-4610
-6124
-1549
64
-767
-6144
2331
-16352
8966
-11252
3301
-15324
5902
2300
3093
-5088
2799
-8184
-2809
-11236
-1029
-3048
6654
-988
-2284
-14268
-2051
-2036
4092
-8164
8408
52
-7452
-3056
3585
64
1544
-5112
271
-12264
-8443
-15328
4853
-1004
-2833
-10212
2056
-12220
-993
-3040
-1262
-17372
-1542
5128
9011
-1796
4850
-7128
-1293
-13268
-990
-5084
-11493
-13288
13567
-8120
1034
-21452
-1510
-15304
4601
-8116
-1283
-7120
545
-9172
-3825
-7144
6159
-4036
3584
20
7190
-3032
4329
-10216
-3319
-10004
1030
-10164
-4889
-14272
-2556
-1012
-7637
-996
4907
-9172
-2048
-6920
-7662
-6136
-517
-12232
-3089
-11244
5893
-13292
-7
-11256
3333
-1004
8742
-8152
-6663
-5088
-49
-3064
3357
-10004
2590
5148
0
3088
3540
-1016
12011
-9204
524
-2840
-220
-8188
-10771
-5120
8415
-7160
-6417
1056
-3808
-2016
-10270
-21460
-2533
-4072
2301
-6144
4592
-6112
-6664
2076
-9988
-6120
-6149
-6104
8682
-9200
257
-10216
-4098
-13280
-1266
1084
3337
-9216
-2300
4100
-1275
-4880
3065
-5088
-4871
-5056
5391
-9216
1515
-9192
-6661
-12224
2833
17412
4874
-5892
6923
40
5363
-12252
-4887
-11252
9475
-11260
9227
-11252
-2295
-8136
-3600
-2012
-8451
-5892
9985
-13284
-1766
-9168
-6419
-14328
-7435
-7148
-785
-7144
-7161
28
13072
-3856
5312
-11244
8217
-7136
6692
-1000
5894
-2048
7947
4
-5132
-6112
-2332
-8168
2289
-14292
-10527
-2832
7977
-13084
7683
-1972
-6142
-9992
-1800
1052
6414
-968
2024
-7164
-3541
-2044
6885
-956
-268
-8180
-12027
-12264
462
-4044
-8200
-9164
1231
-13280
-2311
-18380
-1551
7228
1325
-6136
3034
-980
-496
-2012
2330
-5892
-1793
-10216
4325
52
7419
-7132
4373
-9188
2560
-2016
2520
-9200
-5604
-9176
-3283
-3848
789
-2820
6684
-11224
-5892
-18384
5135
-7124
1016
-9188
1261
-18212
-7191
-14328
-5129
-7120
7902
-5096
14855
-15352
-3592
-11236
-1526
-6068
3076
-12240
7163
-11232
2559
-5076
4123
1048
-3092
-8128
-9243
-7128
-16665
-13244
5595
-10168
-9459
-19392
761
-6104
5619
-13252
4090
-1000
5351
-18380
-5
-3848
234
-7132
7978
24
6161
-19444
-6408
-3044
1046
-16364
2056
-12256
2830
-15316
527
-4884
-4129
-9164
1020
-4044
-2831
-3040
5156
-14300
1760
-15328
-3861
-10216
-3055
1044
11788
-5100
-1267
-11256
3843
-7104
-1293
-9109
5894
-13264
-8172
-10236
243
-7100
-1045
-6104
1769
1260
765
-19432
4876
-1024
-7139
-4044
-2818
-6120
4344
-5892
-11
-16360
2868
-7148
14841
-4092
-504
-4072
-5128
-9140
8234
-7100
-2037
-8168
-3101
-13272
-5117
-14320
-246
-6092
3592
-996
-1
-2040
1555
-6100
779
-11208
4642
-8132
13568
-9176
2801
-13284
-3857
5140
-5390
-5100
-3576
-13264
13556
-19448
3832
-4080
-4110
-11232
-8739
-3060
-5660
-6140
-4617
-10232
-8438
-5100
2826
-7168
2304
-4012
7649
-6084
-775
-6124
3369
-10232
2052
-12252
-761
-1016
5619
-12260
-12992
-7156
-6413
3316
1283
-8160
-7717
-10220
1572
-3048
-6612
-10204
1561
-4064
-296
-11216
3587
-11256
-4617
-2016
-4114
1052
-8678
-16376
-8986
-5100
767
-972
-2817
32
-523
-14264
-8733
5364
5353
1036
-3086
-3028
-6646
-3012
-564
-10232
-1532
5136
-14884
15408
4374
1072
-4326
-6112
7923
-8160
6664
-11216
-2319
-9208
-6145
-11256
6396
-1800
-1017
-10212
3570
-4080
2307
-5092
5875
32
-2579
-12288
1027
-16368
1816
8
5107
-16328
3060
-16312
5374
-5108
1534
-1804
4347
-21432
-7450
-3852
-1764
-2028
-1044
-7152
-751
-21420
7452
-4020
-9971
-1804
-2580
-4060
779
4152
-1533
-5908
-774
-3040
-1548
-9204
-2046
-10188
-269
-952
2046
-26360
1501
-4072
-7429
-9172
-1286
-12036
3853
-13260
484
-8192
-1246
-980
-8724
-15360
2038
-6144
-2522
-7136
4376
-4868
-5620
1040
5128
5136
3578
-1988
4373
1028
2064
-3040
-3611
-6096
-5639
-980
3588
-2016
-790
-6916
5659
-8988
-7453
-11260
-4393
-8128
7678
-996
5879
-13272
498
-5064
1573
56
-5631
-5108
-738
-6136
-523
-9192
-4599
-6080
-3566
-17376
7946
-5116
3337
-12268
-992
-14328
6900
-12264
-7393
24
-2066
-5084
-2787
-14320
-1562
-2036
3341
-14096
2032
-14308
-1029
-7136
-10510
-1020
8428
-7160
2343
-12276
-6632
-14312
-5652
-2028
766
-976
524
52
-2545
-980
7179
-12236
-2046
-20424
-5864
-9204
2555
-16360
1279
-7128
-9220
0
10989
2080
10485
-10188
-5387
-14308
4344
-4028
-5631
-9160
-5143
-15344
-5375
-6136
-756
-11224
3080
-5108
9474
-19436
-4077
4116
3856
-984
1762
-4036
3044
-7152
3327
-9144
-996
-13280
5159
-18388
-2575
-4032
-13574
-8984
-2536
-20456
-4591
-16364
4126
-13260
15639
-10204
4354
-13252
-4105
-3056
1006
-9184
5855
-9180
-7420
-2008
-3802
-13232
-9219
-8172
-2066
-5060
2845
-22192
1805
-11224
1548
-13268
-7193
-812
-2005
-15320
2574
-5088
2056
-8132
2033
-8184
1286
-12268
-499
-21472
-1529
-8176
-3815
-13264
8720
-14296
-2509
-5064
1552
-14272
-5652
-960
-3071
-10212
-13576
-13304
-782
-4092
-6658
-6088
-34
-5108
6643
-6140
-3349
-9176
6646
-8160
-6389
-15320
-5380
-9212
-1268
-4052
-10261
-4056
6650
-8172
1287
1056
1810
3104
-1772
-7120
-257
-7140
269
-11012
-270
-13264
1555
1088
-1016
-4872
-5121
-18368
-2559
-984
-3089
-4088
-3555
-4096
-4866
-11256
3327
-7140
5869
-5048
-7674
-9216
4639
-7120
2573
40
-10488
7176
-17400
-2020
5597
-1984
-6369
-8188
-3856
-976
-1542
-7148
518
-10180
-2817
-5080
8966
-10184
-817
-13288
7190
-10168
-1775
-8164
-8668
-3072
8198
-3848
-7131
-6104
536
-11208
-1536
-1008
-7178
-4052
7737
-2040
-809
-7136
3345
-13272
-4327
-11240
7408
32
10985
-2820
6905
-8168
-8722
-4068
9200
-10220
4632
-12256
-3048
-3060
-4870
-7108
998
-10204
-4627
-10216
2297
12
7430
-8156
-728
32
487
-6096
1250
-5104
2797
-18348
11
-13292
2058
-2016
13023
-11232
-4095
-9212
2558
-9140
4359
-5104
2574
-11252
2827
-15312
2038
44
1533
-13304
1016
-7136
4373
-17372
2825
-13288
9208
-9164
-4847
-5108
5390
-6080
7696
-11260
3080
-15304
-1819
-15320
-1805
-4056
3590
-17376
-9973
-3060
-8185
-14304
1789
-8168
10478
1060
-7900
-15324
-9730
-6120
1767
-9180
-1790
-8188
-4632
1080
-5096
-14312
3819
-14316
-6393
-8148
6406
-7952
494
2080
-1540
-7081
-7677
-4048
-6122
-10232
790
-8168
-7421
-17356
2807
-11240
-3601
-2016
-4104
-14316
1506
-6108
-28
-12252
1282
-1016
-2263
-15344
9428
-9196
-3299
-2020
-7687
-13252
-4919
-5116
-2554
32
6390
-968
-6386
-5072
19455
-6100
-1784
-13276
-8461
-8168
3623
-9192
2048
-7116
-1523
-13280
10526
-9180
5885
-7160
6402
-992
1282
-9188
2323
-1024
-7929
-7148
-2022
-6104
-3330
-6916
-4562
16
6951
-4088
262
2112
-2284
-23252
-2854
-7140
-4114
-4076
-2835
-13244
8467
-13084
-4082
-16356
296
-6108
9218
-6124
-2552
-15288
4125
-7081
-8712
-8120
8441
9456
-2039
-12248
-2077
-8192
5913
-8128
8476
-1004
-3353
-4028
8162
-13268
17143
32
1245
-7156
-8185
-12240
-257
-10000
760
-12268
534
-10188
-7676
-4032
5893
-7100
-786
-7100
9228
-7100
-2589
-9192
7409
-4076
-7436
-13288
-5124
-9176
4105
-7156
1777
-13264
1499
-3056
4628
1048
1569
-10168
6890
-3844
-1526
-5060
-555
-9192
-7218
-8148
-3084
4120
-3867
-13272
3624
-9180
5896
-12264
2070
-8160
7668
-10188
2513
-7156
-238
56
5373
2296
-6390
-3032
-1506
-3020
2589
1024
5340
-7132
-2027
1044
-2559
-13256
12318
-960
504
-15312
-4060
-9184
5134
-10212
242
-14324
3577
-9164
2755
-10208
-4071
-7160
530
-16364
11767
-5096
-13075
-12284
-2029
-18400
15091
-6128
-3808
-17328
1264
16
-8967
-10228
4087
-4076
3643
1060
-991
-7156
-7930
-10196
-2300
-12256
2835
-14300
6138
-5048
-3793
-10216
6385
-3040
51
-8140
-759
-8160
-3818
-12268
5357
-5088
-4863
-996
-13011
-6104
-7473
-5092
-762
3092
-3814
-10008
-4630
-15328
-9210
-7956
6675
-13248
10743
-18180
-8758
-13248
-5169
-11252
-13553
-12240
-12013
-7156
1515
-10188
2064
-11252
-7945
6200
-6409
-7156
-1767
-3024
4373
-4064
-4874
-6108
2325
-12268
-12
-10208
-1543
-5088
-5602
-4084
-514
-4868
-3066
-10164
-4347
-5100
13574
-20460
-4851
-7140
-8699
3080
4104
-10224
-11783
-5096
13040
-21476
-12557
-992
-1325
-984
-2556
-15312
-3073
-2032
4583
-776
6402
1060
-6910
-5108
-1283
-15308
-15
-1004
-1764
-14288
2042
-8964
4647
-7124
-3302
-16308
-1544
-13225
-4850
-1024
-793
-9156
2515
-7952
4123
-15352
-5643
