-6096
-14830
-16356
16646
-14292
497
-4884
-2313
-8164
8700
-18380
-5580
-6096
1041
-13292
979
-6100
516
-2028
734
-3844
1292
3112
-291
-18380
-13323
-12252
2803
-3012
4080
52
-2334
-8152
-1043
-11236
2820
-4084
-2269
-11212
-1036
-1004
6916
-6116
-6659
2052
-3605
-776
-9486
-10236
-509
-2008
2807
-11232
-4319
-10000
4111
-16356
-2075
-6124
1528
-16368
7947
-9168
-279
-3060
5392
-10236
-1558
-11264
-3342
-8148
4625
4344
5158
-8164
1009
-6136
-2336
-7144
-3579
-5924
-8974
-11244
6647
-13272
-3562
-6116
3561
-988
-6674
-3068
-1789
-996
-8192
48
30
-6116
543
-10220
2308
-4048
2030
4
-7406
-3060
5141
-10220
4075
-2004
2565
-8148
-2070
-21480
-3610
4108
-2284
4096
25
-12248
-7683
-988
2798
-2032
1804
-12240
-6367
-11216
-535
-1800
-2814
-11182
-288
3120
-12295
-6092
-751
-3040
-1296
-5108
-6922
-7120
-974
-2012
-8442
-992
2304
-8148
-4874
4124
808
-5924
3075
-17392
-2019
-12284
-4044
32
9703
2048
-5397
3128
1552
20
4113
-14300
11539
-5044
-8963
-9180
-9702
-14328
8182
-1020
1795
-7952
780
7416
5868
-10176
-7699
-20472
-14367
2068
-1292
-5100
-3318
-10188
-7665
-15340
-6627
-2016
6126
-7168
-3846
-6120
-4857
-10168
7654
-8968
11766
20
-10431
-10204
7176
-5096
2822
2068
-9209
-984
-5607
-2016
4382
-3868
7167
-8144
-3886
-10200
-4334
-6916
-2046
-7944
-9749
-4052
5638
-14280
1267
-13276
3821
-10200
-7948
-3044
6148
-3040
2550
-18368
-11232
-7152
-6935
-2012
-251
-6116
-1762
-7132
-3818
-14312
2782
1100
2571
-7144
-1022
-7156
5849
-9188
745
28
3600
-1012
6917
-1016
-2825
-3044
-3130
-4880
3085
-11012
2296
60
1012
-1796
-520
2092
-12186
-2000
1030
-2828
7440
5364
7938
-6144
1779
44
3825
4203
-1790
-5096
4346
-3044
985
-2016
-1798
-6088
746
-5068
2078
-19456
1221
-5084
6147
-15308
-6122
-3020
1798
5372
-1537
-10200
-7168
-5056
-3586
-10236
-7146
-7092
-256
-6076
-6414
-8140
-3322
-5080
-4593
-7152
1033
-10208
-287
-10212
5620
-6088
-7158
-6112
-6945
-6096
770
-5104
1804
-10156
5386
-4052
-4402
-7108
790
-10232
10718
-14328
-4338
-13260
-4311
-15332
-508
-7152
-4655
-10188
-1801
1032
5370
-5060
1050
-972
-11025
-8152
9970
2096
3602
1068
1824
28
-3050
-7140
243
-2048
5111
4112
-7173
-9164
4374
-12240
2287
3183
1786
-1004
-548
-8140
-2042
-4868
3601
-8136
782
-10196
3576
-8164
-4855
-8164
6162
-8180
1282
-6112
1790
-8176
7411
-4064
3056
-10208
-4114
-6088
6370
-9144
-8697
-11252
7923
-8964
1292
-7132
4610
-13308
-5144
-12240
559
-8148
2329
-6128
6149
-10149
10211
-7108
-6143
4156
5902
-8176
-6134
-15288
-4089
-14268
-1323
-968
1293
-3024
-513
-7132
4301
-13284
-1018
-3024
-5913
-10200
3353
-12256
-1235
-8152
-1008
-5108
2070
12316
6942
-13068
-9739
-7156
12567
-8144
-4899
3112
3605
-11252
17716
-7152
4862
-11244
4111
-12256
-1764
-3844
-3558
-16348
753
-13312
-4832
-2832
-26
-4068
3865
-8140
-9940
-10208
2289
-1796
-1569
-6120
4125
-7108
5383
-11016
495
7216
-16139
2120
-5354
-9192
-2799
-14288
6685
-13296
10516
-5072
-5095
-4056
8
-8192
-11260
-10216
3609
-10180
-6165
-8176
8169
-3016
239
-8188
-15
-4092
-5095
-7124
1793
-4064
3065
-12240
2539
-12060
745
24
-3358
-12280
-10000
-7152
-3344
-7152
-7934
-8136
500
-7156
-740
-11020
-3041
8208
774
-15352
-1563
3088
-4917
1024
4329
-7144
-7673
-7120
-6888
-5084
-5389
-4060
-13072
-5896
-3345
-6088
6144
-1996
13036
-8164
-1782
2060
763
-7164
-3093
-4048
-3568
-3032
2033
-8148
-5384
-4084
-5135
-8152
-1273
-980
7150
-16336
8965
-980
-9454
-5072
-7173
-4052
4601
-1984
-4124
-8152
1772
-4060
2068
-12036
792
-5112
-2573
-12212
3544
-1008
-246
-8160
4602
-3852
-2274
5172
1964
-11252
-5366
-17388
-1038
-15304
6153
-7140
5092
40
-1282
2080
4343
-12268
-7
-6084
-1019
-3064
2302
1036
282
-9996
2817
-2012
268
-9188
2803
-10208
-721
-8136
-4071
-8144
9223
-964
1263
-8964
8457
-8152
9753
-780
-261
-7148
-3069
-14308
-789
-15344
4078
-5068
-6891
-7156
21509
-4048
2285
-11252
-3089
-7120
-7393
-6916
-6920
-5120
4849
-8148
-10238
-9200
8730
-6104
9473
-17400
-1805
-13272
7682
-12240
-2023
-3052
238
-11216
276
-6920
-2312
-8128
1518
5152
-3615
-3032
-1299
-6104
-6924
-8168
-4628
-992
3341
-16380
-3327
-9988
-8204
-2028
2808
-4052
4857
-13252
-5835
-11032
-1517
-4084
497
3072
-4601
-7132
3839
-6064
5906
-8180
8184
-7116
-10492
-13292
3818
-10212
4620
-7088
535
-11256
-516
-5100
13294
-2008
3065
-14300
6911
-10208
-228
-9184
-4080
-3068
5175
-15328
-11770
-10196
3785
-1000
-4040
-3020
5104
-14296
-2759
-16372
2541
-6120
-2584
-1800
-7170
-14308
-4124
-4036
-5874
-14312
-253
-8168
2331
-9212
512
-2824
1262
-8176
4635
-5064
9995
-4060
12311
-3040
3051
-20428
15397
-8128
-8967
-14332
4397
-6112
2863
-6084
6904
36
-5420
-6104
-218
3096
-1050
-6136
4835
-9188
-10464
32032
-36
28
-6913
-10212
4595
-17368
-2041
-12280
3835
-8160
-7696
-10196
-1015
-8160
1038
-15296
-11009
-11216
-7157
-11232
-11535
-2004
-772
-4012
4357
-9168
-4836
-7108
1007
-1980
760
-11204
-5844
-9192
8969
-2000
-4095
-10168
-10268
-11252
-6389
-2032
6671
-3072
277
-2040
7935
-9192
3096
-18372
-2300
20
3876
-3056
2832
-3032
-3319
-2996
3836
-9204
5864
-11212
-9481
-4088
8442
-13280
-4097
-8968
284
-8148
-3822
-1012
-1018
-21484
7414
-19432
-2323
-4068
-3570
-5108
-5374
-5120
6649
-4060
-1565
-13260
-8485
-15328
-756
-1804
5351
-14272
2843
-8172
-7919
-11232
5115
-10204
-758
-4088
3575
-17384
5610
3112
-4852
-9200
-7189
1068
-6391
-2008
3025
-4084
-11246
10300
7145
-3044
13894
-4064
-4368
-14316
4826
-13300
3045
-8972
-1050
-12224
-1043
6180
6419
5148
-1269
-13300
-4132
4148
4855
-15320
6911
-5120
-9967
-14300
2040
-7952
513
-772
-6384
-13260
-2298
-3068
-3837
-9136
1273
-13064
2043
-12240
-10764
7176
12020
-3848
-7191
-3052
-268
-28408
13319
-8140
2535
-11204
2300
-12220
489
-7140
-6925
-8188
-13306
-11220
-9191
-6092
-9519
-5064
-784
-3048
3591
-3052
5359
-16352
3295
-12224
-5899
-17340
-6131
-16360
10212
-2012
-476
1068
5637
-12288
-1498
-976
1557
-2040
3839
1060
7909
2104
1774
7216
3614
-992
8409
-13264
2301
-10236
4867
-13264
-7640
-2820
1805
-2008
-1014
2135
-1284
-7165
-11482
-10156
531
-13292
-267
-4076
-1282
12
-4839
-15360
-4874
-6132
7440
-2020
2541
2072
2054
12
3080
5152
-4092
-8160
-3576
-1016
-1524
-14312
6635
-11240
2317
0
-5133
6148
-2532
-6112
-485
7180
6408
-15328
4848
-5116
-4596
-12256
8718
-17372
4606
-8168
2041
-19416
-6417
-8164
-5119
-2988
-5640
-8180
-2810
-8160
7681
-6088
-10221
-10228
-991
-2020
-1019
-5084
-2832
-15344
-4093
-4060
8179
-10204
-21
-6132
-7655
-12244
-8954
-6116
-2531
-19416
-8477
2056
-1341
-9176
-8436
-5104
-6181
-5080
7676
-9212
-1035
-6116
-1295
-9992
4645
-9188
-3120
-6116
4118
1028
-1008
-12252
-7414
-9996
3349
-14324
-3850
-8144
3839
-11224
779
-8128
4629
3076
12552
-11228
2305
-7136
240
3120
489
-18388
-31
-8140
2596
-12272
9209
-15336
7965
-7128
12559
-3028
1037
-11264
2014
-5096
-12501
-6072
1757
-7140
4625
-5092
4616
-11224
-3347
-14328
-1575
-9192
-244
-1984
8704
-3060
5653
32
-7413
-11240
-523
-12260
-7165
-14312
-6400
-22228
-3085
-996
2
-3048
12
-5088
2847
-13292
-6674
-9192
-4381
-9172
-4101
-11204
9208
-5116
-4047
-15336
-1280
-14268
6924
-11192
5361
1044
11514
-17368
-5135
3108
-2550
-2048
491
-4064
-735
-12264
-3340
-8968
-2533
-8964
-12039
-14308
3054
-6136
771
-7128
-2864
-11264
-2279
-4088
-4135
-3072
-1016
-14336
9483
-10196
-2301
-5100
12286
-4032
-9466
-17368
8195
-7100
1785
-4076
-3319
-6120
-774
-13288
-13797
-9996
-1805
-2020
-8683
-19428
-5150
-6936
-7432
-13312
-7461
-10220
-1815
-5108
-5101
-10168
-263
-6080
-504
-11232
2036
-7156
-5846
28
224
-11236
11778
8
-7703
-8180
1780
-8108
-732
-14296
-477
-16360
-3595
-2016
1515
-13060
-2484
-12240
8969
-13272
-1764
-12248
-8425
-10240
-3853
-7136
-483
-4872
514
-17380
34
-2036
491
-5104
-6124
-11220
17675
-8144
6901
-6084
-2017
-13300
9733
-10200
-2812
-15340
-5347
-13292
-2307
-9168
7676
-9184
-3310
40
7215
-10212
1529
-2044
-524
-8172
-2304
-5112
10475
-12268
-995
28
769
-3044
-4633
-4072
1523
-3056
7681
1276
4580
3096
-5899
2100
-1063
-11264
-7670
-5092
766
3080
-511
-9192
6605
-16368
2569
-13280
-3871
32
7381
-6140
-1502
-4072
2058
-1012
-8716
-5088
3829
-6924
-2531
-11256
5887
3116
-1297
-11264
2050
-784
11757
-6144
3611
-10220
16914
-19440
-6661
-6116
-7911
-3072
4307
-13280
-1748
-12044
-1011
-4068
6426
-7108
1287
-12244
4619
-1012
7162
-14324
-5862
-11200
-9743
-3852
-5902
-15312
-3084
-3072
-775
-12036
-4867
-10224
6137
-5068
-5894
-1000
-234
-2004
8467
-16336
3565
-8148
-6179
-7940
-1274
3112
-1061
-10212
-11009
-2004
-4563
-16364
5656
-13284
1794
-1812
-1783
-5092
-2015
-3048
523
6376
-1028
1048
487
-6132
2790
-13264
-3036
-8992
-1790
-14288
4351
-10192
1027
-960
253
-22228
-499
1276
1533
-12252
4069
-18424
-18
1032
-4125
-11224
491
28
-9195
-12244
2344
48
6676
-11020
1504
-12260
-6897
-13304
5666
-11244
2556
-7956
7906
-6124
-5395
-5916
-1768
-15308
5648
1048
13601
-8976
-3094
-12036
-9453
-2016
6878
2068
-2272
1028
1279
-4052
-1515
-992
3587
1048
3568
-7136
9966
-5084
3611
3148
-986
-4080
-1546
-10188
-6940
-4064
-11554
-9192
-2532
-8180
-4850
-12260
5899
4140
-4618
-11232
3611
-4052
-3042
-4072
735
-17392
-5104
-10232
-1819
1036
47
1068
5891
-988
-1289
-6124
-6150
-4092
-8
3108
-1016
-11240
2584
-772
1288
40
-509
-1004
4117
-12260
-3353
-16348
4592
-11012
-1019
-10216
3053
-11040
-2078
-7132
-5102
-7124
3061
-2828
-735
-6124
1281
-3872
-479
-7168
-4331
-1816
4846
-5916
7655
-9212
-10478
20
-3323
-4060
-7937
-3012
-5150
3088
-7396
40
-2824
-9188
-3850
-6116
2041
-6088
-11
-10240
-489
-9164
-4106
-7148
8188
-15340
-2316
-4084
3597
-15316
8708
-9992
-4349
-9208
7916
10480
1284
-18424
758
2052
-2268
-10236
-1776
-15332
3111
-6140
-3321
-7132
-2057
-2024
-6136
-15352
-260
-7140
4359
-2024
-3324
-9196
-3324
-9184
1790
-980
7993
-23264
774
-13292
1538
12296
6385
-11240
2063
-3036
5903
-12252
-4873
7216
7937
-992
-757
-9208
-4855
-15312
3096
-7120
2560
-14292
4900
6176
1270
-4068
16641
-8132
-10499
-13240
9483
-5120
-4373
-15124
-492
-2048
-3825
-15344
6908
-12248
5615
-8136
2511
-11240
-6659
-3032
547
-9192
1799
-8168
-4614
-14316
3353
-4892
-5842
-10232
1545
-5116
7954
-6928
-8967
-5096
5408
-4868
5349
-3068
6908
-16336
3069
-10196
6129
-4072
7173
-6092
5609
-8148
-10464
2052
2278
-8180
-514
-10184
7948
-12216
4608
-3056
-4346
7180
3053
-10200
-1513
-10236
762
-4072
2292
-3044
1060
-7152
-4109
-8156
-3060
-1024
5871
-11216
-9512
-6104
-6888
-18412
-4857
-8968
-1784
-4080
6
-15332
8203
-772
2814
-10216
-6153
-8172
6127
-2032
1536
-4052
1250
-3852
-5358
-9180
-2050
-11024
2835
-4868
10037
-14100
7408
6188
-4082
20
-2307
-5080
-2575
16
-5917
-10236
1257
-11248
4922
3159
-16655
-14116
8706
-8140
4600
-11252
-7156
-16368
-4622
-6932
-506
-4092
-4391
-5076
-6884
4152
773
5168
2816
-10220
-248
232
4586
4128
-6910
-9180
268
-7152
-3296
-9996
1547
-14288
-2254
-17352
-6910
-4088
3324
44
-3572
-9192
2330
-6140
-4076
-9212
1574
36
-2318
-4064
6900
-4060
4107
-7128
1280
-10200
3829
-772
-8974
-11244
1781
8
-1062
1256
-6132
-9184
-11284
-6096
3310
-13272
-4831
-4072
7402
-7132
-1533
-11244
15102
-7948
3598
-10188
11519
1036
245
-17376
8471
-12280
3583
-9184
1281
-6108
2086
-10212
5092
-12252
-528
12
-997
-19420
9975
-14324
8462
-9188
-2854
-4064
5078
-11012
-2535
-14300
252
-10220
8685
-12216
-3080
-16368
-5383
-13296
13834
-980
-7674
3100
4335
-5080
-1790
-12264
-3578
-17372
-2277
-8188
-520
-9992
6660
-3056
4353
-3036
1533
-13264
-1809
-4068
-2059
20
5098
-14320
1516
-4092
-5863
-3044
-2364
-2036
-2036
-13252
-15141
1024
10475
-7144
-9462
-8976
2543
-8156
4353
-15328
3574
-8112
-8943
-11244
7733
6156
-2034
-11228
-5205
-6100
256
-7136
4362
-16368
-5392
-10184
-5644
3120
-1497
1276
13071
-4052
-4393
-11232
-1538
-4880
2850
-8136
-10505
-14292
4609
-8108
2579
-3072
744
4124
1553
-12220
1260
-11032
-4594
-14272
-5400
2084
-215
-5116
-4815
-16376
6643
-12252
4584
-8172
-5386
-12272
2820
-3012
-733
4136
9238
3128
-2576
-1016
1579
-6112
-9453
-9204
4336
-14316
-1577
-10212
1522
3092
-8426
-11252
1
7392
1034
40
-8705
-3024
-3335
-4080
778
-6124
-4097
-3052
-6931
6156
1299
4128
-6115
-3032
10768
-1016
-5630
-2008
4829
-14292
2543
-7944
771
1268
13057
-13268
4629
-13300
5632
-2032
-2570
-13260
-4602
-12252
-4857
4
3615
-4068
231
-11220
-11515
-9184
3819
2072
-793
-3060
2060
-10176
3292
1036
-1797
-5900
5426
0
1834
3088
5880
-3044
6161
-12268
-3332
-3060
1036
-4872
2546
-9172
-2520
-1016
5677
5124
-1011
-14316
8179
-4044
-6331
-15324
-1019
-1008
499
-11248
19
-4036
-1799
-19428
-3358
-4068
4117
-7140
-5657
7168
-8206
-8148
1526
-5092
-6128
-10220
-1563
6172
-9727
-14296
-4831
-10228
-1567
3080
-8921
-8152
2331
-5076
13592
-5892
-2046
-10204
-7942
-14304
3837
-12244
-3350
-2004
7675
-13300
-3304
-5912
-6399
-11248
2554
0
730
16479
-3329
-7156
-7669
48
-3314
-2024
-2778
-5076
-240
-9164
-6125
-16368
253
-8176
-5894
-11212
-2769
-7164
7193
-7132
5374
-11204
-11509
-10208
3304
-3036
2262
-772
2298
-5100
4354
-984
2807
-7136
2060
-9196
241
-12260
-285
-13284
-4047
-14328
-9471
-8160
-4636
5164
-30
-12284
3350
-6112
9666
-3060
-3344
-13300
-2
-9180
6937
2088
-3580
-8140
10994
-7152
11014
-11256
2029
-16344
8712
-15344
-2775
-6100
3607
-4084
8462
6168
-1279
-8124
-4860
-9988
-4090
-14312
281
-14312
-13845
-7132
-2545
-4052
7440
-19428
-3573
-9101
5890
-2040
3597
6392
-3318
-6136
3085
2052
-503
-2004
5653
-12244
2278
1052
-3609
-8152
2570
-2012
5593
-6924
1021
-4084
3818
3320
-3604
-12040
-1013
-15352
-1018
-5100
-7677
-5092
4139
-4884
254
-14288
-3622
-2016
-3854
3072
10767
-1000
-2066
-7144
7180
-3032
5367
-13280
-727
-7100
-33
2080
8929
-8136
-2077
-4080
2096
-19396
7937
4
1539
-7948
16674
-8124
-3582
-5064
-2046
-18432
-6938
-15120
5119
-9180
3599
-6144
1816
-3848
7973
7408
-8448
-9208
-2298
-4060
4606
-5104
11308
-13284
-11549
-4872
5386
-3028
-1531
3124
-3582
-2024
727
-2044
-5116
-7148
-2020
-5108
-11497
-14316
4086
-1992
4135
-21504
6149
5160
6406
-3012
4361
-3052
2061
-2012
-269
-3844
11022
6168
2560
-7948
-10493
-17372
3851
-6136
514
-8172
-5892
-6124
4603
6172
2305
11296
-1271
-11248
2821
-5964
-5375
-16380
11534
-7144
-5103
-992
0
-1800
6411
-6100
7177
-4048
-3624
-14292
-1732
6164
-2556
-12256
-2013
-12260
2060
-10200
-2323
-13296
-1063
-2024
5417
-2020
-3626
-6096
-48
-12276
5168
-8964
-787
-2000
3861
-2828
-231
4108
7955
-6112
-2575
-16360
1269
-1816
-5380
1044
-12539
-2044
2521
-984
-1253
-12268
-6126
-7116
5359
-2824
-3865
-8136
-1291
-18252
-3069
-7104
-5607
-14300
4893
-8156
-2077
1028
-11790
-1000
1274
-8156
-6115
-5080
-6407
-6116
-1560
-10160
-2798
-9180
-1520
-10200
-13804
-16348
9248
-12240
14603
-18400
1049
-11248
4097
-988
-4877
-5104
1017
-10176
-4601
-7124
3564
-13284
6132
-4064
1271
-14308
-3101
-14288
-1517
-3044
6161
-2044
-2539
-10220
15380
-13248
-7910
-12276
6424
-3044
1795
-3844
-3052
-16372
534
-4084
-3837
-7140
3055
-11028
-6652
-1004
6154
-2020
2322
-4080
2027
-19212
-4797
-14292
1765
-8152
-4312
-7132
5114
-6136
-2547
-10240
4092
-2020
-20
-7144
4874
1052
-1813
4152
2564
-8160
499
-11192
-4332
-6132
10738
-7100
3359
3120
273
3084
4610
-4068
2284
-12244
7391
-4048
-5116
-1812
5893
-12284
268
-7168
-6675
-6128
4359
-5088
4375
-4068
2302
-968
1557
-2044
-1826
-5108
-509
-7152
-5390
-13276
-2826
-8192
-234
-5076
2051
-5100
-4113
-9208
2563
-12252
-4080
-12288
1544
-8120
-12
-776
-1810
-992
786
-1016
249
-7144
3368
-10240
-1798
0
3329
-16344
-8690
-15340
-6138
-3028
3099
-13280
-4328
-4060
-3089
-4868
-2825
-8184
10236
-10204
-1278
-5092
1282
10460
-5623
-2036
8425
-4080
5877
-5104
-2249
-10192
-774
-7112
-1008
-9160
3062
-4072
261
12
1746
-7120
250
-7084
-6466
-5084
4377
-5092
2072
-9204
5121
-11252
4334
8236
1309
-5052
-6922
10316
-1326
-9208
8198
2080
-6139
-2008
-7431
-4092
-267
3120
5119
-8160
1262
-8180
-6642
-4880
-5917
-13280
-2087
-3048
-9721
-3060
-9214
-11184
7161
-13264
14876
-11216
-51
-8128
4854
-4016
-1551
-7120
1767
4112
2307
3324
-7188
-17396
-2059
-12264
-4878
-3000
-6652
-13276
3340
-8180
7161
-7124
-2823
4140
-12819
-8160
1577
-7112
-13833
-7952
-4612
-7092
4353
-4076
7191
-14332
5888
-2828
4429
-16376
5106
-11220
5629
-5120
-502
-13272
4855
-10232
-1776
-6936
-6628
-14316
7973
4100
-4079
-10220
11010
-11024
3537
-10212
-2310
-1020
-2042
-14300
-3612
-4076
1551
-1800
-10243
-992
-1539
-14316
6927
-1824
14597
6392
2337
-6128
9734
-980
6668
-2028
-5136
-10192
-270
-10212
12059
-5108
525
-2028
6662
-2824
-467
-11240
-8194
-15320
5902
-1812
5928
-6128
5116
4144
-4128
-7156
-4883
-12284
4383
-12240
-6179
-5060
12023
-11248
2576
40
5642
-7124
-3337
-3012
4125
-2016
4609
1080
524
-19424
7175
9272
8692
2048
-5112
-17372
4104
-18420
5119
-2820
-758
-9208
11792
-21452
-1520
-6108
-5898
-968
7167
-11260
-6150
-9180
-6424
-11196
-4597
-3068
-7180
-4044
3619
-4068
-3293
-9188
15831
-6120
2033
-8164
3578
-3032
264
-17404
5638
-6128
3546
-11244
-3843
3088
-2050
-6076
-6412
3104
548
-26344
2537
-2836
19
-16360
2780
-4868
16871
-7124
-9457
-1800
-9
-21428
3031
-11228
-10241
-11252
-9473
-13288
8451
-11260
-3835
-14292
10282
-8120
5134
-7168
-3342
-2044
1061
-4088
1292
3088
6152
-7140
8173
-12244
1057
36
222
-4068
-3839
-14304
6385
-6132
3357
-15284
-8134
-3064
3623
-15340
-6903
-10196
2795
-988
-4340
-13280
-4364
-2032
10236
-5084
-5172
-5092
253
-17172
-9225
-12272
-5682
-5100
2816
-7128
4649
-7112
3054
-10232
8712
1044
246
28
-2838
-8148
-534
-3060
-3300
-18408
3831
-5100
3314
-21456
1733
-10212
255
-5088
-1526
-7112
-503
-3856
8694
-2820
1075
-9988
12269
-3048
-1027
-12256
6669
-7144
-4621
-7136
-3564
-13264
-3613
-4076
-781
4340
7905
-8172
8678
-2048
6946
-2016
-2311
-3052
-11271
-14096
3308
-2036
2562
-8168
-7408
-10232
10495
-5092
31
2088
524
-5104
-2544
4144
-3579
-16360
1547
-23288
4115
-9129
-761
-4012
-278
-11244
-9006
-16132
14130
-8168
-9201
-2020
5334
3104
-10521
-3036
7947
-13244
256
-5100
-7688
-3040
-6157
-1796
-2587
-15336
-9208
-10228
5601
-2036
9989
-4072
4596
-4052
-2018
-2036
-5916
-8168
-258
-20452
-6410
-12260
1028
-8156
1762
-5080
1553
-7124
-760
-13268
-10255
1060
-12028
-7940
-5106
-3064
-7669
-15356
-8707
-12252
-10772
-12228
-3592
-6112
1562
-6096
-9235
-8132
536
16
-527
-13296
-11997
-8140
-1787
-996
-503
-11236
-516
-12072
3045
2084
-9471
-5029
-8718
-1008
764
-11252
-1539
-15356
4597
-6140
-3554
-964
9764
-3056
-7937
-10192
4873
-6084
-7436
-3024
1789
-11208
-509
-5076
8444
-11232
254
-5068
1024
-17164
-3330
2084
7404
-13308
5890
-10184
21607
-10176
3019
2092
-5635
-14308
-2289
-6124
3065
-3060
-2581
-9196
6662
-9208
-6391
-10236
8923
2084
-1781
-3056
2026
36
9503
-9176
-1300
1040
-2588
-972
-5379
-9192
5591
-11256
-5639
-9188
7667
-6136
-528
-12276
-239
-5112
-5400
-10192
6125
-10192
-4080
-7108
-10760
-13060
758
-4064
8201
48
3590
-7096
-2770
-8968
5626
-18420
6432
-10216
-8218
-4076
-8433
-18192
2800
-8168
-4346
-5088
-2046
-3040
4859
-11216
1753
-9152
1034
-6068
-7395
-8152
3848
-7144
4338
-4900
-8191
-3848
9215
-10240
-531
-10240
751
2096
11564
-9184
5392
-19432
-2787
-2820
-6402
-4868
9215
-7164
760
-5068
-5384
-12268
1283
-17360
-1021
-8992
1540
48
506
-5892
268
-7128
8481
-5104
3885
-3064
4596
-14332
-3568
-7104
756
-4048
-7919
-11216
10503
36
-3326
-6108
-1258
1076
6129
-14300
-509
8
2045
2068
4578
-992
-2822
-13288
-764
-3044
-3055
-11240
-6190
-14296
-1240
-4084
-6400
-4056
2801
-4020
-3088
-8120
-4597
-6924
2319
-1984
2332
-13272
-5377
-7073
6673
-7148
-3092
-11212
1303
-4060
2073
-5096
1519
3096
2566
-1004
2818
-824
3302
1088
4347
-9192
1024
-5092
3593
-7136
-10504
-6096
750
3092
514
-7940
-8991
-12256
4885
-7124
4578
-11240
3569
1044
-2783
-17372
1520
-6140
-1568
-3040
-9228
4168
6131
-3020
7403
-6128
7978
-4088
-2063
-2824
11780
-13284
-9222
1076
-795
-7120
3861
48
4865
-20452
-4378
-10176
-12066
-6116
-1313
-1996
-2313
-5892
-2070
-2044
539
2072
-8163
-3844
6941
-3044
-3354
-5892
-745
-5900
-297
1036
-4357
-12276
1774
-10192
-3618
-13288
-10794
-1004
2075
-1008
-6896
-12064
-7924
-11264
2820
-10192
9732
-8176
6392
-4076
-6667
-6076
-3823
-4068
1770
-9196
-7700
-13092
-5625
-9172
271
-6100
265
-10176
1032
-4048
-4851
-3036
1753
-2820
-1540
-3856
2585
-8152
-3848
-4868
3086
-3048
-3585
-8176
8211
-11216
-6421
-4076
-2345
-17372
-8195
-10000
763
-5076
3856
-8180
-8420
-2032
2035
-2820
-1544
-5104
1764
-6124
2771
-10208
4110
-7120
1550
-8148
0
-7140
2818
-1980
-18936
-13060
5088
-13284
12287
-4048
8163
-6116
7185
6192
-9980
-8132
-6373
-11256
-6921
7208
801
1111
7974
44
5365
-20420
-11268
-7156
-233
-7148
9991
-7152
3374
-1008
-2058
-12248
1007
4340
-995
-11204
9249
-7948
-8445
-3016
11273
-19392
1049
-5112
-3569
-6112
4627
-5029
7180
-10204
2284
-5092
-3585
-4096
5873
-8980
-1251
16
-7688
-9156
-16081
-13296
17591
-10172
-2805
-8152
-3596
-4096
-7432
12
2081
-5104
-3092
2068
751
2080
-781
2300
-37
-3052
537
-984
3796
-8148
-5867
-6920
3584
-3052
-9256
-2016
-6666
-9172
1522
-4088
-8959
240
-2543
-6112
-10709
-4084
-6920
-11252
-1518
-13288
977
-12272
-3352
-2024
1263
-2016
5643
-7948
2536
3080
4341
-9212
-2546
-7960
14590
-4056
2039
12
8431
-18180
7195
-4076
-7931
-3064
7667
-5088
-754
-6100
-3130
-2016
1795
-1004
2571
-4068
-2277
-5104
-1311
-3064
-3067
-8180
32
-9188
-8441
-19444
8441
-6116
2328
-5092
2786
-10224
-3868
12308
-12298
-2044
-1571
-7136
-3831
-14296
757
-3052
-1552
5172
-550
-980
-2772
-996
4863
-8144
-2275
-7164
-5884
-4060
4878
-10188
3079
-1893
4376
-14280
-8698
-3028
-7700
-11244
5127
-9212
2297
-6136
-485
-7156
4323
-9200
7418
-11264
-4388
-17404
8721
-2044
8473
-13080
3572
2084
1268
-18360
41
-8972
4610
-10216
812
-4060
1552
-7156
1540
-3008
8191
-10012
-4857
-8152
7129
-8156
-3588
-6120
11805
-5116
7706
-12260
4619
-11264
982
-13252
-4350
10260
2527
-2024
12036
-14308
-9975
-15316
-5952
-14312
6171
-9204
-554
-2028
493
-20464
-11047
-7940
3565
-5088
2052
-4056
-1807
5128
4616
-9208
8207
-5088
6891
-1020
-1000
-10216
474
-11224
-2062
-8168
3345
-3020
13060
-3048
-11779
-7128
2039
-13272
-2299
-3052
-4100
-5072
-14305
-6124
-1552
-4064
-4863
-13064
-17962
-968
3847
3120
-6370
1232
-2518
4112
8973
-10200
-2007
-17380
2027
-10220
-1015
-13244
6664
-18416
4621
-11232
5630
-9172
-3297
-5900
-8702
1024
3819
-6128
4374
5168
-2548
-9208
-1269
28
9732
-7128
-4333
-18428
-5133
-7944
1834
-7108
6668
3120
759
-13264
1044
-10180
8676
-11244
7161
-7132
-7395
-4032
-2848
-11260
-1060
-7140
-4315
-8164
11238
-3040
-802
-13240
7187
-18432
-2544
-7944
501
-9188
-1849
-2852
4351
11296
3833
2068
-4342
-9204
-3296
-12256
-3561
-7148
3313
-4092
-5113
-15356
-4897
-2024
-6177
-3060
2057
5352
-1293
-3040
5896
-5084
-7422
-9200
1013
-5100
-4336
2052
10255
-776
-1256
20
-4868
-1800
21
-11248
739
-9172
-5898
8
4885
-3852
-2762
-10236
-3109
-5072
-514
-4096
2820
-11264
7436
1040
7682
-4064
-3601
1060
9206
2080
8492
-792
-2312
1072
6374
-7116
-2078
-2036
-7179
-13284
-5631
-6136
-13850
-13284
8729
-13256
-2546
-8136
-3850
-14316
-1767
-10184
-7701
1052
-4881
-3052
-5888
-9164
1815
-7156
1308
8240
7660
-4052
3073
24
3877
-8192
-2566
-6128
6720
-7140
2067
-4092
2313
-4068
-1049
-11232
-7437
3092
8208
-8164
762
-16376
-257
-8980
-1811
-11012
-496
2296
1796
-9200
262
-1016
-8672
-10220
10513
-3072
4069
-9216
-4116
-6124
1533
-6108
-7679
-9144
4624
-2832
5376
-2004
6448
-15292
-3326
-8136
2276
5160
505
44
-3840
-11220
-1574
9228
2301
-15328
-16430
-6128
9498
-4060
3593
2284
9740
-10172
-2083
-5108
-4345
-10232
6650
-6100
-5644
-12260
-9744
-13304
-8708
-5908
3281
16
3579
-5108
-4104
-9192
7431
5140
6676
1036
-2820
-792
2814
-12252
6895
-13272
12777
2064
-5654
-16132
2536
-9176
-6399
-996
2535
-17376
9431
-4076
-7661
-8172
4342
-11228
5678
-6100
2046
-10216
259
-5080
-799
-2828
3560
7200
5878
-7132
-4629
-7152
5126
-10188
2790
-11216
2527
28
-7395
-9164
-3863
-5060
-4850
-2824
5376
-3048
-1497
-11228
2305
-1012
-11262
8200
6678
-3060
-5132
-6096
259
40
-7455
-2040
-2822
2088
5636
3076
496
2080
4558
2096
-7175
1272
6947
12300
765
-10216
6128
-10240
6358
1092
-7191
3096
-502
-7136
-14351
5136
4098
-10232
3051
-2820
3381
-5092
6441
