-5908
-6920
-13268
3844
5148
4621
-15348
1776
-14308
-2565
-8136
238
-5088
2573
-3048
8170
-4016
6620
-9144
-4375
-6084
-1506
-11252
2574
-8160
3563
-3060
6164
-8164
-7153
-17376
1233
-11196
-5854
-16132
5104
8
-2061
-18420
-5102
-980
-5639
-8128
-2572
-14284
1027
4148
-1002
-3024
5136
-6124
-6911
2072
-1066
-16324
10760
-12272
5428
-3044
2798
-1796
4854
-4080
-1798
-15328
9453
-6136
-998
-1804
3346
-12252
4638
-1800
-2541
-6924
-4890
-11212
-2320
-10212
7922
5140
2568
-6136
10222
-3036
2296
-12260
4135
-9196
-5905
-14108
465
-10192
255
-8144
4380
-18404
4097
-3028
11522
-4036
24394
-5100
-5847
-9164
-1271
-16348
5388
-6112
-3550
-5088
1051
-11220
4557
-12260
6963
-16364
274
-12276
-4890
-8101
-3031
-6092
-3078
-12256
1025
-6128
1762
-11204
2812
-13292
2263
-3056
2018
-3060
-6908
-6120
7746
-9172
2076
-14320
-6428
-1992
6917
-6100
-6683
-3040
2547
-16344
784
-3012
2789
44
5136
-6132
-7409
-13252
-4341
-8188
775
-1996
3563
-7156
-3535
52
3010
-6096
6676
-3052
1258
-4060
-1763
-10232
6913
-15312
-1043
-14292
534
-4048
-5388
-5096
-2558
-12268
-5401
-6120
1798
1048
-9460
-4092
-2313
-8152
-11542
-9188
2801
-4072
9221
-8128
1018
-1012
-2005
-12284
-3886
3140
2827
-12248
-12780
-1024
-4825
-4080
-765
-9204
1032
-1012
-260
-12248
3066
-6916
2319
-11240
-5589
-15356
17656
-18368
-7425
-11256
-16664
-8164
-5350
-4096
-7170
-7136
-9722
-5088
771
-2004
1519
-16352
-9738
-13280
-1299
-9176
1274
-4080
-1010
-8184
1038
-8128
1291
-6120
-1552
-9208
1507
-4056
-2295
9232
229
-1964
1018
-8156
5881
-3020
-2800
-4068
-8958
-10196
36
-13272
-1520
-5100
42
-4072
4356
44
4332
-11236
-1019
-12284
-757
-17384
4349
-2848
1330
-11240
-7953
-4040
12783
-3028
-498
-7160
3566
-3036
4615
-12264
757
-12228
4863
-14316
2289
-19432
-2310
1080
2313
1064
-2310
-16372
-217
-18360
4045
-5080
7379
-7148
-3863
-7156
-5633
-5892
-5617
-15340
6127
-8081
-8423
-5108
2550
-7948
7683
-5112
-3567
-3064
-5895
-7104
-8186
-9188
5880
-14280
-9987
-3864
4119
-12232
16382
-17160
-1804
-2024
-6423
-10236
-1036
-18368
-8467
-7140
-1281
-10220
2801
-988
8434
-10220
-2569
-7148
2017
-6136
-6903
-3040
9460
-8168
-5364
-11184
-4101
-10232
2573
1024
6169
-9204
2800
-5100
228
-3036
-3074
1228
7410
-3048
2571
-4040
-3588
4104
6929
-2820
-3844
-1808
-6435
-14308
-509
-1816
1785
-7096
6398
-14312
1550
-11260
8181
-8184
2578
44
11528
-11232
5373
-5096
1790
-14092
-6933
-8156
4372
-10204
2034
-12264
-6429
-6120
3322
-4084
-10470
-4056
5352
-3048
-6669
52
746
1032
3088
-6120
3821
64
-2299
-8192
5125
-6120
7154
-3072
1571
-4072
2809
-11204
-3839
-12264
4575
-10208
-251
-7144
1782
-7124
4091
-4868
-802
-3048
1067
-9188
-3322
-13276
-2527
1068
4350
-14284
-2815
-13260
2030
-12248
-1769
-12236
4832
-6088
-5372
-4024
4592
-10204
-6111
-4052
8901
-5096
754
-4044
-3576
-13280
1030
-1012
510
-6100
9458
-12260
2085
2084
-519
-15328
6897
-8176
-2032
-10172
0
-12252
-792
-7116
3318
-4064
255
4124
-16120
-7124
2277
-8156
-6412
-6112
2798
-7148
4882
-13284
3098
-7144
2286
-5104
-16
-12248
1323
-11232
-9767
-4080
-8455
-4005
4150
-7140
-5905
-5076
-9234
-17156
761
-5088
-504
-7112
3838
-9200
-4842
-10224
8959
-5100
-277
-13084
2323
-8168
4889
-9212
-249
-4096
2576
12
-3330
-980
-777
28
-1768
-7940
4877
5148
-1295
-10208
-6117
-6100
4847
2060
-9225
-6096
-7211
-9156
-6902
-5120
-740
-4064
-4129
44
8947
-13276
-3041
6172
2826
-3016
-3593
-2004
2845
-4872
-5127
-8180
1533
252
-3325
-10208
-4886
-3000
2040
-12236
8956
-988
1803
-14300
-7470
-8964
-4635
-11208
5098
-19456
5367
-11020
-4876
16
-6645
-772
-4612
-2020
-10284
3108
8470
-13288
8990
-5084
-5420
-14284
-8973
-8124
5940
-19416
17166
-10216
3839
-16348
-259
-5064
-7673
-7136
2579
-8140
-11282
-1000
4126
-8192
-8461
-8192
-2540
-7136
3292
2080
4879
-6100
-11538
-14324
-3557
-3012
2529
-1000
-9982
8
-3102
-10216
271
-7140
-3869
-10204
5371
-780
5605
-980
-1270
-10196
-6110
-6112
2819
-12276
1273
-14300
-1267
-4064
3593
-5084
-2565
-4056
-2818
-988
-2805
-7136
-6865
-6136
-2040
-12276
-6404
-5100
-14324
-4064
-3125
-11264
6132
-3056
-5898
-2036
4092
-12232
-2587
-8144
3028
4128
5654
-11212
-1280
-5080
10244
-9180
-8229
-8136
2581
-6088
3636
-12040
-1030
244
1002
-13304
-8164
-5112
-3826
-9204
986
-13296
1755
4340
9524
-16356
-2582
-5096
-3060
-6124
3615
-4084
9186
-4088
4124
36
-4348
-7073
-2821
1256
-553
-3024
2049
-9168
-3084
-9192
-5104
-7144
-2811
-5084
4093
-5080
-6924
-9208
-3021
-3012
-7175
5148
11023
-11264
3332
-10232
4106
16
2020
-10192
5601
-2024
-482
-3032
511
-15356
-2053
-14288
3053
-7144
10233
-6120
523
7228
7925
-10196
-4078
-6112
-7473
-2036
10254
-6120
6929
-10224
1799
-17168
-2551
-4040
3080
-10220
-4089
4100
1516
-12252
4114
-4080
-2046
-4088
6168
-11248
7927
-3040
5371
-8176
-1000
-12232
2834
-10204
7171
-11236
-7442
-1808
6902
-992
3330
-11224
6674
-7164
5381
-3848
6648
-6088
7396
2064
3336
-13268
13049
-7128
-2835
-5088
-4883
-3024
2813
-7144
7953
-3048
2557
-5080
-6906
-8184
-2072
-3068
-1051
-16328
5404
-4068
-8717
-10196
9222
-18388
-252
-13300
-6651
-960
-11266
-2981
503
-6128
-6407
-2000
-9720
-14264
-7172
-3032
9960
-10236
-3343
-14308
-7
-6104
4
-14300
-1028
-3056
-8983
-10184
-189
-9184
7160
-6096
-4903
-4052
-2519
28
10503
-10184
-6174
-10192
1798
-10196
-40
-7104
-4353
-15292
-8977
-6088
-6906
-8160
5888
-11216
2290
-20440
1515
-4052
-5082
-10000
-6913
-10224
744
-8180
-2
-12276
3320
-2028
2291
-1828
3829
-5092
4598
-4028
2834
-3012
4622
-3028
10003
-11244
4604
-13272
1505
-16328
4106
-21460
1529
-6096
2054
-2016
-6144
-2020
10765
-2012
-8182
-14292
-3337
-2004
-8167
-14284
-777
24
1525
-14264
269
-4064
-1277
-1016
9537
-5900
1535
-7160
762
-13288
2839
-7132
-1277
-6112
7168
-5068
10707
2048
4860
-4080
-1549
-10216
-7685
-17380
1776
-984
-4860
-17352
-7716
-17340
-1765
-3020
2558
1064
-8431
-4052
3335
-14268
-1771
1040
4102
-2020
5146
-11236
5888
-6128
1798
-13248
-2547
3292
3822
-13068
-1752
-3056
3607
-960
1536
-19432
-32
-7116
-9213
-4064
530
-8160
490
-9168
3095
-6116
-3837
4132
7409
-8160
-2315
-7132
-4864
6168
2610
2080
1796
-5088
7935
-8156
-8168
-18364
2309
-4088
-1053
-6128
6169
-11240
4352
-8140
2331
-8184
2281
-7136
1246
-3016
-1251
-13308
-4892
-4072
4397
-1004
-1280
-13288
5628
-12036
3523
-6124
6907
-6108
-6405
-3044
260
-6084
4587
-6140
2822
-13260
6124
-13300
-4848
-7152
-5908
-11196
4846
-2040
-2026
-13252
-6914
-10212
3862
-8128
-4618
-6084
-16149
-19416
4371
-4092
-1790
-8180
1045
-11256
5880
1088
-3049
-12252
1036
-10200
5908
-3848
9486
-3064
13083
-7104
803
-6116
2335
1272
247
-9160
3105
-976
3856
-6080
-260
-14292
30
-6140
-1500
-980
4317
1272
-6653
-11220
-5885
-11184
1534
-13304
4835
-9168
1560
-1800
3603
-13272
4082
36
3321
-6136
-249
-8968
5337
7220
5359
-8968
-263
-13292
-4076
-7140
-2820
-14332
-1284
1032
1038
-5892
4588
-8164
-263
-6128
9211
-10228
-1309
-8168
1810
-11208
4583
-10196
1821
5164
-5377
-10212
3340
-14328
-7673
1036
3090
-3036
-5626
-5120
2569
-10216
3338
-3852
-6151
-9180
9996
-12264
-3046
-13256
2054
-13064
3584
-3020
1802
-5072
4599
-1000
4549
-10216
-9473
-988
2293
8
6654
20
-9234
2072
6385
-957
-8454
-5892
-4071
2064
5905
-2028
4609
-8188
-530
32
-5626
-5096
8977
-3056
3304
-2028
-505
-5900
3610
-16364
-1801
-9188
7690
-14332
2036
-4072
5620
-10212
-3091
-984
-488
-11220
1285
-3072
-4313
-1804
4069
-6088
-6374
5148
-1293
-6116
8943
-7116
6132
-10224
-2570
6168
4828
-8148
-7932
-13264
479
-2020
-10992
-25328
5129
-7136
4664
-11208
1292
-15352
-5880
-7136
-12023
-8152
-8
-13264
4334
-5088
3076
-11244
3058
-11244
778
-6120
1773
-5892
-2561
-5896
7200
-4876
4345
-11240
-7195
-7136
-6904
-10004
-8989
36
-1257
1092
4584
-3040
-2809
-11024
3847
-6088
-4600
-18432
-3363
-20464
1817
-2008
1007
2096
7930
-7140
7972
-11224
1277
16
-3313
-9148
-518
-8972
-6675
-5088
-11018
-10224
1050
-14292
-1295
6200
-1309
-9164
-4326
-5112
-2566
-13068
776
48
-7663
2056
4865
-5029
1061
-3060
3626
-968
-1290
-17364
-7935
-10208
509
-13292
2813
-4024
1016
-11232
3613
-4084
9460
-8136
9207
-8176
-526
-2028
-1805
-9176
-256
-14292
4130
-2036
4334
-10220
-788
-12252
-768
-18376
495
-7124
-4858
-17372
278
-7940
-7179
-5068
243
4132
6422
-16380
7915
-8132
-2091
-9184
-789
-10220
12820
-7164
1794
-3024
-4359
-8180
1017
-8176
4077
-2012
-525
-9156
-5108
-4056
6651
-6072
-11763
-2032
4813
-20424
-9470
-14084
-4616
-15140
9456
-8184
9471
-1808
-12802
-5120
7927
-2020
2550
-5108
-261
-1980
-3312
-996
-9731
-3852
549
-4872
-2314
-14312
494
-4072
-4392
-3052
6169
-4072
-1281
-6112
8441
-5084
7127
-13276
13303
44
12312
-5112
-1018
-15312
-2795
48
11245
-1020
-3083
-20404
2804
-3052
-1827
-14308
-3
-14092
-271
-19428
8172
1024
-6631
-12036
729
-6104
5639
48
4352
-7952
6411
-5108
-10493
-11028
-4599
-6120
7168
1040
-4633
4100
244
-13288
4901
2052
7185
-15304
11283
-12252
9999
4116
-6917
-18380
511
-2020
3559
-9184
3607
-11232
797
-10232
5618
-4072
4871
8228
3579
-4076
-4576
-1796
276
-6076
12297
-6132
1042
-11256
763
-3056
-4869
-12036
6668
-996
-7165
-13288
5885
-14312
-742
-3036
3314
-11232
4365
16
2821
-10196
-1809
-5080
793
2056
6632
44
-3596
-8160
-8682
2292
4861
-3848
-5639
-13276
-5642
-964
4874
-5104
533
2072
-2754
-12272
3622
-3028
10728
-9164
-7921
-4060
-1
-22252
2555
-4060
7949
-12052
11802
-4064
7712
-15225
7135
3100
-3587
12
739
-972
-6902
-12252
12023
-5064
-261
-11232
-3336
-8140
485
-5104
2547
-10236
-8699
-7152
-7409
-11228
-5128
-7940
1541
-9216
3339
-16340
-2014
-13284
-3576
-11200
-520
-8192
5915
-4044
-3336
-4056
-4109
-19416
-8985
-11216
-5140
-776
4624
-8160
-2038
-5084
-6657
-6104
-786
-13296
-2564
-3044
6643
1072
-1303
-5104
2794
-9200
9216
-7152
-1811
3324
5118
2112
7401
-5052
14571
-11024
6890
-3004
-2296
-17396
2070
-3012
3035
-988
264
-5040
2562
3108
-3811
-11260
8170
-3036
-2080
2092
5381
-17380
1818
-10188
3838
-4036
-6440
240
7410
-5060
5650
-25296
-5132
-8164
4861
-6092
-6921
-9180
-8186
-10188
-3833
-15273
502
20
1531
-7140
-2046
-11260
6380
-980
-1269
-10220
-6170
-7132
7939
-4080
-5375
-14320
3863
-5060
7449
-976
4334
-1000
-5637
-7081
4608
-12240
5898
-18392
6175
-8136
-250
-7100
-2292
-17400
-12821
-11232
8984
-1024
-4370
-3044
6412
-6124
1533
-9180
5880
-2032
3052
-15340
-4588
-20468
-12784
-10196
6925
-17160
2308
-3056
-1289
-13308
727
-5900
16910
-12272
-4599
-4880
2064
-1020
4872
-4072
-8218
-13292
1031
-11216
-3328
-2048
3100
-18400
-1793
-14328
-4064
7180
-5889
-2000
-4091
-3044
2542
-3040
6646
-4068
5381
-9196
3071
-14300
-16141
-7944
3810
-8152
-3577
-11188
-2269
-11260
1531
-14296
7663
-9168
17665
-14304
1528
-1988
-11264
-11244
4069
-2048
-6157
-16364
7407
-2012
7454
-14332
2045
-13240
2029
-10220
-10243
-8168
-7168
-1996
2054
-3068
1284
-5100
-3
-14304
8993
-11232
-7426
-8132
-4861
-14316
3835
-8164
5
-2008
-6668
-19448
546
-28396
-1559
-8164
-735
-6096
-6680
-10156
1499
-7148
-3080
-12240
-1016
-8964
3562
-3032
-1302
-7128
-1065
-7104
-6395
-13284
4618
-18392
-2795
-14272
-1782
-13268
9474
-3032
491
-11260
1016
-6116
1570
-9152
-4382
-17376
-10496
-3028
12581
-1804
10006
-9176
8219
-2036
-1536
-5108
3811
-8968
-7167
-11188
8440
-1004
3353
-12244
-7176
3136
-2060
-14284
7916
-12252
-9951
44
-5092
-14276
-5389
4344
5616
-6060
1292
-2012
-2811
-3048
-6925
-7144
3574
-11260
-742
-11204
-1518
-2012
-21
-9172
19926
-10228
10245
9264
-1286
-6088
-7441
-13272
2799
-7148
-11006
-11192
815
-11236
-2818
-10224
3348
-9176
2348
-6136
-4370
-10220
493
-11248
5386
-8964
763
-4052
-5128
-6108
-5914
-5120
-1275
-7160
-2058
2288
-3821
-19396
-2579
-5104
6408
-11252
2566
-7140
-3820
-17392
-781
-2024
5396
-12036
736
-8160
1796
-7112
-11015
-10220
-5656
2300
3851
-5112
-1026
-6104
-2319
-992
-2807
4100
-3359
-12236
-760
-776
-1757
-5072
-4091
12308
6425
6184
6652
2056
-6129
0
5903
-13308
-2275
-8184
3339
-3060
3354
20
3816
-2000
1756
-5100
1822
-13296
-7917
-8184
6926
1048
-3829
2048
4596
-10232
-277
-6140
777
4100
2045
-3072
-3307
-12232
-4575
-7120
7961
-9200
11009
2060
-3091
-8160
2541
-2008
-788
-1804
-3855
-8964
-1253
-8172
-523
-5088
2787
-11228
-11778
-5084
-282
-2836
-532
-7128
1297
1044
2050
1044
-4339
-6140
11057
-1000
-986
-4072
3576
-9188
1778
-6120
1
-11224
534
-10220
8705
-12236
15357
-4052
5384
-3008
-5133
-13252
-4035
4104
786
-1984
2070
1052
7411
-2016
7410
-11220
-540
-984
8448
-13276
1771
-9172
-11245
-14316
2545
-4048
507
-15328
-759
-5112
7941
-10192
6647
-3048
3314
-4872
-772
-8160
3344
-1968
6882
-12224
-8190
-8972
6121
-9200
2271
-3044
-11258
-4076
-5117
-9176
5877
-11228
-6692
-13284
-1558
-16376
11248
-4076
-2054
-6104
-994
-9160
5608
52
6934
-5100
-2781
40
241
-5896
5118
-2012
759
-7132
-521
20
1516
-6112
14335
-5116
2034
-4060
-3294
28
3326
-4076
6633
-3056
2319
-3028
-4105
-10212
9194
-1996
-1780
-13072
-4339
-8144
2016
-10196
2812
-3024
-12264
-11228
3296
-10228
-3103
8240
5849
3124
-4341
-14320
-5880
1028
-7669
-6096
-6902
-12244
9985
252
-9974
-11204
3056
-19416
11285
-5076
-2296
-21472
-5126
1052
-5098
-23264
6628
-2044
3308
-3016
-7935
-21492
-4133
-4068
528
4096
1274
4140
-6396
-1020
13067
-2032
-3321
-6128
4875
3092
11031
-6924
6672
-12284
-5898
-17368
4878
-4088
-12538
-5108
-5636
-3004
1523
-13296
3318
-6140
-6406
-11228
-5358
6368
-3334
-4048
-3585
-7140
8169
-18356
-5128
-7116
-2053
-6128
-1020
-3844
5626
-12264
4344
-15312
-773
-10200
-282
-6104
-1268
-1000
-6145
-7944
3338
-12212
5651
-16376
-1018
1044
1052
-5100
2013
-4080
-271
-2820
2547
-8144
-1288
-5088
15843
-984
3891
-4088
2777
-5080
3573
-10232
4109
-9168
-5158
-7116
-6678
-5116
13335
-14272
-5146
-4064
977
-7140
-7949
-7120
-2098
-12264
737
-11012
1530
-1992
3072
-6112
3334
-2832
4556
-20408
6430
-16297
10
3092
3088
-5056
-2028
-3060
-1547
-9176
-7714
3080
-2562
-3056
-4874
-2012
-3122
-6136
-5103
-12236
4591
-6128
2825
-4876
12028
-3052
-10998
-6128
3602
-2996
-1767
-4088
1767
-4084
-2313
-7096
508
-3068
-2276
-10212
-1759
-11220
6145
-6128
3844
-16352
-3093
-6100
7439
-2040
-1287
-20424
-5604
-5080
2825
8
3609
5160
4580
-13268
4628
-2828
-2600
-5084
-748
6168
727
-11232
-3860
-8164
5595
-6140
3314
2104
-4619
-1804
4304
-3844
-5928
-6132
-5900
-3056
4100
24
10757
-7156
-9969
236
6955
-22240
-4859
1048
11005
-2828
8192
-3044
4114
1036
-3352
-7104
10248
-5108
-482
-13076
5635
-15324
-15892
-16380
-1563
-13272
-2289
-10232
1268
-13272
-9496
3084
-1798
-4072
3842
-10212
-3047
-11260
-10514
-8184
8234
-1796
10753
-7160
1008
-11204
4075
-6112
18421
-12220
4374
-10224
1317
1036
777
-14312
2547
-984
-3770
-6088
-8161
-6100
-746
-4032
-4107
-4080
-1564
5160
5888
-5108
6181
-2024
2100
-988
-253
-6124
9955
-3056
792
1088
-2838
2048
-5874
-10228
2286
-9200
-4880
-2016
539
-18428
-274
-7104
-3566
-992
2325
-8156
-5898
-7120
-5916
2072
-3611
-14312
4318
-6916
-1301
-4868
-2346
-13296
-4105
-4056
-3580
-7152
2807
-4048
-2054
-2040
-4851
-14308
5072
-5072
1026
-11204
810
-9212
-2074
-5076
-1759
2280
748
-9196
-3801
-12268
7478
-11236
13053
-11184
-2555
-4080
-5882
-3060
5403
-15336
-786
-9192
-6445
1032
3567
-8184
-3354
-5100
5621
-15253
-6870
-15300
6668
-11224
-279
-11216
-3338
-3060
-8734
-12260
7442
-4036
-3573
-8136
3084
-4080
-975
-17408
4100
-17380
2003
-9188
-10210
-8156
-4353
-7124
4895
-788
-2589
1036
5887
-8980
6127
-9184
5643
-17408
14867
-5100
-761
-9204
-1565
-13280
-7697
-13312
228
-3048
-487
-9188
-1790
-12244
-2823
-6104
4607
-14304
10502
-6924
-1774
-4060
8181
6216
-13546
-10220
4374
-8172
-5629
-14316
244
-7144
-1497
-1804
7654
-2024
-8733
-6116
-11285
-13072
-3623
-10228
11002
-10220
-759
2300
-3079
-19204
-5115
-20452
-7946
-1020
2298
-19448
-2334
-3020
2036
-988
516
-3044
-9738
-6108
-3069
-10208
-7163
3108
-2558
-4076
3342
-13248
4845
-7160
-2591
-10240
-7442
-10208
-5120
-6104
-4600
-7124
3853
-3072
497
-8136
1502
5156
-752
-14308
-1545
-6100
-6902
-7116
-10005
-3008
-9504
-984
2561
-5096
-8204
-5120
-5895
12
1286
-4084
-9719
-7136
-3619
-1933
-13047
-6104
-1805
-7152
9477
-7128
-2407
-12264
9210
-2048
11812
1044
-3562
-12276
4635
-2048
-2805
-2012
6908
-992
-2565
-968
2570
-8176
-2323
3080
525
7208
-6401
-11232
-545
-7148
-4345
-8160
-2829
-4048
-3309
-17176
1272
-5120
-1767
-10216
4633
-8132
-8972
-9156
-15088
-1968
-5914
7192
6411
36
5331
-4076
-1239
-9196
3334
-4056
199
-14280
-4347
-2828
-3317
-3048
-5665
-6140
-6433
-4048
-3068
-12256
4095
-10204
-2084
-996
-517
-8156
12557
1252
-1272
-12284
-3859
-14316
3339
-8992
-785
-16360
6695
-2012
-2267
-5080
-789
-5080
4077
-7132
1790
-8164
-2856
-5100
1034
-25332
-3347
-17321
-2820
-9212
4651
-5100
8161
-4052
2563
-9188
3849
-7112
1763
-2028
1315
-9192
-4590
-5896
2547
-11264
7160
-11020
233
-14336
2288
1056
1778
-3060
-3780
-3012
-3321
-984
-1834
-5076
1019
-8180
5904
-2036
4325
0
-549
-13288
-244
-9204
482
-5056
-1244
-7116
1545
-3024
5
-10208
-3102
4124
-7179
1076
6367
3112
-4841
-776
-1042
-11256
250
-9152
-3828
-5100
-6628
7184
5383
-7124
3584
-12236
-3321
-3016
11529
-11256
4596
1064
2075
-8164
-12860
-11228
-3085
-8192
1557
-2012
-6430
-944
-7160
-5120
4590
-4868
2318
-772
4075
-10224
6369
-13252
5617
-14308
2023
4112
7656
-4088
-3815
64
-9227
-10200
-1003
-13268
3326
-10160
1782
-14312
1245
-9196
-5931
-2044
-6114
-5104
7939
2080
-7702
-9196
-1491
-4096
288
56
4347
-13252
-2020
-3052
758
-15120
-10476
-8156
-5141
-8976
-267
-9160
-783
-6112
-1845
-10204
-1755
6208
-5661
-11240
-4625
-10220
-485
-9152
-2569
-8976
509
-9172
-739
-10216
8431
-2008
-12606
1056
-1015
-8172
4348
-13268
-9506
-3064
5367
-5068
-1515
-5092
5121
-10220
-4587
-12268
1513
-14332
-1822
-13276
-8462
-5072
500
10248
3840
-772
3300
-11224
809
-4068
2334
-14304
-8961
-2044
6682
-14084
3046
-2040
259
-14284
13583
-11248
-3026
2048
4603
2064
-2302
-15312
773
-6092
-5130
1068
-1524
-15308
-1253
-4084
-2306
-12240
12027
-12260
-13080
-2036
-4569
-10204
5142
-16328
2552
-964
3134
-10149
4588
-15340
2596
-2000
-2828
-4028
4624
-996
-6680
-8972
5608
-6112
-2057
-17388
-1808
-3048
-2078
5156
-4373
-2024
5128
-13252
-10249
-11208
1037
-10184
513
-7168
11507
-12248
1254
-11204
5339
-12256
-16405
-9132
-4376
-17328
6912
-5104
1561
-12284
1007
-13300
-6435
-9200
-3029
-10196
-5910
-4084
5098
-9200
-7149
-12264
-496
-8964
3322
-7100
-6
-7108
1785
-10228
-5663
8240
3041
-972
-3052
-968
13809
-12036
-3823
-9180
3579
-26352
5117
-5072
1256
-11016
-10741
-6096
994
-2048
-7696
-8136
-4099
-4052
16
-4068
-11016
12
-7160
-6108
9982
-3036
11511
-8176
-12271
-14332
-3349
-992
-230
-7140
-1285
-1008
-3322
-15304
-3081
-12248
-253
-772
-5891
-9184
-282
-7140
6166
-16312
9213
-6060
-5141
-19420
4849
-3068
-8440
-8156
-2065
-3048
-1011
-3040
-11799
-11248
2329
-4072
1056
-3048
2053
-8160
2794
-15316
-8184
-3004
-4885
-8172
2283
-9180
5112
-8160
46
-15328
-6398
-10192
-3620
-11244
9487
-7124
2558
-6108
-6386
-8144
-6642
-6144
3603
-13292
2525
32
4615
12316
-987
-10208
-2323
-9196
-3519
-9160
12523
-7940
-6666
2064
-7915
-3020
2339
5128
-8180
-12276
7637
-3036
-4075
-12260
4857
4128
2811
-11232
5935
-2000
1254
-12288
-1813
-3032
-2835
-10216
1527
-11236
-2068
-4084
-7388
-6124
1813
-11204
5144
-7944
1027
-11252
2569
-9216
5648
-11248
-3063
-4032
-2803
1036
7439
-10196
6638
-2024
2553
-10204
-3322
-8184
6656
-13284
-749
-9172
-751
-8144
748
-7136
1293
-14308
-11008
-2040
-2558
-11224
-1790
-4088
-3356
1032
-1792
-15352
-9436
-956
9959
-14288
3604
-14304
-4606
-14312
-495
-13244
1304
-3000
-237
-12248
9213
-10176
4618
-9196
-7158
1048
3858
-17360
6660
-9204
1558
-3860
1557
24
1296
-14296
-4592
-4064
-10247
-5080
-2581
-12272
-7682
-21252
5425
-10204
-5621
-976
-1025
-11248
-4107
-8164
519
-4084
1289
-7116
-4619
24
8689
1052
-4881
-968
-5118
-3036
-4842
-972
-5049
-9200
7661
-4068
3322
-10236
7190
-9156
-8948
-11232
3039
-9156
-4648
-10236
-3587
-9204
4093
-11232
2
-7156
-4630
-17364
239
-6112
1283
-1996
-6659
1052
-3573
-8176
16935
-4080
1040
-12256
3577
-14292
-6428
-11236
1789
-9988
-4572
-4056
-3091
-4076
10965
-12264
-5115
-6132
7969
-21456
-5626
4
5065
-13280
-1515
-3036
-758
-15316
-5134
-20472
-5375
-2048
10244
-3032
750
-8140
-477
-10200
-7913
-9192
4595
-12260
-761
4108
-5338
-4060
5883
-12272
-4335
-13268
-4610
-3024
2299
3108
-1261
-12244
-6644
-3072
9187
-2036
5143
-10208
-7178
-15340
5678
-1996
1280
-16352
3379
-9196
7435
-12288
-3854
-14328
-1057
-7140
-2300
-14256
-1294
1104
3867
-972
4340
-13256
-8694
3112
-1025
-5092
3327
-14336
-3105
-16368
752
1024
1757
-2040
1544
-4048
2314
2100
-1282
-8180
4086
-9180
-5402
-13292
-1789
-6120
-1025
-6108
-7423
-10212
2283
-7144
243
-10220
1513
-6140
5134
-13276
3320
-10200
-7203
-13288
-1517
-15348
-5120
-1972
2339
1064
10488
-15340
4864
-1796
-9763
-5072
8744
-8168
-6374
-15356
-790
-17364
3329
-7140
-1020
-7156
506
-10220
-3069
-15344
2546
-4036
2578
1072
-3846
-6124
3315
-1800
4611
-13312
-3311
-11232
-9472
-5108
-6408
-9992
-1526
-9184
26
-9172
-4110
-6140
-6151
-2820
3061
-5892
6385
-13252
-4347
-10184
6139
-14312
5920
-18424
-7665
-6100
1301
-5084
-1819
-10216
7418
-8180
-3559
-7156
-5391
2052
3843
3084
-4348
52
3847
-6120
5659
-12252
4873
-8132
18
-10216
4883
-7136
499
-15288
5
-12252
-5626
-10200
-5342
-10192
-6634
-6088
-12277
-6120
6172
-7952
3851
-2820
7172
-3056
3079
-9188
-5387
-10216
2320
-3048
-6672
-10236
2837
-10240
8163
-2020
-505
-5108
3358
-8128
-8423
-10216
4342
-13304
5381
5136
1277
-7136
2332
-996
-3048
-5892
-518
-3032
-1284
8
273
-3064
-4084
1040
788
-4056
544
-13292
280
-13256
-3303
-5952
-3068
-8152
-4651
-13296
819
1032
6681
-3064
6379
3140
-3072
-10232
-5407
-9992
791
-20436
8180
-2040
-4090
-5064
-5426
1032
-6903
-11212
2053
-11224
-2295
10256
10762
-11256
1819
-3044
-2303
-2008
-9448
-9184
3338
-6112
1018
-16156
-7697
-3040
2790
48
3076
-10216
3870
-9204
-3059
-8184
3856
-11208
6644
-15344
5120
-13292
16634
-4084
-733
-4092
6648
-16384
-3044
-11252
8697
-17188
-8952
-6116
8437
-6092
1315
-12220
247
-12264
4843
-9172
1286
-13296
7170
-4040
-1834
-14304
4607
32
3062
2068
-2328
-14308
-2314
-10176
-2317
-15316
6399
-992
-234
2084
-770
-11252
-3318
3084
6139
-10240
-6658
-6100
45
-7136
4098
-4060
-1791
-14304
2322
-6104
-5080
-10184
14313
-10149
5879
36
-3844
-2032
-8130
-9152
-4857
-7152
6671
-15304
4885
-6136
775
-7100
-3293
-3072
1286
-15332
-1803
-12212
-7189
-7152
-3812
-5096
6136
-7136
-2309
-12240
747
-5092
503
-4032
-2044
1040
5882
-5104
8445
-14304
2033
-14328
-4338
-13076
9993
6148
2052
-3032
5619
-21456
2835
-9160
-10260
3092
8221
-984
-2313
-3004
5370
-6104
-1304
-4068
2064
-15332
5337
-4088
523
-17376
1538
-8176
1265
-2824
-3565
-7128
309
3108
-5904
4116
-5902
-9200
4352
-3844
8436
-5088
-7435
-6096
1012
40
3142
-5092
-11770
-4872
3802
-4084
4108
-4088
-2046
-7144
-754
-7156
10759
-11240
9223
-14284
-2550
-4884
-12833
-8168
4618
-8136
-8186
-11252
1237
6188
15
-14288
-1279
4144
-4856
-7112
6423
20488
11794
-5104
-1032
-2036
-9935
-17400
-6929
6156
2263
-5120
-2049
-9212
247
-4064
-12765
-7148
248
-3844
1309
-12232
-4094
-11236
1579
-12256
-5884
-1953
-508
-8184
6430
-5092
-7165
-10204
-3567
-5084
3814
-14312
-9234
-6128
5146
-4048
4884
0
-5343
-8160
-5638
-7112
4086
-7128
-1777
-1000
-5373
-2044
5375
-1980
4612
-1016
-7416
7228
3809
4116
-2299
-2036
-9455
-8172
-2060
-14284
-1546
-6116
2836
5184
-2024
2104
-6678
-13288
-1560
-6128
-1782
-3052
1016
-11228
4356
1060
-2046
-3064
13270
-10228
14120
-5072
4633
-8188
-2543
-4092
7151
-17376
11495
-8148
-3568
-10240
1020
-2032
1029
-11236
7161
-8176
4361
36
-757
-7952
4319
-6120
-4089
-1004
-3812
-6136
7407
-2048
2817
5364
2822
-4080
2069
8204
10488
-4056
4077
-6068
9484
-4088
-1017
-15332
-3068
2100
-4607
-10224
-265
-5104
3601
8240
-6110
76
522
-8160
7431
20
-3072
-3856
758
-10236
-26
-9172
4100
-20468
1028
-2836
4599
-8156
2570
-8976
-10751
-6936
528
-18400
7665
-14328
-7467
-984
-4119
-4048
6909
-6928
-4122
-5092
1257
-11244
-1781
-11208
-6395
-6140
-3326
-7940
763
2080
-2003
-6104
-46
5176
-2024
-12248
272
-8160
7157
-1988
3366
1048
1810
28
5093
-1020
-5655
-4040
-2296
-12260
9486
-14256
-4116
-4088
-240
-1800
3104
-3068
-503
