-13308
6931
-3860
-5160
-14332
-5643
-15312
1036
-19416
-1545
-3004
-3554
-12244
6906
-21496
3878
-15300
4613
5368
-8985
-4068
3321
-4072
14075
-13068
-11534
-8176
4077
-8184
-3876
-1008
5095
-8176
-4385
36
-4111
-9204
-7690
-12232
4862
-2012
-5118
-10232
-4884
-17344
-735
-21484
-2064
-21500
2546
-3040
2071
-12248
-6649
-2032
3307
-10208
2048
-4076
-3116
-12056
2042
-9212
-6663
-3040
-1787
-4028
4620
-988
5377
-4092
5429
-3036
-7665
-6100
525
-4096
2527
-9172
-1014
-10204
-2558
-11228
11498
-3024
-2050
-10228
7191
8
8194
-18424
-1760
-5092
-2308
-11212
-6148
-1016
3563
-5080
4082
-10224
-5613
-5072
-524
-7132
13037
-7140
-741
-2008
-11812
-15332
3585
-8140
3855
-3856
4860
2100
234
-6108
4844
36
-3583
-6116
4916
-11224
4846
-10192
-496
-4048
3547
-4036
-1792
-9180
-4867
-2020
2291
4144
-6119
-7136
9196
-2016
-7438
3088
4603
2108
5380
-11236
-2281
-10168
-1317
-11220
7934
-8164
542
-9168
8703
1032
-5377
-3008
-4866
-6112
7415
-1020
-263
44
-1020
-7140
-3056
-5080
2759
-8184
19
-7140
3077
-6108
-1278
6144
6925
4136
-5117
4108
2585
3100
-8945
-9204
2817
-15324
3846
-984
10238
-13076
-5079
-13240
-15912
-3064
10811
-30412
-3594
-12052
-527
-23060
1284
-1000
-7168
-12044
5352
-17348
-4384
-12256
-2297
-10212
-2300
-3016
-4641
-4088
4106
32
5927
-2044
-11543
-8164
5875
-12260
11592
-7144
-6173
-12280
-8
-6092
-782
-8172
-4106
-7140
5375
-9176
12318
-12268
2577
-8152
-2799
-8156
2583
-10220
1057
-5076
807
-1984
1005
-18368
-6919
-10200
7703
-10004
4088
-14308
5370
-10216
-8206
-11232
9200
-8180
-2810
-8156
2539
3308
-7407
-14324
-222
-10188
3052
-7152
-1768
-7132
-5393
-9196
-2838
-9160
-13805
-3040
-2295
-7944
-5131
-11260
761
-1000
7672
-12248
6918
-2040
-7704
-11216
-2550
-18416
-3300
-6128
-8968
-5896
1031
-984
2550
-7120
-4359
-7124
-4649
-5104
-2831
-5040
-29
-16136
3050
-24300
7139
-15304
39
3092
-6406
-10212
-1805
1068
-1296
5360
-1023
-7944
-3869
-5076
-10495
-7116
2583
-15324
-4128
-7136
-5379
-6140
5624
-11248
2837
-2004
13053
-16304
3340
-4048
10458
-12272
-4089
-13308
-1810
-7144
-7217
7192
2305
-16360
2842
-22252
2577
-6096
-6404
-5072
469
-7112
1278
-16364
1806
-19456
-3119
-7168
2298
-8180
-5664
-7156
2515
6176
-12310
-14296
-1272
-9204
3583
-3016
1809
-5084
9434
-10208
6422
16
-1066
-13068
1805
-7132
-16618
-8152
506
-4060
-3592
6148
3319
-12052
4377
-1800
-1277
-9192
2570
-12244
-4060
-8160
-4862
-7136
-3050
-15120
-497
-6932
-765
-7124
-3329
-5108
-3289
-5072
-5375
-13300
9497
1056
-210
-5056
5126
-7148
2577
-9200
-3555
-17156
11761
1028
-8719
-5920
223
-11220
-997
1068
-3
-3068
-530
-4064
3818
-4024
-5614
12
2565
-10236
6666
-5080
6353
-4088
-10221
-14312
2575
-18384
-1801
-7164
8681
-6104
9195
-12244
-2853
-8140
6686
-13260
-12575
-8144
12820
-6916
8728
8
-7148
-5072
1780
-5904
4516
-5916
-8988
-17396
5629
-4096
-14
-7152
-1538
-5068
6163
-13288
-4093
-16324
-4356
-6128
-1307
-5072
-3313
-11256
3086
-9988
4082
-9172
-5150
-12260
4323
-7124
245
-12204
8979
-11256
4383
-2000
10982
1044
-536
-11192
6679
-11240
4086
-5092
13584
2060
7918
-14304
-6393
-11228
522
40
-243
-17384
1023
-1004
-3813
-10208
-9955
-16332
-4612
-9184
-3586
-9176
-6374
-9172
-5648
-1016
-809
-13264
-1793
-2004
-9511
-14328
-3596
-6124
512
-1012
-500
-4092
-2583
-9180
-3290
-3060
1551
-5060
-21022
-6108
-3330
-6088
15
-7940
6383
-12272
-4613
-8172
-7185
-5088
3605
-2024
-6710
-17384
-8954
-7164
2827
-7096
2544
-4068
-520
-7132
-473
-4092
-4645
-10212
-4115
7244
523
-9184
-3591
-4044
5142
-14312
-5656
240
7932
-8184
-1545
-1012
4345
-8140
-6157
-14292
-505
-10200
240
-7112
541
-6112
14061
-15360
1237
-5088
-12513
-4084
7420
-4048
-1001
-6088
-507
-7148
-2804
-2032
1529
-17164
-492
-13260
8451
32
-13071
-13260
-1274
-15360
-7437
-10224
-4061
-7152
-4866
-4092
-8171
-13308
3079
-15348
3592
13356
-197
-14288
-3289
-9188
-8205
-13252
-221
-3052
-7977
-22244
3068
-2820
13551
-9156
-479
-5916
2083
-20432
-6936
-2820
-7957
-6128
2044
-10228
4641
-3032
4107
-6104
4568
-18404
261
5144
-1024
-6084
-1026
3080
-10498
-8140
2854
-4064
2084
-6092
9734
-10180
4098
-15288
284
5140
737
-18412
6365
3120
4866
-2016
5903
-7128
764
-6108
9175
4096
2354
-18428
6385
-8156
7920
-14324
-8699
-9196
10765
-14324
-6908
-13308
-5062
-6088
4095
44
5135
-3044
-5907
-13225
1542
-2020
-9212
-12256
-2555
-11216
-5650
-9216
9471
-10228
-3828
-4076
5378
-9192
-5096
-10228
6898
-19420
2564
-7156
5621
-11220
-244
-12248
-2023
-4096
7687
-1000
-19
-10160
1002
-7128
-4110
-11228
1003
-12248
11286
-5080
-17457
-9200
-8160
-9188
5889
-17352
-1261
-16148
6151
-6116
-5873
-6108
10247
-8152
-8428
-2973
4378
-12036
5364
1052
-2299
5188
3334
-10153
-3579
-14316
-257
-12220
2810
3320
8220
1072
-6650
-6132
-4632
-7152
-1805
-15304
1543
-772
4107
-14108
5901
36
1018
-13260
233
-6096
-11486
-8128
3598
-9216
3596
2068
-1023
-9212
-5368
-6064
505
-9192
-6394
-10196
-7201
-7952
5604
-796
6404
-3072
288
-15324
-5626
-15336
-9967
-7956
-3602
-2004
1303
-7112
8196
-4076
-4832
-4064
-1011
-16312
4606
-3860
-4057
-5076
-6443
-16324
1302
-10176
-10545
-20436
-3090
-15352
1802
-2028
7689
-14284
5378
-6120
-3091
-9160
-4357
-10184
1313
-4056
1554
-984
-791
3096
1553
-10224
7166
-3032
8704
-3036
-2293
-5896
4095
-6108
6149
-8160
-2737
40
799
-7140
-290
-9192
-1833
-15316
289
-12220
-3313
-7144
-7695
7172
-8933
-980
746
-8164
6648
-8972
469
52
14867
9236
-233
-11020
-6655
-8156
4307
-5084
2302
-2012
3841
-2024
-2820
-16340
2042
-996
-2284
1064
4867
-980
-7883
-8160
1310
-992
6657
-3048
-773
-9200
9401
-4044
-3844
-10208
2818
-5108
-7138
-11260
9487
-4072
-3308
-5096
-1034
-6128
2304
-14288
-7173
-12240
8681
-6084
-5391
-16376
-11523
-3024
5377
-19448
2086
-7164
-3838
-12272
2076
-10220
5636
-14324
7915
-7112
7939
-11220
8434
-2012
1801
-4088
1072
-3028
-5915
-1024
-5109
-18412
-4622
-13308
5389
-5076
-4862
-6132
6363
2060
6430
-992
505
32
5120
-7128
-6
-11224
-5808
-11256
-2046
-12224
6893
-6104
3351
-10000
2031
-9180
4366
-9204
5649
-4064
-736
-9216
-783
-9176
3101
-776
-14332
3116
3053
-1016
748
-5084
-540
-10196
7408
-5096
-4356
9440
5642
244
2047
-13292
-2813
-7120
2816
-6104
1524
-7132
14585
-3012
2064
-4056
-8452
-8160
4095
-6120
521
3112
-13320
-12268
1257
-10172
-15073
-10232
2541
-9992
-1778
-3032
6656
-20452
2857
1040
8198
-5104
-6142
-19388
1557
-17360
-7447
-10224
12787
-4040
4618
-7168
46
-5080
-4601
-8168
3044
1052
-6934
52
1308
9264
-6168
-12252
-9199
-16344
1783
-8192
-6147
-10188
7177
-5896
-3839
-7152
12302
-22028
-7177
-4036
1778
-5900
5135
-976
-2052
-12232
-3357
-10232
-1532
-14300
6612
-9204
-3096
-1012
-3830
-9168
2823
-5100
-4093
-4084
-3057
-16376
-5605
-6084
13006
-13280
9472
-10176
-10526
-12036
4588
-9208
-1253
-12272
-6386
-5056
-3322
-9164
7439
-6124
1072
-2044
-2318
-772
7444
-9192
-203
-21460
-2322
-7140
-5373
-3032
-9995
-6092
-10744
-4044
8160
-6096
-11528
-5104
750
-16356
7425
3132
-1556
-15336
2562
-12264
-5853
2288
2547
-1976
-4588
-3012
775
-6928
2545
-15332
-521
-10224
-1273
-7160
-247
-7960
2315
-14304
-994
-7112
-776
-15300
6455
-4036
-2810
-13280
515
3108
481
-11240
7701
-16380
-10241
-10236
-1803
-10204
-5648
-5908
5613
-13308
4093
-6120
6167
-9200
3340
6200
-3338
11324
8217
-10208
-14605
-6088
-5099
5156
-6164
5144
1294
-956
236
-6116
2776
-1996
3070
-7116
761
-14084
-2833
9240
277
3084
3309
-13312
2324
48
1311
-6108
1563
-6080
-2799
-5064
4600
-16316
6669
-5084
2059
-7144
8197
-992
7652
-18396
-9205
-17392
-5633
-8968
9712
-9204
1570
-15320
-6632
-2000
5086
-5116
2855
-4060
-1262
-4084
-1806
-8144
-4612
-6132
-3605
-9200
9481
-5060
3065
5140
-17
-8144
252
16
-806
-8140
3334
-5084
2534
-4068
-759
-4876
11523
40
-4073
-16360
-2299
-4040
8232
-2016
-2289
-8136
-761
-11260
-1803
-12244
9771
-11264
-3325
-9156
-1044
-12252
-4863
32
6673
8216
3626
4164
-3558
-7124
-7946
-9196
-7967
-3848
-6947
-5120
-6894
-7164
7223
-8140
5863
-13280
8718
-14280
2289
-7120
-2331
-6104
5663
-17396
5106
-2008
7432
-5892
1032
-6124
1545
16
974
-15320
-5866
-5108
-2322
1272
-2295
-4072
4358
48
504
-8168
5119
-9188
3312
2064
6676
-16332
-3861
-22240
3325
-7148
-9748
-6136
7148
-11260
-2332
-11220
-1254
-17364
10458
-11260
786
-6104
-2583
3092
-4123
-15120
2824
-1004
5605
-4068
7452
-4088
1553
-12268
-2319
-5116
9735
-8160
-4617
-10232
1504
5152
6954
-11244
-1999
-9204
5348
-4080
10967
-15336
2046
-14324
6126
-7152
-5874
-19400
-2564
-1796
-5904
12
-1271
6200
-5393
-11084
13076
-3060
2282
-10236
1044
5152
-516
1036
-4857
-5892
7150
-9180
2062
1036
-4363
-2024
6
-9996
4090
-6116
-2036
-12280
6632
-12036
269
1036
-518
4
-6175
-3036
-6917
5348
-279
-9192
-4077
-22212
1282
-15340
-2817
8196
-199
-4056
-5387
-8160
7420
-8144
-1570
-9176
-12337
-11248
-1805
-10224
1529
-5076
13321
-11244
10525
-16352
5
44
3110
-10204
10512
-4040
7156
-14332
7190
-14328
2835
-11248
4615
3092
6156
-14328
4622
-11224
2554
-996
754
-13280
2837
-10212
-6151
-11212
-6646
-9204
-5385
-9160
-1540
-14304
3578
-7136
-9199
-10240
-5392
-13312
-2292
-5072
-1554
2068
3545
-7152
-10480
-9992
-765
-11224
4383
-6108
4388
-6116
-5376
-11240
2293
-5108
539
-11212
26
-2032
-10241
-8964
2034
-8160
-5662
-12272
9262
-3036
5875
32
8747
-2016
1258
-12260
-8450
-972
3842
-12208
-246
-11184
-7434
-16340
-3056
-19204
3043
-1972
1272
-5072
1036
-13272
-3341
-10240
-9466
-9176
4350
-8172
-8191
-12204
8461
-11224
6375
-984
-768
-1800
-5397
-6076
-6648
-8972
-4084
-14296
8202
-6124
5119
-13076
-9220
-7136
-2283
-6092
-1571
-11200
1035
3100
3065
-8108
-2590
-11220
-6946
36
6409
-3064
-6417
-22256
-769
-6092
3069
-16336
-9022
-3012
753
-5108
-238
-7160
-760
-980
-11530
-1808
8702
-2044
-4869
-800
1025
44
6155
-8140
2289
-10188
3577
-18408
3049
-7152
-7653
-4080
-4615
-1800
5355
-10204
-1818
-9184
4604
-16300
-1292
-14308
-4359
-8112
496
68
2056
-12268
5396
-15340
-8704
-5076
-10160
-1812
-496
-3024
-1780
-4084
-2586
-15332
-1814
20
3603
-3044
-7434
-9148
-4571
-4884
-2329
-5084
1314
-7136
6388
-10208
-6889
244
3576
-5092
-11
-3052
1549
-6108
1537
-1980
7410
-6144
-3609
3116
-237
-6080
8444
1092
-6405
-6112
1268
-14292
3841
2080
-4070
-6088
7439
-10192
4372
-11264
-3068
-10224
5
-14324
-2334
-17352
5877
-5080
-538
-5072
8451
2072
-1277
-3060
2036
-11016
-6924
16
-11742
-992
10510
16
-1033
-6120
3370
-9204
516
-12252
1285
-8128
-5888
-5088
-2053
-1796
-2542
-8164
-3084
-5112
2556
-11204
-7
-996
10506
-11228
2309
-2032
1541
-6924
-9975
-8176
5343
2080
3084
-4872
27
-8172
2519
-3044
11255
-3044
-1777
-4868
-2038
-9200
-2292
-4064
-11052
-9196
-5381
-14268
-1791
-17380
-3112
-3848
4067
-5072
3865
-11224
-4383
-18428
8194
236
-1514
-6136
10271
-11224
1557
-17384
-1499
-4084
-3596
-3008
-2532
-9172
774
-12252
5394
-9168
7441
3128
2820
-10216
3865
-8964
6925
-13284
-2815
-6140
-1811
-12212
-1525
-4064
-6139
-9996
-2276
-17392
-530
16
-1525
-11240
3821
-10224
-15814
-2024
1757
-7160
7199
-8128
-513
-12252
2
-17380
276
-9184
-1548
-15312
-773
-2044
-316
-960
6118
-5076
1785
-5080
-3041
-16376
8925
-14304
-5113
-2044
-9442
-7108
1548
-6084
-1548
-12256
3838
-3068
2562
-8152
1271
-11224
-12056
-5916
-23
-9204
-4073
-9152
-4321
-12272
-232
-8144
-4092
-4048
16093
-4084
14849
-20412
-1769
-3056
1044
-7144
-4879
3205
-3581
-10208
-1012
-7128
13
-2020
4080
-15312
3580
-9156
2314
28
-3582
-8156
6903
-3072
2838
-7128
6902
-8172
5872
-7136
-8500
1048
-6910
-7112
520
-16376
-499
-11248
6641
2104
-236
-4092
-5644
-6068
5347
-6132
-7700
-20444
-4123
-4052
-1540
-12232
4587
-10224
-6653
-13280
7190
-6084
-3330
-18368
2830
-6084
799
244
12550
-8136
5886
-12276
6162
-10164
7690
-3068
-2820
-5084
-986
1036
-2016
-10224
-7177
5152
2324
-7128
528
-16328
-478
-9156
6939
-8168
6415
-11244
-2090
-13256
787
-20432
-4663
-2824
-1282
-8144
-5370
-13284
3817
-13240
-9719
-18384
4351
-11236
-1839
-13300
-2320
-9212
535
-2008
9479
-11192
-13065
-8188
4364
-7144
2032
-11248
-6645
-10208
3342
11328
-6617
-11204
-6918
-4896
14807
-15356
2595
-11228
11005
-7140
-3
-19452
7444
-3028
-1272
-9156
-767
-12244
7
-4872
3114
-15356
-8456
-6096
280
-7144
-6128
-6108
-3319
-11212
-1525
-11204
-3338
-10200
-6645
-12204
-5161
-10192
-10253
-11232
-6657
-8164
6388
3076
5405
6164
-10784
-10196
5110
-21452
4632
-17372
-3073
-7148
6934
-15332
2292
-21488
-8984
1040
-4352
-2020
4432
-12256
-5639
-11252
-8989
-10184
3056
-14296
6878
-5100
-6904
-9988
12511
-7168
-5376
-9180
-1255
133
-3577
-8172
-1027
-8164
-3603
-976
1316
-13092
8226
-7116
-265
-11212
-6899
-2000
6908
-4048
5374
-7104
-6662
1044
15338
6188
-6862
-6068
-12
4168
-5376
-10212
232
-2848
-7689
52
-2315
-10200
-3855
-6932
13569
-2028
2537
-8188
734
-12268
-2300
-1988
-10770
-3068
2803
-2004
3082
-7152
2022
-15340
3569
-5116
-1818
-14332
4114
-13248
2843
-17344
5
-980
14341
-2024
3856
44
6174
-14268
-3091
-14264
11795
-15292
520
-960
6426
-8188
2810
-9055
287
-6104
-239
-2004
1540
-6144
1284
-8972
9999
-10212
2021
-5108
-6864
-9188
-3604
-20444
-10
-9172
-5125
-9188
3855
236
482
-13213
7687
1080
4605
-11196
8743
-3056
-1254
-17352
5108
-11220
-9743
-15348
-3847
-11240
5351
-11228
-6160
-10168
3557
-8988
756
-4028
-5428
-13308
-258
-20432
3071
-12256
-2072
-7120
-8979
-8188
-3075
-6132
-4607
1088
-8734
-1996
5369
-5092
3335
-13280
-4097
-980
3047
56
11055
-11256
267
-5088
-3858
-3860
756
-7148
-4865
-784
13289
-13068
453
-6092
1765
-9196
-4595
-7164
2544
-20424
-1518
-16352
-4117
-17364
-12550
-9212
-2300
-7132
-10711
-12244
-3595
-7112
7
-8180
795
-12256
2542
-1929
-3325
-13292
-3603
-11248
-3351
-2032
529
-10196
2810
-16352
-2060
-6108
517
-4080
7441
24
-538
-4080
-3822
-12276
9481
-5112
-268
-2840
4613
-2840
-6933
-10208
-4613
-6136
274
-5088
8178
-2044
-11017
-11236
35
-12260
819
-9184
-2852
-18416
992
-4056
-5622
-11036
-3323
4132
-3563
-7144
1543
-14300
2841
-5108
7920
-4076
-4089
-15324
2026
-5072
-7127
-20464
269
-13284
3585
-12272
4862
-6128
2073
-9996
9705
5340
-9214
-4084
1529
-4076
-12063
-4072
3591
-9208
-6160
-4080
-2059
-20228
-289
-15360
8194
-11256
3312
-9188
1332
-1020
-9189
-1004
8178
-8132
-3820
-6136
-5349
-5112
1522
-11260
6124
-6144
-1815
-7160
-7
-4036
-6918
-8172
2826
-12244
-1561
-2048
-3848
-8176
-2811
-10204
-7402
-12264
-2578
-6112
6936
-12256
5381
-4072
1823
-7124
-4102
-12228
7189
-15344
-3060
-7116
12263
-5052
-6403
-3056
4099
-17332
1270
-12236
5113
-10224
2790
-7132
-5103
-9180
6911
1072
1505
-6932
1289
-9988
-8456
-10228
-6117
-12248
-1245
-5088
2532
-8152
12012
-10200
2556
-13296
4112
-5072
-4077
-18388
-780
-15328
-5345
-5096
2524
3072
14067
-13308
-10022
-5108
7966
-9992
1285
-11220
2049
-13060
-4817
-7140
-2591
1080
-4565
-5916
-1035
-6916
-271
-17368
2049
-18372
767
-5088
4616
-8984
12311
-7136
3632
-9216
10256
-7144
-2015
-6096
-3816
-3028
15637
-5108
8707
-2044
999
-5104
4352
-6096
4092
-14292
1788
-12040
270
-10184
-3072
-12280
-2534
-4056
-11031
-15316
-6417
-3844
8189
-9176
-2578
-14324
-4610
-11240
11821
-7152
8727
-13060
-7685
12288
-5840
4120
506
-16348
-4364
-3048
-5380
-784
-7409
-9180
3832
-15340
6660
-4888
-2053
4124
-12063
-13296
-2020
4128
7417
-4044
-3303
-7136
-9222
-6100
-4850
-5096
-11239
-11228
-3334
-7144
1289
-15340
-9500
-8168
983
-3072
1017
-13264
-4879
-11244
4877
4
1811
-5104
5390
-7140
-7945
-7152
1
-5007
-522
2048
-3858
-6124
11258
-12248
511
-3024
-3801
-7136
-6132
-8160
9969
-16348
9208
-15112
-750
-17368
-3846
-4056
7691
-6916
-551
-10204
-12796
-7164
6869
-5088
-5310
-5108
-4093
-5048
-780
-6120
2069
-11228
-3340
-14328
8406
-3060
6405
-6144
-7177
-9152
2300
-8172
3564
3100
1796
-13284
255
-6144
-1781
-6924
6144
1032
1022
-2004
8967
-19452
6397
-9188
3304
-20452
-16675
-10236
10773
-12185
-761
-6084
3325
-12252
-4333
-1980
-13280
-15340
-1537
-16336
7455
-2016
-1770
-7168
-2292
-18404
-4911
-7132
11501
-14312
-13827
-18388
-4849
-9144
-11534
-4052
-4886
-6112
-9183
-4072
-3816
-8152
12767
-6120
1785
-2016
5395
-4064
-2861
-11244
-12301
-6128
1025
-1992
543
-8984
-8963
-7128
1302
-3020
5349
-10232
-224
-6108
12529
-9176
-38
-17392
-8
-12288
-523
-7124
-4106
-13244
14301
-13252
1541
-14292
-1533
-12224
2821
-4908
-499
-15280
-6657
-7124
-3347
-3024
-1838
-15288
4369
-3848
-7692
-9184
-8185
-10204
4627
-20436
1284
-15336
3320
-8172
3302
-8168
1797
4344
-9474
-6132
-272
-12268
-3320
-3068
751
-7128
3835
1032
4589
-7140
4111
-14304
-3862
-12260
5386
-12224
-4364
-15320
8466
-7116
-6386
-9184
7644
-12256
-7405
-6920
1497
-8184
-1778
-10220
-3319
-6108
1555
-10220
-3083
-7136
3353
-10196
6653
-2036
10255
-4068
-2060
-9212
3797
2060
-2802
-7168
-5912
-1008
-4830
-11252
-1283
4136
8203
-3032
-1537
-7124
-9998
-6116
2084
-7156
4850
-8132
-2793
-9176
1753
-5116
-1753
7204
2813
-5084
9190
-1988
-3866
-8160
3881
-6100
4047
-9988
1293
-12220
3077
-2824
-2048
-5064
4831
-2044
-6392
-976
-515
-8148
-7441
-9212
-8701
-10220
-5667
-8968
-7676
-5120
4112
-5080
2545
-8172
-257
-14316
-2044
1024
-6668
-10188
-2306
-14316
6149
-9208
2569
-10196
256
4120
-14599
-9208
-11278
4128
-985
-7168
-8713
6160
-4102
-4072
13102
-12288
6881
28
-13030
-12248
-9239
-7100
-7427
-5112
5325
-17400
-4588
-3024
268
-6132
2786
-2032
-784
-10228
4060
-4064
-5907
-8980
3347
-15328
-9721
7208
-6914
-11216
10758
-4024
777
-12280
-4349
1076
14
-8172
1776
2084
483
-6920
-769
-4072
3592
-2024
-4629
-10196
-5386
-10000
2034
3096
2592
-9180
-1560
-4072
-13028
-9216
8700
-7144
-14853
-12280
8657
3080
3335
-11228
-4602
3088
3089
-4076
3050
-16352
-4831
-11220
3291
-9208
5345
-7944
-4876
-5108
-4597
-10200
2051
-4076
2044
-8168
5405
-6920
-15911
-5116
4357
-13300
-235
-3044
-3119
-11220
-4344
-6920
6179
-6092
4091
-1008
-6947
-11236
-498
-9188
2040
-9992
751
-5104
-5364
-6080
2036
2104
-3069
-8180
-3038
-5108
-6155
2284
-4088
-976
-280
-5072
-5632
-10200
775
-7940
-3299
-2028
-5139
-2044
-4870
-10220
3614
-7061
-1052
-11036
13841
-20452
-4095
4104
2558
-6112
-4853
-3048
-1807
-8180
3326
2088
-19
-14288
3356
-10208
8185
-16304
1273
-9208
1814
-1004
-6121
-4044
1787
-2844
1294
-9188
7678
-6128
-7713
-6112
-4357
-5088
-5052
-3036
-4387
1036
5888
-12272
4099
-6104
-1261
-1992
6145
5132
-7685
-976
6190
-1012
6904
-14332
223
2296
1041
36
-1527
-4056
-6382
-7140
2052
24
2840
-13292
-804
-3064
-6391
-12248
-522
-1020
-5386
-5056
1536
-7132
-8164
-15300
-3866
-7144
1033
-16356
2853
-13288
-9229
-12264
-767
-6128
16132
-3028
-3569
-9216
-1034
-2000
-15624
-7132
3330
-15324
11255
-14280
-2070
-7168
5358
-3044
-493
-8968
1550
-5100
-4344
-772
-799
1044
-1792
-1812
-7930
-3000
3584
-15348
2794
-3028
8718
-14276
5393
-14316
-2032
-8140
8445
-11232
-11057
-1000
5075
-6092
7679
-6140
-5162
-19432
-1561
-3032
-3309
-6916
6938
-2032
800
-2012
549
-6104
14352
-13288
-13291
-4052
-4581
-8188
-3815
-14332
3564
-12256
8739
-20432
-3846
-2020
-10245
-7120
-22654
2096
-5878
-9200
1768
44
-1028
-996
8221
-5084
1541
-9180
494
-7960
13817
248
7424
-2012
3825
-6108
-11507
-11244
8448
-3844
-3587
-13272
1278
-7116
2090
-10240
-8422
-14324
8232
-6936
-5881
-11232
3612
-9184
2059
-17348
2847
-11256
-2819
-3024
6448
-7132
-26
-13296
-4600
-12268
-536
-10224
-7674
-10192
-8975
-5080
-9491
-4064
8220
-11220
1554
1264
-1521
-4048
4855
-4056
-4612
-9164
-5658
-3020
-14850
-6092
1294
-9176
-517
-3012
-3625
-10200
-7926
-15360
-5654
-8184
3838
1032
5368
-6128
-9522
-12240
-1032
-9212
-7690
-19404
4310
-12264
-500
-4096
3871
-992
1831
-11236
502
-9176
-1808
-11012
-10748
-6128
-3840
-14284
7682
-6956
-2548
-6136
-13807
-6128
1794
-10216
2802
20
3834
1060
-2291
-13284
-1775
-2048
-8952
-788
-3589
-2040
-2765
208
-3556
-5072
1001
4128
-5343
-5100
483
-7136
-5093
-13304
994
-13076
-5104
-20476
-8219
-10208
-776
-1828
-2299
-8988
-3089
-3040
7957
-7136
7704
-5120
7930
-8148
-7440
1040
4129
2088
1804
-10196
1036
-10228
4127
-9200
-3310
-6916
5859
-8180
1541
32
2825
-3856
3056
-8140
-1031
4112
-2572
-6112
-6395
-10204
3321
-980
6660
-12232
-5584
4128
-5407
-17352
-2323
-6096
-2290
-14324
-5097
-6136
4839
-5088
-8693
-6140
5589
-8128
-4055
-13296
-2281
-992
-10771
28
-8986
-7148
254
-9176
-240
-14252
-7469
-9184
-6120
-7128
3037
-976
4093
-3060
258
-9208
-8440
-2028
-2290
-7124
5573
10276
-5349
-1000
9470
-12244
3299
-7140
-8983
-14088
8191
-7132
-768
-15328
-4896
-8184
-1799
-16352
3093
-10196
2789
-6144
1791
-4084
-2321
-11220
-5619
3080
1263
-5088
-6142
-5080
3835
-8176
-2301
-9204
-1035
-11256
-2841
-12252
-7679
-2016
1028
-10216
2279
-3024
5123
-9168
-6418
-5096
-2056
1032
2026
-2044
4109
-16136
7747
-13304
2299
-8168
1288
-15296
5896
-9160
-3086
-9192
7951
-6064
3055
-9188
-2293
-4060
2798
-3056
-3603
-9992
-2854
-7168
4374
-4080
-788
-11200
-1296
-6128
2576
-3052
4122
-10220
487
-2036
-6382
2064
3331
-1000
7930
-1008
-4855
5340
-5387
-6100
-2811
-14316
1553
-12248
-4831
-11220
2801
-5080
2080
1024
-3074
-2048
-6874
-13240
-3598
-12264
5379
-19428
-11745
-1000
10726
-13240
6952
-3036
513
4104
5365
-2008
-1520
-3016
3611
-8156
-4601
-10224
-4624
-1004
5596
1048
-1800
1076
-1748
1080
-1798
1048
-7445
-4068
-4083
-11220
781
-6916
-4079
6176
5658
-6088
4622
-12212
4386
-9148
-4596
-8192
5360
2080
3301
-2020
1538
1036
1572
-10224
3601
1080
4090
-11016
-4342
-9172
2545
36
-4348
-7164
3545
-4064
-1799
-16368
1320
-12048
486
-5112
5386
-4868
-3351
-12272
-12833
-10196
1785
-21472
3289
-9196
285
-8160
14337
32
11273
-13280
-3069
-8164
460
1088
773
0
1305
-9196
-1290
-5092
1539
8236
-3577
-8180
10245
-3032
2809
-7152
4112
-6916
6127
-6920
2798
-8164
-16886
-788
-2538
-6104
8432
2280
2037
-8120
-1024
-3072
-8448
-12260
7208
-5096
-4356
-8140
11240
-3052
-3055
11292
-3583
-10188
2799
-5064
-7406
-11208
-1523
1036
-4844
-5904
-2345
-8980
-4351
-9180
-7168
-7944
3340
-1996
1018
-2024
-4370
1104
-7449
28
-15102
-10192
-2809
-8140
11255
-9208
6148
-12240
6356
-9196
8479
-13260
-235
-3048
-987
-5060
-2569
2104
-994
-6088
7152
16
-14111
-10216
5650
-13292
-3346
-3064
2307
-5908
-6615
-2036
7457
-3056
1008
-16368
1532
-12268
5099
5140
2332
-9188
-3875
-13232
-5869
-6104
1
-12276
-6667
1276
2035
-7148
-1292
20
-18
-3056
-2555
-2028
3808
-10240
6383
-8972
1548
-8140
-12315
-18184
-1785
-7136
5105
-3056
-1789
-3844
-1800
-8176
-12314
-996
-1252
-988
2058
-11240
7447
-15340
12011
-8156
3046
2084
3348
-12264
3058
2068
4107
-7152
-3814
-5072
804
-18396
9232
1028
-5106
-8124
-4369
-18428
1817
-5056
-6131
7192
4359
-8164
-4889
-3856
-3326
-10184
-4885
-7104
9254
-6108
7930
-14320
-1333
-1796
3864
-6112
-8470
-4072
-6695
-4064
10493
-9204
-6675
4
4326
-9192
-10752
-5080
-4340
36
-1527
-6100
2344
-13300
1787
-15352
-465
-13268
-9484
-6108
7420
-13288
-2823
1036
-4333
-5076
-4620
-12040
-8236
-11264
-14337
-6072
-4381
-7124
1517
-9200
-1252
-8140
2553
-7120
3832
3088
-2818
-7156
2769
1064
6133
-6128
2800
-22232
-4067
-3052
3107
-4068
8960
-5916
-4353
4328
-5154
-9160
1297
2056
-2800
-4064
3103
-1008
15122
-2016
20
-6124
-2788
-7116
-1769
6168
5892
-6076
-1006
-980
-810
-13260
-5898
-9188
-2289
-1992
4623
-13272
2790
-10236
-7396
-796
-30
-9188
-2819
-9176
499
-11256
-1266
-6136
5607
6188
-4608
-10236
4140
3076
4614
-3056
5136
-11240
7699
-10172
-3318
-4060
7434
-8128
6412
-9192
-3056
-12248
-10239
-4872
4352
-8188
7394
1060
-7405
-4068
-5090
-12040
11764
-1012
-3325
-9200
-1826
-7128
-8465
-1012
-9965
-13268
519
-5084
-12028
2084
-11263
-11032
5631
-13288
3069
-14328
-5362
-8188
4334
-4032
7682
-5096
-2823
5120
1800
-1016
5875
-9212
-1063
-3052
3836
-8156
-8427
-10216
-15
-6116
6389
-9200
-1797
-9180
1555
-11032
6172
-7152
10526
-4088
3605
-15324
6902
-8180
7690
-1800
6409
-12252
4867
-13276
-5341
-4888
6370
-10176
6650
-5108
28
-5084
250
-7156
-520
-8176
-2041
-16340
3024
32
-8744
-16368
-2537
1060
6371
-3844
-4804
-4080
14843
-5108
1523
-1016
7175
-14336
4132
-7160
1289
-20460
-4856
-18400
-4
-5080
-8939
-5080
-3325
-2012
-7166
-15336
-2313
5144
4371
-3844
4350
-780
9225
-13296
-2542
1052
7955
4328
-1249
-5072
3564
-9180
-1254
2284
-2819
-10220
11261
16
3598
-12264
1546
-17372
8951
-992
-1545
68
-1537
-11224
1793
8
4294
-988
-2036
-6108
6685
-6092
1306
-17396
3335
-12216
-4380
-5092
2514
-8188
-516
-7140
-6127
-4044
1
-17388
-5640
-10204
-1522
