-5084
7193
6152
756
-1020
9475
-11248
1264
-6120
-7447
2112
1775
-6144
-4374
-5096
-765
-2004
11561
-5112
-3582
248
-2088
-988
4085
-12264
11774
-4068
8167
-1996
-6371
-8152
1030
-9164
6143
3112
-3350
-14308
2349
-10216
6142
-2032
2041
-4032
-2818
-4068
-10222
-1000
-4107
-1000
-7420
-13288
6122
-7148
-12
-9176
-5146
-7148
-2538
-8176
7191
-5072
13054
-4056
-6405
-5092
5636
2064
5640
-5120
-4359
-14084
1037
-772
-2553
-5088
-524
-3848
-1
-19444
-11523
-14324
2812
40
-10224
-4084
6152
-13304
-2030
-8184
6633
-2044
2818
-12284
-2289
-8172
13577
80
-1571
-14280
-6707
-12236
4098
-6140
-4844
-3020
-268
-10188
6401
-20432
-3557
56
524
-7144
-787
-6136
-5647
-5120
-1811
0
-2046
-1980
1043
-15324
2530
-8140
9465
-8148
-1808
2100
-2031
-4044
-2077
-14300
-2834
-7948
-770
-9212
-8988
-16376
7444
-8164
-13806
-10228
7199
-5104
-6916
-9188
-4372
-10228
6407
-5076
3864
-9204
-55
-11248
-3089
-6120
-7178
3076
-769
-16336
-3835
36
-2264
-3064
5138
-13284
792
-992
1260
-20236
-4
-3012
6915
-10216
-523
-12272
-1766
-3016
-3531
-10224
2040
-14284
-3619
-5100
-2811
10244
-5639
-11220
247
-2028
6661
-7140
-4648
-14324
4628
-15108
2571
1048
-4582
-12272
2823
-2036
-6909
-6140
5895
-6124
1510
-6916
-1262
-4048
5842
-11224
517
-10240
1280
-9196
4348
-6132
-3072
-12252
-7415
-22252
-6172
-5076
7416
-15320
-3324
-15352
-764
-7136
-255
28
-4591
-1012
7187
-16352
-5352
5140
18419
1060
764
2296
15332
-6100
4580
-6124
9479
-968
537
-8164
-3860
-21476
3844
-14320
3619
-16328
5382
-7128
-6162
-3012
10737
1064
8403
-10208
-7664
-8164
744
-3008
-248
-9164
5134
-14292
-7651
-14292
5150
-5120
762
-4052
532
5128
-4132
-11224
-282
-9180
1749
-992
-1017
-8136
1512
-15280
3296
-9192
-3839
-4092
3304
-6128
8189
5136
3830
-3052
9196
-10196
-223
-11028
-5336
-12284
-3327
-9132
-10757
-12256
-5385
-6136
2052
-19408
4076
-13060
-517
-5076
-465
-4084
270
-8152
5125
-6120
26
-10204
6429
-9196
9720
1060
-6652
-14252
-8938
-7128
-1791
-3856
-11028
24
-4076
-11020
10243
-13280
2578
-6128
-7419
-11024
-3609
36
12827
-11240
6915
4128
260
-3048
3319
-2024
4868
-8128
231
-12288
2032
-5092
3045
-8168
-3598
-5068
-1535
-8156
6359
-6132
-6924
-3004
12522
-7136
-1273
-9208
-777
-12272
6142
-10208
247
-15316
4593
-9208
-5
3128
-3815
-7136
-9228
-11204
2076
-2828
1998
-7144
6923
-9216
-7159
-5104
1030
-7132
3838
-10204
-4330
-9156
782
-9188
4371
-5080
-787
-4048
-1548
5140
-506
-13292
-3319
-6104
9502
-4072
3096
2068
-5140
-15308
6907
-11232
-1291
-15120
-991
-5072
-5350
-3056
742
-12244
-771
-6124
6146
-9988
-2029
-7096
4830
-19220
1290
-4048
510
-6124
-5886
-6920
-4134
-6116
9732
-7164
3862
-10196
1791
-12284
8932
-4048
-3328
-7140
-8002
-1024
-2292
-5076
751
-10212
-8719
1088
6415
-13280
-3042
-8148
5086
16
3355
-7160
1775
-9188
-6929
-15348
4838
-17380
-4636
-12260
1816
-7152
1563
-5068
7412
-10200
-1038
-3052
1807
-5080
4096
-14336
-8373
-16348
8170
-12208
4113
-4064
4615
-8968
4075
-4872
5368
3096
-5580
-7136
11012
-7096
788
-12272
4828
2076
-1286
-7136
3
-2032
5138
-8172
3318
1032
-2019
-6916
2048
2060
-7939
-4088
2331
-5112
496
-6112
766
-5080
-244
9272
3539
-15356
5378
4124
736
-5092
-5580
-8160
-6679
-14276
-1807
-6128
1527
-10232
1551
-6116
3603
-956
-6134
-1796
-2308
-4068
4852
2076
-7665
-13268
7154
1060
-5878
-18372
1228
-7116
-4325
-5088
-1517
-6108
-2841
-3052
-2055
-11232
-5888
2088
2056
-4068
-4084
-10208
-497
-10224
-2809
-16372
7443
-4068
5656
-4060
216
-11024
-1803
-5096
1761
-13300
-11518
-6112
-1293
-7944
-9216
4144
-6930
-4096
520
-3072
3333
20
-6909
-14308
-8967
-3040
299
-3844
11014
-5896
1995
6148
238
-2048
7926
2068
-3065
-17396
4315
-16320
-5625
-3012
3068
-7164
4345
7208
-268
-1016
2562
2068
-6887
-17396
1509
-984
4352
-9200
-1518
-1000
5119
-22240
1338
-6120
-2821
-13292
-2593
-17396
-7932
-11244
9503
-16364
2030
-7168
506
-11232
-4345
-9176
-2058
-5060
-2315
48
-47
-9176
-6909
8220
-4107
-16340
-1492
1040
7449
-6140
3818
-4088
-11754
-1008
6151
-796
-3829
-11232
2563
-7124
9219
-4048
-4350
-7136
9454
-16360
9209
-2008
3079
-7152
-3335
-3004
-3328
-4876
-2327
-15324
-2540
-9164
-2056
-7164
5906
-1968
-3612
-4080
-4130
-6128
-1016
-4048
12038
-11012
4601
2072
2039
-4076
2014
2084
-272
-1004
990
-6116
4592
-12256
-1970
-15336
12321
-13272
-2853
-13292
-2811
-2008
-8693
-8097
4846
-6112
37
-9212
-3849
-3040
-7673
64
771
-5072
1795
-18380
2051
-6108
-5370
-12252
19274
-14288
-245
-10200
3817
-8172
-2840
-976
-11539
-11236
-2062
-11224
-4615
-13260
-3872
-13068
-2043
-3040
7911
-14292
-7942
-11244
6627
-21504
2038
-4056
8975
-6096
-4124
5372
4637
-12272
-264
-11208
-1526
-10212
-246
1276
6164
-20460
-495
-19444
12549
-3040
-2544
-13312
-768
10272
-9958
-15352
4616
-6140
764
-14280
-3109
8
-1764
-9172
5426
-13252
-2569
-6088
-9459
-8144
999
-16380
4097
-14316
-3041
1060
9995
44
2796
-9212
1810
2092
-12035
-16360
2557
-8180
1272
-13256
-6956
-6104
-1071
-7120
4886
-3060
5395
-3068
1001
1060
1817
8204
2824
-15116
3052
0
9218
-7136
-6169
-7152
5404
-15128
5397
-16360
-3327
-10212
3342
-16344
6711
4
-1779
-13312
-1035
-12036
2819
11264
2837
-5080
-1280
1076
5391
-7152
-6148
-6112
-6681
-4068
-5384
-13300
2575
-5108
7929
2220
-2033
-11252
12280
-8188
1268
-9172
-7917
-12224
2812
84
7459
1064
-1011
1048
10238
-8976
3535
-14284
2087
-13072
8948
2080
3830
56
10507
36
9193
-2008
3839
8224
-5373
-8972
-291
-10208
-3585
-17348
529
-10000
-2280
-16340
10483
-12280
3603
-1004
4603
-6924
4109
-5084
4633
-14308
542
-12252
1029
-4092
-6943
-11220
3848
-3032
8739
-7148
1230
-9152
-287
-17368
-4361
-4044
3848
-15356
4351
-6144
13798
-5092
-3051
-12260
2361
1036
17430
-8172
5366
-10228
4596
-16332
-2051
2088
-4667
-8172
7969
15388
3080
-19432
-2827
-6096
-9208
-2024
6425
248
-11009
-14292
4616
-2028
5104
-10228
-5636
-8128
3833
-5064
790
-1816
6166
3108
-16211
-2032
2081
-4088
532
-2012
1777
-7160
-6121
-5088
-1756
-15352
3575
16
-7211
-11220
501
-6108
2068
-6132
-1550
-8164
2812
-4072
-753
-10204
-2584
-5104
5870
-14336
-6114
2084
3055
-3048
4090
-5100
-9207
-6092
8934
-976
-753
-11252
-3832
-8156
-1516
-10212
2031
-17340
-1549
-20476
-2049
-17324
-748
-7160
-1255
-16356
-249
-15324
275
-8140
4641
1060
-3044
-6084
19
-9164
3338
-2020
2772
-7128
232
40
-4097
-4052
-2270
-16364
-1503
-13260
8220
-14276
3075
-6096
-3549
-5108
-1068
-3020
-3575
-12240
4136
-9212
4888
3104
-12551
-9184
1295
-8176
-13306
1036
-13791
-2016
9960
-11016
-6669
244
9987
-11208
-7661
-7108
-6660
-2044
-1536
-4024
-1782
-12268
-6894
-8156
3538
-2016
-5349
-4880
-9985
-7096
2285
-6124
-14855
-13268
-1042
-10224
4603
-6096
7951
-2020
534
-2020
-3834
-7164
-4081
-1008
1542
-996
4604
-2008
-9504
48
-3590
36
-3287
-20460
-5925
-11224
-5384
-10204
3591
-1984
7464
5176
8453
0
4846
-15336
11052
-18412
2776
-4044
-3073
-11220
2056
15404
-2061
-13268
-13579
-14260
5118
-14284
-2302
-2044
5633
-13272
-11492
-4884
3601
-5096
-8253
-937
6933
-9180
2025
-6112
-9230
-5908
-2536
-11216
-2311
-6128
-242
-8172
-1794
-4084
-4369
-3036
-11740
-2000
-2549
-2012
-2053
-3844
7395
3088
9954
-11244
-11754
-7120
3348
-8160
1034
-13284
3331
-14308
-3319
32
5110
-14092
-4603
-2004
4366
1044
-11239
7416
-3085
-11260
12808
-8160
-6909
-12264
6159
-18376
505
-7136
-2826
-6124
-10229
3100
12593
-1000
5352
-8128
-6421
-5120
-1048
3104
-5624
-5056
-5101
-5112
2288
-3016
5638
-6092
-7411
-4048
7137
-9172
1281
-18392
-2085
-3028
-4843
-10212
7424
-5092
3586
-18372
-12284
1064
5908
-13284
4133
-12248
-507
-2012
14574
-10240
-3317
-4092
-257
2056
-5905
-3064
-4102
-7124
-3575
-7168
2532
-976
6907
-7128
761
6156
-1540
1024
-8423
-2048
2549
-1012
3066
-4060
-12041
-9196
4635
-9176
11009
-15360
-5839
-12264
4149
-9200
4601
-7088
6153
-4868
-3859
-5116
-1793
-5100
1038
-14316
-5394
-5904
-3327
-12256
7657
-9196
4340
-7104
4902
32
-2060
-18372
-4074
-784
-5380
-15332
-3080
-15324
10487
-3028
-10761
-988
-1257
-5088
-2297
-10000
7187
-12236
-8180
2084
3817
-7132
-2351
-16336
-2025
-10240
2045
-9208
5427
-15336
9186
-18392
-2805
-5076
-4617
-11204
3
64
-3062
-5076
236
-9188
10206
-7136
-1019
-17368
8965
-4076
-2811
-2008
1268
-15352
6961
-5096
7165
-10188
1294
-6924
2797
8444
-6660
-6124
4902
-7156
-2295
32
16380
-772
-10234
5152
7897
-11240
511
-7136
3839
-7124
-4075
-16324
-4117
-1008
1243
-7168
7704
-11232
6661
-12256
-2531
-3048
0
-10236
2038
-7148
2561
-4096
-3835
-15348
1291
-8132
11761
-11232
3316
-6124
-503
-796
3320
-10192
9742
-3028
3102
2068
2545
-10232
4358
-11200
-465
-18424
4615
-13064
7425
-8172
844
-14304
-295
-13088
6393
-8132
-7153
-13288
10236
2112
-9210
-3028
-3555
2068
2542
-1996
-2299
-3844
1020
-4092
-10512
-1812
4870
-19388
4099
-3040
7689
-9200
3576
-3044
10776
-8184
-4113
2296
8477
-5096
-6429
-20228
-4352
-12260
-2323
-11216
6158
-4884
4339
-7112
2554
-9184
-1040
3076
-521
-2032
-4315
-8152
2273
-3032
-1816
-6116
-1809
-5076
-1549
1064
10504
-17364
-4079
-8152
3587
-8152
4351
-15344
4843
-9180
8989
-2004
-3578
-10208
5368
-14256
6440
-12216
6898
-15324
6410
8208
-11251
-15312
-19
-6112
-1269
-10236
-4909
-8136
8247
-9172
-3319
-12252
-1783
-5112
7671
-4884
-1267
-3068
1537
-8160
-2066
-11224
-14051
3096
6412
-3052
768
-4084
-977
7212
-2289
-18208
2818
-18420
-3865
-10192
6130
-14328
-7190
-13060
1030
-9200
-5659
20
-14128
-10200
4564
-2828
10988
-6112
-10770
-3052
-3079
-13280
4099
4316
-2817
-8184
1555
3080
-6407
-9184
-6348
-5096
-7680
-3056
19223
-1004
7434
-1000
-1526
-13272
-1560
-12220
2055
-12244
4351
-5048
5107
-10212
1030
-14300
4366
-17396
-2323
-7128
-6129
-17396
259
-6120
13584
-13284
-3821
-11240
-2855
-12252
1535
-5100
-3306
-21460
-10217
4112
7682
2280
-4628
-7144
-3062
-5092
2271
-11196
-9456
-9180
7716
-13068
4876
3076
2581
-9160
-9194
-14316
-7951
16
8455
-12240
-2031
-14276
-2553
-4064
3806
-8180
-5354
-7148
-5934
4096
-2288
-16372
496
-5104
4081
-13312
-1000
-2820
-5119
-4056
6131
-3044
-2562
-8184
2052
-5096
5925
-6916
-1290
-10012
-1069
-8176
-10469
-9180
-3062
-15304
6927
-7116
2037
-1016
1772
-8176
-10495
-12048
993
-6132
16625
-5108
-732
-3052
-6926
-8188
4377
3320
6946
-6120
7938
-3844
-3074
-15340
-1546
-5092
8431
-1804
-1022
-2008
-2828
-5104
-1806
-2828
-2308
-6124
6663
-14268
484
-4056
-4892
-6916
26
-5088
-4878
-17336
-5339
-8132
-2293
-11256
-4116
-2000
-4617
-2828
-1276
-4884
-2320
-6124
-6148
-10232
237
-7128
-1563
-4072
1010
-7128
5915
-8180
3095
4108
12008
-18196
7652
-5112
-7190
-5096
13299
-9172
32
-1812
-2570
-2828
1025
-6112
2277
-11224
5402
-5084
226
1040
9713
-14300
-4084
-15332
-3600
-9184
-2791
-13312
-10738
-1800
-6134
-3040
-4323
2260
3312
-6116
-7444
-15340
247
-9172
-9001
-14324
8708
-2012
-4105
-7140
10749
5172
-10930
-3048
1284
-8976
-1507
-7940
3060
1028
5640
-9204
10753
-5112
-2042
-15348
-2319
-8168
-3317
-3056
1537
-6144
8185
-2044
3084
-14324
6933
-13276
-3886
-10000
-8167
-21500
6908
2068
5102
-3056
5137
1276
15383
-11228
8189
-976
772
-21484
230
-12044
6645
-2040
-1506
0
1807
1032
-1544
-13288
3348
-11020
4614
-2036
-3329
-17380
-817
-12201
-1514
4104
2568
8444
-2312
1264
9466
-15328
-6661
-16148
7429
-6104
2618
-4088
8455
-16380
4572
-9188
-5391
-14284
7130
-6108
8419
-8128
-5123
-15360
-786
-7104
793
-9164
2283
-6068
1560
-11212
-1304
-2024
6922
16
-5357
-5072
1056
-9156
1818
-6140
-8705
-15324
-3051
-13304
3851
-14268
3030
-10224
-1272
-5076
4660
-11256
240
-5060
3877
-16340
-1074
-1824
502
-3040
-224
2064
793
-3056
3058
-19444
5111
-2032
6390
-2032
10986
-8148
-2567
-9168
1258
-12248
4596
-8152
-4094
20
-6393
-4080
-3826
-13272
4090
-4048
-6678
-5116
-1042
-3020
-537
-9184
4159
-9196
1040
-3052
764
-5060
-3082
-2036
2028
-3060
3077
-5896
1278
-7132
-8184
-13104
2561
-13296
3555
24
-3125
2092
-1219
-4076
1539
-11260
-1811
-6072
1823
-6140
-4621
252
11268
-5064
5394
20500
-1505
-8184
-247
-15300
2814
-7960
4851
248
-4090
-996
2060
-9212
4366
-6096
-8199
-6124
-4102
-10200
-5661
-3024
-2537
-984
-1274
-13280
2809
-9188
6145
-7140
2066
2084
-5878
-6104
-14134
-9168
244
-13064
6402
-6144
16126
-10216
1284
-4052
3079
-16356
4370
-5064
14318
-6140
-5364
-15348
1805
-2012
-6932
-7148
2540
-5080
9218
2068
-1520
-14308
6908
-8148
-2065
1024
-1767
-8148
-6418
4120
6374
-7160
-12317
-14300
-1047
-7116
4094
-6940
5908
-10200
-1309
-4056
-4108
-4068
-4323
4112
-5655
-10200
7156
32
-3828
-7144
3595
-6053
7429
-13292
782
6168
-2545
-16372
-2834
1032
1816
-11200
-6378
1272
2047
-10204
8710
-1020
-1573
-980
-3342
-16376
-9465
1036
-2821
-9212
2804
-16372
-4615
-3848
-7166
-20232
-12564
-15348
2559
-988
1009
-3040
1264
-12264
4877
-8164
-3838
-16332
-38
-12224
228
-5084
-2042
-3056
-3807
-7144
790
-6084
7164
-6916
-1533
-15108
5391
-11232
5914
-5108
-2787
-7120
11000
-6116
7421
-10188
-4587
-11220
5124
-18432
-5869
-6928
-2803
1080
-3819
5176
4649
-9184
4059
-14260
-1024
-10208
3873
-3036
3340
-1004
8209
-15112
-6388
-14308
-4846
-4084
-748
-3060
7928
-10196
-257
-11020
6142
-7116
-3345
-7136
-2850
-12040
-4072
4344
-4364
-17364
2773
-12048
1820
-4068
-758
-6092
7935
-972
-4358
-12040
-4355
-1984
6153
-8160
-3833
12
-8467
-10220
3063
-13288
-4091
3100
-1300
-4096
4847
-6112
-9195
-16368
4363
-14316
3081
-11232
-2050
-12236
-5132
-9212
-2563
-2008
4589
-20428
1785
-11188
-3610
-1972
1528
-10232
4353
5136
12762
-11236
-3056
-11240
-5376
-6112
-19
-15340
-5075
3100
2836
-4052
5591
-9156
-6924
-8164
-7395
-2008
3838
-14268
7179
-9184
13309
-8192
13800
-13264
2574
3288
-6124
-984
3326
-5096
-1516
-8164
-776
-12272
7689
44
-1537
-1992
-6095
-14312
5389
-8188
-4376
-17388
2303
-12232
16657
-16344
16895
2096
-7446
1068
-5872
1056
3058
-11012
11503
-10212
1781
-10216
-6377
-10184
14550
-4092
775
-1992
3848
-14320
3065
-12272
2826
-10216
5873
-6096
-1495
-2032
8679
-9212
3082
-7156
-11254
2084
2290
60
-2818
-2848
-240
-5116
-513
-8184
1517
-3060
2274
-4868
-543
-14088
8939
8236
1017
-6128
5837
-2020
10763
-13268
9983
-12044
2558
-6140
9494
52
-6391
-3852
-801
-12236
534
-6124
-1317
-3072
13
-9208
3816
-4872
-1295
-7132
-10522
1056
-7406
-15356
-2560
-7132
-1294
-8152
-2040
-12260
2840
-5112
3813
-5108
4099
-5044
-516
-7140
5630
-7140
-2054
-7124
793
-6124
4112
-5116
4135
-8184
1286
2300
-1019
-5112
5825
-10220
6660
-3040
1522
-3848
-13
-3024
4114
-1828
3810
-9216
-11514
-7128
2056
-6144
4597
-8152
-1519
-18380
-3589
-7152
-253
1064
-5926
-6128
260
3084
4364
-3856
-280
3096
-11278
-4052
5873
-18416
-2323
-14332
-5127
-5100
-5128
-2032
781
-2044
-492
-5100
2041
-7120
4361
1044
7
-8172
-2547
-984
2773
1044
248
-6920
6419
-6916
252
2080
2833
-3044
-10767
-11212
-1780
-4056
-2054
-17356
-4109
-6116
-1800
-7148
5412
-3060
9204
-2032
-3560
-12044
-1794
-3052
2302
-6108
2815
-6132
-1010
-1020
12
-14268
2539
-5096
-4101
-16372
4101
-12288
-3818
-1800
-293
-11240
-3831
-5076
9462
-2028
3057
-15324
-269
32
5625
6168
-6125
-2016
2557
-8168
516
-8968
6413
-3064
11830
-7168
5873
-5072
1781
-5096
-275
2076
-8448
-2016
1757
-7132
11533
-1004
-6899
-6144
-4361
-4040
-267
-14320
748
-6080
-30
-14324
-12782
-5084
1001
-13308
763
1076
3604
-1012
-1769
-2032
-6903
-15340
767
-16356
-2070
-3048
4118
-4868
764
-14304
-4094
-6136
7407
-1000
1011
-6088
-757
1064
5875
-8172
-7933
-4052
784
-4868
-5869
-4080
-5386
-7088
3814
-11232
-4
-7168
2852
-8164
-5114
-4048
-4882
-12248
-3573
-8164
-4343
-3844
-4651
-2032
2577
5156
7946
-3044
-1259
-5108
7188
-10232
-4107
-7156
-1487
-11256
2529
-16344
3297
-10216
-4327
-9192
-1532
-12260
-9199
-7116
1238
-13312
2578
-2000
794
-3028
262
-1004
2586
-4056
-6663
-3056
-1061
-8148
-4115
-8184
-2534
-2040
-809
-7156
-800
20
-2257
-6140
-2322
-13300
-2568
-15348
4334
-9168
-5379
-14324
-17906
4108
-2539
-4032
7169
4128
8700
-5076
-15
-8148
-1329
-11264
3333
-6136
1044
-3048
-2552
-7148
6379
-12252
560
-9152
1304
-2024
5368
1072
-3558
-11032
5373
-9196
6182
-11020
3052
-5060
6108
4
-2320
-3052
-3080
1048
5887
1088
2342
-6144
3066
-3072
4090
-2028
-1563
-10204
-6122
1040
-1060
-2016
-4598
-21460
-10738
244
-2548
-8140
5118
-12276
-15847
-22028
6142
5160
-8741
-12280
3090
-6120
2539
-9164
3848
-2008
1044
-16368
-4881
-9192
5351
-5904
5845
-6916
-4861
-10176
5639
-10216
3316
36
-7941
-13280
3333
-3040
-2545
-6057
-8445
-6108
1255
-3016
-8724
-5092
-5628
-3036
7
-5108
14841
5364
-3812
-12240
5102
3104
5121
-2020
1530
-2028
-4873
-2016
-5660
-9176
792
1076
7212
-15124
6158
-7112
5672
-6104
-2815
-13312
-1041
1064
-7667
-11032
1013
-15108
4392
-15344
9485
-7152
-988
-22244
10746
-6120
8951
-17356
535
-2012
-2326
-4064
-6122
-13252
-517
-16324
-2540
-9200
8182
-10228
-3342
-15324
-1064
-16148
15
-8156
14320
-2032
1815
-11204
-5578
-12220
5876
-6116
-6420
-11216
3063
-9176
-280
-7104
530
-6100
2790
-6100
-8974
-14276
-773
-7108
-2279
-6124
-4629
3104
1017
-11232
-4840
-5892
987
-12260
-5104
-6124
-2272
-12240
11763
4148
-770
-6084
-504
-7148
783
-6104
-4082
-5088
2825
4116
2041
-2012
3838
-2836
5379
-15312
-7963
28
-6667
-8136
1773
-11264
8701
-3040
-2299
-3052
5387
-13280
-10754
-6096
1021
-7156
-1285
-16364
-799
-7152
-10247
-11260
-1
-8168
4590
-1008
-1559
-11248
5412
3112
-774
-4064
1765
-5112
-9488
-13284
5826
16
-2543
-3060
-6383
-8116
4110
-2036
2053
-8192
771
-9992
9715
2104
5886
-13296
-3324
-9140
1300
-9200
780
-6112
7416
-5104
-500
-3056
-1029
-15356
6120
-7148
-8680
-7952
2051
-8164
-10481
-8188
2804
-10212
-6922
-18345
800
-9184
11545
-7128
-785
-8176
-4105
-6076
-750
-6124
-231
-5100
14408
-22272
-5640
-8160
1043
-12240
-2033
28
7693
6220
8929
-7152
995
-6924
-1258
-5108
5361
-3048
3611
-11012
8738
-18388
-4892
-5924
1283
-7144
-7127
-10164
-7158
2076
-1558
-9160
-6669
-8168
-3342
-18376
7153
-9196
7976
-17372
-2046
-7160
-4081
-3064
4871
-10196
2575
-7128
245
-4072
3362
-2028
2583
-6100
6877
-14304
6928
-14088
3808
-4044
1283
-10184
2316
-11216
4095
-4072
5132
-5076
5388
-5088
2038
-956
2269
-4088
5896
-8184
771
-8980
-5842
-996
6
-12280
-2533
-11260
6161
1036
-749
-4092
-4095
-4072
-2539
-776
3577
-14300
-5
-4072
-6898
-8172
4861
5168
-2087
-23236
-7
-12220
-1494
-14312
19974
-5112
-2006
20
-6117
-6092
-1819
-7148
5658
-1004
7161
-3056
-11796
-8136
2794
-4084
9963
-7112
-3075
-11224
2061
-21460
-743
-17348
6422
-5080
3085
-7100
-5128
-11256
-1545
-7160
1051
-968
-3538
-10192
2796
-6144
-8445
-21440
-6895
-9988
1020
14588
7169
1024
-5613
-8132
3839
-1024
-6887
1068
4611
-7120
2556
-7132
-2525
36
738
-11216
-531
-13292
14108
-7096
6177
-12264
5385
-7140
-4590
-11244
19
-8184
2586
-16348
2318
-6080
7139
-18412
8438
-11020
4097
-13292
13967
-11216
-9189
-13268
-4356
-6128
-6202
-6108
-819
-7140
-13355
-4056
-1554
-8152
-2566
-11228
5386
-9168
-2299
-7136
-3393
-996
-787
-8176
-8959
-15324
4054
-5120
7453
-4044
-1228
-9172
2300
-7156
-769
-3068
3348
-3024
-3045
44
-751
-10200
752
-10212
-1781
-3044
5914
-7132
2048
-12260
-3315
-4064
10259
-4056
-4093
-7148
-3605
-6128
14049
5120
-10512
-8160
-4373
5152
-14075
-1008
-5676
-13292
-5385
2076
4105
-10188
-518
-4092
-4428
-13060
15373
-4064
260
-8144
-5883
-3044
3821
-7112
-5370
-12060
11810
-9200
1540
-12280
-2004
1080
2289
-5076
6418
4128
3052
-8128
6688
-4052
-1812
-9136
521
6196
-3323
-2036
-3606
-3036
243
-7128
-10491
-13300
-768
-15304
-6142
-12232
-6666
-18380
-8953
-11256
3559
-10196
-260
-20436
-4892
-8172
9219
-10196
-3863
-3048
-2842
-3056
-3582
-5108
-6148
-12284
-18644
-10228
10240
-7156
-217
-16364
7943
-8160
5151
-4068
-5076
-3036
749
-9180
2607
-8184
-1987
-7120
6898
-996
3306
-11256
4832
-9176
7154
-12248
-9477
5136
785
-3036
526
-5100
-3824
-12256
11751
1056
-3581
-10200
-465
-8144
-2354
-7112
2081
5168
1042
-2032
3848
-9200
-3847
-4068
7138
-17380
23
2100
-1757
-7168
7683
-5076
-3823
-1016
-8464
-9208
231
-10216
-764
-16336
2293
-3060
4596
-5092
3858
-6108
3091
-7140
773
-2032
4343
-7948
-1262
-7160
252
-15328
5909
-3056
759
-4060
-2036
-8140
3104
-10216
11249
-7160
1296
-13284
2789
-7120
-3576
-5088
-2036
-5076
6648
5128
-5138
-2008
-769
-11208
-4069
-12280
2813
-6140
8410
-12256
6921
-8976
9480
-6124
12799
-5120
-4610
3100
260
-6128
3573
-2028
-2058
-16364
3080
-12236
3610
-12260
-1814
-3884
1246
6188
-2564
-15116
1273
-8140
-4635
-7132
491
-7948
3055
-2028
-229
-13280
-2574
-4044
5614
-7140
-4354
-10228
-1287
-14308
7679
2100
5160
-15316
-1804
-8144
-5922
-9172
-5860
-6108
-3828
-15336
-2831
-5096
1040
3112
4334
-7148
-13812
-14280
7396
-12284
11054
-11256
7203
-13272
9202
-12244
2301
-6112
13598
-15348
9463
28
-3562
9220
-2807
-9196
-820
-5900
-5143
-9200
1306
-3016
-7157
-12244
-5628
-6100
-8939
-3064
-535
-5064
13540
-10160
9224
-18384
-9475
-6136
-4104
1024
-2545
-5088
1280
-3052
7463
-12248
-3047
1044
4058
-7144
-5914
-12220
-4881
-6096
4862
32
3032
-10220
-12001
16
3070
-12060
-4637
-8160
5880
-10216
-1542
-4068
4832
-12256
3063
-6112
-5826
4124
-7601
1056
1545
-3032
14337
-2000
-807
-2016
-4853
-4868
2349
-980
4614
-9184
-3097
-12260
-1794
-2844
-16121
-8964
2317
-11244
1567
-5068
9473
-7152
11270
-10208
-497
-13296
9992
-5108
2293
-7160
12582
-13284
-3064
-15116
5624
-10200
9734
-9176
5096
-13080
-762
-996
2333
-6104
-8178
-12204
-6916
-13304
-1268
-8192
1768
-12284
7403
-1004
-2023
-5100
-1522
-9168
-10976
-12268
-3571
-14304
7407
-2012
12543
-1800
-9689
-10240
-2812
-6088
-2058
-7132
-12296
-10188
1532
-11252
-7957
-8168
-2538
-5072
-211
-7116
4115
-2048
7683
-9148
1043
-15332
3283
-5068
-4121
-14304
-6627
-3064
5398
-8180
11059
-11264
11298
-7160
2592
-5892
-1485
-1016
-9725
-8124
-10773
-5100
8972
-11240
-2539
1052
-5894
-8180
-4357
-4080
1511
-11240
8733
-5100
-3860
-14284
-2307
-11204
-2317
-2032
-5647
-12252
-1023
-9208
1297
-10216
1248
-5100
2301
240
-5370
-8160
517
-11248
-2035
-6124
-7616
-7120
8684
-2040
4599
-13264
3560
-9176
5390
-16364
2837
-13308
-1563
-13264
-8700
-9168
-3325
36
7665
-1000
2317
-1008
-5098
-13060
-2849
-12252
743
-5104
0
-2004
-3862
-3068
-282
-11264
4331
-5108
-1040
-7140
6889
-6116
3331
-1796
-1004
-12216
4106
-4060
-3074
-3048
3813
-8164
-8408
-2044
5140
-11248
5105
-7136
-1277
-7140
-1546
-1016
259
-8184
-10007
-6112
1274
7188
-2793
-7140
4084
-11212
-14821
-988
2038
-3044
546
-11208
248
-8144
-3844
-6100
10
-10228
2570
-10176
-4109
-21464
-9454
56
-2556
-5040
514
1052
-187
-8140
4631
-12228
4581
-3020
-3320
-4048
-7164
-6096
-7195
-14320
3332
-9196
-6165
-13272
-2297
-1800
1267
-13268
2828
-11016
2831
-10008
4374
-20440
1283
-6088
-3086
-11244
-4349
3096
2544
-7124
3823
-11244
3575
-3040
3608
-10000
-3316
-16344
6170
-7148
3088
-12232
5120
-984
2293
-6104
1016
2092
4127
-13284
6414
-8152
2566
-14304
-6912
20
-3547
-13248
5871
-11236
-15853
-11256
-2762
-6128
14120
-9216
7666
-16384
4365
-7940
11767
-11012
-4641
-8128
-5151
-7120
4136
-12240
2553
-8148
-6162
-13260
1252
-8140
-1528
-3032
3083
-18376
-3596
-8164
-4314
-5080
2824
-5896
6424
-9200
3317
-15344
-3111
-2020
-5893
-13300
3869
-4040
-1015
-8156
1505
-3020
-4349
-5108
6133
-11228
8175
-13252
5105
-7948
-253
-4096
-2020
-7148
-3084
-4048
2318
-11228
4580
-5892
-3309
-7164
-12
-3056
3303
-8180
5097
-9176
2559
-10216
13036
-9180
-2774
-15328
3829
-18384
1491
-3052
3063
-6120
2518
-17400
-5623
-8164
12286
1032
2311
-12044
3558
-772
7423
-9172
-3587
-12264
-1029
2084
-5621
-23240
16
-3064
738
3108
-969
-15360
255
-14120
-3601
-7132
2035
-14296
-8465
-2024
-6141
-13236
-5662
1076
-3564
-2044
1999
-14292
-8229
-7120
-4872
-4068
-5888
-2008
-3593
-8164
-2041
-7116
2086
-14296
5111
-12260
-5569
2052
5874
-8176
-14083
-14324
-7164
-8188
5394
-8164
3585
-7156
-17651
-12228
4067
-3020
3844
-11240
-518
7404
-253
-11244
9495
-5076
-6687
-12256
5131
-10208
5346
-5116
11782
-11192
4323
-15332
-1544
-4052
-5098
-6132
754
-13292
1282
-6084
4364
-6108
-549
-12248
768
-15320
-3047
4132
1005
-15328
6660
-4096
-3834
-3052
5108
-7148
6663
-9188
-8430
-9208
5421
-3028
-3793
-10172
-1249
-5080
-9469
-9144
-1792
-2992
995
-3020
4605
-5080
6120
-9180
504
3100
7924
-8176
-763
-8184
-6940
-2032
4117
-11200
-12532
-7073
-9429
-8140
-9228
-8192
-1246
2108
1027
-8188
5637
24
4577
-3048
-2348
1056
755
1052
6912
1056
4363
-7136
4131
-14328
5108
