-976
5376
-6936
15148
1072
-7979
-7156
-1264
-6128
1028
-5088
1059
-7144
-1548
5144
2799
-13308
-485
-8172
5142
-20464
-8170
-5092
-3059
-17388
-5
-6116
12806
-4028
-252
-2824
1048
-1796
3053
-12268
6614
-3068
-11821
-10204
-6673
-4032
-1293
-5056
2550
-7112
-5368
-15328
6123
-8168
-1051
-6116
-12254
-1800
2835
-8148
-794
-14320
-8417
-3064
794
-3032
4117
-976
-2805
3116
734
-8136
3310
-13284
2072
-15332
-1539
-13280
-3859
-4072
-990
-9129
6385
-10224
6396
-2012
-9988
-4064
-4607
-1000
-2888
-15340
4871
-5072
-3346
-10200
-767
-3040
-5356
-6108
5635
-984
-3070
2096
7361
-4064
4600
-10204
-1242
-5029
-503
-13260
-3334
1028
8459
-964
6943
-11244
774
8236
522
-13280
9222
-18368
-3045
-3024
2082
-14336
2030
-2028
-774
-1796
1009
-4068
-8215
2296
1020
-3072
1294
48
-10985
-11216
4321
-11244
1286
-2040
-501
-14316
6377
-19440
818
1096
-4330
-5116
-2561
4104
-5612
-15336
-779
-5084
2296
-3040
7440
-13092
-2560
-10204
2804
-13264
-1811
-772
-4348
-11240
8465
2064
1524
-6104
-3308
-19424
-754
-8180
-2065
-4868
6906
-4076
3343
-11232
-8443
-8156
-1509
-6136
1790
-10196
-11040
-20428
-1313
-996
-6621
-1996
-2816
-14308
2771
-18372
-3838
-6108
1284
-5116
-14349
-3028
1551
7188
-5854
-3060
1768
-2820
-3583
-15336
1306
-5112
-3852
-7132
4312
-12268
1536
-16336
-7698
-7956
1526
-5092
3299
-9180
5886
-11236
-7706
-11244
-1027
-6136
-4925
-3036
-13983
-7148
22239
1264
-1530
-6108
-1552
14344
-1797
-7128
255
-9180
1787
-18392
-8186
-992
7419
-3040
-6958
4
-3583
2112
-7928
1024
-3322
-2832
-4622
-10200
-2794
-5112
6944
-7136
-4075
-10220
-774
-22216
-299
-5076
-6397
-10216
-8707
-5092
-5099
-5100
3605
-992
2545
-4868
-4607
-996
4337
-9208
-3619
1048
3331
-10192
3322
-7944
-1577
-10164
3097
-17380
3107
-8156
16
-11264
4358
-11048
7672
-7144
6405
-12268
-3051
-8188
-12814
-4048
266
-8168
3348
-5092
-12567
-6096
-6145
-2820
-4865
-15328
2035
-7120
4105
-13304
-7382
-15320
17
1044
10996
-11240
-7384
-8160
-12794
-4040
2291
-5080
-5633
-5076
2809
-13288
-3829
-5080
12258
-2000
-486
-4064
487
-9148
-4601
-5100
8959
-13264
-511
-4068
-30
-5029
-7452
-1984
4617
-8164
-7322
-13288
3854
-13284
4584
-3044
4629
-15332
6399
-6096
10766
28
2294
-5100
-5897
-8152
2316
-11020
10459
1040
-5649
-7116
5127
-7124
2037
-1808
-4827
-7152
4377
-12220
-4107
-8184
3103
-12264
-2036
-13292
5877
-6116
997
-11236
-8473
5148
6883
4132
-2309
-15344
3570
-7164
8179
-2008
1528
-3032
-2586
-12276
-2828
-14292
-3578
-2992
-2559
-972
6640
-5064
-505
-12276
2053
-5064
4339
-4036
-7388
-15336
2722
-2028
-4632
-10208
6909
-13288
-6631
-13060
-13
-15348
-4391
-1012
-7446
-6132
3566
-10220
-220
-9996
758
-12272
2067
-6136
5365
-4036
-5109
-19204
-1024
-4048
257
-9180
-3355
-10208
-772
-16364
6398
-11012
-4352
-11224
-1821
24
-2578
-5080
13295
-6096
9247
-7128
1076
-7160
12279
-10200
-1029
-10208
-3333
-10208
4604
-17384
-3042
-12236
3819
-6120
-550
-3856
1812
-15340
-512
-1024
8743
-14292
-6664
-776
4042
2064
-3834
36
-2571
-14312
1818
1268
-10773
-3060
4831
-10228
-5606
-6920
-2787
-17392
268
-12264
246
-9164
-2018
-15284
-9229
-3044
-4870
-2048
-3588
-13296
13056
-3064
-7146
-8172
6391
-772
-5150
2052
7698
-9152
-3566
-6068
7944
-5076
-5610
-10212
-4369
-13288
7903
5136
520
-14268
2560
-9180
1278
-15328
-1014
-10216
6425
1072
-3586
8
6407
-14296
-4907
-6916
-500
-7124
247
-2008
6897
-18388
-726
-7084
-1009
-776
-2598
-12248
-6906
-16360
-2050
-10196
-1278
-4040
2328
-9172
-7193
-6132
-3053
-12288
-3601
1056
7956
-988
-1278
-8164
1246
-9156
-8689
-3024
6936
-7164
-9458
6164
4636
-15320
-1253
-7160
3340
-7132
-1812
-9164
-537
-3040
-11262
-5088
-5389
-992
8684
-6072
-3799
-8972
-1527
-1000
-1581
-15356
30271
-1984
4089
-12256
-1276
12
6660
4120
4401
-2820
4057
-11232
-4640
-17408
-8196
-3860
-5894
-15352
7917
-4076
-4615
-15316
256
-13296
-16130
-5108
-2524
-14332
3063
48
5381
1080
-2291
-2024
-1543
-10240
-250
-8180
-2030
-964
-259
68
-1000
-17360
-760
-7136
5090
-3024
4080
-8140
13579
-3044
499
3080
-4834
-1008
-2074
-14304
6931
-1012
6643
-8112
-257
-13060
-8451
-7112
-6924
-7144
-4348
-10216
-9240
-11204
501
-12260
7147
-11228
-8982
-10220
4856
-5104
-1546
-3852
-4372
-12272
749
-3864
-6162
5124
-7721
1040
4056
-13296
537
-8144
-8466
-2040
-39
-15336
3330
2064
3814
-2020
-3648
-10232
-16355
-13272
2528
2076
-3843
2068
1544
-6088
-1998
-1992
8419
-7156
1293
-992
-4353
-4080
6391
-3844
516
-3048
10006
-1016
-3852
-1800
4619
-7112
3322
28
1534
4120
29
-2048
-26
-7108
-7148
-2024
-9230
-11196
13806
-1988
8
-4080
1548
-11012
2835
-7132
-4106
-3060
-8963
-3068
-16928
4112
7154
-6128
532
-15344
-1548
-5092
532
-10188
-3077
-6100
4362
-1020
-3334
-14100
10733
-5064
-3828
-13268
3825
-11224
-4341
-10216
7646
-2044
1520
-7152
-12794
1044
-787
-4064
7905
-6132
-2068
-8180
-4376
-12280
-3074
2056
2806
-2044
-7916
3092
8451
-5088
1004
-12256
8696
-8160
1275
-11228
-1544
-12272
7944
-11236
1259
-14296
-2300
-9192
-6361
-15292
-1264
-14316
-5638
-11220
767
-11232
5920
-10200
7189
-2020
-6640
-9168
2020
-13272
-12812
2048
-5125
-7136
-2332
-8148
3326
-23048
7443
-5100
-1524
1048
4135
9264
-7657
-2000
-2781
-8156
2572
-17328
2558
-9152
-1802
-988
3320
-11264
-4097
-1796
13821
-3044
-11512
-4056
-5661
-8160
-751
-9188
-1327
1040
3118
-8148
533
-9168
-2552
-10240
-4081
8252
2803
-4044
-1005
-6128
9227
-5064
-3381
-3044
-21979
-8152
4573
-7144
1803
-10184
-510
-6104
-3339
-18396
-3042
-5112
3860
6188
8421
-13264
-990
-9208
-6697
-15324
4373
-6092
3824
-12272
1792
-14296
-6112
-9164
17143
-6936
1305
-11180
6924
3124
-2053
-7108
-4832
1032
4087
2084
42
-10208
3302
-12268
5628
3072
752
-13300
8919
-10232
-6387
-10216
2798
-9164
-6156
-9192
6100
-17368
3619
-3048
-9478
-9176
-6132
-11232
15384
-9168
10490
-13296
1220
6148
-2314
-5076
790
-1024
-3837
-5084
-9994
-11252
-4816
-2000
3044
-6116
-3593
-3848
-3875
6144
-1784
-10216
1282
-1012
2303
-18424
2070
-13244
2594
-8192
-2035
-10224
-4367
-6092
6638
-4076
1284
-2044
-6149
-5112
-9226
-13264
3345
-3844
1816
-6084
777
-6112
229
-10008
8955
-9204
-7193
-976
8997
-3056
4361
-7112
8425
-2028
-299
-2820
2039
-5100
-3823
-7124
-3070
-12280
3352
-10192
3076
-5096
15126
-2004
-4065
3088
-7948
-5072
-3323
-15336
-4621
-5068
-744
-5080
-8170
-14320
3849
-12260
3058
-11184
8728
-1000
3850
-772
8176
-8168
39
3072
5118
-9208
2540
-2020
-6425
-8156
-1537
-6116
11749
-19424
-5645
-5084
1806
-3052
-1027
4104
5398
8
-5101
-14328
492
-10204
-2792
-18388
-527
-4044
9994
-10212
-3563
-15320
-4351
-16312
3855
-3068
2545
-1796
18436
-3072
2852
-10204
3566
-11228
-2302
-9172
2338
-10200
7189
-13276
-5650
-7140
-1547
-996
2035
-5080
-8712
-980
-4587
-11228
-268
-5076
5157
-9156
1518
-6064
4110
-13300
4620
-5088
-2824
-13280
-1812
-17160
5086
16
-5666
-10216
-6904
-7116
2560
-10192
-1786
-3072
-8976
-10212
-5099
-6124
5381
-9180
5176
-1972
2361
-5080
4855
-5076
-3315
-10216
2054
-14284
-759
-11256
14370
-7112
-1006
-11188
-3039
2084
-780
-11220
9263
6184
7147
-8968
502
-3040
-2020
-3004
8971
-9988
2809
-9216
-2817
-6916
-11270
-5112
4358
-15296
-8942
64
-4085
-4868
4609
1076
-1047
-14264
-761
-10164
-4119
-14296
5871
-4012
9240
-8136
-6375
2048
1029
2064
-521
-12284
-5152
-12232
-14048
-5072
-3299
-15308
-1799
-8164
-753
-10196
-3353
-5096
-8161
2048
7157
-992
-6382
-9160
-7176
-11216
2031
-10184
-2558
-2988
-518
-7140
4345
-5021
750
-12248
-2024
-10168
-6161
-12228
1278
-7136
517
6168
9995
-10180
11785
-7124
6381
-8136
1803
-8160
2835
-8148
-4125
-6100
-3810
-6124
-10521
-9164
-6647
-11236
746
-5036
-3096
-7140
-4088
-7940
2321
-23248
-8698
-5108
9208
8
-744
-964
-18
-5100
-3348
-7124
-6105
-8168
259
-17360
1569
-3032
-1286
-1820
-1263
-7160
-1280
4164
3347
-10208
-4638
-4084
-4136
-4084
1557
-15312
3824
-7112
-503
-5068
-3101
-7100
1295
-12216
3046
-6132
8190
-8120
-3035
-8140
1803
-7108
7951
-6124
1291
-23260
3558
-5104
-1265
-2024
-779
-9168
-6442
52
-1545
-13276
-1296
-11024
-555
-11020
-256
-5112
4096
-12272
-8714
-984
-7945
-9188
10002
-13264
-5388
-4092
3349
-14292
2060
-6116
1794
-3064
6889
-7128
2823
-12268
-1018
-3044
4911
-10204
9741
-5088
5649
32
-3332
-11236
-1261
5352
1806
-4080
-794
-5108
1283
-12248
-6394
-1796
5375
-5904
-1302
-2008
-4842
-13288
-8681
-4060
-3083
-5900
5926
-21504
3833
-3048
-1798
-17376
-7657
-12204
8204
-8176
779
-9996
-11272
-3064
5145
-12264
1263
-16352
256
-11236
25
-18192
1513
-5896
-4632
-8176
2333
-18416
815
-6100
2809
-9996
-2560
72
-7159
-5088
2288
-6144
-4871
-6088
-5133
-9172
3601
-9164
743
-1004
6929
-8156
2302
-11260
2029
-13300
-11308
-9184
2034
-4020
2073
-2036
-4603
-9168
-8732
-11204
-1262
-968
2833
-1800
-5377
-8152
7930
-8176
1295
-2032
-8984
-10208
-8429
-4076
-262
-1008
-10767
-5084
-3879
-4080
6163
-11252
1277
-992
-4627
-8152
4343
-8156
-2027
-11252
-3565
1048
7147
-13268
-248
-4092
2815
-12244
-7168
-7968
-5362
-12260
8456
-15332
-2820
-3060
-8699
-3056
6636
1060
-3298
-8160
750
-6132
3547
28
-521
-13308
-3304
-7944
-5898
-6088
3606
-7156
3080
-11232
-2059
-6124
-23
-7148
8188
-9168
6662
-7136
-2055
-9180
-5403
-9188
-3584
-13292
244
8
-1774
-14312
3561
3116
-10213
-4060
-11544
-14096
7167
-5088
18
-7144
766
-10192
5895
-4072
-1027
-8120
-3081
-13280
1278
-17396
-3356
1036
-4610
-12064
-773
-11161
7444
-6144
-5372
-11252
-4339
-5068
-8679
-11184
-1782
1036
2828
-10220
4336
-3060
-9219
32536
-2063
-8972
9731
-6136
5389
-3848
4856
40
-13319
-11260
1266
6168
-4085
-12228
-11210
-8188
10434
-8144
7955
-9180
4591
-968
1784
-9172
-774
-15108
-2344
-14260
1499
-12040
1035
-9156
5123
-9176
3849
20
3569
-12272
-2072
-1996
-5889
-9196
-6880
-12280
-6401
-980
2068
-8116
3803
-11220
-12002
-8152
3868
-12224
-1281
-3016
-6917
-7116
-2804
-10224
-2288
-5068
7938
-9184
4577
-13280
-985
-11208
5091
-7112
3593
-16344
-4387
-5100
-6928
-8964
1301
-12264
9982
-968
-4848
-7132
-772
-984
1248
-4076
5612
-15112
-4
-9176
3064
-6124
1809
-13264
7677
-13272
270
-12248
1820
-11028
-2051
-15316
8953
-2820
1299
-6112
2816
-13308
-4623
2128
-3587
-7116
711
-3048
-4869
-19428
9208
-9168
-6914
-6132
2298
-5096
2537
-10212
-4848
-1812
3079
-772
-3589
-7136
-9941
-7148
-517
4132
1030
-6104
2055
-10188
5892
-18408
10767
-8144
7667
-9196
6397
-12252
249
-2008
-2538
-19404
2520
-3044
-3061
-13272
1041
-6120
-551
8
6138
-6108
-9711
-8140
-5907
-15308
20
-4096
498
-6080
3338
-9200
-804
-18392
-1561
1088
-7973
-4072
-4076
-12036
-5891
-3044
10255
48
4328
-17388
4097
-3036
3063
1052
-526
-7152
-2786
-9992
2318
-8176
-13831
-1004
6662
-15324
1510
-2004
6922
-7160
-773
-5108
3319
-4028
8212
-4040
-474
-5072
517
-7152
-267
-8176
3089
-7164
3589
-6116
-1057
-4084
-3862
-11020
-3824
-16360
15123
-3024
-6394
-6088
2596
4
1832
-6072
-4906
-11244
-2299
-13300
-5627
-6128
-8935
-16348
-5378
-13268
-6131
1272
-7692
-8184
-13796
-1004
4097
-15336
55
-4096
-4855
-10216
5360
-9168
-2804
-7160
511
-8168
3813
-9176
1821
-2012
-3587
-6116
7912
-12264
-3305
-3044
4622
-3848
-6106
-6120
-994
-5096
6184
20
3843
-2032
9473
-9176
-9223
-6916
8444
-14088
-2289
-12248
-4085
-8164
1567
-6132
-2576
-10172
508
20
-4637
-13268
-12834
-2036
3082
-7160
-2328
-11236
-11259
-9212
-4107
-5096
-1762
-5096
1041
-11012
-532
-11228
-8959
-964
8464
-16336
-3585
-17164
2801
-7136
-3090
-992
-11797
5156
-2032
-996
-1533
-5076
-6135
-12256
2062
6184
3358
-2824
492
-4876
4848
-8132
1280
-7120
-7680
-4092
3878
1052
6647
-17160
-2059
-6084
-3328
-4060
5
-16364
2297
-9136
-482
-15328
-2316
-4068
12036
-17388
1026
-13300
3822
-18180
-1274
-6144
774
28
3587
-12264
4344
-4056
1553
-10236
-792
-8164
30
-11252
3837
-3044
5120
-11208
-2003
-5084
523
-1004
3857
-4068
833
-4060
1789
-15316
-3083
-12224
2108
-11244
5116
-2032
-7474
-9176
-1508
-7116
-2795
1048
3057
-10220
2813
-12256
1790
-6144
4357
-10216
-788
-12252
1530
-16368
1506
-16384
-4317
-984
-3831
9244
-3590
-4028
6153
-3036
1536
-3036
1773
-12208
-15635
28
-2782
-1984
-1039
2068
3555
-2028
4354
-772
-1289
-6096
2287
-12272
2821
-7152
9461
-6136
4335
-5116
11774
-6124
-508
-5080
259
-18404
5904
-13256
-773
-7116
-3570
-14284
514
-12264
-5877
-12268
6914
-6124
-999
-6136
-2059
-8136
2019
248
-6664
-8168
-3568
-7136
2567
-7124
6133
-7104
3549
-6144
-1812
-10204
4637
-11228
-762
-2012
-1284
-9204
-1787
-1012
8973
-11244
5105
-8188
2850
-9184
-7148
-4064
-2825
-13296
-3344
-9200
-747
-7148
6131
-6120
-11276
-5080
-3294
-19212
12538
-8148
-6417
-12036
-2314
-5112
3330
-4040
-2812
-1008
-556
-19412
2022
-11256
4346
-1020
-3563
-6096
2055
-10176
4369
-4068
1291
-10216
2593
-4028
-7924
-3036
-1259
-4056
6904
-8156
-7939
-12236
6637
-8964
3840
-3052
6632
-14280
4342
1056
2277
-15324
-3067
-10236
268
-10216
3578
-5120
-779
-10224
-2052
-7960
3104
-13300
507
-4044
-4860
-13292
-1805
-4096
-270
-8164
-5
-9164
-10305
-9156
-4076
-1996
-2085
-10172
-2574
-8972
10549
-5092
-7680
-17400
-1055
-8980
-257
-15312
1018
-2032
3071
-8156
-3063
-968
8227
1048
-6651
-10172
2794
-8160
3373
-996
1039
-6076
7169
-1004
-3075
-14324
9475
-3012
6164
-16336
13822
-12256
-2321
-14288
-4838
-7100
-1784
-12260
4059
-5060
1272
32
-12021
-2004
6397
1032
-7402
-19208
-6649
-10196
-1800
-7148
727
-5096
-3086
-6076
-2299
-16364
4591
-4092
-3600
-11224
-7165
-14300
286
4132
-2590
-3020
6169
-4036
-211
-10188
2304
-3068
1038
-6075
10752
-6088
-1024
-4076
4628
-2820
-4065
-20460
-9980
-3040
2805
-9164
-1033
-13280
-5655
-5080
3594
-13284
5108
-5084
-7648
-12181
1068
-10220
-9489
-6096
7181
6152
13331
-1800
-2808
-14112
7677
-6092
10767
-4096
-2322
-5096
11540
-7168
-5392
-14292
1310
-1012
-14901
-5936
1807
-19424
2814
-10228
6413
-6104
-10766
-13260
2574
-9176
-10744
-3048
7422
-16372
-4641
-6944
-4903
-7120
-1541
-4072
-1287
-14272
-218
-10188
1830
8
-3055
-12276
4344
-12260
-5656
-12276
-2034
5136
1022
-13276
-2285
-13252
-5159
-992
-2829
-5092
4625
-3052
-1510
-12260
272
-11228
-5889
-6112
-1807
-3844
-7920
-14304
8203
-13280
7413
-6116
-489
-11220
-7706
-10220
-496
-6144
3821
-10208
-10751
-13300
4609
-8160
-4621
-19436
-3827
-6112
3287
-7112
-6374
-18388
-3382
-3000
1322
-15324
3322
-13288
-6653
36
-2
7184
5117
-2020
-5390
-3048
-252
-10188
-5138
-14336
5133
-15352
5110
-7144
-4080
-6053
-4085
-16336
-4363
4156
477
-5900
-9521
-1024
-5088
-7164
2840
-9168
-266
2060
-3086
-1004
-6386
-7944
13025
-6104
5409
-11240
-3340
-2016
-1043
-968
-4810
-968
4385
3324
-2543
-14088
1799
-5112
3036
-12252
8701
-9204
7434
2084
-266
-10220
11532
-4060
-3607
3104
-7185
-996
-3839
-2832
-35
-16376
-1827
-4084
-2072
-16320
-5396
1080
-8956
-10204
7905
-5100
-775
-9192
2543
-4056
5907
-4060
455
-13276
10752
-20432
-7400
-13292
764
-3040
3588
3128
-2542
-4084
3579
-5104
1019
6160
-235
-9192
-4627
-1812
9222
-14328
-10258
-13284
-1802
-7136
-13
-8156
-4344
-8168
-5375
-12248
6689
-9180
5467
-11244
5646
-3036
-9745
-7132
-3370
-12248
2834
-14308
5121
7408
5
-5084
-6133
-6080
2307
-5904
2309
-988
4375
-7136
27
-2048
1252
-12252
-8435
-7148
8215
-8168
8440
-11208
-5143
-12280
-8710
-7112
-5891
-6108
2826
-2028
4357
-11244
-246
-3044
771
-15300
6408
40
-7187
-3040
-548
16
-4079
-1996
10752
-15292
-7142
-4040
4859
-7940
-6394
-7136
-5893
-16368
4579
-1980
4341
-9192
-5624
-7156
-3619
4128
6151
-8140
1541
-10228
-1282
-6100
2821
-2016
2036
252
758
-5096
9175
-16376
-995
-4024
1539
-5068
-4586
-996
6151
-19380
-7153
-15332
784
-996
6102
-12224
-2816
-1996
1763
-4076
-2822
-11248
4613
-3040
-6100
-1016
8140
-17156
8460
-11240
-1778
-15340
8716
-996
6397
-16324
-1015
-14264
1273
-3008
3842
-15360
3562
-1796
11511
-10220
761
4104
3856
3140
5081
-3032
-7703
-14308
-3328
-5072
7154
-7136
-9471
-4868
-8204
-13304
2067
-7148
6915
4132
493
-5080
5135
40
3573
-10232
-6911
-7156
-2046
-6088
-4652
-9200
-228
-772
-7704
-16324
4607
228
-3324
-5064
-1299
-10188
4596
-17384
-6145
-5892
1290
-8168
2591
-4088
-241
-1812
-10000
32
-6148
-10200
3553
6192
-4362
-7148
5144
-2028
1765
-16376
3352
-7100
-5386
-13076
-6902
-16340
4846
1044
-11
-7140
-2538
-14320
-4863
-8172
4849
-7156
-4110
-7164
-1284
-10180
4387
-4044
-1552
-13268
11489
-980
-5394
3084
2303
-4064
5648
-5120
-2319
-2004
3101
-21460
7703
-7164
263
-6088
-3079
-5052
4066
-17380
-226
-992
-2056
-5112
3619
-10184
5137
-12268
-489
-3068
-770
-1800
5372
-12276
7654
-6112
-1541
-1008
264
-16352
16678
-13256
-491
-2012
9262
-13300
6618
-18404
8
-10236
1293
-9168
-8690
-9196
1298
-10216
-3336
-13268
-14349
-976
3857
-9184
3050
-16364
12273
-10216
-6917
-11200
3111
-10184
-13050
-6104
27
-8172
5902
-7156
-1525
-3868
-249
-4096
319
3076
1780
2124
-1
-3052
-2826
-13264
-10756
-14288
11736
-8152
1276
-8148
7667
-3040
3312
-6116
-9213
-10184
-1789
-1800
7397
-7120
-2499
-13272
-8168
-19404
-2261
-12048
-2823
-16344
-10746
-6132
-4605
-2028
3115
-9168
-2049
-15108
10742
-3008
5652
7212
769
-7120
254
-9180
1013
-12256
-6403
-7144
2800
7180
-4569
-5088
1037
-1012
-3
-4088
-8460
-8972
-5662
-8148
5600
-20448
-4873
-8172
-1009
-960
1817
-13060
767
-5064
-7166
-3068
10487
-3052
1791
-10212
-2058
-9156
10249
-5104
-7946
-11236
-531
12
6137
-2044
10253
-4068
-5132
1056
3333
-9196
494
-18396
4635
-9156
-1518
-15120
736
-4068
-2791
-4064
44
-3044
3870
-2008
-3604
-17356
-5118
-10232
3577
-7148
14088
244
2295
-1984
-2308
-18404
-14364
-3044
-272
-5064
982
-10208
-1022
-8180
5119
-11252
-12557
-2004
791
-14280
13833
-6124
999
1052
-2051
-10180
10740
-13084
-2026
-23292
-6396
-9160
-8682
-10216
3407
40
-481
-16368
-2028
-12232
2546
-4076
2040
-13260
1498
-2028
1290
-12228
1033
-8140
-4632
-3056
-739
-16364
-10748
-8128
4589
-18396
-10480
-6140
-6155
-17368
-1260
32
-1306
-1800
1283
-10216
1515
-9216
256
-4044
6639
-8152
1309
-4076
-2803
1068
-2796
-5108
-4902
-2840
2078
-10220
2517
-6088
7226
-15304
-758
-11220
2576
-4088
8680
-4028
-3306
-19456
3837
-4040
-5885
-10204
12820
-4080
3276
-5104
-7167
-4868
2333
-9200
-1321
-11236
-1048
12
12026
-13296
-4610
-11248
-1031
-7128
5623
-8140
2329
-10204
8669
-17364
1497
-6116
2555
-3056
2808
-7132
-3064
4144
-2301
-15316
2266
-15324
3309
-6136
-3583
-14292
1816
-2040
-7692
-3052
13776
3080
-759
-4072
1801
-996
-758
-5112
774
-13288
3562
-15344
306
8236
2537
-17396
-5908
-5104
3595
3084
4099
-5080
758
-13276
-8988
-6100
16
-964
17932
-2024
10732
-3052
-8196
-13296
5415
-9168
-1853
-6076
-6154
-12268
6446
-10216
-1254
-8176
-1045
-7136
-3059
-17372
-6678
-14088
-2309
-9176
5642
-929
4616
-7104
11518
-6116
232
1052
1773
-10228
9
-6124
-284
-8120
-4571
-12248
6398
-1004
-5382
40
-6696
-15320
-242
-9208
3782
-14300
16380
-4092
-9458
-16376
258
-9196
-990
-2028
5392
12
5381
-13288
6934
-7136
1520
-988
-11752
-9192
2049
-8108
1220
-12268
4323
-1976
3861
-7168
-5648
-2020
-1761
-5116
7669
-5084
2819
-7144
-6107
-13308
-4136
-2036
15600
-13284
12054
-10220
1033
-10208
11765
-12280
-3857
1068
-6391
-8136
-2850
-6100
-10017
-14320
10481
-7156
789
-6108
1337
2088
4349
-2000
1311
4120
771
-2016
7685
-11260
4391
-10000
272
-10216
-234
-8164
4605
-7164
5863
-4076
-4108
-3048
3069
-10212
4355
-7108
5400
-11264
-1050
-9184
-524
-11256
4370
-11240
7422
1264
-6409
-4056
-4085
2064
-6662
-22248
1067
-9208
9484
-7152
-1787
-14312
-10782
-2028
-274
-16344
-10763
-9176
-4138
-13304
-3611
-1796
-2548
-1012
4868
-6112
-8960
7208
1064
1072
6643
-5076
-7684
6144
-7430
-4056
-4610
-18196
3348
-6136
-4095
2080
3037
-12044
513
-15112
-8442
-10188
-4320
-8156
5135
-5076
-483
2060
-761
-5033
4352
-4872
2313
-2820
-534
6172
4851
-1004
-6405
-6104
-2053
-1008
-4855
2300
3327
32
-11810
-10216
-4042
-4040
-9241
-13288
7167
-8152
1042
-15320
-1777
-12252
18
-6092
4811
-6136
1274
-14292
8197
-7140
8483
-1016
-6922
-12248
1550
-4072
6650
-6140
1749
-14324
-1027
-13252
4918
-5068
-2834
-11236
-3367
-9200
4079
-14300
4857
-10196
487
-7152
-1771
-4092
8714
-3008
5879
-11232
-9770
3116
-3827
-7140
534
-15300
-6643
-15308
10221
-16304
-8185
-5084
3356
-9168
-768
-7104
3601
6160
2563
-7140
-8736
-11212
-13018
-10212
-3845
-9196
2284
-12280
761
-6076
7125
-8184
5881
-12248
-9438
-7148
7186
-2008
4639
-11212
-1014
-3020
1268
-9164
5885
-15300
3866
-8188
-4606
-16376
-10520
-10236
-741
-2832
-11473
-3052
3569
-4076
4604
2096
5107
-14288
5396
-5092
1303
-14332
-10
-4048
1824
-13264
-6400
-1992
6174
-4076
-748
-14300
2827
-15340
8454
-3036
-1796
-6136
-1771
-13304
5107
-11220
3827
-7152
-2309
-11228
-14868
-19404
-4589
-9196
-7172
-10180
-3850
-13280
257
-17396
-8683
-17372
3281
-2032
3112
-3064
-6385
-17344
272
-6120
-6405
5156
3054
-11212
-11792
6160
2335
56
-6158
-12228
-7171
-4076
9977
-2020
-724
-8132
-22
-6132
-9721
-1796
6158
-6116
-5627
-6088
2557
-2864
-221
-7120
-11304
2296
6397
-7956
-5849
-5112
-3842
-772
-6403
-15308
-285
-9180
5866
-8972
-1524
1276
1803
-11224
-280
-7120
-8446
1036
-2328
-2020
-5120
-8972
-3855
-6092
-4333
-9212
11214
-7124
-6135
-3064
-2820
-1000
2816
-4096
1018
-1008
2559
-9204
2823
-2040
-261
-7120
10493
-14300
1034
3320
-2045
-10232
-7457
-6104
-7925
-2020
-4875
-10236
2845
-5104
5659
-19416
-6908
-992
476
5164
-1799
15372
531
-9988
-6145
-10192
-6643
-12236
5369
-10208
-5633
-11024
-4912
-15328
-9744
-10012
-261
-11264
-772
-11260
1032
-5076
4352
-1000
-1572
-6104
240
1272
-2298
-13296
-8437
-5096
-7223
-4080
5914
-6124
4584
-3048
-9206
-2000
2057
-1976
737
-5112
-5013
-2000
5635
12
9746
-3048
-4862
-7144
8729
-2036
8955
-9192
-1508
20
2290
-13300
1065
-3056
7190
-4032
-2281
-5104
-7190
-16352
3870
-8980
4605
-988
-9986
-8156
16651
-8180
513
2092
3072
-14332
-1300
1040
3831
52
-2529
-8120
15866
-8152
12751
-5088
3571
-4068
1236
-5088
-3354
-13072
3383
-8176
245
-13268
-1822
-8184
-6947
-7140
-3820
-6080
-3353
-10220
2835
-4076
1278
-3048
-5366
-7168
-538
-6116
6398
-5092
2822
6172
-5589
-17368
8737
1036
-4368
-7148
-4611
-3048
6111
-12288
4883
-7132
-2019
-9180
-275
-4068
-9735
-10200
-17
-7140
4104
4124
11525
-5092
7187
-14092
-1531
2084
-3107
-7112
5128
-5892
2318
-4072
-4894
-11248
3034
2080
1287
-6096
-8437
-6124
6123
4
-6923
-6112
-5604
-7152
-5400
-17384
-11799
-7156
-1802
0
-5903
-5088
-4886
1064
1505
-12240
-2812
-8164
-3822
3320
-2562
-10228
3073
-16368
10
-22248
-6150
-16332
-2314
-4036
2308
-18416
10001
-10192
-5911
-12256
1
-6924
4606
-4080
-3335
-14296
1052
32
2560
-2012
7182
-12284
5166
-2020
6697
2084
-13463
-10200
8717
-9212
1555
-4076
-6130
-11236
1301
-17372
8711
-7116
-1011
1072
-1265
-14092
4592
-7132
-5369
-13272
5907
2060
-5602
-5904
3363
-8168
-6647
-10192
292
-7124
5661
-11232
8678
2272
-2298
-20448
1292
-16380
6123
-7120
-1520
-4044
1741
-3008
-1804
-11248
-14338
32
-782
-10192
263
16
3850
-12040
6655
-14312
5646
-8144
1799
-4088
-8134
-7160
-6686
-3072
5403
-11212
-3069
-9188
7673
-6092
-1557
-8964
244
-11220
2545
-5892
7459
-11240
-1794
-4032
-1282
-15348
5891
-7144
3863
-5072
-1291
-8140
-4844
-9164
1306
-980
4350
-11260
-1788
-21480
2533
-5108
5401
-15344
-11809
-9204
4812
1056
524
-4064
6646
-18192
-5350
2084
6139
3104
-771
-10196
-1275
-2000
5930
-4060
-9989
8200
-4340
-9148
-2049
-4888
8671
-5108
-1804
48
8441
-4036
2075
-24304
1845
-4068
767
-9164
5640
-5100
2569
-25296
1248
-8132
754
-15308
-7408
-3848
-21
-4084
-2297
-2008
-9462
-8176
3067
-3044
1809
-5116
-4842
20
-753
-8188
-12012
6184
-1549
-6140
-4618
-10204
1328
-12256
4596
-9168
-1793
-4052
7687
-9200
-4872
5132
-18
-21460
-4333
-16336
-1015
8
-1272
-6920
3339
-8156
6647
-14272
-2585
-9196
5893
-13244
-4904
-3008
-7204
-10224
981
12316
-5409
5172
-4915
-2048
559
4320
2568
-10212
-3052
-4068
-1826
-18432
1818
-2028
-11510
-2032
5118
-10188
1042
-9216
-3572
-8152
11006
-15328
5384
-9164
-2063
-7168
-5639
-11264
3605
-12272
-2341
-18356
-8189
-9992
-1826
-988
-4358
-11028
1060
-8968
2807
-8180
-1555
-14268
1239
-13076
-9712
-5104
7380
-9216
3575
-8968
6909
-9992
-3859
-2848
-4322
-14320
1005
-10212
2051
-11212
-764
-12240
-1066
-10236
8703
-5048
-5855
-11236
1255
1044
-537
-3016
-3838
-12248
-4106
-13276
-2820
-6116
-5362
-13284
-1778
-12036
7437
-8180
1811
-13272
5843
-5108
-7937
-7124
-1554
-7116
4644
-8192
-9675
-3844
-1260
-12256
8186
-13308
293
-12248
-3121
-5084
-281
-7148
4329
-10236
7379
-5920
-10762
1032
516
1076
-49
-9176
9208
