-5060
5145
-5072
-9232
-2028
1010
-9156
-2562
-9168
5094
-988
1540
-6940
-3579
2056
-1824
-17344
279
-9148
4095
-14308
-6683
-3056
4113
-4068
6122
-3040
3092
-4080
-6131
-15320
1290
-3036
490
-2000
14565
-15324
763
-6916
-1298
-10196
1269
-9216
-13
-996
7460
-1008
2568
-11252
6869
-8964
1038
-17392
-2535
-4080
9494
-11192
-3802
-4080
4584
-11208
-3107
-6144
-4354
-12244
8670
32
4619
-14276
1794
-1004
7163
-11260
-779
-3016
-2583
-4044
517
-5112
4895
-15324
-3
-988
5096
-11244
778
-15340
1040
-9212
1274
-7160
6879
-13244
3810
-11224
-1524
-2024
2336
-11228
-764
-16360
5092
-11204
4636
-14308
-2052
-12264
-5626
-11212
1827
-3064
255
-10180
7162
-9180
6173
-11236
288
-7096
251
-10176
-3585
-7120
-7690
-6132
1037
-10232
-1021
-7128
-5630
-5080
-7638
-16352
3057
-3024
-8465
-2016
2309
-12228
1036
-6088
-785
-11236
5866
-6116
-8189
-13064
-5127
-5088
295
-5084
-2523
-5056
-3348
-11212
2840
-20472
23
-10208
-5390
-19204
-740
-956
3297
-3048
-2059
3116
-1030
-20448
-1545
8
-7163
-11240
4098
-15348
9702
-6112
-3065
-15116
-4841
-3060
-5389
-5116
7455
-15320
4089
-5112
-5639
-14312
12792
-9176
3
-10212
-4374
3072
-3589
-10164
-5659
-12256
-1288
-3064
6907
-18392
-757
24
-3581
-16304
2057
-984
8471
-10208
550
-10180
1750
-11248
7951
-2004
-6374
-4068
9711
-3000
10480
-8972
-10489
-11224
5910
-17156
-3578
-7160
3042
-6144
-3052
-10192
2573
-9168
-3339
-6136
-3037
-5112
-2319
-11161
2328
-16324
-3867
-13272
2315
-7128
-4622
-20232
1795
-3032
-4598
-10176
-2554
-1016
-10469
-10200
-7921
-15312
1
-3020
-4119
-9184
-250
-8152
-4894
-11028
3050
44
-9708
3124
-4649
-12232
6419
-2028
-8442
-8128
-7156
-2012
8210
-7108
8711
-11208
7148
-8160
1330
-8176
4579
-8140
-3590
-8168
-9703
-8964
-5139
-10200
-5887
-9180
-2551
-2016
8431
-5120
-761
1060
3343
-5104
12520
-13284
-2559
-1800
-4864
-2000
2042
-6920
-2806
32
244
-10232
3047
1024
2072
-13288
4097
4
1024
-4060
6397
-16344
-5373
-7148
4124
-7116
-1798
-2012
2060
-11232
-1283
-14308
4865
-7140
4107
-4076
-10746
-11260
-8699
-1996
10253
-6092
-5101
-9996
4107
-5092
-2807
-16356
2026
-9148
-1026
-19400
7164
-988
-7
-15328
3538
-13272
2552
-4040
-563
-9196
-234
-13292
2808
-13256
-1503
-7940
10259
-16344
-1550
-14300
-7462
-10232
4613
-1816
-2824
1052
-2046
-7136
-7160
-9180
5622
-8168
-2315
-8128
6921
-10208
-12318
-8152
-2558
-10160
-11548
-11224
-1780
-8164
7167
-19416
-3351
-6944
-8237
-7140
743
-6140
-1762
-12240
-2525
-7148
-4106
-4056
-2054
-3040
-1497
1044
3320
-13244
-253
-13280
526
-9172
9250
-9200
1251
-6104
-10493
-5908
4118
-11240
4390
-24288
3825
-16324
-2554
-19404
-1794
-1964
3605
-14304
1793
12
3579
-7092
-7169
-5088
-2824
-14292
-2578
-17408
9194
-6116
-9207
-4064
-4062
-8148
1248
2048
-770
-15344
5125
-3892
1011
-10228
2031
-5080
8198
-15300
1557
-6092
-2043
7224
7950
-11216
11766
-5064
-2795
-3036
2318
-7136
-1808
-12036
8216
-7148
4113
-17364
-3354
-17388
-7402
-6112
-4637
-8184
3078
-5056
-9496
-13296
767
-12248
7981
-18364
4349
-12208
9212
-10204
496
-1000
6646
-22244
2283
-8140
3607
-11248
6194
-11204
-2294
-2032
-2579
-11232
7163
-2028
-5627
-10220
6406
-3060
11520
-1000
-10516
-996
4835
-1024
7143
-5120
-13838
-11012
-4889
3120
1028
2064
9737
1092
-1557
-10236
7412
-5048
-8180
-10228
3047
2088
2846
-13296
5904
-2044
2850
1092
-1065
-18180
-8459
-4088
-13787
-15340
7197
-1804
-5091
-4068
14088
-2028
9738
-2004
-3012
-4076
-3051
4112
4348
-9204
3051
-12260
4871
8
-4371
-11236
5118
-13264
-533
-13280
-6613
-3060
34
-8164
1019
-19416
-3841
-18380
268
52
-2558
-5088
14120
-10184
-1791
-13284
5650
1052
740
-6108
-7416
-9156
10749
-12236
-2032
-19428
-532
-7092
2018
-11264
-8707
-3060
4897
-18400
2817
-2028
1302
-7132
3359
-18404
-3317
-5084
4586
-14312
1025
-10200
-2564
-10228
-2548
-13236
-2289
-5056
-1006
-13260
3873
-6076
6676
-18400
6910
-988
1073
-2040
482
-19440
6634
-4068
2299
-7104
-2795
-10236
-1026
-17376
2295
2064
-1276
-6100
-1767
-9160
-3570
-16308
4366
-5096
1516
-17392
-1787
4148
-7452
-10184
2280
-6916
-7895
-13292
5608
-2028
4627
7200
-10492
-5092
-480
-16368
2840
-4876
-8965
-776
6632
-10192
-4104
-17376
-4850
-12272
-2280
-9164
3316
-14292
6635
-14304
2836
-6104
-4100
-9152
-4347
-8120
-5383
-12244
-2040
-10212
-787
-11220
-4087
-16332
2046
-2044
4092
-11188
-7927
-11236
14069
-4024
-18475
-6120
13
-6132
-13084
-8184
2302
-1008
3321
-14284
8954
-5104
-4095
-16348
-8195
-972
-4881
-7136
-3291
-4032
1518
-14296
6647
-15340
-250
-13272
10753
-13280
6363
-18392
11804
-17376
-8
-952
2575
-5088
5634
-10208
-763
-10196
-7443
-13272
-795
-6916
10525
-14104
5659
-5100
-4075
-10204
5876
24
7401
-980
5643
-12268
-8401
-2044
2568
-6092
1779
-13272
-4102
3088
5407
-7164
-1521
-8152
-12527
40
1016
-2024
-8732
-8972
5638
-6112
-6647
-11204
-2056
-15344
2819
-6932
-5620
-3868
-4118
-10180
-5426
-2032
-3848
-7152
-7699
-1796
474
-5060
5124
-6080
-7206
-16328
-7153
1084
-774
-2036
-1573
-12232
-8469
-10212
-3863
-13280
-1049
-6116
-5371
-19416
-4072
-14304
2303
-10220
4904
-14300
-2835
-7144
1783
-20412
-1008
-7160
14340
-3032
-11539
-8136
4361
-6120
2561
-4068
23923
-1020
3357
-2020
-521
-6128
11010
-8160
-8215
-19444
1047
-7116
3317
-2016
1033
-12224
-2025
-15332
6938
-17340
2335
-7120
11775
-16352
-3093
-11244
-503
-10212
-1533
-7112
-11514
-7132
9759
-13272
-2791
-15352
-2569
-9196
491
-8152
549
-4024
-8241
-9148
2811
7192
4606
-9208
5433
-18420
-11284
-9176
13328
-12256
9474
-16360
16425
-6104
5641
-8144
7939
-11200
-5885
-7148
-17
-5092
-489
-12248
-1283
-6076
-7921
-13284
-4328
-10196
-7212
-12228
-1524
-10200
-1812
-12216
-4814
-12276
-7714
-9160
-9447
-12288
-3340
-8184
-2534
-12256
4592
-10208
2580
-13300
-1281
-9204
4087
-9136
-1540
-15296
-761
-13300
-2078
-12232
-4586
-10188
5119
-7100
4075
-6108
-999
-10200
2819
-10200
4357
-17340
-3833
-2004
2589
-10196
-2022
-10212
-3086
-16348
1019
-6084
4109
-4052
-9755
-13240
3554
-16360
3591
-6080
-11501
-7128
-1538
-10000
-1546
-2032
-1334
-17321
-7952
-8148
2078
-11260
1023
-22252
4075
-14292
2050
-9176
-4103
-6128
-5113
-14336
1505
-3040
-6880
-10196
-509
-968
-4579
-14308
2280
3112
-7915
-8168
-5113
-19428
2026
-11192
-3829
-22252
-3525
-5084
11512
-8152
-2567
1060
-5374
-11208
1292
-4060
1018
-14312
1020
-8140
-11774
-21428
258
-14292
-501
-6124
9750
-5084
-4132
-12268
8209
4112
-8941
-8980
2575
-5092
-3304
-6116
12296
-9180
-5614
-8128
6933
-15308
3815
-9192
2833
-5100
6
-6116
3335
-6120
-5919
1028
5108
-13284
4352
-4068
10016
-10208
10990
-11216
1021
3112
-751
-12232
8477
-12236
-17
-9176
498
-9156
3296
-3032
-7920
-14296
1568
-8184
2341
-8156
3066
-8164
-1574
-1988
-4100
2092
6617
-10208
-519
-4080
-8225
-19440
23
-11188
224
-5108
4637
-996
-4867
-8152
11259
-13248
-5583
-5076
5122
-8156
-250
-4064
265
-9168
4588
-8176
2034
3072
-3341
-10228
-5356
-4052
2313
-11216
240
-15312
1799
-3052
3320
-13244
-8184
-5076
9464
-6924
2573
-10204
6145
-5092
-5101
-15332
6393
-18192
1544
-780
5631
-16144
5600
-11204
4139
-8124
-7696
-776
-9004
-4068
4311
-7164
2065
-11236
-1563
-8164
8483
-5904
1028
8
4853
-10184
8185
-9152
3602
-8976
16116
-13256
-8206
-9996
-6400
-15316
-258
-17352
-9463
-3072
1527
-14249
10513
-15352
-6917
-4872
1299
-13268
6421
-12244
-7652
56
2307
-12276
-4125
-15292
58
-17388
8471
-8112
-4620
-11252
-266
-4076
-5854
-9164
-5879
-11204
1277
-3064
-304
-15308
-4329
-13268
8961
-6136
4100
-12248
-2799
-13072
2566
-10228
4353
-3876
4359
-15316
-4864
-3068
1025
-3028
1053
-14280
4108
-7140
4848
-12236
-251
-11256
-3604
-5100
1814
-13264
3069
-2864
3829
-6100
3568
-10164
1823
-13260
1284
-12236
2565
-11016
-4596
-10220
3038
-19424
-6145
-4072
1813
-18400
-1271
-7096
231
-2996
5146
-24264
-5868
-13268
12811
-13256
8192
-8968
6658
-10212
2552
248
-4841
-6092
-11791
-8152
4109
-6916
8950
-11244
-7408
-6120
996
-4028
-3842
3104
-8156
16
3
-3012
247
-6084
-7173
4156
742
-2036
4843
-11220
4367
-4060
-2810
-12260
-2800
-4060
-1245
-14276
2276
-9180
-1240
-14292
6403
-9200
-5148
-10153
-762
-13304
2287
-8156
5907
-4040
542
-20456
8188
-10196
-4838
-1000
11
-8144
2031
-2044
-1027
-5076
4619
-9212
6402
-8152
-1313
-11248
3847
60
-8681
12
1002
-10224
-230
-11248
2318
1268
-4343
-14316
5399
244
10766
20
-5378
1052
-6394
-13272
1021
-8156
-4113
-15336
-3313
-14104
2046
-4068
3868
-18392
5128
-10220
1067
-6128
-1801
-5092
-2079
-10204
7942
20
-3314
-1992
6445
-3068
-4082
-10188
221
-24304
4601
-19428
-4345
-11212
775
1072
4626
-12284
-5154
-11220
-1773
-2028
2801
-14320
2805
-6916
6890
-3052
-33
-11220
15883
-12276
-974
-6112
-14814
-9164
-3326
-8144
247
48
-290
-6120
-758
-3056
-7441
-1992
-3344
-7120
507
-7120
6135
-15340
5119
-2000
9750
9216
-1788
-11232
8954
-19420
3082
28
4607
-8144
2617
-14292
7159
-18396
5117
5180
-3585
-3064
1844
-8140
4102
-988
2553
-10192
8467
-9988
-3324
-10212
4592
-2020
-6948
-7084
-6687
-13288
8205
-1004
-7187
-1012
3084
-11236
10485
-4084
-1553
-4052
3829
-13225
8959
1044
-2805
-6112
4593
-5108
11513
-17392
-9466
-8168
2839
-2008
1739
-14312
251
-984
3084
-1012
6154
-16360
5368
-12236
779
-18396
979
-5908
-1788
-13225
-13368
-5120
2568
-5116
3069
-7132
-7653
1084
-12039
-15320
-4613
-5896
5113
-16360
-22
1040
7437
-19412
-4566
-2040
3071
20
2037
-7128
5842
2056
493
-9160
14086
-19448
-4624
-7132
-4086
-12260
-4851
-6084
11536
-12228
-533
-8160
8925
-18372
-4639
-7156
4137
-3040
-2075
-11208
1521
-5056
9974
-9160
6721
-12260
-6924
-3012
-13294
-13280
2070
-14249
247
-9196
-511
-14312
10517
-17160
-4627
-2040
-6138
-7092
-5325
-5088
2830
-6092
2328
-4052
7881
-19396
-526
-22260
-4627
-3028
-7438
-10220
-1835
-7136
-5348
-6076
-10777
-11236
1569
-14332
1528
8224
-4623
-10228
-1550
-992
-3065
-9184
6142
-4064
1042
-9208
-3329
-15304
-3327
-4072
14862
-14312
1582
-7100
-755
-5108
5896
-5092
-4349
-4072
-6643
-7152
2009
-8152
-6369
-9148
-9486
-13292
2255
-5084
-7704
40
1759
-8160
7406
-5080
-3079
-5056
-1800
-7140
-2059
-10184
-6169
-7944
533
-13296
-5385
-5084
-1295
-7140
-5619
-11232
-2575
-14324
-970
32
2053
-10204
-3863
-3060
4869
-10188
9524
-7120
4063
4124
-4888
-4036
-10282
-2032
4317
-5076
-7703
-10228
-7422
-14324
5382
-16376
-5843
20
6918
-11240
12
-6096
-1271
-1020
-10780
-15340
1545
-3028
-3303
-17156
6638
-9988
6408
-11224
7927
-17360
5894
-12212
1250
-4068
-513
-8184
-3299
-11240
1039
-10228
-7
-3052
-7221
-15324
1264
-9140
6364
-988
-5099
-14304
3056
-12268
6108
6200
5095
-12272
-4120
-976
-4100
-14256
3295
-16360
-3065
-11240
-2815
-4076
6391
-9184
3850
-8180
5919
-16340
-1533
-9188
-5893
-5064
1745
-12236
-2079
-26324
7956
-1992
-2079
-9196
-5822
-12244
2060
-12256
3819
-6132
2042
-12224
1013
-9200
2558
-7120
1512
-972
-3847
-2828
-8208
-10176
-3593
-14280
-2801
-2016
2546
-3044
-2816
1076
-3350
1064
4868
-10228
-3070
-9200
-12307
-6132
2564
-15340
3062
-10220
-6406
-984
7686
-6104
8428
-22228
13321
-13292
527
-12036
3346
-8176
7692
-12036
-7932
-5048
12287
-12224
1527
-5120
-2575
1036
-2308
-14304
-3047
5340
-2790
-14312
-3350
1072
-3068
3132
-4085
-9192
9461
-14336
-7642
-13268
2040
-5892
-2073
-8160
-3322
-14280
-2567
-11224
11288
-6112
4863
-9988
544
-4064
-2
9240
-4342
-17368
-10258
-8184
8440
-14272
2818
-14328
-5399
-12268
-3577
1056
-4393
-6100
-548
2112
3576
-4876
-11537
-13280
-5109
-1008
-780
-992
5107
-7964
-1508
-9196
4625
-3060
4578
-4872
-2526
-5108
-1308
10276
3365
-5096
6673
-2028
-2553
-14096
14
-2004
-5906
-15340
3834
-5076
8760
1056
5632
-3060
8705
5124
6154
4104
-9195
-9192
-6935
-9164
-3833
-13288
1274
-18428
-7937
2292
489
40
-2564
-5100
3846
-3056
538
-7148
-3079
-14260
2825
-12240
-3578
-11224
1515
-964
-481
-8176
6902
-4080
-1550
-11256
-5369
1072
499
-13276
-1464
-10216
-2844
36
-5899
-6112
-8695
-12276
-2613
-8105
3837
-2016
4112
-9192
7659
-9140
-7457
28
5063
-988
-3838
-11240
-3294
-4888
-2568
-12256
-11473
3100
10474
-10228
-7172
-3008
-768
-5096
-3572
-10192
-4369
-13308
3808
-3056
766
-9212
2544
-6092
6143
-13300
-1053
-8160
-1559
-12256
-3299
-1976
7721
-11208
9961
-6144
466
-6088
2843
-9172
-20
-10216
834
-14304
2592
-3844
4634
5124
8920
-14284
3341
-2024
3307
-5120
2519
-8172
1272
-20440
9998
-8188
-8675
3096
258
2284
5913
-23220
9466
-14320
-6373
-5080
7439
-3052
-277
-1988
-1577
-13284
-6620
-18408
8174
-11216
-10
-3016
-3878
-4040
-1045
-13252
1537
-4080
-5641
-3048
6672
-8172
-3558
-11228
1557
-7148
-5900
-14296
-8196
-1004
12538
2068
7946
-10224
-10743
-8152
-2283
-4868
-1820
-9192
7950
-3056
-6936
-7104
3087
-8172
2309
-964
-2564
-13276
-4100
-3056
2290
-8085
-10990
-9188
6420
-11224
-1751
-4072
-10204
-3020
-1260
13320
-3045
-5092
-2318
-19448
-17384
-4044
1797
-6088
521
-1804
12296
-7156
-1769
-18388
-1007
-6124
9745
-3064
12791
-9192
556
-7144
487
-988
790
-12240
3613
40
3870
-8160
3833
-4092
-1002
-6124
4076
-6144
5117
-10188
-1014
3124
-5401
-14320
7662
-992
2333
-4088
1273
-7081
2532
-7156
-5859
-11016
-503
-13300
7934
-8140
8207
-12264
5095
-772
1275
-5088
-10999
-5112
1029
-12236
8174
-5092
-1791
-10220
224
-14308
-1561
-9212
-10713
-10188
-2330
-16364
-3860
-12260
-3582
-8188
-531
-8112
3344
-11256
1016
-12260
3578
-14308
523
-10184
1053
-18404
3570
2072
2047
-1000
-4615
-9164
-3581
-976
11301
-4092
-2798
-6088
4611
-4064
-3368
-7164
3863
-6124
6377
-14292
-6140
-13260
1271
-12244
-4882
-17404
-3858
1060
-11739
-6092
-4096
-7092
-4099
-3008
-1771
-7140
-8708
-15344
7711
-5092
6389
-952
735
-9184
3600
-972
-249
-8144
-766
-6120
-7943
-13268
8699
-5096
3360
-2016
3560
-11196
2064
-7136
-4838
-6920
-4899
-4052
-5901
-2020
-5367
-12256
5642
-2000
-790
-12236
-757
-4044
4851
2056
1809
-6088
8181
-10216
-5115
-13280
-2038
-10216
5882
-14304
-3335
-7944
-2566
1052
-4335
-18396
4078
-7144
-1267
-14296
8465
-8116
3090
-13292
-19515
48
-8712
-4048
-2557
-10216
-745
-2012
-2019
-7144
-2337
-11200
28410
-10216
-458
-10216
-1257
-3036
-5114
-4056
12032
-2824
-3331
-18376
-3880
2068
5602
-8188
-10520
-12256
-4633
-11248
4627
-20244
-5639
5140
8183
-11208
779
-12264
-3580
-10200
11276
-5112
1060
-1004
-2277
-5080
-9712
-12260
3869
-2028
2830
-10200
3346
-2828
-4611
-10224
287
-18400
3801
-6120
8736
-4076
-1483
-3032
4890
3116
2283
-16352
-2568
-14328
2561
-11232
-6364
-11260
11525
-17348
-1494
-6092
-8219
-12256
8698
-6092
-7436
-8168
-798
-7940
1296
-944
6903
-7116
-9508
-13264
-483
-14324
1262
7212
3869
-2024
4607
-7069
1545
-4092
-774
-11036
9247
-18428
-7202
-5088
2822
-3068
1762
-16364
-6611
1064
-1016
-5060
7938
-11220
-239
-3064
745
-4068
-1275
-13296
-11513
-12228
-7448
-17376
-5133
-8116
3355
-4064
5099
-10228
17
-10176
12
-14328
9961
-9208
-6146
-6108
-7395
-7152
4646
-15344
9440
-6132
-8433
-2028
-3582
1076
-1780
-6144
4613
-8156
-530
-13268
2550
-14320
6106
5168
-1805
-11016
1790
-5116
272
1028
5352
-13264
-11806
-10240
1571
-7120
9713
-12284
5125
-2028
-4069
-3024
-3358
1048
3842
6156
3851
-6112
8705
-7164
1015
-8168
-5915
-16372
2534
-7952
-4319
-4044
8433
-8128
-521
-12252
3874
-14312
15931
-3020
2858
-3068
3588
-18372
-1063
-7168
553
-6140
1262
2296
-1038
-16364
-247
-1020
13318
-3024
-1778
-19444
-9441
-9184
-1306
36
8498
-2020
-1773
-15328
-5377
-12036
-5646
-9180
5876
28
10977
-7116
-24792
-2012
14863
-5088
-3072
-12280
2844
-3072
6613
-8184
-10
-9156
-3544
-4872
-540
-3044
-1027
-8128
-3369
-8144
1821
-8120
-1042
-16360
-2587
-16356
757
-8164
10253
-4052
-4624
-12288
6407
1092
5896
-11212
-5116
-10212
-6932
-22028
3058
-10228
9472
-7148
4075
-8148
-10029
-9144
-3075
-11224
4329
-11232
-7178
-12244
-2578
-5088
-479
-12268
2033
4336
-275
-5092
-5111
-13260
-7438
-2012
5093
-2040
-6648
-12228
-2825
3084
2048
-1012
10222
-980
1818
-18364
4864
-16336
1022
8236
1812
-3032
-1029
-1020
7920
-3064
3329
3136
10527
-7148
7446
-5084
10478
-7108
-2033
-10232
-4340
-6116
6876
-11212
14095
-3032
-1041
-8184
4391
-10232
-1044
-8180
1511
-11252
-1306
2292
-4886
-9204
3080
-8964
-3092
-18420
-5119
-2820
5653
-5084
7116
-12224
-7426
-8168
5106
-12272
5899
-13296
4125
-11244
2559
-22220
2823
-8172
2563
-11228
-3127
-4060
-3868
-9164
812
-1984
-486
-3024
1541
2132
-746
-12264
271
-4064
-1546
-9196
-1823
-2820
3846
-10196
-4105
-11212
7701
-12244
-7164
-9168
778
-7944
2852
-19440
-3022
-7124
4600
-5928
-3869
72
-3821
-11012
244
-13292
-4339
-11020
3536
-8144
-1291
-10160
-2340
-16336
3054
-14268
2073
-12288
4905
44
2025
-10200
-8213
-10208
-4367
-7152
-3573
16
-11781
-13296
-1527
28
7384
-6920
771
3112
-43
-9204
5111
-19412
-6888
-5104
6430
-992
-3594
-13280
-6900
-2004
14592
-20472
1019
40
2049
-5044
-458
-992
-7165
-14308
222
-1012
-4076
-1996
7931
-16364
5083
3128
-4597
-8168
-3862
-4044
4832
-9196
776
-7136
2318
-17400
2285
-17396
1577
-10192
-2815
-5100
2571
-18416
-538
-5084
4111
-13276
-1773
-12256
4869
-14292
1264
-9168
2026
-19420
6946
-3024
-1028
-952
-2545
-6104
729
3088
-7933
-11240
37
-12268
-9702
60
495
-9144
-14433
-9208
-6365
-1024
2556
-5068
-6893
-12240
-3116
-5064
4885
-9212
-3333
-3032
7194
1028
-8161
-3060
3592
-11232
-4871
-7124
10186
240
-7631
-15336
4636
-8156
7397
-8120
-4599
1028
4860
-1012
1771
-9204
272
36
-2565
3120
972
-4036
-10491
-3040
3315
-19208
1794
-6132
7421
-5120
1055
-10188
-1534
-8192
-4357
-5084
2332
-6920
3044
-6120
761
-8132
-546
-12248
-2082
-11220
4618
-8156
3053
-7952
-1282
-17376
10234
-12272
-7402
-4084
-1273
-8144
5348
-11248
1284
-9184
1283
-2824
-3592
-8144
7896
-8128
-3328
-6128
5151
-14288
6372
-4064
10734
-3044
-3575
-5108
-5638
-20448
12797
-9164
-9963
-13292
-3065
-14292
5129
-7152
5115
3084
-4110
-5104
6401
-12276
-5157
-14272
5387
-4064
5918
-12224
-5125
-12284
2800
-9204
-5377
-4056
6132
-996
10500
-8168
-11767
-12252
-563
-1988
-4353
-11252
2036
-4060
8949
2120
3356
-13264
2789
1060
1264
-1004
17968
2072
6643
-17348
-8948
16
-4098
-9196
33
-13096
2048
-4064
-8449
-7120
5635
-19440
-3579
-6916
9736
-996
-3083
-8144
2045
-7948
2543
-16300
-6126
-8156
-5413
-12248
-4349
-776
-6151
-3068
-5836
-8992
3320
-8124
19417
-11252
-2253
-14260
-1275
12344
2287
-3036
1784
-9184
764
-12280
774
-6112
-2060
-12252
-6139
-7156
8903
-11256
-799
1276
-3565
1056
4
-1004
-2560
-15356
-3348
-8972
257
-776
-2074
-8160
7191
-5092
-4821
-8172
4601
-10200
-3572
3108
-3588
-14276
2075
-8164
-490
-10236
-778
-8176
-283
-780
-8710
-5108
2283
-4052
1042
-4084
-6926
-13312
7159
-2016
-9477
-13064
8200
-10220
2810
-4076
6648
-8964
-6927
-14292
-968
2060
-8985
-5108
-3303
-11228
-6155
-23260
-1267
-13256
6402
-12260
1521
-2012
5919
-1004
2828
-2004
1030
4116
-2794
-14084
-13294
-12244
13803
-4076
-1798
-6924
-2544
-6124
4068
-4084
-4335
-9196
3114
-8136
-5891
2092
1773
4144
5604
-3020
6126
-3016
-2078
-1008
-5893
-7084
2071
-13296
0
-4868
-7463
-5088
-13557
-10228
-1032
-3020
3543
-3044
5650
3308
-511
-5896
-471
-4092
-2057
-20468
-8492
-5108
-5902
-16348
7672
-6112
2561
-11248
-5120
-11220
-1047
-8144
3062
1268
3802
-7160
-7934
-10180
-3318
-16376
7969
-1004
492
-16132
2590
-15344
-1556
-22232
4607
-11200
5914
-6124
1516
-6092
-5667
3088
8150
-4080
-7703
-3844
5391
-2020
-2036
-2012
1533
-19456
-9248
-6096
1291
-1996
-12012
-5080
3859
-4096
18
-22208
1264
-6104
-1536
-4076
4626
-18396
-9200
-9176
8194
-6116
-3089
-6120
-10003
-772
-9231
-16332
-530
-16308
3589
-996
-6407
-8152
-2314
244
17
-19420
-4103
-7144
6655
32
245
-8132
4103
-6120
-1802
-4092
8693
2080
-788
2100
-4860
-11240
-3099
-7136
760
-5092
-22
-10240
7168
-3036
5646
-5112
-6410
-11216
3312
-7152
-1013
-7144
-7169
-7128
-8449
-3012
2572
-14245
-5827
5140
2779
-16380
2787
-1000
3097
-2028
2557
-1020
10253
-12244
-5365
-15324
-515
2108
-6154
-937
10739
-10220
-1289
-13292
-3592
-12248
-1502
-5896
-9263
-8152
-1010
-11256
6625
-13280
-8192
-6120
6152
5140
-1307
-7140
-1770
-3036
-1570
-8172
-6134
-6128
12806
-6128
3311
-12240
13810
-4868
258
-4060
4368
-15352
6866
-5088
737
-20464
-801
-9988
5079
-7120
4600
-7128
-6117
-16176
4638
-7160
4873
-14332
2321
-2032
3604
-5088
-3816
-13300
754
-8160
3824
-1004
-9482
-11240
1762
-12236
-6158
-2000
3118
-9184
-3824
-992
2295
-11016
-2310
-6104
-6647
3084
-6640
-14320
7433
-10204
-6411
-2820
-2835
-13284
-1535
3120
-5894
-3040
11031
-12272
-1283
-9176
2302
-1016
-11515
-12272
-6681
-7136
-5097
-4092
-4568
-3052
2816
-3040
-8949
-2008
-2560
-5116
791
-9196
-250
60
6390
-8156
-1542
-5056
-2030
-5084
-1016
-7128
-1010
-4044
-13061
8
-2066
-7077
5390
-9156
2596
-5120
758
-6084
-2816
-3864
-221
-2004
4349
-5084
2816
36
745
-3040
-2294
-6084
1547
-8136
-7473
-5080
-4835
-4080
7407
-2824
5326
-12044
5631
-14308
3310
-12252
-9712
-8168
-7931
-4048
-5135
-9196
-4075
-7148
-6159
-10160
-3345
-9172
-7674
-6084
8680
-11184
-10524
-7140
-7431
-8176
4850
-1020
-3329
-12288
7407
-10196
7208
-7144
1065
-15108
-1540
-10000
-5634
-9156
6
-16360
8696
-6108
-1
-6108
-45
4
-1777
-13264
-1024
-7092
1497
-925
-8404
-14324
10759
-13260
6401
6188
6893
-16372
1828
32
513
-11228
-4076
-8184
3307
-10212
2578
1096
16101
3124
1541
-16136
4128
-16360
-5372
-4912
-10777
-11244
6426
-4080
-9986
32
3333
-10240
8704
-15336
3825
-4056
283
-7164
5615
-11232
8720
-5072
-3324
-7120
2041
-10212
-4329
-11212
-2247
3112
-7422
-14324
-4578
-15108
1272
3124
8444
-8120
5373
3100
-4838
-4092
1002
-18180
11258
1048
11026
-2036
-7171
6180
10242
-3016
2536
-6108
-1279
-7116
5894
-13280
-10999
-8152
3348
-10196
-3347
-16380
-7180
-15304
-4847
-9992
-2294
-4056
-27
-2016
258
-2020
2521
244
5109
-4060
-1518
-8176
5882
-996
1799
-12212
-528
-2008
-9201
-4096
-5626
-8156
-8455
-9200
-1552
4120
9998
-3848
2551
-7140
-5640
-8184
6880
-5100
779
20
12788
-6128
1264
-956
-1556
-3040
-7654
4144
-3339
-4024
-3327
-4052
517
-2016
6163
-14308
6943
-19396
3332
-13252
-2008
-8184
-2312
-6084
-5863
-4016
-6381
-8124
-7936
-7132
-2821
-4060
7128
-10216
3808
2076
-7656
-3048
-5163
2292
3563
-9176
-4096
-11236
3620
-4044
-1800
56
2590
-13288
8706
-5088
2795
-3848
-1287
-2000
-4601
-7124
-7950
-11252
14832
-7144
8197
2064
-307
-4076
-3320
-10232
-2027
-9196
5384
4160
4106
-6100
2799
-3064
-270
-6100
1073
-7140
-4093
-9180
-6909
-10240
-5644
-5120
4896
-12240
-207
-8120
-1551
-8176
-6149
-5092
5890
-16348
5099
-13268
-9474
-7124
1269
-18392
-2357
-10224
-6922
-4064
-1824
3096
-5091
5140
-1500
1080
1793
-4084
-6429
-8168
501
-9216
-1521
-5112
1510
-21488
3580
-8184
1042
-992
4863
-12260
5885
-17340
-4877
1276
1541
-11012
-5146
1072
-2278
-7140
-522
40
8431
-960
-6405
-4040
7420
-8184
1761
-1988
-3343
2088
-5629
-1996
-4882
-11228
4618
-14328
-6646
-11228
-2849
-4036
3354
-11248
9001
-12236
-4079
-3032
4619
-13284
2861
-11220
4378
-6120
-3322
-18392
1528
-15332
2550
-6120
9239
-16324
3113
-14096
-1294
-13292
-277
-992
5149
-16352
-3611
-5040
1792
52
7426
-4080
-2785
-6948
-4350
-9176
-3584
-14312
4608
-16360
285
-6092
-1810
-8156
4098
-8136
-2828
-4060
-754
-780
-2788
-18364
4339
-8184
9487
-3072
515
-14280
-4624
-5064
-1049
-5096
-4852
-6116
-3077
-7136
-10306
-3016
4120
-11260
-1779
-1996
7902
-11228
5406
-10192
-2831
-10208
-4396
-3044
1550
-7140
268
-5116
-773
-2832
-1544
-13264
8983
-17352
1055
-2012
11021
-6084
-5893
-5080
-2563
-12288
-524
-8164
265
-8132
1527
20
7663
6188
4865
4160
-1291
-12252
2030
-16360
9482
-8144
-7175
1072
-7705
1072
-5640
-2012
1812
-3036
4892
-3856
267
-3016
1032
-2032
2519
-8176
-2807
-984
2823
-980
3832
-9188
-3852
-15288
-2569
-6104
-1495
-7148
9946
1048
-8224
-7964
2563
-8148
7714
-8152
-4587
-12272
-2849
-11224
9976
248
-1571
-4072
-2530
-8156
1536
-17388
-6391
-3048
256
-14312
-9018
-2000
7157
2076
3570
-10216
2584
-11228
-5880
-2020
6117
-2044
-5869
-4064
3603
-3060
-6161
-10204
-3831
-3032
6403
-3044
796
-17340
-3351
-11248
-2802
-1000
7437
-8152
2572
-17352
-7678
-7144
-1039
-16348
-977
-8192
-1288
-7104
1289
-2016
-12277
-10208
7949
-2008
-1504
-11220
-3581
-10208
2029
3080
499
252
1527
-10200
13822
-5076
-3628
-5056
-508
-11220
-2071
-1800
-7650
-8152
242
-4080
-5926
-7140
-3593
-16344
-2057
-3844
6656
-3848
3114
2088
5613
-8192
-511
-3032
2817
-2016
-8638
1032
-1257
-14084
-7181
-6104
1042
-2024
1014
-6096
-7385
-9172
1049
-6116
1065
2112
-2060
-12232
-1783
-10212
-3059
-18420
3601
-992
-2573
-9204
-1018
-13276
-1532
-992
6909
2084
-2025
-8152
-6640
-4092
-3841
-6132
-14615
-3052
5090
-5108
-9983
9244
-212
-4088
-1065
-10228
-7177
