-9192
3062
-5120
-1801
1040
11766
-6092
-5626
-15352
-251
-11252
8209
-4092
-6410
-13252
2090
-8188
5066
-9212
7168
-14292
-2834
-9184
-13037
-4872
2807
16
9193
-20416
-252
-9184
-15367
-3048
1025
-10164
1766
3140
4829
-11184
-790
-5068
4646
-7120
548
-4064
2782
-8132
2040
-10184
-8660
-15308
1528
-12280
7702
-9168
-5884
-6053
4345
-11228
3843
2096
1822
-2832
2568
-1024
-7685
-5060
9220
-9172
-6423
4128
-8441
-7128
-9975
2068
-5374
-8176
-2262
-16297
6397
-4056
2275
-2004
-1543
-13064
-6626
-8148
-7456
-6092
-1275
-19448
9977
-14284
3111
-7144
1772
-16316
-4342
-5104
3081
-10180
-249
-16336
6916
-13240
781
-8116
-6085
-4052
7681
-5088
4065
-12268
-4079
-12288
-9206
28
-4330
-11240
-1326
3112
-4615
-3044
-7192
-2008
-1262
-11248
7924
-7116
1265
36
-3365
-1976
11007
-6092
-8710
2052
-6934
-11220
3066
-11212
3581
-5104
1240
-4076
-3341
-10240
-3054
-6057
-3317
-2032
-2797
-5080
6922
-17352
-6919
-5112
3050
4112
-1791
-3016
4876
-4076
2592
-3028
-8429
-10164
1039
-6112
1828
-13276
780
-16364
2583
-3028
-6184
-4048
-12055
-4088
-745
-5096
-6140
-13292
6173
-10200
9446
-5108
5634
-15352
1003
-5108
-3583
-13244
3271
1076
9268
-8184
-2059
-8148
6646
-8168
-1247
-12280
-985
-9164
2508
-6136
6699
-10212
-740
-9184
4848
-7140
4619
-972
-5136
-14332
-4357
-14324
-505
1064
6138
-11228
-10483
-11012
8971
-11228
-1528
-10216
-6903
-8156
-5117
-5088
242
-8188
-4592
1044
10194
-14312
-2804
1080
6899
-8160
-14307
-2020
1778
-5116
6445
-6124
4620
-6116
3820
-8976
1276
-5896
801
-8160
6650
-11224
-10494
-10224
-8438
1084
-1087
-6108
1059
-5060
1799
-6088
-1291
-17376
-6930
-13280
1562
-13272
3343
-11236
6946
-4080
-2601
-5076
-3
5160
3624
-13248
6894
-14328
-4593
3159
5634
-8164
-5912
-10192
-483
-16132
2793
-4040
8195
-12256
1539
3128
5123
-4076
-520
-10236
2
3316
3066
2064
3108
-9200
-774
-11212
-3348
-8144
4589
-16340
478
-16376
-4842
4104
-2268
-10212
512
-10208
759
-4076
6157
-8156
-11507
-2040
1562
-9208
471
32
-3036
-8184
-1544
-16352
10492
-992
-8999
7200
1
-996
-2540
-6104
6666
-4052
-1820
-2008
-8976
-17352
7665
-11260
249
3128
-2840
-9176
-7673
-8988
1280
-14308
6393
-7144
-10790
-4096
2029
-12276
1534
-8968
1526
-7944
-2780
-2820
-7988
-12248
-11536
-7136
-4610
-21432
6631
-4080
11268
1056
4085
-3040
-747
-14088
-498
-11236
6643
-4076
5389
-9184
6645
-7968
-7690
-1020
494
-16356
-2549
-3052
-3348
-7940
-5921
-3036
8213
-7096
8215
-6092
2614
-4056
-2570
5144
-6373
-15340
245
-8152
-14096
3112
2275
-7148
-2043
-11204
3589
-5060
769
1068
-5139
-13300
3296
-11236
-6662
-13264
2060
-16364
-12018
-11020
531
-15316
-3825
-5076
15136
32
-3849
-2820
-4075
-25336
-8471
-10188
776
-9196
-5124
-4080
-3588
-12248
8494
-18376
-2774
-9164
-3851
-19444
4615
1252
12283
32
-4553
-2012
2305
-17368
3305
16
1016
-5064
-1052
-3012
-1503
-10220
1804
-792
-1049
-9160
-4084
-9180
1275
-14084
-2037
-2048
-2307
2100
9728
-10220
-7431
-13292
-10223
-17404
2790
4104
3568
-12252
4573
-16336
6177
-4080
-514
-15344
7968
-8156
6662
-948
2284
-7160
6613
-15324
-5089
-8172
-15189
-20228
2535
-14280
-6145
-4088
2303
-8148
2297
-8172
2314
1060
-10500
-14328
-2046
-4080
-2332
-8168
-1526
-9192
3847
-8160
-254
-14296
-28
-4044
3841
-18184
2851
-16360
8189
-6092
3053
-8184
3551
-9212
8204
4
7936
3108
2078
-15304
1537
-2024
2548
-3040
-3095
-20432
-2317
-9992
6399
-5908
-4096
-5080
5616
-11248
3319
-9188
-5128
4120
-3306
-9196
-2566
-9160
-14050
-15288
9448
-16352
2255
56
2085
-960
1533
-5068
-3342
-18376
-5891
-6096
-2853
-13060
1511
-15356
-4602
20
3092
5144
5373
-12232
-1797
-16364
4360
-7164
489
-1816
-267
-7156
2530
-5076
-3831
3124
-5077
-4068
-5413
-18396
1798
-11232
296
-10192
-4334
-2040
-319
2088
-3320
-13300
-2302
-980
-2057
-984
-7725
-8140
-1030
-9172
275
-4868
3323
-7128
-7404
-20460
2032
1076
-1535
-7156
-7186
-5076
994
3124
-7422
-5056
1060
-11228
14371
-3012
-7388
7220
-2
1064
2844
-4068
-1539
-7128
10215
-5088
-736
-5068
-3873
-22252
-7912
3128
2777
-18416
4587
-6096
-9477
-6096
4357
-2024
-3059
-8972
4108
-15316
-2593
2088
-3070
-3020
-5614
-1984
236
4148
2306
1040
-2596
-8180
7409
-8136
-6915
-4064
-2045
-6088
-5146
-7160
8980
-4092
-1814
-7116
-8947
-6104
-4072
-11256
-3857
-20424
-5085
-12248
-6670
-12252
6423
-5068
10983
-7120
-4879
-16332
-2073
240
3580
-13300
277
1036
-2285
-13280
6632
-5100
-766
-3044
-8475
-17356
2309
3124
-771
-2032
-2046
-2044
2058
-8972
1775
28
-8410
-2004
-2838
-4068
3835
-8144
760
-16364
-14359
-1961
1293
6212
-10246
-14268
14304
-5096
-8683
-7116
4123
-2040
3341
-10212
-6633
-6112
7933
-11228
-3339
3092
-7693
-11228
-2317
-6132
-3557
-10220
6330
-3048
-2083
-5080
10225
-11232
2067
2088
2530
-11236
-2527
-9200
-2049
-8176
767
-12284
743
-1968
1312
-4876
7692
-3028
-2801
3088
2795
-9208
-5859
-10204
2057
-13068
4584
-1820
6183
-7160
-12299
-9172
-24
7224
1279
-14324
-3096
-10216
-9990
-2008
-13560
-11240
6423
-8152
2320
-10236
-2056
-8976
-5920
32
-4101
-15320
3318
-2008
7678
-4048
2336
-6940
-1765
-12288
-1788
-3864
-3869
-11244
-6972
-9192
-6393
-3036
-4585
-3056
507
-15336
4078
-11012
1292
-10220
2052
-6144
1023
-11196
476
-4064
7195
-14304
1279
-2996
-1817
-5092
2013
-3044
-5887
-13260
3031
-8156
-4644
-7152
-9998
-15308
-2574
-2020
-3582
-10188
-5878
-5908
-2314
2064
-249
-4064
4849
-10200
-1535
-11173
9977
-6084
-6180
-6120
-5384
-6124
7153
-3064
6152
-2004
-2069
-8976
-9719
-27376
-2043
-996
3792
-12264
-2012
-11216
10212
-7156
-760
-16356
3840
-12260
-8177
-10192
-5091
-3056
1269
2064
-3585
1256
-4360
-9168
3333
-13272
-9728
-3040
-754
-14245
-14334
-8964
-5929
-2028
3842
-10188
6171
-11236
2528
-15360
-8457
-20472
2577
-17388
-4598
-6144
-2
-7140
2350
-18408
6901
-4888
2044
-12268
-4388
-13280
3824
-980
-17648
-5068
8698
-11012
6408
-15300
-16
-12252
-4599
-7132
1784
-6104
4859
-2024
-10741
-10204
-771
-11236
5603
-19440
-1537
-10196
-3552
-5076
-3605
-11196
-2029
-5092
2033
8220
1772
-4068
3594
-5120
5103
-8144
-4878
-12276
-4604
-13084
747
-16340
-13545
-16344
-2556
-15280
1300
-15120
-2576
-6132
-513
-12252
-6392
-17388
4090
-13276
4356
-7164
4391
-792
5115
-14304
7896
-3040
-5104
-3040
1770
-7124
1226
-5052
16879
-16356
4607
-10184
-9224
-13300
-1061
-3024
-5159
-812
8220
-9992
8701
-6128
268
-10200
9487
-5088
7458
-10228
3595
-19416
9208
-4064
3607
-13312
-3117
-14272
-3080
-17376
-7676
-1012
-3578
-796
-4062
-2820
1303
-10208
-4591
-8160
7661
-12288
-556
-10200
-11268
-7100
-10768
3128
-1012
64
-6123
5160
1263
72
-1042
-7116
-7143
-8964
-6630
-4056
6128
-10220
5901
-5120
-10735
3124
506
-22252
8659
-11228
-8423
-2020
8439
-10204
752
-5100
-5618
-14300
778
2080
10508
-19404
-4577
-8120
-1783
-12244
-524
-4088
-535
-2024
-1289
-1992
-274
-11252
257
-11264
-1273
-8980
1004
-9192
6432
-5104
3339
-6108
3855
2084
-2531
-3028
6900
-4880
266
-5076
-1037
-7136
-1053
-8972
25
2068
-981
-4048
1292
-11012
1528
-9168
-3058
-8168
-10
-5076
-1260
-968
3624
-6092
-11260
-6124
7670
-19392
7719
-9192
4892
-7081
-7930
-1004
5113
-11240
4584
-4064
-2320
-1016
-998
-6928
3621
-9180
5116
56
2314
-5080
6345
-8164
-3544
-14308
-513
-10240
-11275
-4036
-6137
-9188
2040
-15316
-23
-3072
10500
-6088
5385
40
1013
-3060
-9451
-9160
-9467
-14300
9746
-4060
6919
-12232
-1819
-9188
1265
-6140
3318
-12236
5373
-19436
-2270
1048
6880
-14296
-5091
5372
-11500
-992
-2735
-8176
-23902
-988
14290
-12236
7455
-15348
1295
-8976
4127
-9184
8697
-8140
1562
-9204
1002
-11252
8688
-11244
510
-3056
771
-9176
-3077
-2032
6382
-9196
6653
-6088
-5362
-5100
286
-22236
3566
-11244
13799
-14092
-9950
-8152
4873
-9176
-1051
-10216
554
2100
11749
-12248
8682
-10192
-5912
-4024
-14
-5084
-11270
-10212
2025
-12268
-788
-5104
984
-3044
12005
-1856
-5658
-4072
11245
-2016
-9248
-3024
-2817
-7128
-1025
-17348
-7467
-10220
-2497
-7144
-4331
-7944
-3561
4116
-6
-11216
7187
-5096
-6380
-8144
6912
-4044
4619
-23268
-5
-6096
-2067
1068
-1002
-5896
240
-10212
2594
-11216
-3290
-2965
495
-3040
14083
-11240
-1507
-7140
-2313
-7124
3848
44
-12854
-12036
261
-5076
-11498
-2040
27
-4072
246
-6096
3083
-6916
-537
-5084
-1285
-7160
1765
-11224
2536
-17384
-21
-7140
-4604
-13288
18682
-11232
-5898
-10196
9489
-6104
-7215
-12236
2810
-10208
-7928
-6132
13852
2092
4338
-13284
2790
-12244
2580
-3048
-4384
2112
10754
-14264
-6391
-1020
2026
-7136
2797
-992
-7971
-8188
7443
-11204
-6886
3096
-1295
-6100
-1557
-10228
-4329
-13280
5618
-8152
-5918
1064
-247
-6136
3793
-11264
-1815
-1972
6159
-10176
1803
-3052
741
-6108
-6677
-4080
5076
-4068
2841
-3028
2799
-12264
-506
-8184
5343
-972
-3278
-7116
3584
-992
8416
-14296
-493
-11264
-273
-13292
-3845
-7140
-4116
-2032
-9213
-7116
1268
-3056
-2554
-11244
3059
-3040
540
-10240
3889
-10204
-2312
-3008
517
-6112
769
-3008
-8174
-14260
-4364
-8168
3352
-3060
8720
-3024
12529
12
-2520
-1800
4071
-784
-2580
-3044
-3362
-14324
-1789
-4052
-1539
-7152
-4653
-4088
-477
-9204
7143
-6140
-537
-1004
-6403
-8128
1832
-9172
11771
-4076
6442
-4076
505
-9160
1545
-6116
8204
-992
1809
-3068
9226
-8156
-1043
-7140
8476
16
2539
-13280
-14809
-13288
-2037
-9992
-9237
-9168
-4348
-3008
1786
-2004
2069
-988
2295
-9200
-1835
-8101
-3567
-2824
-4601
-7132
8426
-19416
-254
6160
-7422
-10208
-1326
-20448
-7414
-15292
-2099
-6128
756
-9176
284
-9200
9464
-5092
3058
-9200
8203
5172
-1549
-6108
4082
-3036
242
-8180
2785
-12260
-4359
-16348
2291
-11224
-4855
-13280
3584
-5104
-2319
-10220
-5666
-8160
-1526
3120
-2829
-2032
-1827
-2012
-2293
-7152
-3857
-9184
-5114
-1008
-798
-10216
497
-12252
-9467
-11016
-4350
-7128
-7673
-6088
775
7212
-4579
-10216
4869
-7140
9717
-12268
3845
1068
1818
-13304
1268
-17380
-11781
-14280
-12
1076
-3048
-13292
5386
-4064
3296
-6096
-505
-5068
-9459
-4040
-3358
12
998
40
1016
-976
-218
-15356
6928
48
-7161
6180
4865
-7128
5662
-9216
-25
-14308
-7697
-937
2292
-11248
4325
1044
-7669
2108
-1281
-7124
5099
-4068
10470
-7136
-5355
-9148
7147
-7960
-1782
-10236
-1271
-4048
10710
-976
-248
-18408
6382
-996
1036
12
2022
-10180
3375
28
-758
-14328
1770
-7156
2071
-9196
3273
-11192
300
-2008
-7673
-3020
8452
-9144
-12022
-11212
2799
-7144
-1549
26388
5674
-10232
3097
3088
-8203
-15340
4623
-9164
6921
-5084
9746
-988
1257
-7152
8917
-5076
-745
-15348
-4632
-8152
-6931
-8172
3077
-7128
5381
-17336
-285
-4868
2252
3096
-1295
-11208
-1794
-8164
3834
-12248
-5358
-12276
-750
-1000
-2812
-8164
2558
-10228
2079
-16352
7185
-14284
18
-13288
6641
-16328
4624
-7164
-4880
-13064
3832
-2000
-5350
-11180
-763
-19428
-3114
-8184
3301
-9188
-3537
-12268
4354
-10172
19
-8156
4588
2080
-2801
-976
-10748
-9196
16891
-5904
-1271
-7108
4376
-3028
277
-6120
-5884
-10224
-9468
-10176
-4602
-7148
2036
-13268
1781
-2040
-4600
-15296
-2520
2060
12278
-15360
1014
-3024
5360
-10000
6900
-1012
-5138
-17356
256
32
-2040
-7120
-13840
-16352
-1549
-5096
-8197
-2036
11774
-8148
-1520
-3012
-7155
-12216
2082
-9208
3075
-20440
7442
-3036
-4340
28
2782
-13276
-3553
-4072
-778
-18428
5914
-7128
-14044
-4080
3096
3132
-755
-5060
499
-15316
-1262
-10224
-10742
-14316
-3029
12
3019
-11232
-5351
-4048
3384
-13236
-3323
-2004
-2099
-3024
-2061
-10208
-3842
-9200
3088
-13308
3604
-15108
8953
-12272
-9449
-4868
792
-6136
-770
-11224
3858
-9184
-3051
4108
1046
-9208
8719
-7120
1289
-3012
10
-7168
784
-9196
5629
-12264
4090
-10224
-529
-13296
-2268
-11208
-1555
-4088
7930
-7956
-6118
-5088
1095
-10228
1501
-10240
500
1060
-15610
-11236
252
-2040
8702
-7168
230
-3040
-9520
44
1023
-9184
8452
-15348
979
-2044
-12812
-11228
8173
-9184
5127
-2036
4097
-13064
2793
-9196
1537
-16336
-6655
-15328
-4335
-11236
-2834
36
1
-3024
-8476
1028
7185
-6924
-4091
-3068
2319
-19428
-2343
-5080
-6112
-20444
751
-17340
3852
-6136
-3086
-16380
-2290
-11244
-264
-7124
7953
-21488
11522
-1816
6448
-4064
-2492
-3052
3328
-9216
2285
-5100
13289
1032
-13049
-2012
4593
-8136
-783
-6132
8466
-9196
3849
-8176
-253
-984
771
2064
9191
-4080
3593
-7128
1007
-11224
-11556
-6100
-2810
-4036
5128
-14292
-7119
-9188
9489
-10180
12563
-9184
-9504
-3056
3886
-11012
1996
-10192
503
-976
811
-14276
-2827
-9188
-9985
32
-2037
1060
3575
-14312
5866
-8172
-1055
-992
-5140
-19380
-4302
-17164
-3846
-17356
7714
-984
4347
-9212
9
-17384
-519
-7120
14
-16360
2334
-6120
-5347
-5076
-1778
-4072
7904
-9196
-2304
-3056
-2564
2064
8742
-13264
7924
-4024
-7931
-14312
3
-3056
29
-11216
-3379
-21456
2041
-5068
-8695
-6128
-13042
-2044
-4368
2064
4114
2048
8195
36
5650
1072
-248
-3052
3249
-9164
6136
-9204
-6132
-5104
1270
-22256
2845
-16336
5892
-13280
2046
-6112
3331
-1000
-9212
-8132
5865
-7144
6122
44
-1559
-20452
-3328
-10192
-250
-3008
2586
1040
-791
-4068
5376
-8188
-3875
-14292
5109
-3052
-3311
-14288
-4345
-1980
6147
-13236
-2057
-11192
3351
-7120
4070
-12268
-6428
-8164
12553
-7940
-4351
-7144
3052
-4872
13555
-19420
-6361
-15356
-4874
-7148
-38
-9176
538
-6108
2290
-11216
-7432
-16348
2264
-19420
2817
-6080
6679
-2028
-5902
-1984
-5394
-18400
-6686
-9180
-8184
-5068
3851
-8972
1240
-14312
-6398
-4072
-10252
-4060
1530
-7148
22538
-7136
9236
-10208
-5113
-6132
1755
-7148
4602
-15324
-5086
-1016
-1779
-3032
12544
-1000
-4627
-9216
1790
-9188
-2027
-4084
9222
-12284
-3038
-980
1763
-984
-6679
12
-1818
-10204
2840
-6112
3862
6164
3615
-3848
-11015
-6108
5431
-16368
1801
-11248
1291
-13268
-3592
-13060
1033
-19412
1544
20
-3871
-4076
1549
1024
-789
-16293
-5390
-5908
827
-10212
6118
-5092
-3041
-14292
-2586
-11264
2825
-10212
-4870
-11224
5933
-11240
2543
-10000
1028
-7168
12005
-9176
2280
-20480
-5091
4
-3839
-5084
6410
-5104
11279
-11177
2590
-7112
230
-1016
-10522
-9196
-11493
-8176
1281
-15348
3358
-10196
8718
-808
5635
-7104
3820
-16352
-492
-10200
3079
-4060
4627
-10208
-1026
40
-3075
-13264
3573
-2032
-7893
-18188
5924
-5112
2580
-14300
-4316
-3856
-6426
-5100
-4617
-13292
4350
-8168
-10774
-17364
-9438
-8168
7942
-7132
-2837
2296
-1531
-18404
2328
-6116
-1532
-9204
5108
-4092
-2330
-15324
-4834
-12252
6886
-7156
-5640
-9988
-7923
-2004
5393
-15324
-10767
-9196
1555
-8164
5133
-4052
-9711
-7148
5348
-6084
5641
-15320
5374
-7116
776
-14284
-5626
-976
476
-11224
6885
-20460
-6367
-8184
5873
-4080
784
32
8997
-12264
-5395
-6124
-2370
-3032
7674
-16348
3100
-6108
-5894
-11220
-274
8
1027
-27344
2041
-4072
-14321
-6060
9986
-15360
-1512
-5908
-3089
-11016
4041
-7156
1254
-6916
-229
-9200
1557
-7128
-7960
5247
-9940
-3056
5879
-7096
-3823
3116
8226
-4060
1804
-6104
-5877
-11220
1003
-11204
-2074
-6096
-3072
-9180
3561
-15344
6401
20
-779
-8172
-1566
2068
-3561
-14308
1514
-4076
-1276
-8192
5868
-10224
513
-4876
-15
4328
11492
-9172
2553
-2020
1818
-5104
-3593
-4096
-3054
-6096
-5149
-12248
-5866
-16372
-4093
-5076
3088
-4868
-1041
-6100
1528
-5072
6631
-11212
3331
-14272
-3575
-9156
3083
-15312
-11278
-10208
11279
-3052
-2305
-20440
286
-9180
7143
-8164
2021
-9196
-2012
-10228
2553
-16332
4587
-16312
-5845
-11244
-4632
-5104
-2033
-10172
-5897
-8140
-15074
-11260
504
252
1279
-11236
-255
-8160
4604
-1972
-489
-10196
2787
-14088
6373
-6120
5892
-11184
12562
-8152
2799
9244
-5385
-2020
3845
-10236
-4370
-8164
10236
44
1540
-4076
-2035
-13076
-1790
-4052
-236
-21436
3796
-8116
-26
-8180
-273
32
1296
-7096
2053
-5056
525
-4056
-4595
-9180
2046
-8156
-4081
-17360
-12799
-8180
4822
-7116
1555
-10228
-535
-7144
-4838
-10236
-508
-4088
795
-11260
7427
1052
3341
-13244
-6397
-14328
4874
-18412
1534
-5112
539
-8132
2041
-8132
-3282
-10224
7679
-12260
-5111
-7124
6651
-8144
-6654
-9176
-7171
-14300
-7192
-10164
-4374
-6108
785
-3012
-2825
-14316
10242
-4068
-7152
-5072
-8156
-8124
20478
-3060
-6163
-2036
2046
44
273
-6932
-3827
-5060
-1285
-17368
7132
-10220
3087
-8176
5637
-2020
-16683
-968
-5375
-11224
6151
-7112
2589
-5104
4605
-20444
7423
-10208
-1029
-14328
6938
-10236
17657
-9192
-6390
-8192
2053
-2048
6649
-11208
-4862
-11240
550
-4088
-1011
-6116
-4611
-6144
-2288
-6096
10250
-3056
-8952
-5096
1785
-13308
-4345
-14300
-3574
-17376
-1266
6192
3357
-10208
8705
-13264
-2596
-6120
-3054
-3044
5643
-16304
223
-10196
7456
-6916
-2034
-14320
-4869
-3024
-4125
5132
4298
-11212
3330
-7136
-4100
12
1041
-5048
2295
-3032
3062
-20444
-6134
6200
-12
-4084
-9206
-17400
4611
-20420
-4084
1032
1274
-19404
4342
-15344
-265
-24264
-4060
-2824
3600
-984
-530
-4076
2565
-20456
-3608
-5088
-4083
-7116
5673
-7116
-5117
-5100
5892
-6128
5389
-2000
10745
-12264
-6643
-13284
529
-9200
4323
-8160
7430
-6136
-1816
8444
-3595
24
-2294
1032
-9494
-3060
3873
-11208
1766
-3060
-8927
-9164
3079
-9192
2813
-7948
3841
-4088
-6150
3112
-4577
-5104
-503
-12256
-4088
-3048
-772
2300
4088
-3048
6405
-1008
6923
-18424
1525
-6104
-2279
-8188
1560
-9164
-6662
-3072
280
-12284
4870
-3048
9744
-2996
-8210
-16352
252
-6928
3090
-5088
-5627
-9176
-1283
-1980
29393
-996
-4908
-12044
-4620
-10220
2064
-2016
-4888
-13304
9983
-3844
1541
-8152
11540
-5104
3559
-10192
-245
32
-243
-12268
9
52
6910
-9184
-11551
-10220
-7706
-12244
-5124
-2024
1534
-12260
1278
-976
5342
-6116
-4089
-3036
15120
-7124
-2559
-8184
-5090
-14332
228
-11016
-5634
-18404
3308
-15116
1015
-9148
-215
-5076
-6679
-9172
752
2120
-1816
-9172
-6417
-8128
3365
-3012
495
-12256
-15076
-17368
-12294
-5108
1753
-14308
1021
-6136
-5118
-3028
-3087
-8148
-6678
-8144
-8723
-12040
5092
-14300
5891
-12264
7167
-9208
-1556
-5064
-3088
-10200
-5325
-12201
4376
-11224
-3084
-4872
238
-776
-2808
-8180
2023
-12236
2058
-16352
-5630
-5052
7181
-6136
1055
4100
8962
-4092
-7991
6192
-2045
-8188
-488
1260
6362
-12272
-1495
-7124
3562
-10184
-1233
-3868
2588
-4060
-4910
5152
-2
-6104
5647
4116
2592
-17392
-1332
-11264
-5140
-4072
3311
-8152
-1557
-4044
6924
-1996
-4579
2100
5112
-17372
-4370
-7124
6644
-13288
-2302
-4080
-1791
-13264
9230
-10192
-5649
-9172
-1546
4
9506
-3052
1775
-9172
-7169
-992
-790
-5104
1018
-2024
5399
28
-3042
-5116
-5128
-14308
-8973
-9192
12812
-14316
750
-15344
-3828
-7140
-4337
-6132
508
-1996
4328
-5108
6664
44
10017
-6920
-6113
3136
9461
-7148
-3821
-15340
10495
24
-2081
-1004
6418
8204
14888
-7164
-12279
-2040
6439
-10232
12281
-7148
-3309
-11224
12306
4344
-3572
-5900
-3847
-2040
12307
-11224
-2018
-12264
9747
-4032
-4844
-13288
2570
-7152
1498
-6096
26937
-6096
1559
-6132
-2862
-1988
11776
-5116
1062
-5080
4359
-5084
-2293
-7144
6390
-3048
4321
-1020
7426
-8172
-1521
-21460
2078
-4900
13551
-14268
-3068
-20456
-1564
-13252
5131
-10192
-4070
-16352
-2285
-9184
1789
-5092
11526
-12252
8200
52
-16
-14276
6870
-8136
-3541
-4092
-6392
-10224
-9962
-3028
3339
-24308
-7712
-10208
-6167
-14304
5138
-7104
-1035
-7120
1773
-2008
-2053
-2828
-260
2072
3055
-7140
-5390
-7152
1796
-6140
-5394
-7124
4086
-11244
-6365
-12264
7158
-5080
6409
-1004
13870
11300
4859
-23260
-1529
-16340
-2832
-2828
-3060
-5120
-539
-4060
2559
-9196
12516
-17364
-2014
-9192
-7685
-980
6182
-10208
-4612
-6132
4088
-11228
497
-2028
-4629
-7160
6402
-10204
-509
-10204
2046
-12256
-733
-7148
-5407
6208
505
-7148
6410
-11012
-1062
-7160
-2
-2016
-1813
-9148
769
2288
-5114
-3060
5886
-13284
5896
-7100
6159
-6124
4106
-7112
532
-5060
-5418
-6120
4103
-9192
-2352
-11024
-4887
-7128
-5851
-20448
-2312
-9184
7975
-4056
-4865
1040
2096
-8160
4322
-4080
2810
-7092
-6655
-13304
727
-929
-214
4
-3056
-9204
-2568
-20456
7917
-7948
2571
-10240
-9210
-15312
12
-5084
-499
-11224
3065
-12236
508
-8964
1562
-7140
-4638
-7132
-2286
0
7948
-5120
-778
-14237
-8487
-6120
-3324
-13288
2063
-6104
-10232
-11256
-1782
-8152
-4348
-11248
-3058
-9196
4357
-11224
-1292
-9208
4130
-8148
3055
-12224
-5650
-9188
4100
-2000
5896
-13268
4095
-10188
-5890
-14320
-2072
-11220
-7932
-10208
-3812
-8188
9483
1044
44
-7132
-5863
-12260
8971
-7940
3815
-11016
-4644
-15320
-7404
-12268
-8445
-2016
-8223
-8188
-769
3076
-2839
-3048
3591
-14300
2034
-2016
-3045
-11240
-768
-992
6155
-6096
-6642
-1996
-482
-5120
3839
-5068
-8729
-11244
9228
5132
1556
-3008
-1048
-15324
-3068
-7108
7374
-6041
4641
-7140
4380
-9988
7172
-7100
-5860
-20236
4588
-10212
1806
-10216
-2307
56
3821
-8164
1293
-2004
7441
-10228
4087
-17388
8200
-3024
3572
-4072
-6365
-3020
-7382
-10204
-1266
-8172
3570
-8152
5626
-11264
5638
-7156
1048
-7136
-1787
-7148
7161
-3064
4634
-6116
9254
2076
7452
-9164
9495
-5076
-5338
-19436
-3578
-17376
8202
-12224
2039
-3052
-1262
-8156
-13055
-8968
8725
-15328
5111
-13268
-1767
-8184
2310
-8172
-763
-9184
-1526
-8160
3304
-5120
5889
-15340
-1776
-8176
8448
-2020
-15093
-17356
3043
-7104
4076
-9192
-5623
-9988
2065
-5096
21
1072
-3856
-10200
-2531
-6112
12047
-11208
13057
-976
-715
-13292
-6878
-984
-5120
-3056
-485
-11228
-10228
-1008
4086
-7132
6180
-12252
-1029
-6124
-10006
-9180
-8916
-8188
-4143
-12252
2812
-8180
-2802
-10008
4118
-12280
3846
-2824
-3353
-9204
-8989
-10212
7940
-15324
8172
6156
-7418
-9212
7406
-7144
7944
-10208
-4085
-1004
2333
-8160
2811
-8156
5335
-4044
259
2080
-9980
3116
3841
6176
-6164
-8164
247
-1024
-5612
-3048
-2564
-15300
776
1048
1243
-9188
-5904
-15336
-10787
-5108
-10229
-12236
-757
-11020
-3563
-11012
15077
-3008
1280
-14264
3071
-17396
2535
-6924
-5626
-15312
-529
-10172
-2558
-1824
-11274
-8180
6654
-9192
-280
3104
-11548
-4084
2543
-2036
5849
-13304
6387
4136
-4860
-6144
-536
-8140
-4862
-12260
-6899
-5092
2302
-1000
-5886
-16356
6159
-7112
2327
-9176
10506
-7112
-16629
-4044
14580
-3024
-2308
-7132
-3064
-16360
3577
-5100
-3084
-5084
-6664
-8128
-8698
-15320
3065
-4060
5412
-10176
-2531
-6116
-7693
-6080
822
-9117
-2305
-11204
9186
-14328
-6425
-5088
-6363
-9144
5121
-12244
-7172
-5052
5617
-11244
5411
-9184
-6387
-6096
-9961
-10216
-7196
-8124
-4606
-4068
-6145
-11188
-5106
-968
-10236
-6088
6381
-8164
4049
-12260
-4362
-4084
5122
-13284
2802
2092
-1257
-10204
-1796
-9184
5625
-9184
3606
-5100
-2793
-7124
-520
-6120
4085
-4040
-10754
-5108
3103
-16356
7433
-5080
1788
-7136
-1556
-996
-4050
-1008
471
-4092
6113
-17400
3077
-20432
3342
-5100
-3068
-3040
8685
-984
34
-8144
7651
-7152
-4851
-19408
-5355
-9192
5620
-8144
-785
-9152
8961
-7144
-5139
-7132
-2566
-10236
4361
-14316
-6677
-7116
-5601
-4048
-3342
4096
-1511
-2820
2291
-5912
1538
-6108
9221
48
-9493
-9176
-8199
-2024
7400
-11244
-1539
-6088
2039
-12260
-4854
-4068
10000
-15344
-6430
-937
-1553
-21460
3846
-6100
-4358
-10204
3116
3092
-3594
-9184
-8717
-14312
8677
-8168
-1525
-10220
-17
-2016
4073
-4092
-2027
-7144
6419
-7144
-8925
-15332
-3088
-10232
6647
4132
4650
-6080
2809
-4040
-1018
-10192
-779
-12288
-1027
-14292
-7919
-8160
2072
-8184
3825
-15316
5149
-14320
260
-12280
5639
-17388
3844
-10196
-247
-12260
7177
-5108
-4093
-7140
3091
-13288
-5375
-792
-1312
-9208
4335
-7108
1547
-3060
8985
-16132
2841
2092
-5355
-14300
-4308
-21484
-3057
32
5629
-10228
-2564
-10188
-3820
-9208
1569
-6120
1004
-20456
-498
-14292
-2804
6152
14579
-11212
-1783
-3012
-2281
-17404
6160
-16360
8212
-19412
-2568
-10236
-5655
4140
3573
-5100
5897
-2008
1798
-21468
7396
-9152
3055
-12244
-1275
-16356
4609
-6920
-4638
-6124
6937
-11236
-998
-9204
-16
-5108
-744
-12040
-1313
-15320
2338
-6120
2017
-10232
-5133
-3020
12069
2296
3805
-9188
-6880
-10184
3114
-6108
-4863
-5076
-7452
-13272
15344
-980
5111
-14272
-7926
-10008
3317
-12248
5400
-17368
-6932
5188
-14341
252
-2367
5132
-3069
-11256
8494
6188
5120
-7092
-10479
-5044
236
-5064
559
-12280
7958
-1008
-4584
-14304
1797
-2012
8
-10216
4
-10224
5111
-6108
4083
-14276
-4370
28
-1277
-984
1276
3100
-7665
-4092
2038
-10216
5645
28
1052
-1008
473
7192
6897
3080
-8454
-13292
4868
-3036
-2060
-17164
-1002
-15352
-4364
-12260
-282
-8156
-787
-10216
-1784
-12268
5379
-988
-1823
-16340
-1541
-10184
1028
-3048
-1535
-6100
-3045
-6120
4885
-7136
3100
3108
2315
1272
4336
-9208
12771
-3036
510
-7152
9469
-13272
-1785
-14336
-8429
-12236
-5131
-8172
2822
-6116
-2551
-9196
-5362
-7124
4338
-12248
-1
-3056
11794
-17352
1292
-15340
2545
-2000
-1516
-992
-8743
72
8440
-9216
13062
12320
10510
-5080
-7148
-26116
9171
-11236
-9199
1072
13311
-6112
3645
-11184
10984
-12236
3328
-2024
-7674
-2004
-5115
-15332
4884
-3844
6423
-4044
1547
-948
6653
-2036
13548
-7144
4571
-2977
-6360
-12288
1264
-7108
-3848
-14312
562
-5104
8456
-992
-7207
-13312
4806
-12252
-2554
-7140
5402
