-7140
6138
-10232
5085
-1020
-9459
4344
2039
-17372
6382
-14284
-1520
-10232
-18
-4068
-24
-22264
12269
-14084
-6878
-6096
3822
-3012
-2294
-1796
4860
24
7165
-6096
10006
-3036
4080
-7124
-3353
-6060
-264
-19440
6093
-6120
6702
-15348
5874
-13296
-10508
-3032
-6388
-6128
7700
-9204
2317
-11224
4897
-19436
-5881
-2000
5394
-2000
-3842
-12248
11286
-2036
1536
-5096
3060
-5092
1304
-8136
1532
1076
5375
-5072
525
-4096
-240
1056
4615
-10236
-3077
-10212
3848
-6120
-779
-2032
1566
-28384
5110
-6092
2855
-7136
-496
-10220
10237
-12040
6673
-8180
7398
-1000
-1760
-8152
11517
-7132
-6111
-5084
540
-8188
1792
-9204
8945
-10184
4307
1276
-1022
-7144
3580
-19436
9
2088
5899
2060
3853
-9192
3364
-6116
1524
-8180
2027
-9184
-747
-7128
4859
-11220
-5131
-8968
3052
-5088
-7943
-12036
-6651
-11260
-1826
-3028
9491
2096
-2537
-14304
-8484
-9152
6921
-5900
6690
7208
5614
-10196
4351
-4080
-7916
-14296
3606
-18408
5879
-9196
-4326
-776
-4601
-7148
9203
-3004
2053
1064
8950
-3040
-6371
4120
4603
48
-10758
-12264
-2803
-776
5109
5136
3872
4116
752
2068
-1504
-8184
3342
-9996
-503
-5108
-6914
-5092
-7410
-7940
2539
-7160
-272
-3056
-1005
-4072
756
-5076
-5326
-5920
-6357
1040
-3846
-8132
3327
-4052
7457
-14320
-251
1052
3325
-1008
-1036
-5116
-1518
-3048
1491
1076
-1287
-9208
-1265
-12280
-501
-7104
-3637
-6112
6439
-984
7417
-15328
214
-10196
2567
-8964
209
-5048
-1801
-21500
-2566
-12232
5619
-14088
-1001
-15128
3842
7420
-5915
-8128
787
-10224
1776
-12272
-3602
-2004
18685
-8140
505
-8180
-3029
-5068
3332
-20476
-16404
-8188
-4319
4120
-1320
-4076
11499
-9196
-9728
-5064
-277
2088
-4837
9444
12281
-12224
-3342
2080
-12037
-9996
-3081
-7940
8941
-13272
4597
-7140
-5662
-4080
6663
-12264
1779
-5088
-7443
4100
6437
-17372
-4339
-12264
1047
-5056
-274
-12240
13820
-3060
2006
-6100
5639
-13308
-4348
-9196
2050
-9180
-5644
-10176
1032
-18432
1531
-8184
5651
-1000
12075
-1012
266
-3000
17
48
1784
-10204
-9224
2048
-515
-10232
-4856
-7152
1266
-14308
-2511
-20232
-11504
-7112
1810
-7160
-2310
-12268
-2563
-10172
4365
-4868
1785
-5080
3309
-7164
1510
-3032
8671
1060
-4857
-10192
2544
-7156
-3800
-6084
8695
9252
1275
-13296
-1014
-2032
-2284
-6128
-1790
-4052
4597
9224
-5851
-10192
-2823
-12276
3100
-14300
2767
-9172
-4617
3092
-3609
-8152
-1544
-2044
2541
-6128
4589
3096
2070
-7132
7670
-10208
3110
5360
-4652
-5088
-5369
-14296
12535
-9212
1778
2092
-249
-5088
-999
-11224
3839
-6084
2052
-12236
10745
-1012
3063
-5072
4110
1072
-1321
-7108
13
-6120
-2561
-776
2038
-6100
3113
248
-2022
-6144
3823
-5900
2321
-8168
-5093
-16360
-2066
-6112
-7187
-9168
772
-8140
-9450
-11020
-6125
-7940
7666
-9168
-1278
-16352
-1032
-10184
-2838
-3028
-776
-2008
-15603
-8156
5382
4124
4624
-988
-262
-15292
7185
-4064
-6132
-17388
1832
-18420
2551
4148
-2049
-8148
-3069
-15304
3599
-13280
2535
-7128
-778
-2820
-4071
1028
-2557
-15336
-3068
-4868
-1802
-4080
-1008
-10204
-2302
-7940
1565
-9208
-3077
-10192
-1014
-10196
-5918
-6136
7941
-4032
2569
-4036
2800
-3008
535
-9160
-4375
1044
273
-14296
-7692
-11204
-1023
-9168
-3600
-5080
-3583
-5088
-1531
-8176
3095
20
-7952
-4076
-5628
-2024
-4079
-9152
8702
-7100
-19
-5892
4618
-6136
-14141
-7148
-3559
-8120
7403
-14272
-11763
-11256
6414
-6140
-5173
-16344
2817
-980
-1244
-7128
5637
-5076
-5640
-6092
-5863
-8144
-6671
3076
5103
-18376
-9720
-5900
5373
-6088
-9956
5124
8997
-11196
4876
-4072
-1061
-25328
8441
-6104
-1801
-8132
3061
-12268
3821
4124
-1773
-8160
-5636
-11208
226
-8972
-1050
-12260
-6955
-7152
-745
-6096
6156
-6112
-1799
-2024
-8424
-8172
5606
-13256
-8211
-8156
2874
-6104
2307
-5068
-6613
-8124
6364
1056
-3328
-6932
1017
-11208
6685
-5096
3033
-972
-3841
-4088
-6902
-6140
-11009
-6100
-5131
-6124
-1274
-3056
18
-1820
22011
-2012
-490
-3056
1784
-4088
9708
-8156
-4620
-984
-7683
-14316
-7397
-11252
-763
-2008
277
-12232
2043
-8136
-5630
-10168
-6140
-8164
782
-6100
-10764
-9208
11516
244
-3035
4
-2278
-1824
-5402
-6928
-6424
32520
-1270
-11236
-5923
-6100
-4905
-12268
5128
-5088
3337
-4080
-1019
-4048
3355
-8180
-5880
-11012
535
-5116
5628
-1008
4858
-5052
1534
-7156
-6903
-13272
-2310
11296
7418
-5092
-1816
-4072
-3561
12
503
-6108
257
-10220
7412
-3060
2831
-9212
-5390
-8164
9759
-7164
-6103
-13264
-6379
-16348
-8456
-4060
6159
-4040
3065
-2048
-258
-10228
1016
-20476
4620
-6124
4607
-12220
-7711
-13276
12072
-4060
-3336
5156
3067
-20436
1764
-12248
-4850
4
1835
-9196
-3322
6144
12061
-10180
4594
-2020
9223
-1024
4867
-5084
-9986
-6144
-12324
-13272
4331
-4044
255
-3064
-1304
-4092
6889
-4052
-1554
-25320
794
-3032
-550
-5096
9973
-6100
-6667
-8168
-252
-8156
507
-5068
1786
-5092
-5146
-19416
-5381
-22240
265
-11236
-4885
-2044
763
-1796
-3298
-9204
-5652
-2828
-9185
-3040
-2536
-1800
242
-5104
-745
-8168
8213
-11216
-2052
-976
-3582
2088
4350
12
-4858
-3024
-2765
-4872
1259
-5080
-12539
7208
6114
-9180
-6149
-15324
-3875
-6100
-13309
-11256
9222
-16336
990
-11208
-3608
-1800
-3316
12
-9461
-15324
3807
-14296
2092
-7168
7421
-12044
15
-15324
1515
-4092
7193
-5040
-4308
-10188
-5409
-8168
-7453
-4072
-2288
-8140
6420
-2828
8151
-12036
-259
4140
4359
-7132
-6112
-18412
-2775
-12252
7945
-10172
-12023
-11208
-4118
-15332
-8224
-5060
-15030
4116
7151
-6124
-2308
-11224
-507
1272
-2321
-10228
8458
1088
2583
-5120
2275
-976
-7176
-13272
810
-10212
-29
-8148
2809
248
1018
-10220
8185
-11260
2804
-980
-8178
-5116
-9725
-9196
-5371
-2012
4089
-5120
-2793
-5100
287
3132
4108
7404
5356
-6144
-1519
-12224
-1292
6144
-5899
-5072
-4602
-2848
8722
40
-4067
-972
5624
1060
5890
-2044
-549
-5104
-2066
-9208
-3325
-976
2342
-12228
-2798
-4084
-3
-4072
-480
-5120
1279
-7116
2831
-10216
-5377
-8184
-2790
-15320
3583
-4092
781
-18404
-3079
-2036
9500
-10212
-3546
3084
-6172
-6920
3833
2068
-7416
2080
2828
-4080
-751
10240
1506
-5912
5640
-19436
524
-6136
763
-7940
3602
3076
-3075
-3072
3100
-2036
757
-4072
-3080
-13276
-1259
-4056
-1796
-4088
-745
-10188
-5392
-19428
5910
-6100
-3325
-8964
-1028
-5052
9465
-10232
4870
-7152
-3008
-8148
-2057
-3048
3078
-2020
-7168
-5080
7656
-13276
1557
-6088
-2324
-8176
-3622
-9200
37
-5092
4333
2080
-6425
-16376
2539
-988
8698
-6108
3333
3320
-1268
-4076
-2318
3076
-8456
-10196
4622
-11236
-14110
-6096
-3842
-8132
35
-1000
-8186
-11232
8947
3120
-4348
-10168
-3599
-13280
5366
-937
4888
-1004
-1785
-8192
-2550
-11196
-4625
-7164
5626
-12248
3069
-11232
-7145
-6140
-1247
-8148
6611
-12036
5648
-3064
-5382
-16384
-8966
-6120
-3806
-13288
7662
48
18411
-3040
8964
-1008
3619
-4892
2804
-7152
1563
-4088
-2311
-6112
-1276
-10200
-4875
-10236
-8730
-1800
-4390
-8168
-6115
-12244
12319
-3060
7665
-3028
6126
-11240
-796
-5080
-1289
-11216
261
-6084
-8971
-12036
-14
-9208
2034
44
-6442
-16356
-7913
-7164
-222
-7120
9983
-8184
-499
-8180
4094
-15316
-2549
-3012
-3805
-4040
-502
-7132
5119
-8164
-511
-4092
5095
-6916
-3597
-9200
-35
-5116
4393
-12276
-3809
-12252
5878
-7132
3627
-13300
-466
-4088
-3850
-2036
1318
-6096
8183
-7160
-4864
-9164
-8204
-12260
7677
-13300
-1007
-5096
-260
-11260
5631
-10220
276
-5076
-497
-3060
-5640
-8156
11253
1068
3021
-5120
-11779
-5900
7164
-3036
480
2088
-538
-9152
1039
2072
2589
-10216
6128
-11024
-1317
-11264
-8218
-17380
-4388
-8172
3579
-2036
5393
-6096
4368
-4088
-9966
-9996
-8446
-16348
5635
-9204
505
-12252
-1787
-9168
-7896
-13292
-3547
-12064
-3561
-2024
5402
-10216
-4351
-6120
4327
-14284
-3333
-2036
4089
-16328
779
-14092
-4864
-4084
-16150
-9216
-8983
5172
-2523
-8168
4854
-3036
-5360
1052
-4912
-1016
-7427
-5088
3838
-10184
-1570
-8184
-6649
-980
-2565
-10228
2310
-18392
-7671
-12248
460
-2000
544
-7100
1824
-13308
8442
-2040
295
-6132
-1778
-2988
-1048
-8176
-5132
-3848
4111
-17364
-12758
-16148
-4853
1024
-1551
-9164
-3594
-7073
-9496
-3056
-3859
-8184
6398
-6140
1515
-6112
-2319
-15332
-8204
7208
1547
2084
4634
1056
-1012
-1992
-3029
-4872
-5382
-14336
-5080
-10236
4362
-11224
10486
-4040
4879
-11256
-547
-6124
3333
-17364
5114
3112
-3294
-7160
740
1104
1253
-5088
-753
-14308
2299
-12044
-2266
-15316
-1794
-5116
7964
-12264
-3831
-13268
-1282
-13268
-2568
-9180
-3082
-940
-270
-2048
-5871
-5896
-4363
-4080
6122
-4044
10791
-5068
4860
-3844
-2046
-6112
783
-11012
-2813
-4072
10769
-3028
-3838
-4084
-202
-5076
7705
-9192
-243
-3028
4307
-8188
-721
6212
-3792
-11264
734
-9196
8425
-13288
-9992
-9168
759
-17380
-3332
40
1029
2292
-4392
-3048
3084
-4096
-775
-13276
5145
-5092
511
-11220
14095
-13300
-4626
-7148
2025
-4092
6612
-8140
-521
-13284
6686
-5088
4632
-6104
-1031
-4080
3832
-13288
-3083
-6108
-4589
-5076
2812
-19392
7442
-6124
1279
44
7443
-3032
-3562
32
-3565
-17380
5101
-10188
-12516
-15328
-238
-6112
5136
-8144
-4854
-1996
-11009
1060
5880
-11224
-4344
1080
6642
-3848
12307
-11252
750
5140
-3838
-988
517
-968
1302
-6132
-6610
-12272
-4370
-19448
-4878
-10200
7664
-5096
-6141
-5100
-8694
-15336
9201
-9204
-2294
-12244
3607
-3048
3834
4172
7656
-6064
-5385
-4048
276
-8152
7448
-13068
-1534
1060
1019
-11028
-1568
-9144
-3850
-13264
-9503
-7124
-1018
3124
-1546
1276
-2050
-3036
4365
-1000
4625
8
-1527
-10224
-4614
-17408
1790
-7152
5125
-3852
-755
-7144
-11214
-5112
-7918
-10216
1309
-2832
-13339
-20436
-3078
-7140
-3056
-14096
-774
-4084
-6699
1052
4143
-12284
4614
-980
11004
-1800
1012
-14316
-6398
-7164
2090
-13260
1292
-3056
3116
-3020
4602
-8152
3793
-12280
-7685
-12260
7686
-6116
-6188
-2836
5122
-4076
-271
-5080
5345
-5108
8182
-6084
-1
-8176
-511
-7112
8734
-2024
-547
-12236
1285
-5080
1510
3100
1822
-10212
-9547
-9188
-3322
36
2549
-18360
7932
-11032
-2606
-5088
25
1092
-10488
-5108
-765
-7960
-2343
-3040
6178
-6088
6389
-7132
-1542
-4872
-1256
-4056
6426
-6952
-4817
-1992
14087
-1004
-1524
1056
1020
1028
-3572
28
-6381
-8152
12296
-3028
-1793
-8120
512
-15304
5622
-13268
525
1048
1773
-17388
5913
-8148
7417
-8128
9460
2064
3821
-12036
2059
-7104
1290
8
215
-18380
-13577
9236
-6395
2288
-4869
-6136
3838
-5052
2088
8252
-1605
-4096
2562
-7144
-3606
4152
3840
-5084
-2807
-5076
-1301
-5100
1302
-5060
-1004
-13280
-6388
-14332
-6902
-7112
10272
-8172
-4580
-11232
-3316
1032
6682
-11180
-10255
-12260
-1782
-988
-7429
-6920
1258
-7140
-6146
-16336
-6410
-5084
-6877
-7132
1033
-20460
501
-5060
-3870
-7112
8690
-12248
8451
20
-506
-6100
11511
-9180
9256
-7100
4622
-3032
-6706
20
-5110
-4060
-4350
-5100
4100
-14296
-4654
-15324
-8699
-5096
-1809
-3004
-3344
-8968
-8956
-8188
-541
-5068
-5629
-16320
2332
-17368
-3808
-988
-6387
-10188
-2565
-7124
2871
-13308
1508
-9008
3834
-12252
-4378
-3024
-9228
-992
-5366
-12216
7182
-17348
2287
-10232
14867
-5092
-4370
5180
3610
-11248
1288
-1996
-9489
-13292
-252
-9188
-1248
-2048
2059
-8164
-7136
-10176
1233
-11240
2555
-4060
6632
-8176
-3582
-17380
16
-14316
-5346
-12260
-10011
236
-2818
-2020
2036
-18408
-1030
-7144
-6918
-13312
-9975
-7140
-22
-12264
5126
2076
-519
-4072
-3833
-7073
1526
-9208
-10461
-12240
789
-6112
532
-5052
-1055
-14320
3555
5144
5126
-12268
-3079
-14276
8442
-2020
1015
1084
5101
-13272
-1531
56
-5401
-8168
-7706
-14288
-6142
-10204
-716
-6128
7667
20
-3302
-4084
-3876
-19384
5861
-4052
5073
-11256
-3071
-2012
9736
-11012
1516
-9188
-1050
-7120
6373
-10224
-2576
-4096
-3112
-14312
-1071
-7100
1277
-8152
5372
-10164
-7923
-12284
2019
-9184
2040
-10216
3316
-8136
4806
-12236
-5866
-772
-529
-9192
-2839
-8160
2599
-6116
-13829
-5084
-783
-11224
2306
-13248
2793
-4056
-276
-7144
4615
3096
1030
-7128
2296
-9152
254
-6120
2299
-3028
-4555
-11216
1528
-11028
6403
-6124
1284
-12244
3625
-4052
2560
-14296
3055
-6916
2303
-4068
-2308
-15304
-4610
4152
8487
-8980
-5122
-7140
7391
-7116
-3318
-14300
-1535
-7096
-4139
-4032
-5342
-13276
276
-11208
2284
-11244
-2316
-12224
-5064
-4068
1040
2100
18401
-20436
-480
-12236
-3320
-7144
7396
-5052
4081
-6124
-11518
-980
6374
-12256
-263
-14336
-2819
4168
-5657
-9164
-2281
-13248
-2298
-9212
-1542
-11224
3809
1072
-4853
-13308
6133
-5096
6903
-12272
2050
-6144
-1243
252
-2265
-10212
4106
-12264
-10003
-8176
1014
-4076
-6476
-10220
10510
-1000
-5387
-7140
6640
-1004
3571
-9200
-3352
-6128
-4835
-16352
-2317
-2044
6184
-12240
-2058
-984
-2820
-3036
532
-3044
-304
-984
5411
-16360
-5643
-3028
7684
-7144
5916
-5072
-2578
-6120
777
-5096
12559
-5116
10765
-7160
-6149
-12272
-4605
1060
11763
-16140
-251
2076
-9940
-10204
1014
-3056
-4309
-8172
1526
-4052
1502
-6100
-3085
-15320
11528
-17360
-4357
-5112
-1567
-3044
-4570
-9168
6905
-21464
809
-14312
-2322
-5092
-4861
-11236
11000
-11232
-5136
-11212
-5908
-5072
7674
1072
-1776
-11248
-6105
-15360
11773
-4064
-4874
-10232
8691
3108
3318
-7132
5662
-9200
-5122
-9176
5357
3100
1045
-6120
6666
-15332
7951
-4088
-9986
-6120
2829
-4072
-2561
2052
-495
-9180
4920
-9192
-6909
-8140
-2796
-12260
1782
-21432
3626
-4096
2586
-11016
-3612
-12248
6633
36
2535
-8176
6624
-10216
-2003
-7148
4630
-11260
-1310
28
-2318
-8168
-1551
-5108
-3617
-4052
-11253
-8976
-1813
-16364
2803
-3044
-10790
28
-4857
2112
3102
-5092
1300
-980
-6367
-19428
2032
-4064
2034
1060
-12809
-4052
-1266
-14304
-3064
-5108
-3051
-11252
3344
-10240
3588
-10220
-3817
-7108
-5372
-4880
6888
-8168
509
-3036
2333
-12264
5670
-15136
8704
-4044
5874
-8160
-6388
-976
3094
-11232
10759
-10208
-3852
-12232
-3582
-14084
-1515
-11236
-8464
-4032
782
-7168
-1268
-9168
9975
-980
744
-992
3623
-13288
-15
-16372
-3099
-6916
6155
-17176
2534
40
7933
1056
-3572
-11228
740
-13280
-4894
-7128
525
-13232
3340
-13268
2825
-13280
-785
-13252
5652
-8156
2566
-19428
-1019
44
-742
-6132
-7932
-6060
16126
-4056
-1764
-14304
4585
-6140
-2069
-5108
1769
1036
-3342
-13296
228
-3060
-3806
-14300
3068
-1000
4565
-3032
9963
-13292
-10237
-15300
3301
-8160
1312
-12264
-2591
-16364
5856
4348
5647
-5100
1044
-9184
-4627
-15328
-2807
-11212
-4849
-6108
5170
5204
-1799
-4076
747
-6120
-4356
4
-1817
-3036
-6646
-7132
-3574
2088
4611
-3028
-8671
-6112
-2292
-12236
-9502
-6116
-260
-7144
540
-3044
-4059
-6112
-6
-8184
7167
-7136
-276
-19428
223
-2024
1508
-19444
4867
5136
-2063
-4876
-6126
2084
1556
-5080
-3307
-5072
-12039
4112
-1034
-10008
10483
-10208
3834
-2996
-4325
-8188
-5654
-5104
-12314
-10196
-10740
-19440
-9208
-10224
-801
-12264
-3537
-6108
-5113
-6112
7159
-7944
-4619
-12268
-7932
-10160
-9959
-11228
3309
-6100
-9972
-7128
6398
-6104
4104
2084
2834
-8172
4860
-2020
4369
-4052
-16622
-6064
990
-3008
-1823
-14280
4624
-7152
5662
-7152
-6161
-14308
-260
-4072
-3615
-5040
-5859
-5120
14047
-8156
6411
-8964
1527
-8968
1792
-16360
3584
-3044
285
-5100
2539
-5100
-30
-16376
-3839
-5072
12251
236
-2050
-12284
-14867
-9188
2339
-10208
-2808
-6112
2060
-5068
-4055
-780
3297
-12256
-3090
-14096
-5385
-13248
4868
6396
-780
-15348
4850
-16344
-2837
-10216
-2299
-12272
-1033
-11244
7682
-14225
-1010
-15108
-269
-7160
-1739
-13268
-1752
-5092
3046
-3016
-7167
-9168
2818
-5096
9496
-9160
-5366
4
7200
-10224
-9742
-5892
7910
-3844
-2499
-6112
2833
-19432
-4661
24
6147
-7160
-13855
-7136
-3855
-2020
-1784
-10240
6905
-6128
-3888
36
1260
-13072
-5414
-18420
6136
-7132
4325
-4036
-6703
4136
-3555
1064
-2530
-4068
6157
-3864
762
-9196
23
-4036
2076
-13292
-12048
-12276
5358
-17404
-5887
12
-6384
-4088
-1559
-984
2301
-4064
-1001
-15344
-2324
-2016
1769
1076
3849
-18412
1518
-6112
17666
-9204
-7171
-18384
2565
-6104
-6148
-9188
4860
-10216
9483
-13276
-1788
-9212
3571
-10212
5871
-2016
6132
-11264
-4340
-12272
3869
32
-2046
3308
6407
-8148
7899
-11220
-4844
-2032
1783
-16344
-7702
-11264
4628
-9992
3844
-8160
16642
-16297
2089
-4072
4326
-3068
-1788
-5104
-2586
5152
-4324
-1024
1000
2084
2819
-4084
-482
-10184
-12813
4128
5130
-7112
-6407
-8168
5391
-6080
5388
-6080
6144
-7132
-11542
12
532
-13240
4611
3092
4118
-8148
1288
5144
-4352
-5904
6389
-16368
6662
-10216
9431
-4036
4376
-6080
-523
3096
5336
-16324
257
-5100
-2814
-15340
-494
-6140
2797
-11220
7909
-13276
-2549
-12236
-9970
-9012
11014
-9184
-1025
2052
236
-7104
1809
-10220
-8172
-7124
6919
-10188
-3066
-9172
-4886
-2016
4091
-14324
-1045
-7116
2037
-7116
-6145
-18400
3073
-13288
15117
2080
12767
-4072
1542
-7948
776
-7108
1022
-9152
-237
-8156
3117
-3048
-3597
-7144
2575
-13084
-4098
-4052
11014
-9156
-1550
-2028
-4135
-18384
-2526
-16364
-2266
-14316
-5867
-10240
-4362
3104
-3333
-6084
8970
-9004
-8239
-4076
2809
-4048
30
-12252
-10225
-7136
5884
-5072
-6921
-9184
1556
-10208
2544
-12288
-4623
-10204
-1017
-16360
-4368
-1024
-768
-10216
11254
-8144
3797
3112
-4849
-6068
-10751
-3036
-5858
-10208
5353
-5088
-266
-15352
4837
-13232
1553
-3032
4868
-8164
11494
-11220
-3056
-948
8682
-13268
1292
-7164
-1566
-6096
2045
-7124
13811
-10204
3606
-15116
9439
-10220
-7158
-12248
-12292
-10204
999
-6108
2309
-4060
-4357
-11228
-6404
-8132
-2287
-992
-1783
-13296
4895
-14264
-3354
3120
3083
-6088
7958
-7148
-1316
-14300
4109
-5084
-3586
-10204
-4840
-13288
10268
-7940
-1538
52
-1585
-12256
-2019
-4060
780
-10200
2052
-5892
1794
-9992
3293
-3048
-2803
3320
-4338
-5060
1515
-6116
-6938
-6916
2041
-10168
-246
-4052
3280
-8148
5920
-4072
-5121
-12268
2819
-2048
-5886
-13260
3807
3108
4111
-11240
5348
-8172
4390
-2036
-3812
-6144
8977
-13288
-3564
-11228
755
-5080
-9445
-984
3840
-14296
-9489
-9180
792
-6120
-1524
-16340
4852
-7140
3854
-13240
-6292
-6116
-3089
-14304
1816
-12288
-4619
-17336
1003
-13076
-4322
-11020
-2550
-15348
-1284
-12264
-5392
-12240
-8684
-9168
-4101
-17384
2314
-13248
-5641
-12268
-2306
52
1017
-22216
-753
-3048
-3585
-5084
-9556
-10192
6136
-19456
-258
-13312
-1027
-7156
8717
-2016
-1791
-7116
10753
-16136
4100
-13260
9201
-16376
-4066
-9176
2565
-14260
2054
-20440
4091
-15328
-8171
-13280
4115
-8984
-6641
-10192
221
-5072
6132
-11200
236
-17372
-775
-11252
2
-2036
-1771
-3020
4895
-2000
-2812
-7136
-7432
-17364
1786
-10220
-2012
-5076
4855
-9188
-529
-4092
11007
-6080
-8699
-1004
1843
-20460
4856
-16328
768
4104
7190
-4040
-4073
0
251
-10212
5379
-9180
2842
-13240
-1506
2072
3056
-4048
10471
8
5384
-14320
-5613
-8188
514
3128
1775
-988
-8177
-4080
1526
-6104
-3081
-5084
5889
-7132
8429
-7132
-8702
-10172
-2556
-7120
-1789
-3016
3838
-19404
-1764
-8968
2801
-20420
-2574
-4060
5634
-3048
-8182
-14284
1037
3132
-1776
-6096
3590
-11216
-4850
-5092
-1785
1048
4572
-11256
1024
-1957
9749
-3016
2822
-11204
-1504
-5108
509
-15296
3596
-10188
-11261
-12268
6444
-12244
4364
-19432
9
-17372
-6351
-2032
3297
-12268
-1781
-13276
-5120
-8116
7147
-12240
-1798
-3048
6899
-14328
-13312
-4084
-6134
-13280
4590
-6116
-3568
-16324
6382
-4036
-2582
-10200
-10731
-12244
6898
-11232
-5608
-984
-1308
-6916
993
-5084
-6136
1060
-1011
-9148
-1019
-3036
-780
-9144
14336
-17156
7700
-4056
-3614
-5908
-2839
-5896
-2029
-14272
2575
-18420
-2022
-13296
-211
-22240
-4088
-8188
4105
-11252
-4328
-12232
-3075
-6076
1559
-1008
-525
-7081
2362
-5072
-766
3092
2814
-12056
3276
-3024
-14077
-10204
4887
-8120
-5908
-11208
1014
-2004
1029
240
-750
-8148
-9468
-12252
2575
-4064
3322
-5112
5901
-1000
-4374
-17384
16406
-2836
-2576
-2032
-5363
-11228
-2573
-7136
3034
-21468
-2522
-11256
2044
-10216
1803
-7140
-3551
-7136
2282
-15360
-1027
-6128
5387
-17380
-507
-15316
-5620
-5108
-768
-9172
3097
-2004
1036
-3052
-983
-3012
3085
-1004
4353
-11264
7168
-972
-4566
-7132
-5116
-6116
6932
-3052
-7678
-12276
-4362
-11228
7970
-12272
-3077
-21480
-2806
-4056
5105
-11236
-2802
-13288
8989
-2004
-1536
-3848
1016
-8188
1814
-1992
7176
-11028
5100
-988
8240
-9188
-3595
-7124
-2051
-976
1512
-11236
1548
-4068
3569
-11260
-9227
-6108
10235
-8128
6644
-11260
-1284
7192
-4331
-13268
-2542
16
4888
-9988
3568
-2020
2062
-8164
1280
-15304
-1551
-4080
6406
-7124
-2581
-4084
3045
-9212
3624
-996
2032
5368
-779
3104
785
-10236
3063
-5088
-1794
-9180
-3849
-10208
9717
-7160
7420
-7136
-6103
-8964
7169
236
-2332
-13288
2845
-12228
-9702
-17404
-3853
-16344
-5918
-2024
2562
-11016
-9742
-13236
4101
-12284
5916
-5104
6194
-6112
2823
-4068
2539
-13268
-1750
-18372
-997
-7100
-275
-2008
-2318
-2048
4346
-9208
-5
-12276
-7196
-6132
743
-9184
7675
5136
794
-3844
-237
-1004
-5367
-7148
-1263
-6092
-767
3124
-8468
-6112
1282
-13276
1785
-8136
2036
-2012
-1805
1264
-3842
-3028
5397
-9204
-4360
-3028
-5672
-13276
1293
-14312
-973
-5068
5355
-8172
-3077
-8176
7961
-11204
3855
10316
2049
-6916
-253
-3024
-11788
-9192
2822
-13284
-2794
-992
-2812
-7140
959
-8152
-8166
-9196
3836
-7140
-4378
-9992
4113
-8152
-7936
-10216
-1298
1036
9761
-5084
5121
-8136
7158
3076
474
-12232
2306
-11236
6387
-15352
3314
-2000
-2825
-13276
-7697
3096
1299
-9176
8231
-8160
4106
-3068
12550
6168
9430
-16156
-8744
1268
-1039
-4064
-7935
-14332
-1786
-4060
-1035
-6112
-2588
-15280
6154
-7136
781
-18404
-1534
-8144
-1295
-11224
4351
-8972
-6132
-12252
-5362
-6140
-2336
-964
1524
-2824
7169
-6096
-6892
7188
-5119
-11184
2074
-21472
13838
-7104
2321
-992
-764
-14296
-801
-7956
2040
-3060
9721
-19416
791
-4048
-1525
-3020
-521
-11260
-6891
-3056
9196
-12220
5121
-9200
-8187
-7124
-1004
3096
4867
-7152
2848
-13280
3070
9260
-5389
-4868
1818
-11264
7661
-7124
-4590
-8160
3302
-3852
-9978
-6116
-4629
-9208
6389
-15348
3579
-6132
1813
2084
-4877
-8176
2571
-15332
5865
-8101
7181
3084
3610
-11228
2820
-15324
-21
-17404
1758
-1004
505
-13268
-2824
-8152
-2314
2096
-2565
32
8446
-10224
-4086
-11228
-10223
-19420
5658
-5104
-7196
-9176
227
-16332
-6134
-14292
-3841
-10168
3573
-12240
236
-7944
-2312
-4080
-4103
-6128
6667
-4884
8954
-6080
3075
-15112
-4604
-4068
7690
3324
-1563
-3844
5596
-3852
6159
-15352
-4581
4124
-3871
-14320
1525
-17344
-9487
-988
2585
-8176
6421
-19428
6407
-15336
-11272
-7160
14
-8160
-2792
6168
-3577
-11220
4598
-3064
4602
-7128
1032
-6128
-8934
-9204
540
-2004
1279
-3064
-2520
-18400
15616
-13280
4118
-8144
-2040
-10200
-1280
-5072
-778
-6120
2076
-11232
2059
-3064
-5347
4112
-1268
-2044
-5117
-5064
-1500
-14296
7726
-13276
3830
-13300
7648
1048
-2565
-3844
7932
-8152
2553
-16356
-2804
-8980
-5142
-9176
1302
-1812
-13052
20
-5390
-13272
-1272
-2020
-236
-9101
-2023
-10204
1783
-9156
-9248
-6096
38
24
6620
-6924
-3044
-5084
12
-5076
-2031
-1796
3565
-11244
7949
-9164
-9481
-7140
-7948
-10160
-7704
7204
773
-7120
9253
-11224
3092
-12244
744
2072
8175
-12220
2040
1084
-1744
-7132
-7469
5144
5638
-4060
-277
-6916
-3840
-6136
4056
-9192
749
-8164
-6679
-15312
-14334
1080
1530
3096
-10491
-11236
5898
-4072
4885
-6936
7690
-4064
1768
-3044
4343
-19392
-1600
-6132
-2599
-8180
-10222
24
2802
-3072
-3587
-6128
-3884
1064
10783
-15324
-9965
2052
-258
-5904
-6667
-3000
6167
-9168
-6441
-12260
3823
-8156
-3595
-5084
-283
-3044
2772
-10184
10486
-980
-4358
2096
3859
-15324
1531
-4056
1791
-13276
-3065
-14316
7158
-6120
-5106
-4056
4079
-13268
731
4132
-764
-3000
-6653
-2828
2315
-15304
8972
-6132
-6918
3100
-1037
-6116
6659
-11248
-4588
1264
4843
-5084
-7712
-3068
-10527
-3048
-4075
-15328
6376
-14320
6407
-4068
5151
-10212
-1830
-19428
-1266
-10196
-4846
1048
4854
-5112
-2844
-3032
10246
-13280
-2050
-12036
-5607
-5104
-785
-1004
-4094
-8184
5382
-2024
3327
-11252
-4607
-14292
-2819
-12228
-5101
-13064
-4108
-8180
-3597
-5084
1791
-15316
-3080
-5068
4601
-9208
-8705
-3844
7411
-10224
6672
-9216
3837
-10220
2824
-2008
5153
-16340
5104
-9216
-500
-8168
2325
-1800
-7394
2076
13302
-6116
-1976
2064
6626
-2040
-2784
-6916
-12288
-14304
-1279
-9180
10773
-6128
4592
-8192
-3060
-13304
1522
-984
-3556
-11236
-2819
-15360
-5382
228
5365
-8164
-1816
-6080
-3832
-20476
-4598
-11244
985
-6128
-5121
-4048
493
2076
-5107
-10212
6916
52
3570
-12232
-11247
-11208
12035
-15340
-9967
-980
5623
3088
750
-2020
-2053
-3056
-13044
-3036
-8950
20
5154
1060
-1322
-6108
4632
-972
4854
-19216
-5869
-16352
-993
72
6663
-15328
-5346
-8184
-17
-18416
3071
-6124
-2787
-11240
7644
-3028
7966
1024
8167
-11248
7434
-8172
6632
-5084
12823
-9204
1806
-8172
-2824
-13292
7696
-15360
-9984
-11208
3088
-15112
-289
-9156
3858
-9172
-5663
-14296
-4105
-18392
4374
-4072
-3838
-3044
5603
-3048
8945
-10196
-535
-9192
255
-6132
5087
-8160
3579
-7108
5143
-7144
-12805
-10224
6904
-972
3335
-5088
-4084
-9164
3
-14264
-1032
-4064
-3337
-9168
2817
-6128
-2064
-9216
530
-5900
1009
