-10204
7927
-6132
-5372
-19404
11567
-13276
6727
-5100
7442
-1004
3595
-16360
2056
-8152
538
-9216
4113
-9164
-9709
-7160
11263
-11200
1807
-11256
-7920
-15336
-4634
-964
-4878
-2820
1534
-4076
6404
-3068
-1502
-7112
535
-10240
6405
-7132
3081
-5080
2326
-2016
-6883
-792
10233
-20452
9732
-8168
1290
-5096
-2048
-14296
7699
-10212
755
-7160
-11297
-5112
-3059
-14280
2821
-2020
3566
24
-799
-6916
-491
-11232
12307
-12240
3799
-8188
7392
-11196
-10472
-4096
2313
-6108
5628
-6100
-3078
-12260
-5890
4104
-2358
-8140
-1807
-15320
1034
-4092
-1248
-16368
4362
-14296
-5135
-13240
486
-6128
4673
-16344
-3832
-7100
-3604
-992
-15104
-964
-4123
-16312
3065
-9216
-8660
-1004
-7668
-7116
1058
-11200
2515
-10236
4862
-4072
6119
-3036
-4863
-5104
-4576
-2012
-546
-10236
4090
-17404
-1567
-9160
-1034
44
-9709
-6092
1535
5360
6931
2104
-1309
-6136
-3560
1040
-4361
-17400
-2028
2076
225
-11248
2576
-5096
-766
-9192
4865
-7160
6412
-10236
6685
4128
3038
-6916
-3873
-19420
-2286
-5112
-1502
-15356
-1004
-12236
4105
-2016
3349
2096
9757
-11236
-3551
-13312
-5122
-4084
7680
-12288
-742
-2840
9706
-7128
2020
-5076
-17395
-9988
-1001
-10192
8135
-6116
6683
-10224
-5117
-12244
-1791
-7136
-8457
-2004
2784
-4048
2554
-6920
-1784
-5080
-1795
-12252
-1007
-10240
6662
-5068
-9991
-6128
3588
-9988
-4354
-3048
3585
8232
7663
-7948
-2325
-12264
1269
-11192
3617
-11228
2807
-11216
7967
-11232
-5621
-13260
-5903
-15120
4072
-14296
2281
2072
-776
-2012
292
-6116
6382
-5048
2072
-19420
7903
-8964
2799
-4040
13074
-3024
12768
-3048
-778
-992
-2794
-5104
4602
-3032
-8708
-13284
-4085
-8172
1294
-17380
-3093
-11252
-8477
-2012
1021
-14324
4081
-8964
1245
-980
-5356
-10180
-3579
-2820
2267
1040
3859
4148
-5892
-7132
-7705
-15296
-2305
-5116
-5368
-4068
2283
-10184
-2274
-5100
-3332
-22236
-3
-7128
2048
20
8977
-972
-13538
-9148
-995
-9196
-998
-16328
1251
-964
-4357
-3040
3327
-5088
-5164
-8160
5906
-12276
-3074
-7132
5365
-18368
7193
-13288
-9723
-9180
-6682
-9176
5903
-17356
-6335
-12228
267
-5892
9742
-5908
6648
-13288
5902
-7120
3104
-11236
-206
-6096
2581
-8144
11472
-14260
-11750
-14268
-5914
-11224
8466
-8132
-7418
-4052
-511
-7144
1096
2068
-1780
-10168
6932
-17348
5672
-14316
-4
-3068
5115
1052
6653
-3016
-6409
-7160
-2588
-8180
-1212
-9168
-5624
-19412
-8720
-4052
-1517
-11208
-512
-12280
-5392
-10004
7413
-7136
5
-7964
10494
-11244
-8449
60
2838
-6088
-526
-9160
768
-8152
-2318
-10000
5878
-3044
788
-5084
-3604
-7128
-4082
-3044
3033
-8136
-12253
-17368
-2040
-9101
-10
-13276
3060
-8148
-6163
-10176
1841
-9196
-4565
-16376
5398
-2004
4614
-10240
-3341
-9168
-1271
252
-6147
-8184
7441
-7148
-6122
1056
-1309
-15312
-3581
-10212
5106
-8136
7690
-7156
-5628
-8144
-9701
-6120
8960
-15332
-3297
-5104
1528
-4088
6920
-3048
1554
-7108
4352
-6116
4076
-8172
-9229
-7100
2017
-2040
-524
-3048
2582
-16344
7151
-5116
-5890
-8164
-2070
-10196
1064
-13292
-1274
-6124
8994
5136
-4889
-5104
11014
-12232
4839
2092
-7658
-10208
2312
-21452
-12818
-16340
-3348
8212
3576
-7140
-243
-10192
-3567
-9160
-2299
-2028
7416
3108
-2550
-9196
-5121
-10200
-3565
-6100
-4811
-16328
243
-22220
-7409
-13308
6415
-3052
1525
-8164
-3584
-988
-7939
0
-1288
-1000
1807
36
7646
-8160
5115
-15284
4346
-9196
768
-15344
5871
-7132
5120
1268
-3039
-6120
3065
-1000
3075
-11220
2559
-11196
5130
-11232
-268
-4064
-11041
8440
-5884
-992
-206
-4076
-4138
-6132
1490
-11236
-33
-9164
4590
-15352
-4104
-18364
-5126
3148
5410
-23224
-25936
-19424
9466
-1008
3832
5144
7709
-9180
-2021
-2032
8707
-1984
9473
-5108
5588
-11012
5915
-6112
1054
-14084
-10757
1064
6427
-4072
9926
-4060
-4331
-4072
2042
-4044
508
-2024
782
-960
-4603
-3040
-7158
-10184
2279
-11236
3587
-3024
3095
-8152
-9186
-2000
7178
-5100
511
-976
-3053
-5112
-12063
-5088
-5883
-2028
1511
-11240
-2262
-17344
9999
-20436
-506
-10220
4628
-13288
-4111
-16356
-1530
-14292
-5392
-5084
531
-15124
-4354
-5080
-4834
-10232
-5612
-5068
6663
-3044
-7931
-8192
-5411
-6140
-269
-9188
3824
-8992
7145
-6136
3078
-3072
2281
-8176
-5180
-8156
-6430
-9988
-288
3320
-6646
24
9463
-15261
5160
-10228
-11
2068
1248
-15300
-5130
-6112
4293
-6076
-1545
-11236
-4352
-4088
-2819
-984
-5871
-9992
4368
-5076
256
-21432
-7422
-8180
-1546
-8160
2836
-3044
7921
-9188
12257
20
-4888
-8968
-265
-8144
507
-10224
-6645
-13276
-290
-12224
-4607
-3044
4085
-984
-4563
-17364
-5642
-13240
1798
-12252
-2322
-5084
0
-10208
-1832
-5088
-2041
-17404
-10263
-3036
7180
-16340
-4640
-8156
4327
-8144
-5128
2048
3565
-9200
-5144
-3044
-1536
-968
4335
-9184
1545
-11224
-2805
-5076
-1533
-8164
-7915
-15340
-3837
-3052
5662
-8168
-3545
-12252
8420
-8180
-8699
-12264
-255
-12044
-3090
-16352
-5647
-10188
-5406
-3048
21750
-7136
-4074
-6120
3342
-9152
-6407
-9216
1301
-9212
6155
-19416
-3827
-13276
5081
-6112
-4859
-5120
-3613
-12256
-14899
-13312
16637
-6084
-7444
-12236
-10463
9228
1020
-8148
2821
-12284
2553
-11244
-3068
-4872
-2329
-9988
5395
-15316
5856
-10168
1
-9101
-5091
-8136
-10263
-7120
4911
-15356
3069
-8964
249
-10153
226
-4060
-2788
-9176
-251
-4056
1525
-8156
-5397
-14304
-1034
-3044
-8947
-14320
-2302
-4048
-3844
-11236
2585
40
-2011
-16356
485
-2036
3356
4100
-7390
-3064
4607
-16344
-274
-4056
-2522
48
-2318
-1972
4346
-5072
-5631
-15124
-3572
-11216
-10223
-9184
-6663
24
-2315
-6144
-2328
-992
-8723
-8176
7689
-5088
1764
-8136
3857
-992
-3867
-3064
7489
-8156
-1532
-2032
-2031
-3844
6115
-19436
-2262
-2820
9733
3132
-8389
-3052
4322
-14304
4365
-8132
-10532
-10240
-2548
-10224
-6139
-19448
-1784
4096
-6398
-5096
5116
-12268
-7156
-10180
3600
-6064
10481
-1012
-4850
-12252
10215
-7140
-5381
-8172
-2817
-16348
-2789
-12268
-4847
-996
-8438
-968
-3348
-5892
-7421
1028
5361
-5892
1791
-7952
-3582
-14092
535
-9196
5908
-4096
267
-4080
3885
-12264
8717
-792
6651
-19424
-1297
-11244
-2053
4124
-4861
-7168
2259
-10188
-3821
-7073
12285
-10208
-6140
8196
4854
-15324
-3807
-4056
-3321
-7164
-27
-7164
-1244
-3048
8669
68
-6165
1032
4369
-16348
4352
-2040
-5659
-3032
2057
-5100
-7162
-996
4870
-9192
2057
4
11527
-5084
-4335
-8152
-7726
-4040
6916
-6112
-8182
3148
8225
-15344
-5090
-8156
1540
-13296
3055
-7140
3051
-13312
3615
-6128
9465
-3008
3049
-12220
3903
-5080
-1268
-12216
-5420
-984
2549
-9156
-9745
-9152
-4601
-8172
3312
-10216
2530
-9188
-11026
-5072
-12495
-3844
7658
-13284
-502
40
6696
-5084
267
-15360
-3072
-9180
-518
-11220
784
-5080
1297
-5108
5591
-5116
-536
-6092
-5100
-5900
-7678
-5112
-786
-9200
5106
-22264
3590
-9180
-3050
-13268
2013
-11240
-2782
28
10272
-4064
-1282
-4064
6147
-6132
-8692
-11232
224
-7152
1284
1056
-4600
52
3828
-11212
-2820
-17376
5610
-16336
5410
-21496
1271
-5060
1513
-11208
-5645
-17168
-1808
-12260
2277
-19396
-812
-7116
-14841
-3064
6661
-7124
4862
-6100
-2776
1056
3066
-9192
2040
-1012
-4111
-15340
-5865
8
6148
-5076
5144
-12264
3601
-13284
-6406
-15328
5884
-1024
-1282
-3844
8685
-9168
3843
-7148
7984
2076
7421
-8136
-2545
-5096
7686
-19120
-1521
-1004
-3339
-964
3834
-976
250
-11252
525
-8112
-3065
-9144
9994
-16320
-10020
-17372
2111
-7164
4340
-4060
-3341
7416
-4893
-12264
-8231
-3044
5126
-12260
-9981
-6136
-294
-14276
7975
-9196
2284
-4088
767
-8144
-1527
-8112
-3075
-15344
2319
9256
-2825
-5072
2288
-11220
7138
-13296
-5086
-13300
-3335
-16340
7416
2080
1502
-9188
-2533
-4060
-8953
-17376
-4096
-10172
8194
-10236
-10729
-13272
9503
-9184
-9003
-10176
-16137
-776
-3586
-980
5123
-6136
10225
-10196
2323
-11244
-5866
-14292
-3323
-8144
-1030
-7948
5145
1052
-2332
-17293
-7950
-10196
-6392
-1008
3626
-5076
3561
-4052
-7162
-11204
8682
-7116
-2540
-7164
-2046
-7108
-295
-13304
-3309
4168
2031
-22236
3573
-8112
-8758
-15128
-1256
-14312
-1777
-16380
4639
-6916
-1572
80
810
-5064
1278
2072
14618
-8184
-2075
-3048
2284
-5072
-756
-5084
2578
-10204
-4359
-3032
2039
-1012
-1289
-7116
3586
-13280
3098
5148
252
-9208
252
-4068
-2795
-13268
2039
-6108
8714
-10216
-4789
-14316
9764
-12260
-6142
-5017
-2794
-9180
-5600
-5112
-2051
-1800
-16161
-12280
12773
2296
-517
-7160
1794
-21448
-2542
1052
-1565
-7164
2319
-17372
2787
-14088
-1230
-4052
-1542
-11192
6922
-5080
-7442
-12268
-9230
-9164
-3094
-3060
5650
-4064
12290
-8136
2056
-12244
-3825
-7124
-2313
-3044
4109
2052
1281
1044
-7936
-14316
4331
-5096
2333
-10216
-1793
-10200
-2293
-6116
-1267
3108
-5116
-15352
3830
-11200
-11772
3104
-2304
-7120
7700
-6120
-7433
-14320
4871
-5044
4074
-1004
1015
-8976
-4623
-19428
757
3080
270
-9208
-1277
4
1548
-992
2274
-5084
-3339
-14328
261
-19412
-1552
4120
5904
-4036
2305
-7160
-3320
-7116
6413
-6124
2527
-10220
780
-14300
-6402
-992
1019
-16336
-2581
-8152
-1285
-14268
2046
-4048
9198
-15316
2525
16
496
2092
2027
-10200
-2315
-15112
-6667
-16348
-10035
-4048
8448
1052
-5098
-1800
8447
-2000
4366
-10216
800
-8148
-2034
-15332
1007
12312
-2567
-3060
-2554
-4032
2077
-2044
8970
-5048
-5645
1036
4900
-7136
8951
-1976
2298
-9192
-8215
-12232
-4606
1064
5586
-13264
-4866
-15320
5084
-3028
-3320
-14096
-5347
-9156
2595
-16364
6152
-2032
-1229
-4028
-3836
-11036
264
-5072
6907
-3012
-2027
-940
2831
-10200
-3053
-10172
508
-6144
-9460
-1024
-758
-12260
2850
-4088
-262
-8172
-3848
-14308
5122
-8136
3077
-15324
2295
-3844
3836
1032
-6654
36
2801
-8164
-1804
-12244
2045
-5068
3088
-15324
-10755
5156
4378
-4084
-1027
-1796
-243
-15269
4883
-10220
-5110
-14264
6669
-15336
-7437
-5060
-8190
-3032
1290
-6144
-5920
-12276
-8440
-19404
-4900
-9156
9452
-9172
-737
-2828
7426
-5064
3848
24
1774
-5072
8705
-18184
496
3112
-7461
-5072
9719
-5080
-8976
-12236
-8199
-2020
5642
-10232
2046
-7944
-5660
16
-3311
3112
4115
-17372
-2060
-7144
1263
-3024
4812
-8160
-11523
-14312
265
-2004
732
-13280
-1297
1080
-2283
-5116
-775
-2008
6173
-960
3593
-3864
-4381
-4032
-6911
-9216
-4346
-5064
1276
-15124
-3095
-9152
755
-13284
-6873
-18416
8169
-12284
271
-11232
9719
-7152
-4836
-6140
8177
-7140
-2797
-3028
1512
-4064
-2012
-10220
-464
-5096
2311
-12264
1769
-11236
8729
-14316
4607
-15344
-7703
28
-9762
-10236
2044
-14328
-12083
8
2314
-2020
-5372
-6104
3847
4128
-7668
-8140
-14081
-3068
4879
-7160
-2019
2080
-3833
-2028
12052
-4868
4611
-8180
-8475
-956
3309
-4044
5104
-12280
8439
-7128
-2021
-12276
-2817
-13060
-2564
-3056
1002
60
-1531
-976
522
-1012
-1780
-15344
-11251
2088
11003
-10172
-6913
-20472
1268
-3044
7428
-5116
6374
1056
2014
-16356
-6682
-10004
476
-13264
4338
-8180
9724
-3048
-3075
-6128
1767
-5112
-3867
-6104
-2835
-4005
3108
-3036
1017
-17364
1540
-12256
3061
-13268
-17885
-9996
3823
-2040
1525
1048
-5101
-9184
1016
-7132
6159
-5072
-4352
-784
6946
-18416
-1812
-1848
276
-10200
-259
-7148
751
-5092
14
-10204
1248
32
-5873
-1992
-2836
-2024
760
-18368
5102
-4088
2296
72
-1767
-9168
32
-21488
4854
-12256
6913
7196
478
-2020
3067
-14292
-6657
2100
-5659
-7112
755
-16372
792
-6072
770
-4092
-7674
-8964
-1019
-11204
-2302
-10220
994
-11244
-1840
-10196
-10483
-12280
-776
-3060
5367
-5076
-14818
-7136
5623
-7136
748
-4048
-2071
-980
-5918
-9188
12
-15356
1557
-18392
-5411
-14336
3343
-8180
7392
-13288
4643
-12220
3602
-8140
6151
-3056
1501
-12244
-2589
-13244
4128
-6100
-2315
-12220
-2544
-14304
-994
-13280
1539
-3064
-1274
-9168
7675
4124
-3
-12268
-777
-10149
-10012
-4005
-9969
-988
2591
-996
-519
-18376
-2316
-4876
-4101
1052
-9756
-7116
4108
-12244
5883
-13288
0
-2012
-1753
-8172
-2315
-5068
-4350
-11244
-292
4124
-3589
-9180
8179
-4977
-7
-16360
-7656
-17368
-3058
-8152
2070
4108
8222
-15340
292
-13272
1012
-11256
-4856
-9192
5603
-15332
4112
-6057
1821
-3052
3291
-4048
1255
-6104
-2840
-2016
-9967
-3844
-4342
3324
3347
-10192
-3785
-10180
-3336
-5088
-7655
44
-5157
-4060
4838
-10224
2319
-1988
2044
-14300
2310
-7136
-4841
-8164
1293
-7116
4350
-18380
-709
-3060
6902
-13225
2319
-16376
8460
-3048
-5631
3128
-7157
-6088
2050
1032
1815
-1004
7439
-20456
-8456
2056
-6174
-17356
-263
-14304
-3639
-11232
9467
20
-4320
-1016
-22
-14304
-1517
-15340
-1015
-12236
7953
-14296
4371
-15324
1794
-14308
2534
-19416
-2296
-9184
-9235
-14280
4872
-2008
-2296
-3016
-4071
-5896
10512
-11216
-6400
-12232
1043
-9192
266
4120
10259
3120
-1074
-11236
2
-2020
24
-7112
10966
-12036
-4563
-9160
4334
8
1316
-21464
-5394
-6096
6638
-10212
-5360
-6108
-7181
-7140
4859
-6136
-6366
-19408
1298
-3000
-3073
-8140
-7
-3072
11037
-12240
513
-15332
2830
-12044
17937
-8128
-3328
-9196
5369
-984
2587
-4076
-3057
-4080
5138
1056
-3105
1100
-6624
-12268
8973
-5080
-5628
-8168
-11777
-17384
4819
-15296
-228
-3060
-515
-972
-1260
-14296
-9218
20
8192
-9168
271
-13272
579
-12236
1287
-10192
7175
-5096
6414
-1996
2566
-5072
1297
-980
-234
32
-7429
-7132
-3843
-3032
-4091
-11232
5633
-13292
-1263
-15316
776
-8192
3840
-6096
4349
-9176
-5390
-4044
-6130
-5076
2036
-13272
5896
-12264
-11492
-11012
5902
-15332
1579
-11224
6644
3132
-2835
-8984
-2281
-15316
-4097
-11228
-3832
-8980
-766
44
10996
-6112
-4598
-8168
6120
-13288
495
12
-5079
-2024
2868
-992
5386
-8180
-10220
-10228
8711
-2012
-2581
-13284
-2036
-9160
6422
-980
-250
-9180
1006
-13280
12790
-4068
-989
-5100
-6417
1060
-6137
-15352
-4332
2068
-3283
-2028
5115
-7120
1546
3108
1292
-10184
5366
4336
1527
-10004
-12562
1040
-2535
-22236
-5360
-992
-6885
-10184
-6655
-3064
5108
-10232
-4618
-12272
1803
-2020
4878
-10192
-1813
20
4374
-2004
-1238
-3864
-3573
-11248
3093
-5076
-4856
-15312
225
-7124
-2299
40
-2048
-4092
4306
-3028
-3536
-15116
-237
-4076
6119
-12048
-230
-15348
4332
-14292
-5141
-9188
1783
-1012
-1570
-10208
6633
-8156
-5625
-14092
7728
-9156
1522
-7144
270
-3064
-11761
-13280
5377
-11248
6371
-14284
-240
-4076
11537
-5068
-10244
-6096
-3574
-10188
2051
-8140
232
-12236
788
-4044
7189
4128
3297
-11240
8979
-21484
-6106
-10236
6898
-5036
-7465
-9168
-1073
-11020
3822
-10240
1563
-9208
-5137
-6124
-262
-17356
3593
-9172
8980
-4064
-3554
-5080
1
-4868
5908
-8172
5610
-12240
2038
-11220
-1264
-4068
-1811
-20428
-2837
-4092
-5660
-14300
-6890
-4076
5111
1040
6120
-16348
-1767
-3844
5644
-12276
-510
-4032
1032
-8168
11510
-14308
6928
-7944
3617
-23240
1030
-8168
-4576
-19416
4640
-2016
-2810
-11240
3321
-2016
1032
-10196
3587
-3044
2043
-10196
-4082
-2820
3822
-11236
3580
-14284
-6903
16
7422
-3012
-6453
-8184
-1246
-15332
1053
-13248
-7928
-11224
-2554
-13244
-3081
-11216
-1054
-14296
6146
-5064
-8693
5368
-244
-3068
6674
2048
3841
-16336
4886
-21496
3330
-14316
7909
12344
12030
-9208
-1005
-7108
-1012
-4020
-506
1104
4096
-984
-10989
23316
-5127
-11200
2828
-10208
-5386
-10204
-2305
-6092
6641
-14280
-6659
-15288
7432
-4072
2008
-11220
9990
-6120
-6162
-3032
-3822
-5080
2060
8224
8462
-10200
5644
-15348
-13033
-14324
1014
-7140
1524
-26336
1769
-2020
9704
-11240
-8191
-19436
2008
-7944
-9236
-2020
13311
-31176
-998
-7120
-2311
-5892
-5357
-2008
5396
-7132
6135
-14304
2045
2064
1785
5132
2068
-5076
2550
-17364
9216
-11256
3078
-3848
493
-5064
-1526
-9992
-8204
-5084
-801
-11216
801
-18412
-253
4152
-7163
4112
9993
-2820
2531
-14308
751
-2024
-1046
-11248
-6930
-11012
-3613
-9180
7176
-7084
8727
-9188
287
-13288
2295
-9176
10262
-784
496
-4040
1803
-5116
996
-11177
-1804
-8160
6650
-12240
1540
-12244
5373
-16360
-2560
3136
-5367
-4092
5121
-12288
-6917
-5104
-1248
-4072
-2823
-12284
-7437
-10176
3065
-9168
-1788
-10212
-18162
4124
-4846
-6100
-3317
-11256
-1515
-18388
1550
-18424
-7927
-12260
-284
-12232
4609
-9160
1507
-14308
-268
-996
285
-15304
2822
-14304
-3058
4
7941
-12256
5861
-4056
-10747
-21464
-2080
-6124
8208
-13296
3825
-4060
265
-12036
4362
2068
-8724
-1004
14326
12
8473
-4060
2553
-13280
-3591
-11216
-5654
-15344
5404
1044
258
-8152
12032
-15336
12279
-9172
781
6392
4883
-6100
-736
-11012
1040
-3052
8204
7200
4088
-4088
-5630
-8148
-3854
-6120
1554
-6108
9987
-3040
-5626
-10236
2816
-17396
-1025
-13292
-1794
-2040
3837
-7148
4103
-4080
525
-9164
541
-4064
9203
-12040
6639
-16360
-9492
-13252
737
-11208
-7928
-15332
1817
-3048
7167
-9172
-12283
-27392
1790
-9168
1548
-9216
7174
-5892
-1275
-15360
4358
-13252
-8740
-10200
-15612
-944
-3093
-9188
2557
-22236
-1005
-19428
10755
-5076
744
-2016
-508
-2824
6397
-13304
3600
-4096
3331
-4056
-7951
-14268
6112
7168
-5610
-3028
-1803
-18408
1524
1092
-5413
-12288
-6933
-5068
16116
-15332
5876
-2000
790
3132
-9494
-7120
-10981
-10220
-3585
2072
-5371
-14300
-3583
-9164
-7412
-13252
7938
-11252
-11507
-8140
5643
-14292
8979
-17380
-3080
-996
7184
-12260
769
-9208
4863
-7116
2582
-12248
3
-8168
13314
-16372
1578
-6116
-3341
-12256
3309
-13276
3361
-7144
-5369
5184
5651
-13300
253
-5096
3826
-18412
756
-7944
5381
-7120
9729
2076
8207
-4076
-2852
-5112
-16155
-5068
-267
-5120
-12005
-9180
-263
1072
10486
-11196
8455
-7944
3084
-13276
1806
-12248
5873
-6092
39
-9172
2550
1048
-5892
-1004
-3080
-13312
-4589
-17172
-1291
-7136
3064
1268
4607
-3064
1027
4132
-2553
-6092
3071
13388
-10746
-6060
-6897
-12272
10993
-5072
-3314
-2004
8470
-5072
3821
-8148
-2084
-12252
-1297
-15269
-2065
-3044
5362
52
2006
-7144
-8707
-7124
-490
-15316
1324
-6064
285
-7108
793
-10196
2037
-18412
-9202
-988
4078
-8164
3853
-5076
2595
-1020
-4133
-13296
727
-5120
7184
-18420
-7373
-12264
-7456
-5072
-5917
-5116
4370
1072
-1496
-5088
3318
-16380
1273
-7152
-2577
-3056
-8445
-2032
-5652
24
3326
44
-4139
-2028
6913
-12256
-497
3104
-12054
-2048
-6642
-11220
8215
-9184
13827
-6140
-1275
-5044
7671
-2032
-8990
9288
13300
-6924
-1308
-16336
-3068
-7152
6901
-4064
-758
-5092
-4346
-14300
-6673
-4072
6918
-13272
2825
-7120
-4566
-9172
-7723
-4076
12576
6168
-6133
-4072
284
-8164
4340
-6132
-5617
-9176
9755
-14328
5107
-15328
-7432
-17388
11743
-19408
-1814
-11216
9232
-5088
4849
-3072
4327
-6140
5114
-10236
-255
-2028
-1294
-13300
4856
-9196
7194
-2824
-7700
-8184
3835
-7148
6897
-18380
-3842
-20228
282
-7148
2573
-8188
-767
-9156
-6946
-780
1280
6148
4608
-8156
-3612
-9196
-496
-4068
-2816
-2028
-774
-13260
1553
-5033
-1543
2076
3579
2068
-2574
40
-8948
2092
5126
-9196
3818
-7128
2790
-15280
7928
-3036
2819
5180
-1542
-12244
271
-1996
-240
-3024
10264
-7104
-2285
52
1567
-4072
9751
-4056
-1047
-4032
-10009
-2036
-4075
-8168
-7173
-5068
-3345
-7124
6414
1064
3603
-20432
-2017
3120
-5125
-14320
231
-6140
2806
-11264
3058
-4036
-232
-9184
-2784
-8156
5336
-7944
7923
-6104
-5626
-2044
-7662
4112
6129
-5088
-8168
-12220
4126
-6916
7450
-7116
-3349
-11216
-12810
-6088
989
-3068
-2778
-14312
-5887
-7128
-5131
-6084
237
-2016
-504
-2004
8751
-7116
5341
-4072
6154
-8160
1269
-17356
-5873
-992
1056
-9168
7920
-8132
-4864
-16336
-3394
-2028
-1790
4
834
-21264
2847
3324
-4845
-7148
533
-9188
-9470
-7124
9717
-3060
-3043
-12264
5384
-7104
-7426
1048
5893
-16136
8703
-9196
2302
-10196
2838
-9992
-43
-1996
-3074
-7136
11532
-6128
-6937
-2820
-11532
-6128
-1562
-1024
-8684
-7164
-6873
-7160
2001
-14336
-531
6200
3590
-9208
7199
-4064
1797
-5100
511
-3012
1775
-10184
4614
-17380
-6915
2124
-2309
-6108
-1008
-8120
-1012
-7156
1291
-956
-3558
2280
1043
-11204
-1540
-4096
5907
-15108
-2555
-4068
-4612
-12240
9229
-5080
1550
-9992
7721
2068
-2272
-992
-4631
-7132
-6906
28
4849
-15344
1530
-4020
-1005
-7084
-4607
-5068
2833
-8180
-3584
16
6171
-6112
-2331
-15324
-2768
-8156
-2034
-2820
-5382
36
-6624
-16352
3584
60
-1516
-13288
-5614
-11256
486
-1984
6439
-16372
7878
-6116
9489
-6116
-3325
-16368
4123
-2040
-10490
-10236
-1769
-8168
-8696
-13284
-782
8
7641
-4076
-4331
-3064
14587
-17388
4120
-8160
-1535
2096
8428
-8152
-5161
-10208
-2062
-9160
-6398
-11236
-1042
-17380
-7677
-11252
13821
-15336
-2775
1024
1276
-7948
5382
-3060
-2312
-9184
-1810
3132
-3099
-18368
2774
-9164
-2799
-3048
-3606
-2036
-6132
-12260
3273
-10145
-5112
-8144
4338
-10208
-2021
-7148
5115
5184
-7914
-6100
1029
-12228
3059
-7144
-15091
-6128
-6153
-4056
9982
-4056
23
-2024
6387
-4084
2306
-7148
-2822
-9204
4584
-11024
-7697
-4068
-321
-10212
1482
-1012
-9727
5140
2039
-9164
9718
-7128
6661
-10240
4336
-4072
9497
-10204
6930
-10208
-5625
-3048
-11008
-6108
5378
3320
4090
7168
-2307
-5084
-4389
3100
-1273
-10216
-6899
-4072
-1828
-4080
-2310
-4056
-7657
-13260
-3338
-9188
-3850
-17376
-6647
-16340
-6906
-12252
245
-4048
-7168
-12252
2845
-14312
2271
-8160
-2834
-3056
-232
-16368
5835
-13272
3111
-9156
232
-14312
765
2084
-4062
-4060
10240
-8152
3083
-7120
-492
-18388
-2059
-6144
-8721
3092
4077
-7104
-3337
-12268
1529
-17380
-4113
-6092
7448
-12236
-1532
-20428
-7416
-21476
-3617
-16328
-1776
-3004
-3582
-7160
-12291
-10236
-519
-12284
4335
-7124
-3006
-16356
3858
-3844
10764
-8172
-552
-5072
3326
-11248
5367
-5088
-7935
-14284
-2064
-6124
8434
-8116
-6154
-1980
4592
-2028
13587
-17352
-2821
-13268
3344
-6076
-3057
-10204
-23
-16368
-3585
-9184
506
1044
756
-5072
-6683
-10188
-522
-14320
-11013
-8148
-3046
-14328
-3314
-6112
-4337
-9200
6158
-1004
-5895
-22232
-4372
-3072
4812
-14336
-241
1028
244
-2032
3591
-996
6384
-13272
-6612
5156
-6091
-9121
-5169
-14284
510
-4092
-5914
-10172
-6125
-3020
-7147
-3028
-1561
-16336
2545
-988
516
-17352
6426
-18380
-2787
-13300
-2788
-10212
-5138
-3032
-6409
-16340
-8223
-12220
6901
-10236
4834
-11248
-4106
-7132
-2792
252
-10258
-8160
-243
-12280
-3556
-7944
14095
-3064
-757
-6104
1258
-9168
-2535
1032
540
-8180
7691
-10172
299
-5080
-3852
-8180
-2602
-9109
-3065
-2020
-4132
-4048
7204
-8184
-6147
4128
4600
-2016
-244
-9144
11027
-8156
-3290
-1008
-1027
44
-265
-1984
-10
-11220
-4366
-6084
3588
36
-9209
-8192
2105
-9216
8980
-7148
-2824
-13252
-743
-19369
767
-5116
3351
-9180
3330
-15352
-787
-10024
-4337
4104
-1766
-14336
4068
-17372
4830
-16320
1510
-6108
12287
-4072
-252
-5112
4086
-9180
1044
-6128
-4619
3320
1525
-6116
2034
-14316
1275
-7136
-5909
-17344
10277
-8168
-1226
-21460
7181
-9184
-3839
-6132
6665
-5892
1557
-988
8466
1084
-788
-11216
-3531
-8148
-2840
-2024
-4866
-8184
-15
-9176
766
-10212
-1293
5148
1812
-18380
3566
-13264
5145
-2024
-2559
-11220
12291
-16340
-9725
-9160
-2310
-14328
1291
-12280
4112
-8168
-1582
-11220
-2873
-13244
-2830
-10192
3829
-5088
-4344
-17352
3371
-2036
6937
-7144
7156
-18416
5939
-780
-1251
-968
-4366
-4052
9707
-5080
-5625
-16352
-4082
-2824
773
-10212
-10733
-17400
766
-18408
1777
-11173
-6630
-16368
-1252
-12268
-6696
-15320
4082
-13272
1558
3124
775
-14296
3069
5156
512
-6112
-4324
7224
4097
240
-1545
-4044
-4079
-10192
1793
-7140
7443
-15332
-2578
-1012
3831
-5092
-2804
-17376
-4085
-3004
2030
-24284
-5379
-13236
3362
-15324
-3090
-2012
-1785
-10176
-4828
-15324
7439
-9184
-10023
-3008
2792
6156
507
-16289
10496
-8124
5619
-956
27
-8148
-5129
248
7925
-4076
-765
-13296
1065
-16132
4122
-10220
-7894
-12224
4034
-1000
-21557
-6128
-7462
-3032
-4592
1068
-8703
-5092
-4620
-11240
-6643
-6112
-1519
-7148
519
-12276
7652
-3056
4131
2064
246
-3868
3836
-9176
-5133
-9192
533
-17368
-5650
-12284
6411
-16368
-3575
-10216
6416
-14328
-5418
-4096
-2858
-8172
-2282
-21460
-1781
-17380
-1273
-22256
-1019
-6128
-3854
-12232
6415
-9216
3049
-24272
-9992
-9172
-11788
-9180
1801
-3040
-8424
-16352
-1784
-13288
2576
-5056
2279
-9196
6175
-7148
-5386
-18360
1541
-19436
-4905
-9200
775
-7116
7677
3308
-9961
-11232
-8946
-22232
-10015
-12036
10732
-15312
-6634
-17380
3045
-9996
12774
-3064
5889
244
-505
-15308
-5375
-9204
-4850
-2016
-5660
-6088
4372
-11232
6397
-14296
-5864
-7152
-6636
-11240
9
-5044
1536
-12240
-2581
-3040
-12304
-14292
2301
-9148
10978
-776
4629
-10204
-3327
-16312
-22
-13272
5901
-17348
14347
-12244
4322
-14312
4591
-7156
3587
-4064
-4374
-13256
1814
-9184
718
-12228
-1015
-10204
-5623
-13256
-4579
-8136
7970
-4876
6409
-9196
5356
-14324
-8965
-10192
4853
-14288
-769
-6932
-11019
-13272
-4361
-14276
-6135
-7148
2274
-9192
-3547
-10220
-766
-10232
-2513
-6112
3086
-10220
3335
1064
-2323
-4020
-1747
64
503
-2008
10746
-14300
-496
-2008
-4093
-968
12276
-14296
-3633
-19424
-9476
-8148
-3836
-6132
1793
-7144
4870
-960
1287
-10216
2542
-11256
5375
-11244
-7132
-14328
2804
-1909
-4865
-10224
5882
-2024
-17
-11016
-8452
-2032
2050
1088
2499
-3032
4583
-11256
-13052
32
3062
-9192
-4080
-14312
10721
-10228
-3084
-5088
-2591
-5908
-3310
5152
8199
40
7420
-22236
-17855
-9208
-2279
-11248
4822
-10196
-3078
1056
759
-5096
-249
-18384
-8706
-15328
5348
-13296
-3580
