-6140
3579
-23260
-1532
-9176
-5598
-3044
25844
-3044
5370
-9136
-3836
3100
8688
-12268
-3287
-5904
-2566
-11236
-5387
-7120
-4334
-18400
1540
-15308
11789
-9180
2798
3100
4624
-12276
3582
2068
-2337
-5096
-3081
-10232
2582
-5116
1044
-11236
2817
-12260
8676
-3052
-4093
5136
-3309
-13296
9255
-6120
5935
-9196
5888
-1796
-6401
3112
2015
-3060
2068
2096
34
-2024
4565
-12276
2074
-15356
5386
-11016
7656
-4028
8191
-7120
11277
-7124
1267
-10204
2006
-8156
-3336
2120
-5628
-7108
-7155
-5104
2060
-7132
2277
-7152
2816
-8176
1294
-11228
2821
-3064
3335
3132
-534
-7140
12016
-10188
-13894
4168
1033
-9188
-4598
-7096
1021
-20436
-495
-12228
-3829
-5072
-1587
-9188
-4578
-10212
-3603
-6136
4404
-7104
1764
-5096
1036
-3072
-4351
-5112
-2313
-12036
-5885
-10232
7152
-13308
-560
-11244
-2032
-2036
2803
-8105
-4597
-8148
6669
-16328
8686
-4868
2321
-6136
6890
-8164
3306
-13264
1024
3096
486
-11224
3583
-2008
-6662
-5096
4337
-4096
-1796
-1800
-4077
-984
-3355
-1016
6681
252
-2548
-8148
-6142
2052
-1019
-15300
-254
-15348
-2569
-4044
8719
-5096
-6651
-5096
2040
-3060
-4846
7192
-7672
-11220
2067
7188
543
3324
1035
-11240
-14328
-9184
4642
-3036
3573
3300
6414
-5021
1002
-7120
-12570
4116
-12772
-11244
-236
-9000
-4335
-9192
2538
-5112
10522
-2000
-2585
-12272
272
-6916
10709
3104
-8960
1060
4606
-5052
-477
-22272
2014
-6104
1283
-15324
7648
-6924
2048
44
-3063
-16352
-1515
-8184
2574
-988
-6902
-7140
5369
-6100
2041
-10212
3841
-9992
-4359
-5080
-11
-6104
1802
-16136
-6423
-7160
1025
-16328
2312
-1000
1294
-12284
-4103
-14288
-502
-4060
2338
28
4612
48
6632
-18404
3593
-6108
8723
6164
-1012
-5076
1292
-13288
-4371
-6932
-2325
-5072
-2796
-9200
2016
-11220
-10
-9200
1034
-7112
244
8232
-1282
-11232
-1274
-20436
3088
-12260
-3598
-16352
-3594
-17356
2052
-6120
-9756
-11032
-14816
-14312
-12077
2052
5860
-11248
3603
1060
-1544
-9188
13296
-14300
-5127
-9192
4108
-5088
-7173
-13268
799
-11224
-3356
-12248
-2557
-9204
6417
-10192
-2059
16
4585
-15332
-4060
-9180
-1002
1040
4856
-4060
-4101
1048
1775
-8168
5145
-13288
2795
-11200
-4365
-10220
-3348
-8152
-16154
-5076
2323
-17380
-10478
-10224
1309
-16336
-225
-10228
-4123
-3060
5368
-12220
-767
-5104
10259
2056
8231
-8176
2313
-12264
-6695
-3852
-782
52
3840
-6120
-283
-10168
3848
-3028
6188
-1008
6953
-5108
3580
-9176
7679
-17376
-2265
-15288
-11028
-6116
2055
-9160
-5894
-10220
-528
-4888
-3574
-2024
-5843
-12264
8156
6188
-4373
-15108
-545
-8120
2558
1076
5105
-948
8155
-8172
1260
-6916
-257
-15312
2575
2084
8752
-15328
-5888
-4076
8993
52
-4810
-11252
3111
-8140
4589
-5104
4070
-3028
-2556
-8164
6139
-5100
5860
-3024
-255
-12240
-7930
-6128
14100
-4068
-743
-5092
-5860
-2040
777
-11248
3067
-8160
500
-10204
-1238
-5892
6643
-14320
1824
-8148
4608
-6096
3310
-8156
-10479
2080
-6647
-968
4643
-8144
-1556
-18420
5892
-16320
1288
-12236
-5328
-976
-1273
-15336
-1292
-2024
-7906
-8180
-10042
-16360
528
-13296
1817
-14296
267
-16372
1557
60
-3607
-4052
-10474
-9180
-6948
-5120
4638
-6076
13564
-10200
6396
-12272
-3812
-11028
5857
-16340
-1540
-16344
748
-13244
-6913
-11228
-2826
-10216
9982
-4020
-8177
-11208
5636
-5108
5366
-13300
1259
-16368
-780
-4088
1560
-8972
2551
-4028
-6924
-988
-2324
-7116
6654
-11220
3081
-13296
-1795
-4056
-4897
3112
6400
-4080
-4364
28
1522
-5108
-9469
-11252
-2531
-10184
1257
-11200
-1545
-7144
25
-8968
12523
-13060
-3621
-2028
6466
-11252
-6179
-10004
1033
-10220
-9189
-10220
5380
-8964
3336
-7152
-2518
-9176
-3323
40
1281
-3056
-2071
-9176
-2820
-6084
-3569
3112
-1805
-12244
-2049
-14312
6659
-18368
-6119
-8188
-5417
40
5639
-13312
5617
-5076
1260
-12252
4359
-13292
5388
-7144
-6420
-5116
-6
-3068
470
-8168
2314
-9988
-1561
-2020
492
-10192
-773
-11232
3373
-14284
4100
-4088
-8660
-10204
3557
-11224
-4086
-10192
-5381
-8984
-5881
-9188
752
-2016
9255
-10216
-8901
-3020
2809
-6116
5933
-9196
1513
-17380
4086
-6076
4338
-2028
7939
-8164
8179
-11188
3789
1032
-2049
36
9484
-13272
-3601
-10196
8215
-10224
-2804
-10196
-10010
1064
5655
-3856
-10252
-5048
3060
-12052
-3821
4180
3837
-11248
-6145
-11236
-12584
-5908
-5327
-6120
5890
-17368
-4842
-12272
2573
-15108
-2535
-2040
798
-9184
11249
-11216
-8672
-10220
4599
8
-5124
-13256
2038
-9148
-5876
-2012
4351
-19408
-4
-4064
-5400
-7069
530
-5892
-6667
-17364
-1769
-992
7457
-3064
-552
-9188
-215
-16384
3367
48
-2528
-1957
7914
-5084
-5608
-6096
-12818
248
7
-5900
10466
-8152
4620
-4032
-809
-1980
2827
-9204
7933
1060
2817
-12252
511
-1008
4632
-8073
1512
-22260
-1027
5172
-1305
-10216
10233
-8152
-5639
-11228
-7917
-3072
-773
-9216
-3580
-8164
2079
-6136
-5917
3140
9978
-14296
264
-9188
-6887
-8964
7432
-8144
2542
-8148
3055
-6144
3040
-19448
-2824
5148
-8719
5172
8211
-14108
-5136
-5048
-768
-3056
2046
-8168
-3309
-13288
-8450
-11236
1051
-7100
3332
-4076
3322
-11244
-4604
-9200
4871
-15344
11752
-7140
13364
-9176
5594
-4080
-1505
-6108
-6914
-9172
7152
3104
-9013
-8160
-6150
3120
5328
-9216
3079
44
730
-8140
1268
-2840
9778
7192
318
-7948
-1801
-14280
4080
-10212
2266
-14332
-12844
-21460
541
-5116
2066
-18416
3850
-10192
-3340
-13264
4857
-1004
-10773
-5900
-1813
-5104
3839
-4056
1315
-5076
-9176
2052
8152
-5084
9731
-10168
-1006
-5084
-3339
40
-2815
-4060
-6933
-6104
4610
-3028
-4360
-6128
8974
-11200
7201
-8148
-10976
-3064
4345
-8148
-4840
-5100
-6385
-18392
-6669
-15320
-4641
-8164
15336
-4048
-9215
52
-2324
-7152
-2598
-10156
4341
-7108
-3569
-13276
3080
-15300
-6136
-14304
-6137
-7136
9189
-10208
264
8236
-6131
8
4059
-11224
-8734
-12240
-9957
-12268
1804
-15308
2569
-5120
-18408
-7096
4356
32
7193
5372
-2026
-15273
-3587
-14304
5382
-12284
-1541
-3012
5362
-14300
-3341
-7152
12802
-4044
-5112
-11192
2839
-19420
-4345
-2828
-1029
-6120
4602
28
-485
-1000
-3809
-13252
-3837
-5116
4087
-948
-5353
-7124
-1488
-13280
7926
1056
-5352
-9200
4346
-8164
4575
-12244
548
-12268
6603
-10192
-10776
1024
5639
-3028
-8700
-9192
3092
-8160
-1280
-988
3125
-11173
-4602
4120
6682
-3024
9973
-10200
1547
-4080
-3080
-13256
-511
-11260
-4853
-4048
-1750
-6124
-3043
-14284
2050
-22264
1564
-3036
514
1036
-759
5136
280
-10200
-3088
-8140
2293
-7972
4368
-4868
-3858
-7128
-2048
-12256
-2021
-4092
-2590
-9192
-3574
-4028
490
-7148
3569
-10228
4111
-5100
-4
-16368
-6429
-14088
-3302
-15332
4351
-10212
-3555
-7148
3063
-15332
-2530
-6092
-3859
-2004
2562
-12288
-3039
2072
2814
-19420
-1791
-17168
-3828
56
8944
-11216
-7
-12284
2563
-6100
2010
-7140
-2327
-11236
1039
-6100
-3818
-8124
2312
-8144
-727
-12256
2333
-13284
9970
-11220
13
-13296
3077
-7136
-7664
-3040
8190
-20424
-4098
-6112
2060
-17376
8984
-7148
-2845
-2820
-6136
-10196
9435
-4040
-6112
1028
-6919
-11236
-4357
5184
2046
9240
-6111
24
-7441
-11236
8699
-3020
1815
-6124
3805
-5104
1797
-2016
2574
-12280
4562
8
9502
-10212
-11514
-11264
-5126
-13276
3845
-13284
1300
-5096
1805
-8156
-3832
-4876
-6172
-1796
2552
-7144
-2063
-7160
4083
-13260
-7971
-9180
-8736
-8976
-4378
-14292
3078
-1996
-8194
1068
2500
-14280
-7698
-10192
7930
-15336
-10240
-4092
-996
-2020
-2777
7172
-1058
-12244
3
-7100
5399
-8156
-1266
-12264
-23
-1968
-7691
-7128
-1572
-10204
5899
-12212
-2065
-17360
-8146
12332
-2309
-7144
5106
-7120
-5361
-18408
740
2280
7421
-2016
11
-20232
-6165
-13296
2540
-11240
-752
-11236
5618
-4088
-7925
-8184
5089
4140
-2072
-3048
-515
5180
-2856
3108
-9209
-4044
2307
-4096
-1252
-5072
-4848
-3908
2813
-15328
4888
-14084
-2348
-6936
2320
-22224
2280
-10236
-3074
-14308
6109
-6128
-3067
-3060
10217
-13308
13553
-7144
-1019
-15352
1030
-16328
-3608
-18396
1806
1084
-4091
-3068
-2296
-1812
3887
-13264
-8447
-14324
-4872
12
-6937
-996
-515
-956
2034
2108
-5633
-14312
3307
-13288
6924
60
2597
-12216
1790
-8136
5934
-5116
-4101
-8172
-4635
-7160
-2802
3183
1522
-6120
-3842
-12260
-8447
-10176
3352
-12264
4860
1036
263
-14268
-7661
-6100
-1798
-8160
238
-13280
3311
-10184
-3838
-12280
-2829
-5072
-4371
-11208
3860
-17396
791
-14284
-4134
-780
2292
-1020
7136
-10216
3854
-16348
3320
-9188
3064
-6100
3824
-11224
4350
-14300
802
-12256
10235
-11252
-2080
-4052
5636
-18384
2804
-5080
-4646
-4052
11315
-3064
-7960
-20464
7926
-11232
-6642
-4072
-7174
28
-4114
-5112
-3063
-12256
-5374
-13280
-1
-16348
-5884
-1804
-17157
-10216
-19
-7104
5105
-8160
8196
-12268
8946
-6112
1521
-27372
4137
-8144
7910
-4096
7671
-2024
790
-1012
-1296
-6120
-7418
-4060
-3849
-2996
-9206
-12228
5102
-12232
6659
-13072
-4077
-4056
9476
-8192
-4852
-15332
-4860
-9176
-3056
-5084
-5624
1032
-4871
-11228
-7666
-4040
-5105
-15344
4637
-4076
4864
-7944
-2287
-16344
3842
-15316
9229
-3844
23900
-9196
4862
-3060
530
-11212
1543
-3024
766
-8164
510
-11232
-2281
-7968
8933
-12256
-3323
-8144
-7969
-3064
-2021
-4016
-3570
-4052
-237
-15320
-7952
-18400
4105
1088
-1500
3104
-9972
-4084
-3310
-964
5140
-984
-3085
-10196
9934
-12256
4338
-8148
8694
-7120
-5644
-9992
4344
-16352
-6897
-1012
-3084
-6132
10232
-8176
3829
-8180
-4095
-7944
7153
-4088
-3291
-9168
4314
-13276
1297
-992
-3595
-17376
-3342
-12272
-4373
-4076
9211
-17404
2021
-15332
3842
-13296
-5123
-9180
734
24
1560
-9172
5171
-8172
4112
-8980
-2526
-11204
-1535
-11212
-8462
-14296
-1563
-6120
-2544
-13276
12280
28
3873
-3064
-4924
-9168
-4907
-12044
8458
-12256
7165
-7160
-1308
-4096
8704
-3040
-2832
3096
-7170
-8188
-490
-6084
1027
-10232
771
7212
1281
-15348
3831
-3036
1802
-19396
6630
-14312
7720
-9192
-530
-6948
4114
-16360
6386
-8108
-2305
-8164
-45
-8160
4354
-3044
-786
-7100
-738
-3040
-9473
-4888
1482
-3028
14318
3088
-242
-7140
1303
-5060
1011
-1988
-3080
-5088
6649
-10180
2306
5172
5615
-2016
-6655
1072
9210
-8160
790
-13260
-5361
-18400
-1045
-13304
-5859
6192
1245
-17336
1540
-4080
2856
-7128
-1505
-14304
-8208
-5080
4600
4132
-2571
-12244
-4340
-6108
-3595
-2044
-4607
-5096
-8192
-7092
-31
-4068
-2527
-13288
9724
5160
737
-14092
1823
-3008
1792
-11180
6156
-16340
-8735
-4872
-4114
2132
-1835
-11244
2327
-15344
1261
-6916
-3070
-6952
-6
-5896
-1822
-964
-7395
-12272
1050
-16360
4852
-4084
-13547
-17400
4658
-14100
-3072
-10188
11999
2072
2293
-5096
-2532
-13260
-4906
-12228
1530
-6124
4072
-3040
-4852
-12232
-1539
1260
2785
-2028
4855
-15300
4086
-3032
-1281
24
6679
-7152
-3836
-5092
-3335
-7948
-9463
-12260
-6887
-1992
1771
-15296
3335
-9196
1271
-5064
-4091
-1024
11506
-7124
-12751
-8116
6405
-13300
5633
-4076
2068
-13304
-2812
-8156
-258
-10208
-252
-8112
-14816
-7124
2802
-2016
-6091
2084
-2040
-10192
-5152
-14320
2084
-7140
-4632
-9144
-9213
-5080
3342
-2016
-1544
-14312
-5110
-18424
4323
3104
-4095
-15108
-3057
-8144
5356
-5104
518
-10180
6650
-15124
-3610
-5096
797
-8180
-5362
-8164
17389
-3024
-6116
-4052
-750
2092
7942
-17408
2315
-3020
3348
-1000
-1569
-23268
8718
-11224
-36
1044
-8226
-996
-4382
-4092
7179
-9200
-1537
-4888
13833
87
-5887
1076
1736
-10240
-737
-8172
-3110
-11256
-4562
-5088
2284
-4084
6678
-20228
5644
4124
-512
-11228
-17188
-7112
-7648
-5120
-4344
16
-6147
-3040
-3605
-1996
-2332
3076
-3830
-1024
2825
-18360
514
-13308
-22019
-10204
-2281
-6112
-1784
-6932
-3362
-6112
4369
2096
-1298
-3060
-7411
-1988
1789
-10224
12785
-4016
-2311
-776
10214
-3064
-3091
-22240
4597
-2985
1026
3108
2049
-7160
-1777
-7148
-4888
-8964
2332
-7148
-2044
-988
774
-4060
-279
-2044
-5113
-10232
1817
-13280
-14603
244
8955
-9176
-517
-5904
5146
-8120
6142
-7976
2282
-2000
2880
-11236
11022
2056
-5110
-18396
4634
-10156
9946
-16372
-4316
-4072
-3087
-8172
531
52
2822
-7148
-7956
-11224
-2568
-8156
4372
-9160
5876
-2028
-13047
-16364
-2810
-15316
-2588
-21448
-1261
-6124
5618
-1992
-7911
-13276
1253
-4076
-3065
-9200
-3080
-18396
-13808
-10224
1808
-960
765
60
7425
-3020
-3282
-16384
12284
-10176
-772
-15340
1824
-7148
-8657
-6132
7412
-2004
-1803
-14284
2031
-7112
-1024
-2820
-2576
248
-1018
-6136
2538
-9208
3065
-7152
-251
-14320
1026
-14288
8221
-6916
-6402
-16356
-7178
-17372
2328
-5052
-3836
-6924
-728
-9180
-9480
-1020
-3125
-3036
487
-6924
484
-18416
-3080
-6104
3571
-6120
992
1040
-264
-11240
6356
-8144
3317
-12256
-488
-7164
-9991
-11264
-6878
-4872
1558
-19432
5183
-7956
5369
-6108
3082
-2016
755
-10220
-514
5188
4379
-6112
-3853
-3044
-5648
-19412
-1030
-5120
489
-10224
-8485
-6136
-2811
-12256
-3041
-4068
-2057
-8140
-3065
-17376
-2834
-11208
-5879
-10204
-3611
8228
1770
-5120
-1551
-7144
-10246
-5896
26
-12288
-761
-4064
-6427
-1016
6402
-8968
-1309
-3052
3801
-10204
5088
-5088
-1028
-4056
-7718
-7140
2046
-14320
764
-7148
-5374
-1796
5620
-9196
-766
-3040
5592
-7136
-2060
6196
-16892
-7140
8184
-15352
-11014
-2024
1778
-10236
2066
-4068
3325
4136
-1286
-20472
-14602
-8148
2056
-3036
10232
-14304
9447
-9156
2833
32
-10509
-12264
7160
-13280
-13311
-4068
5390
-6100
2067
4152
3579
4144
-3572
-3024
478
-4044
1511
-2004
-5881
52
-3098
-9992
243
4
3325
-13060
4867
3084
5364
2072
3833
-6916
2542
-12280
-3278
-7081
-8199
-8964
16614
3124
-2300
-5072
5618
-1000
4147
-18400
3571
-4892
-21279
2080
-1053
-11232
-499
-7148
-4093
-5100
2033
-22216
4570
-19416
8201
-6088
1031
-6116
2056
240
-8192
-1980
-285
-976
1788
-10192
7416
2048
-496
-12248
5140
1123
-2801
-5096
-1554
3104
-8957
-5108
217
-12204
-6937
-5060
-4132
-9204
-3327
-7144
4881
-13260
4071
-8152
5146
-9156
2523
-12272
-559
-7124
2525
-10220
-16598
-3044
4099
-5100
-750
-4048
9726
-13252
-10030
-10192
-7679
-7152
-6650
-4080
7917
-15348
-3847
-3024
-3071
-11192
-3334
-18388
-2583
-3036
1024
-6120
707
-9204
1536
-1000
-3330
-2032
-4113
-8164
-2033
-11012
2291
-8156
-267
-6104
-6943
-11224
11501
-2844
-4570
-14316
8974
-18396
7159
-11248
-3603
40
-5123
-8156
6447
-4076
744
-12048
16889
-5088
-3559
-3064
8955
-15328
-229
-6920
-778
-17376
16922
-8164
6642
-4092
6658
-6120
-760
-4088
3347
-7164
14339
-10216
13556
-7160
261
-12240
3317
-13292
-3280
-3068
11010
-6104
10763
-8132
2566
-3072
518
-5112
-2037
68
-8196
-13300
2596
-19412
-1523
-3020
1604
2072
-298
-12256
5907
6148
-2293
-8148
4623
-9152
-7409
1276
4345
-8105
-5889
-17376
3353
-9152
-5874
-6132
-8478
-11220
2009
-15288
3593
-8188
-493
-1808
-1546
-1796
-3831
52
10013
-4868
-3364
-5068
3334
-1020
2563
-15320
7196
-7952
5865
-10224
-1533
-4040
-6941
-6132
-705
-14296
-7947
-6132
8193
-8101
-14358
-5108
12559
-8188
4138
-6136
11790
-15340
2786
-6116
3327
-11244
507
-1008
4867
28
-3604
-4084
248
-9216
2083
-2048
-780
24
4059
-10192
-4112
2076
-8448
3132
767
-14304
12042
1060
9230
-1008
-5368
-9125
2326
-4056
-3097
-6144
15120
-992
28
-12284
-4340
-14312
1752
-2844
2073
1040
-14563
244
7928
-14320
-12034
-8148
4319
-12288
3304
4120
-8181
-3036
-4869
-8172
6377
32
1558
-3848
-7971
-988
4341
44
5896
-12244
5865
-1976
-2343
-7124
3545
-13304
9970
-4072
-11533
-4072
5637
-7152
-3849
-1024
-7628
-8160
12531
-12272
-6114
-5056
-10746
-4876
1286
-13268
1031
-7940
-804
-9204
4865
-992
-4588
-4092
-1038
-5088
-6150
-10188
-4617
-10224
-9495
-11264
1534
-16328
512
-4056
-4611
1036
-7462
4120
7928
-7124
9473
-4892
-2028
-4868
7419
-12228
-6681
-16368
1048
-14300
9467
-13312
4065
1052
-9197
3092
4562
-5892
12520
-7164
4
-3048
-3312
-14132
-3881
-5112
-759
-10000
-3309
-7956
8216
-12256
-4870
-9176
5662
-11236
-3835
-6104
1276
-6916
5372
-1016
-1281
-7140
4894
-11012
9212
-13292
-2305
-13300
-2825
-11240
493
-780
7195
2076
1569
-8184
-2053
-6940
1536
-14300
8940
-10000
-5878
-14280
-1054
-16332
-14836
-13276
-1518
-11232
5884
-13064
1258
-9200
-998
-14292
6176
-7120
1840
-2004
-4091
-8180
-3052
-1804
-2802
-7944
-1041
3116
-4114
-4084
-3348
-4032
4329
-10196
-5908
-13252
7174
-6116
7934
-1800
5672
-3056
1337
-10224
-6393
-14320
-6659
-8156
774
-3844
1056
-6124
1567
-7152
-5639
4116
8697
-11236
-775
-984
-1025
-3060
-15340
-9180
5621
-2004
8410
-9188
7680
-10188
-3307
-12268
-6155
-3060
2561
-4056
3877
-14336
-6942
4140
-2555
-3048
-4865
-976
5380
-4084
-5865
-10228
9757
-4080
746
-7128
1821
-4056
8446
1036
-6425
-9200
4612
-8148
13067
-4048
-1552
-9988
-6143
-9172
2551
-4072
3073
1048
-6669
-5080
-4380
1092
5648
-3028
3564
-9216
-7931
-6136
8690
-996
-6679
-7112
-13817
-2024
7135
244
-1017
-5108
5108
-9125
4360
2296
1292
-10216
11475
-10188
-6387
-10008
-3873
-11192
2288
-6120
1551
-7944
-4864
-8132
-3563
-10240
6637
-8156
-7699
-980
2845
-4048
3563
-4032
-3065
-4072
-6886
-11252
-8186
-9156
1297
4348
-2555
-2016
-2279
-7120
7675
-13288
-4582
-1808
5128
-15340
3311
-11220
-3849
-4076
-4583
-5108
7434
-6104
4633
4
-7712
-4056
-5429
-10180
6383
2064
-250
-15352
-1268
2088
1271
2104
1797
-10204
-4861
-11204
767
-8188
6644
-13268
510
-2012
-1006
-11236
-2797
-8176
-1806
-11212
-6382
-11220
3552
1036
-1557
-7140
-4903
-11232
1034
-6124
-3349
-7164
766
-8160
11287
1052
-791
-23288
-265
-4092
1829
-9204
-6448
-9188
-11010
-14096
-5372
-3040
-3359
-4068
3540
-4072
-6699
-8176
-2606
-11208
5361
-1000
-2068
-15332
5364
-14288
-1062
-12272
-3073
-10196
-8707
-5904
504
-8172
-13091
-18400
4890
-13304
1073
-4868
-1555
-8172
1010
-2024
6953
2072
5859
-2040
-6417
-4060
3620
2056
-5609
-11224
1770
-10196
1542
-2036
-2309
-9200
-10246
-3028
-3074
-16384
3814
-4096
-4846
12
2567
-9188
-4096
-15328
11007
3124
5108
-5908
4628
-7164
-3343
-4056
-5880
-5076
6137
-9152
4850
-3024
1004
3096
4630
-8184
3071
-3844
-13572
1276
9188
-4080
11280
-12212
1317
-7156
2816
-3056
4379
-5104
-974
-5104
-5622
28
4107
-6104
-2559
-11228
3
-6916
-6359
-10240
-528
-2028
-4588
40
-774
-5080
20027
-8164
-8728
-19448
-3578
-3032
-3332
-10224
261
-7156
-4615
-6112
-270
40
-2309
252
281
-10204
7962
-17372
-4913
-976
4055
-7168
-9985
-3028
10754
-8172
6148
-14292
-3575
-6136
-540
-20236
-2821
-3048
-6365
-4060
486
-7132
-1031
-5100
3348
-7940
-10496
-18404
2579
-13300
6907
-9196
-1293
-18348
-2808
-9184
2297
-11256
16908
-6128
1273
-2024
-278
-15328
771
-1996
-507
-5084
1744
-11232
765
-972
-1284
-10232
-1012
-8164
3326
-4096
543
-13284
-3066
-5100
508
2076
307
-21492
3566
-5096
262
32
10214
-22228
-1559
17416
779
-16372
12281
-11260
-3312
5128
5599
-18432
4877
-3048
-1280
-3064
5110
-1008
2565
-5892
5927
-12288
267
1248
6642
-14300
2806
-11220
525
-8172
755
3108
8936
-3072
4387
-8168
-7438
-4092
-1510
-7148
-795
-6096
-976
-6144
-791
-15292
-768
-7124
-6664
3136
510
-2028
2842
-796
-3836
-3048
-4073
-11252
4336
-8964
6658
4120
3608
-5108
-750
-1796
9218
16
-6910
-4080
-4870
-20420
4379
-8164
-1808
-2048
15
-7132
1535
-5088
283
-7140
2352
-15344
6384
-5120
-11030
-5096
1823
-4868
1807
-8192
-503
-9160
-4582
-4044
1285
-7160
7407
-2981
2556
-10196
538
3112
-12591
32
261
-22232
10516
-12252
-23639
-17396
5129
1108
5350
-10200
6915
-2028
3347
-15316
4078
-17392
1041
-1804
4360
-9992
-2297
6204
-5903
32
3303
-12268
755
-3032
-2771
1064
5393
-5072
9205
1032
5400
-6100
-9228
-11248
-247
2052
1328
-4088
9209
-17180
-8378
32
308
-19432
-1554
1060
-6907
-5088
5356
-8164
-10043
-4088
-3817
-12256
-4877
-10220
-5391
-10188
-8670
5148
10772
-940
4337
-9176
-8728
-5076
767
-3032
732
-3052
-7671
-3024
-2565
-5080
5097
-7116
2563
-11244
-1531
-7112
3076
8200
-4626
5160
-9469
-10232
-2066
1036
505
-4064
3096
3320
12282
-5116
-5422
-8128
-4631
-9004
-5355
-8164
-3075
-6100
6408
11308
-203
-3068
-3884
-8152
-9223
-10232
-754
4128
6650
-9208
9481
2060
-252
2300
5645
-6104
8398
-7156
-6663
-17388
6416
-12264
1489
3128
-765
-7156
1069
-8156
4127
-11240
8995
-8160
-509
-8188
-219
-13280
-7658
-2000
3842
-13276
-4105
-7140
6654
1044
-7936
1036
7687
7228
7413
-6132
547
-12036
1015
2100
2084
-15304
6927
-4064
10993
-7124
5900
-11252
2815
-11224
2832
-7144
-5934
-14088
-2786
-22256
4370
-7148
7722
-15348
1023
-10184
-258
-5920
-6450
-8160
-2812
-13064
-8672
6172
-5963
-12256
3830
-7940
-8963
-10224
3576
-4096
9958
-13300
5127
-17305
2312
-8148
-5888
-8148
-8192
-4080
-539
-8180
1776
-14300
8719
-4064
-279
-24260
-264
20
1539
252
-6092
-3060
20468
-16140
-1542
2100
4091
-14084
5362
-5104
-1803
-13284
4128
-1012
-4108
-13292
-3818
-10180
2081
-10224
6954
-12260
-3321
-13288
-2031
-11228
12062
-12268
-8943
4104
268
6148
5363
2104
1055
-8160
5913
-13288
10489
-996
3072
-10200
1281
-8144
-5362
-8192
-1017
-7140
-3052
-3028
-12575
-11228
-4855
-9176
1535
-7148
-6930
-4056
6916
-8192
3323
-16340
-6648
-16372
-4128
-3020
-7204
-13292
27
-3032
-4348
-11252
-1002
-11200
10975
-5076
16
2076
-4095
-2036
-1304
-11228
1818
3124
2568
-11208
1586
-6120
4085
-6100
-2060
-6120
980
4348
9493
-7128
779
-5068
5903
-10220
4097
4144
-1774
-5108
280
-12288
-5622
-8156
2282
-5112
4603
-3856
3344
-2040
3826
-10208
-3607
-992
8926
-3844
-484
-8140
-5882
-992
-1528
1036
-7425
-5076
13322
-10204
8195
-11252
3094
-6112
7407
-5068
26
-5092
-1807
-9188
-5656
-6132
2546
-3064
224
-956
11774
-15316
-4564
-12236
12015
-17348
-5358
-9208
4141
-16356
-5625
-8176
-1808
-12060
252
-18388
4067
-4084
4595
-3048
-2800
16
8711
-7120
-4357
-11248
14607
-13256
-8946
-8184
4080
-5060
2836
-1988
811
-17352
2848
-5112
1020
-8168
4090
-952
-9493
-8140
1802
-9180
-783
-12264
-1770
-7152
1313
-11228
7674
-12044
-2285
-2036
5380
1052
-7684
-792
4645
-6057
-1814
-8168
-7685
-12252
13076
-11244
-277
-12240
1791
-12232
4869
-7120
3836
-2012
-2283
-4056
-5900
-13284
8459
4136
778
-3060
2027
-8140
-6149
-11260
9217
3096
-4354
-2040
-3560
-8164
-4410
-9204
-3803
-9168
-6645
-6045
-6881
2064
7970
-11216
3342
-15308
3849
-10172
-7152
-6124
4338
-6100
6925
-7112
-1553
-21472
2028
-3048
-19
-8176
1251
1056
-3867
2068
3345
-4080
5102
-7164
2322
-2048
-1010
-7156
10010
-9208
10524
-2820
7691
-12268
-4853
-5060
3090
-2040
2842
-20232
-6399
-9176
-1770
-992
-3593
-5044
1530
-9212
-3295
-8128
3071
1032
1303
-3060
-8719
-4044
-9480
-976
2827
-25300
8974
-12268
-2306
-3072
2586
-12284
3839
-11244
-13341
-7156
-6129
5156
5623
-8176
1267
4120
6652
-5892
4363
-9168
4087
-1024
-3294
-9172
3589
-2820
7395
-6080
-277
-1812
-15878
-16340
-2025
-15116
-11776
-5104
-1006
-11236
6138
-7156
3065
2080
-4638
-7136
-5389
-6112
-10458
-10188
10726
-7128
-4842
6148
1055
-6924
-1011
-12244
1532
-13064
4099
-6120
-5369
-18360
2304
-12244
-6430
-9176
-4616
3128
-5898
-7148
-5408
1056
-4600
-8132
-1282
-5096
4125
-4064
-3098
-6112
5895
-14312
12543
1104
1807
-8172
-6154
-8968
1278
-8140
-4608
-6124
-1287
-996
2534
-13280
1276
-4072
989
-9184
1328
-18400
14340
-3060
277
-6088
5428
-3048
7388
-13060
-2541
-4068
-6119
-13248
-2559
2068
-1534
-5056
-1055
-7100
-3608
-5052
-4878
12
755
-5112
8755
236
4117
-7156
1537
-3044
1521
-5088
-5840
8
-2313
-8136
8212
-11252
6887
-8136
1813
-16340
-4645
-11260
3310
-13268
1522
-9180
-11523
-6112
8704
-6065
5367
2088
-249
-9184
6384
9244
-752
-7940
-7696
-12284
6899
-17380
267
-16328
10718
-1016
-14582
-5084
4344
-8188
4629
-12048
-13059
-9176
-2320
5132
-7147
-5112
5868
-11248
2540
-11244
3844
-19428
1020
-23288
-5640
-2036
4595
2076
12291
-7164
-4352
-8176
-3071
-16312
1235
-5112
-4105
-7136
-778
-3044
-4637
-13232
3868
-8192
2546
-6120
-5149
-4020
-2330
3108
4098
-12280
-2039
2112
-2026
-3048
-4581
-14328
10525
-9180
-4580
-9160
-1313
2084
3565
12
-7694
-1000
1511
-12044
7985
244
11538
-996
-1011
4120
-3586
-10188
9249
-10208
7458
-16340
9445
-11236
-5137
-15332
-18944
-14312
3817
-11208
-7935
-2036
-2290
-4048
-8964
-8164
11478
-6140
-4081
-12280
796
-6136
-505
-7092
8198
-6928
-8720
-5080
-5639
-8128
-3840
28
4107
-7152
5369
-4036
-494
-7136
3564
-6116
-11316
-11212
7409
-7148
7693
-16376
3
-6068
-2025
1040
1006
-12256
9007
3108
7154
-3060
-4587
-8172
2818
-2016
4353
-11224
-6149
-9204
-5876
2076
-2806
6148
-2548
-5092
6413
-5096
-1018
-6108
-2275
-12252
4097
-10200
2293
-980
-1317
-1000
261
-9172
-6162
-19456
-9979
-3048
-1281
8228
6391
-4868
3052
-5060
-4598
-6108
-12257
-15312
-2581
-8156
-8937
-9180
1813
2060
3825
-11256
2039
-8101
-6655
-5112
-6167
-6920
7206
-3060
-4599
-16352
7154
-8996
-11995
-5056
3066
-18404
496
4164
1058
-7112
9215
-11220
2796
-4076
-1043
28
-3839
-12228
-6925
-18388
-2308
4140
2574
-9204
6689
-10212
-287
-4084
7923
-12240
812
-10228
-2794
-13284
-5173
-7132
4077
-5064
3596
-5116
267
3084
-2822
-11264
-2314
-11020
6435
-11244
1987
-15348
-3605
-12276
3050
-4068
259
-4040
2283
