-8148
-2330
-11240
5364
-9172
-7433
-7124
1516
-7128
-1299
-3032
-7145
-17380
-3078
-9184
-9699
12
-3565
-7164
1536
-22232
5363
-5080
-11031
-8968
6140
36
1540
-13276
-7187
-7132
-2577
-13272
1297
-21424
-3329
-18380
7925
-10208
5656
-5068
2347
-7164
2810
-9200
1055
-4084
-265
-5104
-2056
-18400
6131
-19384
6646
-15348
1021
-9168
-2875
-6112
-9233
-15320
-3081
-16324
-4056
5144
-3077
-12228
-4361
-11252
-8957
-5096
-797
-21456
500
-10188
-4866
-7136
-3556
-3868
-254
-6080
-249
-9216
-2845
-18396
6404
-6088
-8689
-14316
-7181
1044
-5137
-17360
1295
-12264
-2019
-1968
3308
-7112
-779
-17360
-12516
-5092
11
1276
3017
-11216
-3566
-12256
5887
-8108
3626
-4072
1038
-5112
-5404
-8136
-4107
-5904
-3069
-6116
-5623
-6124
-3600
-996
5883
-5080
1496
-15112
7694
-7140
-3316
6152
4834
-7128
-9238
28
1548
-7116
6657
-9164
-1270
-11192
759
-8160
2793
-7120
-6640
-5056
3356
-12212
2320
-13308
4071
-5092
207
-4076
-3088
-4080
-7640
-1996
-2785
-4084
-4611
-5116
10212
2288
-6403
-6136
-544
-9204
7669
-12272
-1549
-3052
2814
-11248
-1566
-8144
3856
-11248
516
-9992
5356
-14276
-2278
-1957
3056
-11260
8448
1276
514
-14288
-15091
-8128
2306
-8164
-7945
-13288
2825
-16332
6443
-992
-5392
-5068
-768
-10208
9462
6200
1525
-10212
-4378
-2004
-2558
-8144
787
-10204
794
32
-2280
-6096
-3616
-12268
-748
-4064
8945
-9164
-1537
-5088
5119
-5108
1560
-8140
4358
-6104
5904
-8160
3054
-10204
-1800
-9160
1275
-6092
14849
-17384
302
-12216
-4610
-3044
-3327
-12276
8455
-13264
-790
-8156
7189
-12272
-1831
-8152
4633
-11248
-3059
-7124
1816
-15312
2308
-6100
261
-980
-6145
-5060
-2780
-15344
7418
-1988
4302
56
-5116
-11224
-3357
-6128
-3301
-4060
-5141
-7124
8673
2276
-4627
-8144
-2578
-9200
-2594
2084
5643
-6108
2033
-2020
4091
7220
-1502
-10232
995
-16328
-3567
-18412
2053
-9988
-6158
-7112
3061
-13268
3078
-6124
-5092
-8164
-1565
-2012
-479
-11256
2305
-9196
1535
-15300
-3813
64
516
24
-10788
-8172
-5858
2068
-523
-10184
-1789
-11216
-2306
-12240
-4865
-5116
-4347
-1016
-5909
-12284
-4432
-5120
2067
-16360
6395
-11028
-3058
-4060
6155
52
6356
-9192
-7407
-12224
4603
-10196
42
-12240
-2294
-4060
-4086
2060
6653
-13272
3071
-2036
-756
-13296
2330
-5088
-5367
-3072
2794
-13300
4854
-3036
-537
-9152
-3826
-6084
-8190
-15292
6136
36
-4858
-3056
-9725
-4040
-8706
-2024
-9703
-5120
3817
-7156
-7178
36
-510
-6128
3304
-10208
-4831
-4084
-12806
2104
12301
-11244
11762
-17372
-13271
-1000
-12812
-12232
-1033
-5108
1281
-3056
-6408
-7124
-1290
-4092
-40
-10196
6138
-14324
2044
10256
-6116
-9212
-5128
-11260
-4855
-13304
-2553
-8984
-742
-4092
-2327
-10224
9711
-14100
-6916
24
-511
-2020
-2771
-8116
-4101
-4052
13292
-5092
-828
-9184
800
-5080
-3101
-9184
6141
-3072
-760
6144
-7680
-10172
-521
-4076
6675
-12252
-5556
7172
5653
-2024
3304
-7948
-5896
252
4088
4124
1800
-13260
-5897
-13280
-246
-6112
4345
-3040
-4099
-16336
-1025
-10000
3324
-10200
5125
1060
7420
10288
-6144
-992
3052
-11240
-7446
-12252
12
-5900
-7455
-9180
3
-5072
-5887
-6140
-7422
-15320
509
-5100
10515
-7128
2586
-13264
1029
-1012
-4587
-6120
-1028
-9160
788
-12260
4841
-11256
3855
-8164
-5657
1272
2060
-4060
-7957
-11232
2537
-7160
-6131
-16348
-6870
-8156
-2068
-5088
9731
-5900
-262
-14300
-10779
-13288
3558
4104
4573
-5100
-520
-2036
-7440
-3052
-777
4336
-4144
-5108
5635
-9196
8939
-11196
-1793
16
-3879
-5080
3106
-7124
-2079
-7112
505
-2000
-3090
-14304
-755
40
-2549
-5084
771
-8160
-775
-6116
-36
-6100
-1242
-8128
6131
-8184
-7432
-4052
7919
-11236
10712
-980
-4
-17384
-5867
-8144
20
-11248
9214
-17392
11038
-13280
2092
-11240
-5389
-13296
774
-2008
12000
-5120
-9739
-5908
-511
-4024
-1829
-10224
-5412
-13288
-12770
-7148
1549
-12272
3072
-9172
-2064
-7140
1022
-15304
-3099
-13264
8456
-7112
4358
-4072
2288
-7144
-1296
-13248
4847
-5060
1031
-12220
9264
-17348
11023
-1964
483
-1980
-1277
-14272
9208
-3028
-5891
-8188
8222
-14328
2775
-4080
-3328
-9184
7459
-5080
262
-3848
7157
-2024
-10475
-16352
7909
-3056
-4615
-12228
772
1072
1835
2080
-2532
-14320
-762
1028
-760
-2008
-6138
24
12007
-4868
-1752
-6104
6151
-6116
789
-9204
8442
-9208
-5129
-2012
4860
-8168
1803
2080
-10191
1088
6894
-4036
1506
-8136
30197
-9988
4621
2096
232
-9196
2582
-14312
3338
-2828
-3583
2056
9237
-2008
-2321
-13272
-4591
-4024
-5864
-6132
-2065
-19444
-4847
-5060
-521
-11016
1543
-6108
2547
-2008
-8007
-13288
-4598
-15116
2331
1044
-9702
-13068
3326
-4076
11236
-1012
-7676
-10204
-5130
-8160
-1029
-7152
6656
-6116
4345
-18396
-3821
-12272
-731
-8188
-2800
-9176
509
-5120
-6366
-3068
6909
-6104
2323
-4088
-4367
-15120
-1281
-7156
-3362
-992
-10245
-7100
-3624
-7100
-2564
-13268
-1553
-6136
-9467
-7096
-6106
-5084
6667
12
-7906
-6924
-2829
-7140
8439
-17372
-6116
-7124
-34
-6100
-2831
-7940
739
-1804
-3270
-8168
-3093
-3852
-3297
-17364
-491
-10224
1772
-8176
1590
1068
1770
-12276
6392
-9172
-732
5128
-3351
-19412
8206
-19456
4353
4108
8429
2048
2579
-13268
-293
-8148
-8687
-8176
-7430
-8184
1241
-4056
-1812
-5092
14624
-12228
-8434
-4076
-4299
2120
-5636
-8964
-5893
-13284
-6623
-10204
-3574
-8140
1011
-8160
-9236
-2028
-9715
-21452
-9230
2072
-1541
1260
3320
-9172
-1013
-11232
2524
-2032
-3300
-8152
-5364
-6136
2303
-6112
5832
-6120
-6139
-6980
6402
-12288
-5678
-15304
2550
3076
3564
-7156
8192
-7116
-2062
-11264
-2792
-8172
-2358
-10240
-2779
-8164
-9737
2076
-1244
-7152
10998
-6108
2277
-15120
7688
-11012
7683
3084
2099
-2032
-5405
-14308
2843
-8188
1512
-6100
-5663
8204
-5633
-11228
-5366
-15352
-4110
-5068
2346
-4092
-10746
-8964
-519
-10204
3576
-10180
9708
-8144
-2296
-7164
-5125
-4060
-4855
-2036
-1564
-5056
4565
6384
-1258
9460
2272
-9992
-2066
-1992
-2817
-8180
-6133
-7104
-2058
-1012
-7447
-7140
-10743
-8148
-5894
-7136
-4371
-12280
-6150
-2040
-10705
-5104
-3878
12288
6905
-14324
1294
-19212
-3584
7412
5660
-5108
-1247
236
-1782
-8152
-6944
36
-5644
-10220
1786
-5060
1509
-4096
-2
-15336
-972
-6104
226
-5100
5625
-5924
-3578
1064
1503
-10176
5886
-4060
-7384
-7116
-1786
-11032
11981
-18420
-525
-11256
3829
-15316
-9718
-1016
289
-6144
-1011
-10004
-2827
-10216
-4068
-9152
22260
-3032
-2309
-1012
-4843
-4056
-3345
-7144
-1542
-9200
-3296
-2828
-2559
1036
3824
-7160
-5640
-6084
1279
-5116
-4104
-22248
1286
-9992
527
-12256
7981
-8148
2033
36
254
-5076
-4315
-19428
-1279
-12236
-22
1048
-2538
-15356
-2334
-8156
-2581
-2040
-2821
-8152
-3277
-1000
-3618
-8124
-736
-13096
6175
1056
-2806
2088
-12326
3316
-2065
-2008
2779
-12248
-6130
-17364
-3809
4344
-3316
-3068
-6418
-5116
-15063
-13304
17442
-17348
6139
-14324
-3041
-19396
-14616
-2828
-1539
-3028
-1550
-7132
-223
-8180
3875
52
5652
-7124
-7928
-12044
-522
-4072
-2593
-6132
4350
-10232
-783
-8184
1023
-8164
-4584
-5104
-1033
-1024
-758
-3040
9467
-8160
-4627
-8156
774
-7972
-3587
-7104
506
-7148
-7181
-8160
6647
-10208
-3041
-968
6096
-13280
3574
5164
-531
-10216
9980
-9192
-3560
-972
7430
-18345
-4077
-2832
3598
-5084
-4375
-6968
8211
-6108
3065
-13276
5132
-13268
-2277
-9144
-1039
-10208
6166
-2044
1025
-9212
-992
-9172
-6420
-5088
6146
-4088
-257
-7948
5926
-9156
-2317
-16356
5164
-5084
-3305
-5052
5137
-4056
3580
-11216
-4318
-7104
11451
-7081
-704
-11264
9720
-8144
-1784
7200
-11538
-9196
-4627
4144
7709
-11240
10236
-4076
-5904
-14276
5384
-13248
-4353
-15336
1
-14316
2009
-1012
-3078
-11236
-505
-7152
5929
-2024
2825
-13248
-6365
-10172
2542
-10168
-3817
-12212
-1305
-11220
6113
-11228
6900
-6108
-757
-19404
-12032
-972
4877
-5076
3081
-6120
5135
-976
2310
-5108
-1538
-16336
-3567
-7140
-550
-8172
3058
-3072
-1028
-13280
251
-13292
-5119
-1984
-4114
-14280
-7670
-15356
-7905
-11232
-3330
-9200
1285
-9196
-3850
-15328
-1042
-7140
267
-18420
-5078
-11240
-2296
-10228
-3337
-1008
-2821
-6092
-6151
-9156
-7146
-6120
-748
-3000
-4367
48
-3323
-14332
13348
-5096
-1001
-3060
-6403
-3032
-9743
-21444
3326
8
2847
-17164
-1548
-3048
1279
-13272
-12276
-9216
2023
-7140
-6405
-6132
-4844
-16344
-6683
8
2585
-3044
-2052
-9192
-6144
1080
1780
-2024
249
-5060
2043
-11024
1279
-2004
12027
-9172
268
-11252
3595
-4092
254
-17372
-2823
-13284
-3815
-13292
262
-1796
-1566
-18420
-1815
-13296
-263
-6136
-7656
-16376
-6391
-10188
11245
40
2504
60
-6398
-7148
-8190
-11236
-15858
-8172
4090
-6140
2824
8
-7696
-772
7445
-12256
-280
-1000
-2789
-12268
-6900
-3024
762
-1996
9236
3132
4849
-9192
-2267
-12248
-11001
-1012
-512
-3036
1052
-11232
1793
-8192
7246
32
2031
-12036
-7435
-17392
2816
4124
-3587
-4088
-2539
-4048
-4627
-6144
756
-10224
-5373
-7136
-6947
-15296
4615
4116
-1807
36
-525
-5080
216
-10172
3086
-5092
-558
-18388
6663
-2848
1035
-14280
-3368
-5904
-4870
2084
-473
-11208
5097
-8144
7937
-4880
-8689
-9200
-3593
-4028
-545
-12240
-5154
-10192
5394
9224
-485
-8160
10997
-9192
-9941
-7144
4084
-5064
2825
-16348
13040
-3044
-5663
-10220
-9251
-1996
7475
-13276
-268
-11204
-6386
-9156
3577
-4028
-3876
-7156
-9482
-10212
1036
-14316
-5868
-10212
6414
-5068
-531
-15324
4104
-6124
11764
-15344
2283
-15308
-464
-13288
7383
-11236
-7180
-9188
7443
-14296
1781
-3036
-249
-2820
5367
-13292
-1519
-14296
2825
-13280
-239
-7124
8181
-984
1505
-16332
-2073
-10196
460
-12240
-7941
3136
-7681
-11216
6673
-13060
1262
-2036
3816
-15340
5929
-10188
-1294
-8156
-270
-17336
3040
-16344
-4341
-12052
-1064
-2016
-1280
-7164
3853
-7136
-5645
-4872
-3585
1024
3056
-3024
2581
-8156
6132
-5100
4360
-19384
-5120
-5084
-5878
-8148
2802
-12252
6639
-15340
10212
-11224
-3570
-10180
-765
-13080
-3325
-14320
-5628
-2024
3846
-12212
-9472
-6920
747
-6108
2030
-7108
2077
-13300
5619
2296
-10763
-12224
3849
-5076
-5646
3088
-11047
-7152
4362
-8192
7474
-20476
6179
-6104
-6146
-9160
9692
-8148
4590
-8968
3576
-5100
-9164
-4036
6136
-5108
3073
-7112
3850
-13292
-6927
-16344
4859
-11236
-8437
-12244
-1332
-13312
4584
-12224
-7905
-7132
-556
-7124
-8998
-984
486
-6136
-2281
-13248
-321
-7144
-8724
-9204
-2844
3120
7209
-16320
-798
-8180
4605
-8128
4645
-13296
5915
-24304
7415
-12276
-10740
-3064
-2816
-6128
-8986
-18384
-1314
1036
4872
5368
-4370
-4060
4069
4104
-1276
-4092
-3337
-14296
-1269
-13284
-8440
-5084
8228
14388
-3577
-13288
-1758
-5076
-4354
-8180
6410
-2004
3544
-11256
1009
-9180
3366
-9196
-23
-10192
-1804
-1972
-5409
-8136
-3381
-11232
803
-7132
11022
-3060
2044
-1016
12021
-15340
8445
1032
9509
-9208
-252
-9180
-7663
-1012
-1034
-3064
-7425
-8136
10998
9220
-11282
-1012
1285
-6128
-10287
1068
-1298
-3004
8217
-8188
-726
-7168
6100
-4076
-1288
-12272
-1044
-4064
9452
-11192
-2577
-17344
-7189
-6140
-3087
-11216
-2301
-12244
-996
-2048
3558
-12268
6368
-8120
-8959
-3040
-1261
-10212
2555
-8152
-241
-7108
2580
-4060
-7694
-20468
5083
-12288
-7396
-4024
1522
-17368
-1547
-14324
-4111
-6140
3350
-13308
-7943
-4080
2871
-15320
-1540
-15116
1029
-5080
-2547
-3072
-9973
-9168
9161
-11252
-1261
-15320
-15121
-4064
2784
-5056
-3299
-988
4089
-12276
550
-5116
272
8
2558
1111
1521
-3040
-1798
1044
5
-7136
-7931
-6136
2267
-2004
-1248
-6088
497
-10188
8946
-13284
-5643
-5072
-2340
-10224
-10258
-5112
-7719
-976
238
-6112
-1334
-6108
231
2100
-1261
-9172
19819
-10204
1507
-7948
756
-15352
-4605
-6120
10275
-3036
6121
1104
1030
-12232
-4105
-16328
-469
-14296
-8935
-4084
1775
-7144
-6147
1076
500
-8148
-6919
-4060
-4586
-984
-11001
-2004
-2061
-6096
3084
-2000
-4908
-12228
-7178
-4076
-6411
-7136
1282
-16368
-3068
-7160
-1024
3072
6662
-7136
5120
-12268
-3079
-6916
-3041
-8184
10011
-3072
-2059
-8184
3324
-2016
3804
1052
8444
-10240
-5617
-5920
-1041
68
9720
-10192
-273
-13300
-8195
-5076
1784
-5096
-2813
-8980
-1039
-8188
3310
-14100
258
-3060
-239
3108
4900
-10180
2305
-3032
-6883
-9204
2060
-15296
-1044
-12276
-2029
-4080
4369
-9172
1301
-7132
5152
-6104
-758
-11204
-8182
4
-6139
-16372
4590
-6132
-3075
248
-3833
-4092
8459
-4868
-3877
-21468
-2839
-9208
775
-8180
-2514
-4872
5132
-6108
1286
4148
-739
-2004
-2871
-10228
4353
-14300
-5640
1024
3818
-2004
-3127
-10208
-9208
-8152
758
-13300
-3340
-14300
-2272
-14300
-8982
-10220
5145
4
-5376
-9200
8699
-6112
-8689
240
3822
28
4130
-3048
-4858
-11016
2806
-20444
-1798
-8168
-3583
-3040
7932
-3060
5113
-13268
-4607
-2820
4372
-9164
-3330
-9156
5385
-7140
-3858
-13300
-3092
-10232
8481
-4024
-4362
1080
6137
-14308
1300
-15108
501
-6124
-4126
-14304
3054
-12264
18678
-19424
2549
-3040
2051
-10236
-776
-12264
-4386
-6100
-2828
7204
-8424
-5120
1778
-4076
-8215
-13244
6173
2076
-5116
-15324
-4361
-15324
-5093
-1004
2
-3032
-9729
-1004
-2839
-4064
-2533
2056
-4108
-10184
3334
-8144
-6428
-13292
-2807
-21252
-4857
-15332
2763
-6112
-2540
3088
-1551
-5076
4360
-11244
-3569
28
3835
20
-4569
-1000
19462
-9216
1533
-1008
4075
-2012
-4352
1080
3855
-13300
-2837
-10208
11542
-14249
4081
-9160
1582
-10180
-18
-10208
1006
-7152
-7159
-8152
10500
-8144
5136
-16352
40
-14324
14078
-4068
1316
-980
-1009
-11184
527
-4076
15106
2056
-260
-13308
8200
-5104
4068
-10240
-2577
-10192
2557
-10212
290
-6104
4327
-11240
3580
-16324
6157
-7132
4583
-4056
-7150
-2000
-2865
-13296
8471
-16324
9485
-10192
-1054
-7128
-6395
-1008
5903
-1004
788
-4048
-2073
1048
-3835
-5060
3563
-11240
3357
-11220
-3870
-6132
5338
-11236
2819
-3040
12523
10288
-11047
-17368
1795
-12288
-18736
-7164
-4594
-3856
-998
-11252
8430
1044
-3859
-13284
-8941
-8172
-2808
-976
-727
-11212
-8438
-3032
18709
-11236
4889
-4880
5854
-11224
796
-15280
-5618
-3048
-485
-12236
6412
-6140
2326
3088
8193
80
8938
-7156
3573
-4036
4845
-11028
-3873
-13272
-3594
-5060
-12536
-13280
1516
-18388
-764
-6120
1276
-11228
-1028
-4068
-2022
-8172
-810
-11224
1522
-6092
-2537
-6920
-4895
-14276
-1540
-17348
6633
-1988
6646
-11264
-2521
-6124
1302
-9204
7934
40
-4347
-3028
-762
-16340
7931
-9200
-1796
-7148
-3
44
2567
-3028
-3827
-10236
-10767
-964
-282
-9184
2332
2088
3630
-9176
6681
-12260
11261
-12248
-2539
-10204
-264
-9164
1056
-1004
-1312
-13304
3292
-9200
-7170
-8144
1784
-7136
-3055
-6136
-754
-16352
2830
-7136
-4087
-10216
3561
-5068
1015
-9204
-6924
16
-3828
-6104
-220
-10228
742
-11236
4357
-1012
14317
-9184
545
-20456
-4892
-11028
-6164
-9168
-12068
1076
5111
-16312
-5101
-3040
3299
3112
270
-7144
285
-5108
12772
-7140
5377
-9184
7427
-4080
4087
-2008
-9196
-22028
-2829
-5112
527
-17356
3613
1032
-3811
-4068
-241
2052
-24
-6920
-6631
-5064
-4329
-10180
-5642
-984
1571
-12256
-233
-11260
-4318
-11224
7951
-5072
-6628
-15328
-4082
-11236
1778
-8168
-1777
3096
-2294
-10200
525
-7140
-7128
-12236
501
-18376
3342
1092
-2796
-11232
4352
-1996
-4387
-20460
1544
16
-525
-4052
537
-16336
-7916
-12240
10221
-5092
-738
-5100
8442
-9184
-2572
-9196
-12797
-11196
503
40
16909
-5064
-1277
-12232
-3842
8
-2067
-14300
-9469
-7144
-3835
-12244
4091
-5048
4090
-9196
2560
-19408
5143
-5088
-3586
-14280
-3043
-996
-6158
-3040
-5113
4132
1293
-7112
2543
-10204
-2555
-5104
-1749
-11240
-2852
-8152
-8696
-7168
-2304
-10204
-3315
-6916
7184
2048
2803
-12248
786
-11220
-249
-6132
-10006
-7132
-2030
-14316
8684
3088
-4109
-11224
1823
-10212
4097
-5092
12277
-11228
5625
2076
-7418
-14316
2089
-10220
-23199
-14324
-3828
-11240
2318
-6928
-3610
-11240
1811
-4040
12533
-8136
-4619
-8124
-7910
-6128
6903
-14268
-9996
-19204
4633
-5112
3810
-10200
-2329
-9196
1280
-3044
7383
1032
8667
-3040
-2544
-5104
-5094
-8144
-3842
-6132
7161
-3016
263
-1000
8710
-10204
4864
-992
-2813
-6920
4573
-12268
7147
-3064
-6411
-4024
1768
-16340
2030
-4028
-4626
-6080
-5852
-11252
246
-22248
5619
-19444
-2298
-3028
-5870
-4068
-6134
-7112
3590
-1008
1791
-15340
1297
-3016
-490
-2000
-792
-7128
-1282
-6112
3585
-9184
-17134
1092
-2312
2060
-6927
-5120
-799
-11224
-5891
-18184
3837
7176
-7699
-1024
3334
-7156
-3099
1052
-2278
-4060
9477
-11252
1536
9236
9984
-6100
-1534
-9168
-4365
-2008
-9729
-16348
495
-9200
2318
-4076
-10999
-16364
8690
-7128
8961
-5108
-3587
-10216
6381
-12272
554
-15328
2582
-7144
-6387
-3844
6158
-6144
-15
-14324
2045
7204
2810
-7152
5110
4
-1551
-4876
8974
-8188
743
-13280
9969
-7124
-5401
-4092
-2031
-8180
3839
-7140
-1529
-18388
245
-8144
-3551
-9212
-13564
-19420
-268
-7148
-6125
-13308
1496
-4048
-4093
-11252
8218
24
7394
-6104
7164
4172
6150
-4084
-3868
9236
6416
-16328
-3080
-10204
-1274
2052
-12556
-9184
1304
-5088
-1273
-15336
-7431
-8148
-7944
-12056
-9
-8968
-3324
-5896
5860
-5084
-6906
-10224
5908
-4092
3045
-3048
-787
-7160
2808
3116
-6129
24
4610
-980
-14088
-8184
2306
-15332
8962
-10188
1772
-4068
-2608
3324
1495
-15340
-8741
-16340
2823
-7152
13073
-7136
-4118
-7148
-4887
2104
-241
7416
-755
-9168
-4627
-4072
-2823
-12272
-1531
-9160
4847
-6140
4054
-7160
-11809
-4048
-1558
2068
2333
-5096
-1027
1044
6138
-8156
-791
-2036
-240
-3044
-7483
-12236
-2025
-23264
2793
-5104
1807
2300
-15860
-2832
3328
-4876
-2054
-14280
-4874
-17384
-4360
-5100
-13316
-7956
9971
-17400
-2310
4100
4824
-9188
-4607
-10200
7926
-8192
-742
5172
7725
-1800
3040
-7128
-3830
-8188
-1297
-4088
-6143
-4072
798
1028
-3277
-9164
3870
-16384
3864
-3024
-1793
-2036
-6618
-8164
3044
-3072
-3311
-1012
8437
-5036
4125
-6128
6907
1032
8461
-20448
6657
-10232
3598
-7156
1779
2272
-1060
-6128
-3591
-13264
3079
-5108
-468
-10236
9716
-3024
5137
-13304
1801
-4044
2860
-8160
-7207
-8980
-4391
-8144
-266
-8172
-2834
-4072
-238
-8972
-3555
-11256
6159
-8168
3079
-12248
-7707
-9176
-3069
-2000
-13309
-14276
3328
-5076
776
-6132
-3867
1056
-4355
-11244
-8971
-9152
1519
1072
-3056
-12260
3314
-10176
-3834
-14328
2049
252
-5604
2052
1813
4124
1559
-10204
-7440
-14316
5132
-1012
-270
-10208
3042
-10192
-6394
-19444
-4047
-8152
6376
-11228
7402
-9184
-1035
-11224
4119
-16360
8959
-16360
-2538
-13284
-553
-2016
-5652
-4072
5887
-3072
-6132
244
514
-11248
4900
-6092
-3538
-17376
7380
-776
-5596
-5044
7419
-14288
-8667
2052
2519
-5072
4644
1036
-327
-2008
-3819
-10188
4625
-14284
-8194
-10192
-782
-6108
-1510
-5052
-13561
-18400
-250
-18188
-12801
-5108
7923
-16356
2295
-6088
-4877
-8152
2560
52
11571
-956
16
-960
-4363
-13268
5369
-7164
8758
-4024
-8428
-4072
8175
-2044
-1277
-2000
-3346
-12252
4839
1076
14327
-14312
-3043
13352
6892
-772
530
-18404
4879
-8156
3317
-7940
283
-8184
-270
-3052
-5113
-10180
-2811
10284
-5394
-10216
1
-4880
-751
-6928
17123
-9172
1077
-4060
-3325
-980
-3309
2068
-6168
-12044
2525
-5912
1085
-3044
-265
-10192
-770
-5064
8926
-5068
3862
-988
16101
-3036
-5388
-5076
2042
-2020
2050
-9192
4349
-8180
246
-9188
3878
-6932
4119
-3044
-6381
4104
-7162
2076
6884
-9184
-6658
-14328
13056
-10172
-2835
-4052
-6635
-4048
12784
-6128
-2561
-12276
10006
-13308
9003
-10188
-3875
7208
-10243
-1004
-1816
-4068
-279
-11204
-8992
-6112
-8468
36
-6672
-6108
2315
-12252
-2828
-9192
-4584
-4048
-5380
-2012
-3094
52
-11283
52
-7962
-13256
742
-10188
-8961
-16336
-3300
-6124
1772
-11224
-2041
-5096
-9444
-11016
3551
-16324
-755
-8964
-1567
-4876
-5317
-11240
-264
-20452
8214
-20436
7150
-13312
-1273
-8144
4313
-8164
6643
-3004
-245
-984
9487
-6132
13521
-5120
-3598
-2032
-998
-6096
5905
-8160
2857
4124
10791
-14304
3845
-18416
-5134
2096
-7138
-14336
-3356
-4080
5893
3104
-3339
-2000
-5381
-4044
8203
-14308
7701
-7128
-2837
-976
14112
-9208
7680
-3044
2047
-13064
3846
3120
-2031
-7100
-767
-12248
-5379
-8120
532
-8188
9746
-17184
496
-10232
472
-12232
-10247
-11216
-3313
-7136
-4639
-8164
8454
-12264
-505
-7940
-2517
-13300
-2817
-4076
4116
-6140
-10516
-6104
-8709
-17176
-519
-11256
-273
-6144
-2518
-16372
-792
-18412
-3345
-9208
-4584
3092
1556
-11208
-12576
-4096
5079
-8980
3836
-7144
-1281
-5076
3803
-5100
220
4332
772
-13276
-2538
-16148
-8475
-9180
771
-13300
-1039
-2036
-819
-964
-8186
-10192
-5114
-11244
1043
3100
1543
-4040
523
-8184
1584
-5068
-3361
-9000
1545
-6080
6882
-12276
5412
-2004
2278
-10196
-7672
-4072
-6952
-4056
-9470
-7132
790
-6132
-736
-12264
1283
-11244
4896
-10208
-15112
-17364
5642
-8176
5607
-12256
-7661
1044
-2814
-6112
-1036
-6072
-4817
-12260
1301
-2824
1544
2100
1023
-3044
7413
11556
15401
-9164
-11775
-4076
-2570
-8148
1018
-2036
-8458
-12036
-6901
-15312
2014
-992
3080
-8140
4614
-9172
-3594
-800
5099
-5088
-5837
-14284
7413
-11220
11005
-3072
1539
-18400
-28
-12272
6700
-12248
-2073
-8168
527
-10196
-1246
-10008
3588
-15296
1278
-8152
1296
-12256
-5359
-7144
-4604
1044
-524
-10200
-738
-10180
-6150
-11240
2061
-4068
-4106
-3004
-797
-7144
6396
-4084
2013
-19408
-5861
-6144
7926
2092
4395
-8164
-6885
-6080
-4634
-6120
-3331
-8192
-3351
-18416
3576
-17388
7172
-1800
-6410
-1804
-2756
-13296
-226
-6092
-323
-8980
509
-4052
-9002
-16368
14049
-12268
-241
1068
2314
-11212
-501
-6104
-5860
-9204
5878
-15328
-510
-9168
-5393
-10188
-9725
-8184
6145
-12236
-7154
-988
1004
-7124
3050
-9192
5402
-8156
-1778
-8128
3347
-8188
1554
-12248
-3585
-12264
-9217
-10196
1516
-13240
534
-9196
-761
2080
3043
-16380
-1543
-7148
1738
-8976
4897
-7964
2077
-6084
-245
-11252
-6371
12
-6656
-7124
-1039
1068
2
-4064
-779
-988
-2548
-5060
8715
-8972
5129
-11204
6168
-9180
-3587
-12252
2790
-7144
3359
-3048
-1255
-5908
6869
-11244
-4846
-13288
8927
-17380
2568
-8156
-4843
-5112
13298
-5088
-2047
-8168
-9193
-11232
2302
-18380
12035
-4072
8459
-980
-6422
-14308
-4589
-3068
1774
-11220
-3583
-5056
-507
-9196
1261
-12244
3362
-7132
-3304
-7152
-7137
-8168
-7943
-7136
3829
-7156
3552
-15336
-6401
-10220
-3348
-12044
1564
5372
3856
-7096
8440
-984
6448
-8180
1289
-10192
-4600
-9164
-5613
-8180
-6885
-13060
2564
-9152
-3835
-7168
18222
-4076
4627
-5108
291
-2016
5391
-19372
4601
-11040
2565
-8976
-1317
44
9719
-17380
-13297
-6108
4847
-6124
-4600
-9176
1799
-11232
3823
1036
-4855
-7096
-525
-15108
-1546
-10212
6687
-12268
-61
-10008
-10758
-13268
-1027
-14320
-3843
-6920
2815
-9188
1542
-9204
-2272
-6100
1296
-12240
-7209
-16320
-559
-8192
-3841
-7160
-10484
-6124
1026
6156
2830
-8140
-3569
-10192
10492
-7164
-2599
-7152
3852
-2000
-8960
-8148
8171
-13260
5871
7420
-6102
-11208
3577
-14308
4105
-12248
483
-5900
-5072
-10204
6132
1052
779
-17380
-9470
-10200
-2825
-9992
5372
-24264
-6165
-7144
-2831
-17317
-3592
-10004
4366
-6072
5355
1272
3551
-10192
-6162
-15312
-279
-12260
-5323
-18180
-3561
-3036
236
-14292
-5092
-12216
4611
-11020
6155
-9164
5668
-13272
-6904
-7156
-502
-9192
-15341
-11224
5377
-14284
-3606
-5084
-211
-6124
1285
-9144
5379
-12072
7136
-968
2279
-10204
-4353
-3004
-8972
-8097
6389
48
-999
-1992
257
-19420
-261
-11248
1815
-6136
6162
3104
-3083
-10188
4603
-13260
2081
-5120
-6380
2100
-1786
-8172
5130
-13264
5626
-8168
-2066
-12244
9743
-5092
3596
-3044
510
-11244
7463
-5108
8455
-4064
-733
-8148
-4329
-5112
-3087
-8968
-5123
-2036
-4366
-4072
-4116
-5112
538
-5064
7172
-11256
-3083
-8124
6936
-8160
1273
-4040
4324
-15320
11744
-11260
-2584
20
-800
-3064
791
-7948
8
-16320
4341
-10220
13599
-4032
1766
44
10255
-19424
-7172
-12268
17694
-6108
2854
-3028
509
-16368
1295
-8980
6173
4164
-1559
-5088
1533
-7164
2319
-3856
-5125
-17168
11771
-9204
4616
-18428
-6933
-13252
-7957
-7152
5380
-11252
-11504
-9172
286
-9212
7140
-15324
-1326
8
-8206
5372
-4092
1032
7932
-14324
-6912
-7164
2040
-5108
-3835
-10224
-2544
-5092
2314
-16312
3332
-2044
10223
-18388
4356
9220
14137
-6096
-3573
-6132
13256
-13256
-1006
-11252
-7678
-5096
4391
-12224
-515
1036
7451
-10212
-6153
-4056
-5624
-12228
1081
-6136
-1506
-14288
-1551
-12252
6914
-5048
-3853
8212
3828
-3032
5648
-4048
5114
-13272
9486
1068
2846
-7148
-2801
-3036
-1789
-12236
-3560
2068
3852
-16364
-6102
-11260
1
-12048
1530
-11244
1011
-6108
-2827
-13276
10247
-10184
505
-6116
-6890
-10232
6903
3072
3046
-5100
1521
-7140
-4115
-12268
10248
-16348
-2075
-6080
-4071
-7140
12539
-4076
-8452
1028
1018
-8160
-3542
-1004
6644
-18408
-1551
-4868
-12032
-10228
2311
-8192
-1024
-3016
2051
-24296
25
-11208
2563
-6128
-9490
-5108
-2751
-5116
3082
-15332
13551
-13280
8434
-11208
-6940
3120
3591
-6124
-7433
-12201
-8651
-9160
484
-6136
3615
-4040
1769
-5080
2057
-976
-4087
-10192
1271
-6116
3583
-972
5622
-12284
-5646
3128
1015
8
-3326
-12268
-7418
-5064
7668
3108
-9243
1084
-1767
-4044
-1776
-7128
7683
24
6171
-6128
-11018
2088
-2313
-14300
-2298
-7156
-6910
-6916
3281
-12240
-2562
56
-7413
4140
5359
-4064
3341
244
-520
-8148
-10746
-16320
1526
-3032
3071
-14304
4082
-8140
7963
-3016
7162
