-12272
3074
5192
8725
-5096
764
-12280
-6390
-5892
-522
4104
5376
-14280
1055
1052
4600
-7112
2043
-11016
-9218
-18428
6441
-8184
768
-1004
-773
16
-768
-13272
10743
-8136
1823
-9188
11988
-10228
-7188
-13300
-2334
1088
-214
-17372
8437
-4068
2535
-4076
-4587
-3060
6667
-3052
-1770
-20436
2076
-5088
1806
-988
-6676
-15356
11047
-20412
-554
-11188
-6928
-11260
-4353
-7156
13806
40
505
-4084
-1812
-7128
-5626
8248
-10703
-12268
5120
-7160
-737
-6104
-273
-992
-7692
-2000
-255
-4072
-12029
-17356
787
-2040
10741
-8968
6937
3308
10712
-1796
-2042
-9176
-1501
-13276
7110
-10212
6685
-1008
6945
-12220
-6638
-2040
-6128
-8152
2543
-7144
5610
-9200
-4890
-11228
-278
-8152
1008
-21464
-8947
-5080
3324
-14320
-4110
-13252
-4584
-6104
1544
-7160
2066
-6096
1281
-11192
-8713
-12040
3844
-5112
779
-14312
3058
-11244
3309
-7128
5917
-12228
-5368
-8172
-1008
-9188
6141
-14280
-6618
-13276
5607
-3052
5634
-11012
-6931
-4080
236
-7148
3859
-9200
2579
-988
-1545
-17404
-5111
-8136
-2381
-12260
2020
-12284
4094
-8172
-6413
-12248
-13048
-1012
-510
-3864
-7685
-15316
-6169
-13276
-5104
32
-4564
-16384
-7176
-16340
11781
-988
-3838
-4052
-5622
-11216
-3309
-5052
277
-12288
-6905
-6112
-2528
-3848
-4591
2104
4593
-4056
-4896
-4084
-14098
-2044
3852
-14104
4330
-4040
-3577
-3052
-2100
-2020
14352
-968
7941
-9144
-281
-13276
-2827
-12060
6162
-6108
-4581
-8164
3579
10280
3830
1052
-1257
-6116
512
-8168
-3314
-7152
-10228
-9168
7235
-5076
4333
-3064
5385
-11173
1017
40
2822
-4080
-1027
-12248
-3095
-8964
-7429
-9180
266
32
3835
-14328
1019
-11252
3324
-3028
-2009
-13300
2056
-8148
-5127
-12248
-293
-16336
-3087
-19436
270
-11208
233
-12276
-3043
-9204
6389
1100
-5104
-3056
5624
-9156
-13304
-13308
5366
-4080
3815
-10188
-7706
-3028
6129
-12256
-1055
-8168
-244
-11256
-4338
3100
8952
-12272
-4336
-8176
-1031
-14316
8738
-5092
-1525
-988
4854
4096
-3048
-6136
-252
-12236
-2783
-13260
-4837
-9184
4663
-17364
-6860
32
-2296
1024
-541
-14292
-2830
1076
-7159
-9180
-1488
-6116
-5660
2068
-1001
-19436
8454
-9200
258
-792
-7699
216
2544
-4040
3582
36
-4359
-13272
-4861
-6096
3829
5164
-3561
-3040
3086
-15328
-3339
-788
-3845
-17380
-496
-3064
9230
-18424
4593
-2828
553
-18396
-8217
-4080
244
-12252
6699
-11216
500
5360
-2034
-14328
1318
-9192
-506
-4088
-3061
-14280
-265
-4080
7946
-10156
-8731
-9196
1076
-4052
-7955
-11228
-5887
-5092
8178
-3012
-17654
-8164
4883
-3056
-3097
-3056
-1803
-4868
10970
-972
-803
-8184
245
-3024
-6635
-5092
275
-2032
-6659
-8108
-12793
-15296
-5123
3140
-6442
-15324
-2309
-5108
-491
1052
-1271
-2044
-265
-5092
-6135
-5104
14587
-10224
-13103
-6140
-9753
-9184
1748
-3048
-8468
-5100
5658
-9172
3054
-3044
-1055
3116
484
-2024
-4643
1044
-4599
-4912
-5363
-12252
5390
-7140
-3097
-19440
1765
-13292
-5347
-7132
554
-6108
-1039
-9148
4108
-17372
2289
-14312
-3073
-20228
-4867
1060
-4874
-8192
1547
-10204
-10781
-14100
3597
-9152
-4326
-14332
-4041
-8140
484
-4060
285
1076
5648
-14280
-3078
1072
1544
-6080
747
4164
10
-6120
-4612
240
-3587
-6920
-7697
-940
7204
-13292
-1259
-5068
-2813
-9176
-2585
10276
-1535
-1988
12791
-7120
-1052
-10216
-2544
-16380
7389
2064
-7426
-3024
-8211
-5100
775
-12212
1537
1036
-5126
-10236
-514
-8168
1533
-9192
281
-13296
-8958
-11012
-751
-7124
1280
-8968
6890
-7944
-9977
-7120
4334
-17321
-6663
-2024
-3580
36
4625
-5100
5099
-988
3082
-2016
5662
-8156
-3629
-10220
-3332
-996
-10990
-7156
2838
9256
-1531
32
3343
-8160
9256
-12236
-10765
-10156
11244
-11236
-2561
-7164
-4593
-15352
-6398
-14284
-770
-12276
4386
1088
-1004
-15120
16142
-11224
3581
-13292
-4871
-1008
10214
-3852
766
-9204
8989
-6120
-4831
-12280
-3556
-9996
8230
-1012
-533
-4040
3043
-8152
1052
-6084
-4854
-17384
-2818
-4068
-6434
-2028
-4629
-4084
-783
-11224
3351
-11252
5617
-5892
4827
-11264
-4596
-5080
244
-3004
747
-7112
-7206
-16364
5642
-4060
-1550
2120
2535
-8168
-1802
-12228
-2550
-13236
4595
-7124
-1029
-3040
2038
-3012
1302
-10212
-6146
-6144
5912
-1812
-5338
-5064
-1556
-8124
-982
-8148
-1826
-1024
12049
-16352
-3838
-5096
1326
-9208
-8686
-3032
3878
-9184
-2797
-2020
-296
-7120
-5874
-3036
621
-8148
6151
-8168
4351
-5056
-9444
-11216
-12031
-7120
-2852
-12240
1307
7196
12044
2088
-1806
-6108
-7666
-4076
520
-2020
-502
-7108
-2105
2072
-6399
-16364
515
-16336
-15609
-3020
-253
-7124
-6444
-9180
521
-2008
-4093
-5092
-542
-14284
-7891
-7136
-2319
-17360
-2029
-16352
8213
-13100
-6163
-1020
6908
4112
-1549
-13244
-1012
-16376
5611
-4072
-9461
-4068
-3579
-11228
-519
-4044
-3567
-17384
4082
-13296
11024
-9184
-5405
-11232
-6631
-9200
8186
-6132
-2297
-6112
2814
-5088
-6153
-4936
3830
-7156
-3616
-19416
-1826
4128
-2296
-8148
-2568
2048
-3011
-6136
5610
-14300
2340
-12048
-5155
-6128
-5426
3076
6661
-19448
-5922
-9196
1821
-10184
2845
-9168
2321
-5060
-4570
-4092
1249
-8160
264
-14312
2307
-7140
1546
1060
-4610
-9164
1297
-5072
2318
-10240
6649
-9212
3081
-6057
-5126
4
10252
-4040
-1037
-4068
-512
-10240
-7436
-12244
251
-9176
5387
36
11005
-12248
8997
-4072
9988
-12256
2831
-980
7164
-12272
2067
-8160
5625
2096
497
-6128
-4884
-15124
8158
-5084
3343
2300
7650
-16348
1768
240
-5
-10224
4618
228
221
-6104
1010
-18408
-3321
-3048
-2074
-11216
-3066
-6140
1287
6396
5340
-7120
-8183
-3844
-16
-9148
4344
-8132
-201
-10228
3324
-15288
2832
-1012
-5628
-7136
766
-1020
-3594
-11220
536
-4080
-2860
1032
1288
-7160
246
-15332
-12515
-15360
4878
-7116
2035
-9196
-3570
244
-7424
-5100
9725
-15352
-2817
-8192
2770
1076
-4854
-11224
-4090
-4088
11
5148
-1556
-13280
4573
4096
-9970
-8964
5640
-4056
8179
-8160
1042
-7132
6936
-17328
-4814
-10232
4344
-20408
1849
-19444
-478
-14292
4073
1088
-2583
-1996
-1046
-4068
2564
-7148
-5380
-4076
7696
-13268
-5886
-11232
2300
12
5918
-8188
4347
-6116
4084
3116
10012
-11216
2067
-3064
3624
-18432
4070
-3064
-3838
1052
-3578
-772
2561
-9188
-1291
-4072
2814
-15320
-2557
8
-10751
-1008
4346
-7136
2541
-2004
-3604
-6092
2555
-7156
2312
-3044
-4624
-5072
-6153
-8184
-2058
-9180
9953
-5080
-506
-15320
-3556
-8180
6390
-11236
4349
40
5392
-968
8171
-1000
4066
-8148
4128
-4036
-2332
-5104
-1312
-3052
745
-10224
-6400
-9176
-6140
-15308
-2336
-6108
2301
-1996
12295
-8984
4581
16
3582
-4060
-5901
-7081
-508
4132
-5339
-6120
-3577
-5064
2282
-9129
7195
-13288
-516
-4092
-1042
-9200
-1491
-5108
1552
-2832
12267
-12157
241
-10188
-4129
-1800
43
-1980
-7425
-4068
1813
-3016
6144
-13268
-4858
-1800
-5650
-3044
-2817
-2024
-7645
1264
4859
1088
-5650
-12228
3861
-6120
2029
-1992
2051
-13288
-7435
-6128
-5673
-12052
-6646
-7124
11033
-3004
2564
-5092
11277
-3032
-4875
-980
3559
-7144
-6162
-6928
1005
-10220
6142
7168
5143
-9164
-6365
-7116
3597
-11252
-11261
-8180
1286
-13276
5369
-7096
-3343
-10228
14
-2028
5876
-2032
-7129
-1012
-9477
-8156
19667
-9196
-4095
-3020
12548
-7132
255
-1004
-2820
24
-7402
-7140
1514
-7940
-1017
-7128
1568
-2012
-8688
-12244
-4109
-16376
8932
-4080
-6874
-11240
4616
-17364
-9496
-14276
-2281
-9144
4324
-12232
-3815
-16376
-3603
-6112
-4088
-17344
-5118
-10200
-3078
-10188
9480
-3064
1760
-10172
-22273
-7132
6644
-12036
-2548
52
-6656
-9156
12286
-13272
-4594
-18424
4331
-6084
3585
-6100
-3574
-9156
-6659
-10204
3365
-6120
7442
-8176
-4861
-16308
-6154
-2028
-5139
1068
-247
-5104
-4360
-14328
4385
-3852
-9737
-15316
5371
-7009
-4904
-3044
-525
-9988
21
-3068
4360
-2004
6420
0
-2319
-9200
-763
-7116
-4894
-5084
5084
-16368
-4594
3092
1792
-7108
7181
-12288
-8204
3084
1023
-4048
-4868
40
-2555
-8168
4352
-9176
754
-5080
-751
-10200
6396
-7156
-5138
-16364
2273
-4876
-10450
-12280
-750
-5080
-224
52
-4864
-11208
-2774
-8964
-4608
-8144
2055
-6132
4349
20
5106
4316
2062
-8160
-759
-4072
6921
-3068
12808
-14316
-4122
3100
16
-3036
2288
5164
3831
-5080
-2843
-13308
4889
-10180
252
-4096
3836
-5120
-2054
-15108
7408
-14316
-1573
-4096
299
-11216
2313
-4068
-4367
-4076
1528
-4052
1813
-15304
1545
-3040
-1567
-19208
265
-8180
3878
-6128
-6617
-980
6420
-6108
1284
-16328
-2028
-772
1533
-6144
2531
-5072
5132
-1000
-282
-5944
-7959
-6092
1024
-988
-11507
-7144
-3037
-3028
9209
-15360
-2064
-8180
-4586
-11252
-2102
-3024
4366
-10220
-7446
-2012
3838
-10208
-1280
-13264
4095
5156
1272
-11220
3071
-14280
3336
-12252
1328
-4088
6115
-6124
6115
-12244
4621
-4060
1550
-4868
-1011
-17368
3827
-6144
4115
-988
-1797
-7140
5620
-7120
1538
-13256
4625
-2004
-3020
-13264
-5120
-5052
-7938
-6948
-7192
-9172
1289
-16360
-1784
-13276
4863
-3044
-3849
-8144
-12019
-4064
-3578
-11224
-5897
-9196
8480
-1832
2055
-2036
11507
-4892
5882
-10208
-3855
-5060
-5098
-9172
-12291
-16380
1803
-4072
14348
-6100
6401
-11228
-3333
-8164
-1324
8
6129
-10184
-5601
-10220
1544
-13300
-4339
-9216
4110
-2032
-8457
-992
-1052
-8124
3083
-11224
9200
-13272
-10795
-11200
1537
-6080
-3050
-15312
8946
-17364
-6644
-5056
-10756
-5080
-6158
-2044
3299
-4048
-4607
-9180
-5366
-14296
-4329
-18368
543
-9188
-13
-2048
3612
-5896
6174
-3008
-3836
-15300
-984
-4060
-6163
-10216
4895
-5084
5382
-4072
1000
-12264
-9240
-2032
-2853
9216
4355
1040
-8189
1240
12062
-5080
10746
-1961
-2094
-14312
1570
-11252
11033
-6116
-2032
-8164
-3849
-8180
-1821
-12248
-277
-14308
4845
2092
7662
1048
2561
-10196
-2041
-13300
10797
1104
2554
-12264
6399
-5088
10496
-8176
281
-968
-2036
-4048
-2789
-6116
10989
-8976
11293
-15308
-2826
-3048
-4078
-8164
3057
-5084
-3052
-12236
-2324
-12036
1014
-6124
4370
4132
-6162
-15336
-1536
-4932
-12271
-6144
6155
-11252
1021
-5088
-9737
7196
773
-7108
12026
232
23
-7120
26059
-16380
5907
3096
-985
-10240
-1572
-1012
1286
-2985
752
-12052
-7408
-11244
-4630
-9164
-750
-1000
5095
-10228
-13306
-8152
-2071
-10192
-4
-3024
3087
-11260
-1500
-10216
-12548
-2036
-1293
-11208
-804
-11240
2567
-8144
7949
-3060
9210
32
2046
-5072
9484
-5068
739
-5092
6636
-5104
-4126
-14312
13593
36
-1271
-7160
-5132
-3048
9998
-16336
8703
-11216
4897
-5112
-8950
4148
4099
1044
-3604
-1016
9753
-9192
-3589
-7168
3354
-5080
-3089
-17388
-6156
-10220
4335
-4076
-2572
-17384
1519
-11212
2589
-6116
-216
-9180
8734
-9204
-1030
-7120
7689
-11236
3817
20792
-755
-12264
1030
-11220
1008
-12048
1788
-15356
549
-10228
-7168
-4092
8165
-4080
3096
-5080
-4348
-5084
-511
-8160
2083
-3040
7120
1040
6911
5124
-8223
-8148
-8422
-8152
4610
-11260
6127
-16332
476
-7096
265
-9172
-2100
-19412
817
-6116
-4112
-4068
3033
-14084
-2322
-14292
-805
-6112
2808
-10228
-13365
-8188
-253
-5104
3624
-9148
-7429
-972
-4838
-13276
6878
-3848
8463
-23260
-1775
-11016
-767
-780
299
-11200
-7931
-12212
1028
-10204
12776
-10220
7676
-9176
7184
-2016
-769
-15352
-4099
3076
5629
-16332
1040
-7092
-11250
-4072
1299
-2004
-8464
44
1514
-6112
543
-14304
-2048
-14252
12297
-4076
-2047
-8140
-9218
-11240
4857
-12264
8224
-6124
-1024
-13288
3319
-8132
-5912
-19412
-7171
-1008
-2617
-4032
2793
-9216
-5432
-9168
2768
-7940
8740
-2024
-7644
-14088
-2310
3112
-2056
-5096
6701
21540
-9717
-16376
6656
-8176
1517
-2032
8426
-15344
-5123
1036
-9276
-4084
4121
-8184
-4076
-8192
-10488
-15284
-1040
-13064
-10689
-8140
4334
-2000
-9459
-9152
7412
-10192
4393
-18424
-1281
-7940
-6394
-9192
770
-7124
3594
-10172
1777
-7168
-4625
-16336
6406
-6104
3077
-4088
-6402
-6116
-1502
1123
6187
-9184
-5396
-9172
3087
-10220
-6141
-10184
-1793
-4096
6667
-8144
7187
-5052
1828
-7124
8184
-9184
-3863
-2008
12054
-3860
-2826
-11208
6901
-9196
2319
-4068
-4868
-8136
3316
28
-9236
-3032
3099
-12260
-1527
-784
2557
-2044
-5345
-16368
2316
-4092
-14379
2068
-5911
-4052
7668
-8140
-545
-11228
6650
-6132
-8159
-8156
-2833
5160
6455
-12280
1052
-10212
11780
-7124
4107
-9176
4841
-6136
4039
-988
2838
-784
-2036
-4080
-5107
3088
16365
-17400
-2757
-11232
6638
-2012
-4351
-8116
11539
-3064
9721
-4096
-4127
-15328
-1018
-4036
-512
3104
-1840
-12256
-3846
-16144
2298
-12232
-8685
87
-9148
-17380
-5604
-9188
7154
-9168
1268
24
6116
3080
-5854
-7148
-507
-5100
10731
-9204
5618
-17380
-266
1064
-3575
7168
-5626
-18416
-6923
-15320
4321
-8168
4858
-2004
-3607
-11244
-260
-13264
-3272
-6112
283
-6072
11488
-9200
250
-14096
-507
-11248
-3067
-9152
-4084
-5080
-4621
-3012
-6889
-5088
-1532
-6080
1811
3136
5625
-15316
-7959
-4080
1574
-988
4089
-14308
4853
-20428
-4374
-8160
1820
-14296
3058
-2028
5128
-12052
7169
-12264
-5613
-3044
9712
-8192
6400
-11264
-3319
-1004
-2816
5140
1814
-5088
2810
-8976
-4378
-3856
4340
-8152
9485
-9192
-1814
-4060
258
-988
4388
-12268
-3874
20
-1789
-8156
-270
-5072
1523
-3044
-6388
-6136
11012
8
1271
-14308
-1290
-8144
-10981
-5064
-3310
1032
-2312
-5084
7407
-13280
-5086
-8140
-7703
-8180
-3083
-8168
9508
-6112
-497
1056
2016
-7952
-10227
-2004
2312
-11228
-503
-6076
5604
-16332
-8425
-5076
-7436
-7061
977
-13256
3840
-8160
-4586
-4044
1760
-16328
5396
-6096
-6943
-14320
-4369
-14332
-10217
-6128
6882
-5112
2835
-5092
3293
-8148
-2083
-8172
1502
-10212
-3592
-5080
4612
-2004
-16908
-13288
-5150
-17384
269
-15328
5662
-14320
-5110
-7120
4621
-9196
4351
3104
10509
44
-6165
44
3569
-8188
774
-6096
5096
-1008
2049
-2028
7932
-12260
-8457
-4876
12043
-11192
8458
-17368
45
-15344
-1527
-3048
9501
-10192
14
-4080
-8201
7172
5864
-7960
5121
52
6156
3100
5333
-10196
4396
-2036
-4596
-4076
2559
-9180
-8969
28
4112
-22248
-1525
-6100
-1288
-8184
-1017
-8180
-4596
8440
-307
-9160
-484
-9192
-6653
-19420
6155
-1988
-6898
-10176
509
-4044
2334
32
8940
-7944
-5135
-7104
-1036
-2016
-530
-12268
-8944
-12256
780
-10216
5837
-10212
1833
-6124
545
-9200
6088
-6128
260
-13276
4843
-3044
987
-6112
-8445
-10216
-4101
-2012
-6944
-12248
5396
-7144
-4608
6160
3355
-17404
5594
-14308
16722
5160
-6647
-11232
5100
-12260
-3575
8216
5868
-14316
3076
-2000
1035
-11232
-486
-3048
-5388
-8168
4376
-772
-796
-9156
-14069
-4056
-2819
-4048
-2276
-1024
254
-6124
1551
40
-3600
-8148
-1520
-7140
-3286
-13260
-3825
-13256
3622
-15348
-2794
-6132
-1020
-11208
-5923
8428
7143
-1800
-757
-2020
-4857
-4040
-2845
-15312
-6665
-14324
-5112
-984
-1557
-9200
-7441
-16328
-12805
-13276
3057
-9196
2065
-10220
-4354
-15296
-8455
-5072
1524
-984
27
-9192
-9716
-1988
4349
-12272
-12047
-4060
1005
-8188
5093
-6128
15632
-11240
2865
-7144
7400
-11252
-5081
-11220
-1808
-11220
3581
-9216
5408
-15352
1015
-6124
4887
-4076
-3057
-6964
8184
2080
-1018
-6100
5609
-15296
5117
-9192
1325
2116
-1789
-8168
-2302
-15344
1541
-8164
-5910
-1796
-27477
-6084
14841
-3052
4347
-3040
-4319
-10236
5661
3084
6676
-16144
2284
-10200
1799
-13280
3360
24
-10263
-2012
-3847
-10196
1019
-3024
-2831
-10172
-4598
-10012
8452
-8144
-532
-8172
2532
-23264
-996
1268
2299
-11016
-240
6396
522
-996
515
-11216
3572
-5084
-529
-7144
510
-9204
-4863
-7120
537
-10208
7408
6196
504
-2012
-3883
-3848
-6911
-6124
-5897
-11216
3603
-5064
-2797
-9184
-2328
5184
-3587
1028
-1535
-7136
514
-8176
-2292
-980
2
-3044
1801
1048
-9988
-6100
6923
-5064
-2083
-4088
-5106
-3056
-2829
-976
1560
-996
-225
-10164
-11738
-12276
-1022
-14304
-1322
-9164
-6626
-1000
3085
8232
787
-9184
2542
-7140
2512
-8152
-7227
-2832
-9727
2080
10474
-21444
-2283
-12264
-768
-5108
-1753
-10164
17
-9204
10495
-2040
3338
52
-503
-3848
-469
-5120
-2820
-8172
-4628
-18388
-3112
-1024
-3849
-10204
2035
-984
1555
-7136
2502
-11252
470
-5080
-1025
-10232
5420
-2000
5589
-10200
-7668
-10196
-4110
-16332
-3090
-18388
4394
-14272
6411
-5116
1565
-7104
-2320
3076
-6679
-3844
-4121
-13280
-2597
-2012
2816
-2044
2811
-9152
-1515
-9204
6905
-26356
10738
-4068
-4321
2068
-1776
-9144
-7148
-14316
5900
-4084
-4603
-15112
5136
-16320
8961
-18380
-1004
-17384
-806
-16352
-4344
-9152
-2584
0
266
-13300
1801
-984
-2056
-5104
-8180
3076
728
-8184
5686
-3024
-2834
-6128
-3577
-6132
-6117
-10192
-1044
-9204
5901
-4084
-2567
-12284
-2337
-5104
4087
-5072
-2539
-4068
8957
-18408
6365
-3060
5114
-10192
7649
-8192
-276
-13280
-3062
7228
-3836
28
-2807
-2024
-4394
-4064
8947
3112
-765
-9208
-7163
-2012
-2823
-8184
-3324
-4056
-254
-10224
-2000
-1796
-2832
-13292
-37
-8180
6898
-4068
505
-7940
5900
-8184
-5920
4104
-13288
-19428
-3304
-4888
-3314
-8184
-3836
-10204
-9723
-4080
-988
-5096
-1015
-18420
-3076
-5092
4878
-4076
-1004
-22240
-781
-4084
3305
-984
1530
-16344
-770
60
-504
-6092
2051
-3848
-3317
3108
9710
-3028
1316
-6928
1806
-14300
-4624
-11256
-2
-8156
-1999
-10224
2528
-8144
11749
2088
-2293
-5104
-260
-3040
1566
-5076
-2864
-4060
-3333
2064
-5882
-8164
2074
-6136
-6887
-6104
11773
16
1070
2076
-7658
-6092
4893
-8168
-6917
-11248
8420
-13072
1283
-13280
-9449
-18412
5088
-14316
-8717
-2820
2595
-9180
5624
-4084
799
4128
3099
2048
6919
-4044
2298
-6124
-752
-7152
530
-7124
-2578
-9216
-9718
-3040
-1528
-2012
5871
-8180
-503
-13264
-9472
-18412
3868
8
-5912
-7124
3
-5112
6911
-7140
4368
-16340
7423
-2008
14859
-5092
2315
-11232
-1034
-964
-6908
-9176
2843
-4080
2558
-9196
9185
1076
-3063
-13276
-4328
-4084
-5854
-11252
-3351
-9156
3623
-6132
9431
44
530
-12264
5598
-4068
-281
-13280
-262
-5112
764
-10220
2065
-11228
1546
-4076
8199
-7136
24
-13276
-3552
-4088
-3818
-9176
-10721
-7140
1270
-10176
-2313
-2012
-5380
-1000
-1529
-8132
7678
-6920
-1321
-11184
3838
-8184
-4611
-2028
9687
-6136
268
-6128
3301
1036
-2341
-21460
-3324
1052
5139
-8156
-2545
-2032
-3354
-14272
-2839
-18388
6928
-15344
-1248
-8168
1826
-3020
-10
-17160
7677
-5084
1538
-6120
6936
-19440
2302
-10220
-1283
-12288
-4871
-11228
-9227
-10184
2560
-8184
-4872
-6072
5388
-1012
-253
-14284
-4645
-18412
2036
7252
31
-12220
4650
-8184
5881
1100
5118
1036
-7142
-14328
-11756
-7944
7928
-4048
2293
-12256
781
36
-753
-14300
5157
4140
5904
-14284
3292
-15316
-271
-7124
-274
-10200
3862
8
1546
-12256
-2070
-13256
3863
-8128
9753
-964
7720
-15316
-8720
-7084
-765
-19388
8993
-8136
751
3140
-276
-9200
-3836
-15304
-252
-9176
5346
-22264
4368
-2012
5126
-1996
3306
-14296
-246
-2844
4102
-8148
-4078
-10208
-1485
-4064
1316
-13276
-771
-15324
-1000
-1808
-6141
-9192
1784
-9992
-798
-6108
4885
-8176
-3317
-13288
-10513
-937
-3060
-5088
450
-2016
7435
2068
-2810
-14324
2573
1028
-1271
-17388
-5130
-3020
-7707
-14328
-6398
-7948
-8705
-3060
-510
-972
3062
-3064
-1050
-3060
1768
-5068
-11529
-9180
3807
36
-1290
-3052
7428
-3016
268
-10208
255
-9180
5620
-3024
-3065
-9156
3844
-2028
5118
-10216
-278
-8152
8701
-9144
10501
-9184
-7672
-12280
3044
-17360
2600
-2028
2829
-16364
221
-6088
4604
-2032
-529
-6920
40
-16328
5114
-6140
-4351
-15304
-4368
-11204
10204
-5896
2314
-15316
-3317
-9188
-3055
-7144
4643
-11224
8935
-4884
-253
-3024
3053
-12264
745
-2004
-12319
-12044
8669
-6132
-4639
-15108
-8944
-11232
214
-6112
-16399
-4092
5910
-7156
-11036
-9992
-11
12
-1793
25584
8216
-8156
8968
-7164
-12031
-5112
2036
-13304
2341
-6932
-1757
-18404
249
-13544
-9975
-14316
5336
-9164
-5370
-12244
-255
-13252
12548
2060
3054
-15312
-2547
-6072
1026
-8148
-4555
-10176
-1264
-8156
-1748
-6108
-251
-18368
-1025
-5080
-745
-12216
-7689
-10212
5631
-6140
502
-8160
4311
1028
-477
-10204
1017
-19420
14078
-8105
-3617
-3044
-3869
-22244
-3095
-7148
2823
-13228
-3571
-11236
3322
-4880
-5617
-6112
4354
-10208
-8974
-4096
-1540
-3044
-1297
-10200
-7450
-5112
-4575
-5060
4854
-7156
-517
-7168
5889
-5896
6915
-1796
-3063
-11220
1536
-13260
6665
-10208
9219
-20420
5628
-5064
9488
-9196
1292
-10208
-10238
-13060
-8446
-11232
3083
-2020
9204
-10220
8688
-15328
-990
-10236
-3314
-5104
2340
2100
3058
-11236
6638
-9200
2571
-15356
-5382
-3056
-8463
-3044
-744
-11244
4626
-15112
1536
-6116
-763
-11220
4866
-12048
18
-7116
1536
-5088
-4106
40
-7642
-7160
5629
-13288
-6924
-15360
-3346
-3044
770
-7108
-2795
-9188
6428
-11236
-7679
-10224
6382
4340
3583
-6068
-7678
-7140
4114
-19428
-1021
-7132
1023
-2004
1529
-15296
-781
-6112
-4556
-13260
1541
-8156
-1813
-9160
-12281
-11216
-10761
-6104
-7448
-984
1810
-11224
-7168
-13260
-5643
-13272
4
-14288
3800
-13248
4106
-18420
2047
-14316
2064
-6920
-12012
-3044
2844
-6920
6137
-9196
-2587
-3020
6150
-3036
-1567
15384
-6614
-6120
4121
-1012
513
-12260
-3076
-7120
3838
-10184
1797
-6108
3599
-8164
-2809
-6104
1800
-5068
-3817
-5092
5591
-4020
3343
-16384
-2775
-1016
-3811
-9192
-4627
-16348
-6445
-984
6408
-8124
1252
-6128
5416
-14332
6120
-12268
-2542
-9188
4839
-11244
513
-12288
6152
-5080
4379
-3072
3306
-4020
-8440
-16352
1027
-2024
-3068
-10149
1842
-4064
6918
-5092
-261
-12268
-3315
1272
15333
-15320
4083
-9172
-3850
-7112
6418
-8172
2299
-1984
-531
-7148
-779
-11192
4620
-13252
6148
-10188
254
-10156
2812
-4064
-1500
-1996
-1036
-10232
-5661
-14328
1520
-4084
3590
-12060
-518
-5060
3832
-8128
-5641
-9184
6186
-5060
3603
-8172
12021
-1024
2830
-5068
-788
-10224
2828
-5080
265
-12252
-2045
-9188
-7178
-22216
3583
-13292
4362
-13292
757
-17372
5091
-3024
2812
-4076
-3348
-8176
2064
-7128
7418
-5112
6180
-8160
-7411
-2836
3625
-7160
-7156
3084
-1796
-10220
-9718
-11264
4360
-3028
4841
-8152
-7422
-4880
-2073
-3024
-3811
-12236
-5650
-6116
-6183
-15336
2552
-16356
242
-3064
-1299
-4052
2325
9240
-3043
-8176
-1797
-9192
752
-12280
3826
-16356
3616
-15320
-6077
-968
-38
-15316
780
-9156
10732
-3052
3066
-14288
-6939
-7956
-255
2060
3609
-14280
5394
-12280
-10751
-5096
6138
-5120
3572
-11252
-2284
-8164
-3568
-17388
-3072
-2008
490
4120
-10251
-964
4330
-7116
-6
-11264
6154
-1020
-5393
32
-2567
2080
-3345
-14320
-4096
-12252
-4597
-9188
-6632
-6092
9495
-7120
5382
1256
1547
-11244
24
-13292
-1056
-3052
2287
-6932
-6886
-10240
10222
-8972
-1259
1052
12071
-9180
3055
-7120
13587
-8148
7973
-4080
7946
-6092
-6705
-18412
2557
-7944
-2318
-6108
2016
-17156
279
4344
9749
-10216
-17
-8172
-760
-7132
3089
4128
-3602
-3024
9498
-16360
-2310
-5096
-8442
-952
5649
-2044
-4639
-9164
7704
-12248
-2322
-12268
-8488
-8636
-788
-6072
5406
-7144
-501
-7168
-8963
-15352
2858
-10204
-1556
-11252
-1291
-13280
-5641
-8128
-479
-8156
-5403
252
814
-4052
8204
-12264
-7160
-15328
4360
-3056
-6944
-5056
10287
-14284
-1549
-3032
-4617
-3072
-7398
-9188
3803
-4048
-5861
-7136
-4377
-10204
-10495
-8164
-513
7196
12566
-15340
-8704
-4868
-7417
-10168
3589
-15124
11510
-10236
-3031
-22224
-9225
-9196
-4055
-7112
1759
-10228
10199
-6104
-6206
248
6356
-1992
-10999
-13228
10763
-2000
-4855
-992
242
-3993
-4598
2068
-7170
-10184
5375
-7144
3016
-14304
-5137
1064
6906
-2008
-7686
-12272
-6897
-14304
-8450
-11204
3561
-8160
-11541
-7140
5347
-5080
-4594
1052
-2803
-6124
12545
-4088
-1764
-4872
6923
-2036
-3590
-10240
-3509
-16372
-4612
-3056
-1805
-7100
-2792
-5096
6913
-7940
4393
-6092
-7169
-12280
3054
-18392
803
-24316
2544
-9180
5145
-20464
-1286
-7124
-8169
-6124
-1540
-10208
1512
-7132
7421
-17352
-4091
-2000
9492
-1020
7154
-10200
-2042
-13264
-4580
-4080
-228
-3048
-5888
-7148
4562
-996
524
-12248
8442
-6108
-3558
4120
-4346
-7140
1262
-6116
-6131
-8164
10235
-11220
-485
-8144
-1746
6184
-6627
-10212
-15
-16340
2541
32
4339
-5072
274
-8156
-6929
8
-7168
-10180
791
-13300
9748
-5096
516
-6072
-1027
-992
12809
-11260
2573
-5096
8188
-3040
-998
-3048
11746
-2040
-1814
-6108
513
-7140
-4089
-3056
5641
-7100
1549
-5060
6653
-4044
6921
-3036
6889
-7124
-6464
-9180
3581
-12264
1507
-6116
783
-5088
-1271
-4064
4336
-12248
3382
-13272
-7696
-10204
2285
-5052
-2303
-1800
1011
-5112
264
-16136
4581
-10220
276
-4052
4841
1060
-7174
-10232
8194
-9164
-5382
-1008
1288
-5084
-3099
3159
-2572
-7148
4868
3092
1048
-11260
-4343
-5076
11775
8
-749
-9192
7414
-3064
14
-5900
5109
-12260
6642
-13300
6111
5124
-2607
-4072
-9735
-14308
2541
-9192
1767
-4092
1547
-3040
-3073
-30436
-1522
-8172
-6651
-14300
2840
-13256
2557
-15276
-8417
1084
9723
-11224
-10507
-2040
-534
-14336
2813
-16332
3616
-8152
-748
-14300
-9942
-11260
-3002
-2000
-5871
2088
-1018
-21484
-1274
8240
-1060
-6084
5370
-11012
-3572
-8168
-1519
-7148
7173
-12228
-2083
4144
-5348
-10232
8959
11288
-4887
44
8196
-12228
1266
-15304
-1292
-8172
1526
-4068
-7436
-8156
-264
-12272
-6931
-12240
-808
-4068
1548
-15288
-6925
-12252
3111
-14088
-6917
-8164
10760
-2012
9971
-9184
-12
2300
-5164
-11232
2582
-16336
-6157
-976
4293
-7124
766
-4072
-1550
-9184
6674
-3032
6409
-8976
5117
-1016
2580
-16380
-30
-6120
785
-14280
-6635
-8148
11030
-15112
10479
-7140
-5358
