28
-1575
-10208
5361
-9176
1563
5156
2306
-3016
-776
-10216
-2559
-15328
-260
1268
-2288
-7124
12069
48
3817
-6116
5854
-2832
-9695
-14280
1025
-12248
-2832
-13248
-18967
-7136
1027
-18184
-8482
-972
1562
-8164
10229
-2032
1256
-12260
-6136
-4032
-4837
-6104
8688
-5076
-3836
-13060
-1038
-16336
5918
-9144
753
-11236
-6144
-9180
7923
-2044
-2084
-20476
3099
-8148
-1059
-12216
-8184
-20444
-262
-8160
5899
-11228
4365
-10188
-4856
-7148
1020
-7164
6138
-8164
4082
-4044
1032
-14328
6396
-5092
-6646
-10232
-3825
-15120
3607
-6144
-1766
-13264
4042
-15296
1826
-7152
-1785
-9212
11252
-10200
8177
-10172
-6135
-6096
-6615
-16132
-3875
-8160
3079
-1988
261
-2024
13821
-1957
248
-2036
16376
-7152
-3612
-2024
-9711
-8172
8977
-7100
3813
-11224
-33
-11232
-4116
-4064
535
-16364
2822
-11212
-5136
-3004
-2041
-5892
9476
-6128
257
-9176
-2049
-996
-1289
-15120
8692
-5900
-1028
-6136
9747
-10232
-257
-1004
506
-13205
-2035
-8140
-12344
-6080
0
2292
-5181
-6128
2805
-21436
1760
-4072
262
36
1278
-8180
-14065
2092
15613
-11244
-13562
-7136
1492
-10228
-2808
-15352
2035
-11256
3317
17408
265
-13300
248
-5068
-7378
-8128
1286
-6096
1319
-5116
-522
-9204
-16
-1016
-1745
-14316
-4621
-1992
3328
-3028
8704
-2040
12825
-15332
4101
-12260
-8203
-19416
-512
-7168
2047
-10192
-5381
-7132
-4059
-6100
-1525
8444
-2342
-2000
-1571
-6120
757
-11196
-10
-2028
-7417
-8144
-4872
-10172
1813
-8152
-3585
-5072
5365
-3060
-1763
-3048
-9758
6168
3823
-8188
-4600
-7144
6657
-16372
241
-1984
-6111
-4872
-1040
44
-4355
-6136
-1510
-9196
5872
-6132
-261
-6108
4371
-9160
-273
-11240
274
-8148
5861
-3044
1327
-2020
5081
-4068
-5351
1100
-16
-2004
2572
-772
-10263
-5100
-6898
-11248
241
-6088
778
-11220
-788
48
-9731
-15356
3047
-6100
15128
-6096
-6893
-16372
-2584
-8160
2543
-15328
3057
-4032
5350
-12232
-5896
-12248
4609
-15336
-10494
-4060
4131
-10224
-520
-11208
301
-10236
6129
-8160
-6936
-5112
9436
-14292
10267
-7136
-5874
-3848
22
-8968
-3567
-4044
786
-20428
9957
-11177
-1031
-11220
2581
-8180
-762
-16348
8421
76
-5140
-4052
-10472
-16356
541
-15292
-256
-10220
-7161
-3072
-4592
-2032
5871
-11224
1804
-1000
-509
-7164
4589
-6140
-1030
-10228
481
-4044
-4871
-9164
-6152
-8968
9998
-944
3858
-6128
8194
-10192
261
-9152
-263
-16320
-9989
-976
-2082
-15320
-4857
1044
2541
-10196
4398
1048
4642
-5084
4084
-8156
-8978
-4036
2024
-12232
3626
-10224
-267
3136
2540
-2000
-3590
-2012
-13853
-6120
1069
-15352
2808
-12264
5627
2060
5132
-18376
-4664
-7128
-1280
-10200
517
-4048
-4624
72
-5102
-11252
3566
-7132
3336
-7148
7417
-11216
11
-12248
3094
-6112
-1247
-8152
-277
2052
2303
-15304
2548
-11208
-770
-984
-1794
-7140
7178
-8120
9196
-9204
-737
-12228
2043
1036
3308
-4888
17671
-5120
-449
-11232
258
-11228
-502
-956
-7656
-15308
-4888
-2020
-1789
-1016
-1042
-8144
1281
4120
-500
-7160
-8205
-16340
10485
19468
-3844
-17376
-8683
-992
7676
-4068
8179
-2020
-4618
4
2520
-9176
-235
-4072
-2555
-9176
7159
-10192
2289
-13264
-6721
-9148
-7217
-14328
3860
-996
4627
-2004
-4855
-13304
5358
-7948
-4116
1080
5120
52
2791
-5084
-4379
-3044
2560
-14292
-7149
-5100
-3286
-9160
9481
-4076
528
-3036
-4833
-9172
-3560
-7124
3303
-21460
6877
-10224
-8937
-13288
-243
-11212
4055
-8144
-2572
-9192
-3308
-10012
9749
-13288
8936
-13260
-5152
-16344
1045
-10196
5365
-7132
-2052
-19428
-11009
3132
-7960
-7116
-296
-4060
3084
-7160
-8919
-2000
-2577
2088
-6153
-1008
6668
-16332
-797
-16336
3100
3320
-2527
-5100
7929
-15292
8939
-7096
-11290
48
-3044
-10236
1537
-14304
-2042
-12244
1018
-13292
14074
-6124
5134
-3040
6431
-19412
7949
-6092
-508
-3044
1533
-2032
5399
1040
-3870
52
6680
-10184
1285
-13080
3357
-1008
-3054
-3852
3061
-9208
-1004
-23260
2012
-3060
-8993
-2036
-523
1048
5615
-10164
-4591
-8160
3884
-15316
5886
2076
9461
-7132
-5840
-8160
-2320
-6080
-5385
-11248
-8193
3124
-4110
-21436
-2017
-2016
-2049
1040
-10771
-10220
-5356
-4088
3566
-11220
2314
-11200
-1512
-3032
-2823
-5068
-2573
5168
-497
-6120
-5138
-13304
9998
-10008
5904
-13300
1540
-6112
-11978
-6112
10490
-7124
7423
-5100
-1784
12
1021
-10212
6143
-4064
3330
-14308
2068
-2036
-1047
-14256
-10488
-7952
6108
-12276
6915
-2040
-6707
-13280
-995
-11032
10481
-980
-6885
-9176
1528
-952
-496
-4064
1778
-4024
-1296
-12276
-7912
-6092
246
-12260
1008
-21476
-1266
-15316
-6666
-11260
-3845
-9176
-3598
-3048
-33
-1004
-1030
-5072
6423
2068
-4860
-6088
4343
-9136
-7702
-21468
-273
-4032
776
1084
8454
-3044
-2285
-1012
6632
-2028
-2067
-3012
-1759
-2028
8171
-19436
-492
-4060
-2036
-13304
-5125
-10236
9501
3124
502
4124
-5361
-4096
790
-15332
2055
-984
-2253
-7160
-6154
-7140
13091
11552
10494
-6108
-11241
-6128
4585
-10224
1258
-3028
-1265
-7128
-1801
-4072
-3790
-4872
-2841
-10236
-546
-19212
-4374
1024
-10774
-4072
2818
-15336
464
1068
-2273
-15308
-4892
-12252
-980
-15344
3593
-9212
-3322
-3048
6656
-2820
-7424
-10224
9463
-772
-5129
-12264
2342
-10208
-268
-6076
-1312
-8156
5386
32
-496
-7940
2316
-18380
-6643
-972
1322
-2048
7909
-10228
-3066
-18188
-7419
-13264
4354
-10232
2838
-10196
-3325
-5096
2330
-6116
-3312
-12280
-4370
-6076
33
-12276
6659
-4876
4874
-7156
272
-13284
3860
-11196
-4606
60
-556
-4052
-2521
-17384
4367
-17364
-1795
-16148
9743
-10216
2044
-4900
303
-4064
-4140
-16328
-2274
-12252
5382
-4060
-1511
-9188
2800
-11236
-5098
-9184
-5128
-5084
3826
-11208
-7214
5120
1292
-3040
-2317
-984
-8159
-5100
6099
-5080
-8445
28
1550
-13260
2567
-7128
-11284
-8176
5638
-4044
8476
-2032
-10465
-5108
5643
-4056
-4352
-980
-5618
-11236
2042
-9184
3807
2132
-763
-17156
-2038
32
4082
-1000
1021
-5092
271
-12240
8472
-11240
-4374
-4092
763
-1008
267
-8184
4825
-7144
501
-3028
-2050
-13252
7432
-9180
4866
-4868
1294
1048
-990
-10188
5658
2080
5875
5144
2536
-10224
6936
-14292
-3322
-6100
-1285
-984
6151
-4044
-4377
-11220
7701
-4064
-7186
-4040
-8447
-4084
-4623
-7140
-10236
-20456
1031
-6928
3078
-5100
7161
-16344
-3325
-3016
-751
-12284
12330
-7144
4874
-5120
-1281
-3024
-6181
-6144
754
2092
508
-13252
9977
-3040
-211
-5072
3049
-4028
4855
-2012
-5105
-5092
-4580
-1957
4087
-7140
-4590
-11228
-732
28
4355
-13068
-2028
6176
3080
-12276
-794
-7148
-527
-10232
9448
-9172
-5117
-7116
1265
-6128
3327
-5064
7453
-6088
3599
-2996
-1306
-16336
763
-9184
765
-4068
3842
-11224
1290
-11248
-2773
48
6405
-804
4120
-15304
10208
-8168
-243
-14320
-747
-13272
-530
-4876
2266
-9184
6905
-4092
-1545
-5076
1550
-5896
255
-16148
-1759
-13292
2290
-1020
-2590
-9200
-3289
-23296
1521
1064
-2309
-10188
8942
-11204
4103
-8152
4358
-1000
1530
-5108
-4088
-10176
-3049
-9204
8438
-9180
9735
-13244
-13039
-3072
6679
-2028
3850
-15316
-3636
-4084
-1259
2076
4380
-6104
1003
-6092
-4315
-10212
12524
-3064
-9245
-15328
-7661
-14324
5892
-9164
4353
-9144
-503
-17352
-10770
1084
-463
-8176
6101
-20420
1537
24
-13
-2016
12324
-13272
498
-3044
-8991
-10228
7454
-15320
-9721
-10220
12559
-15356
11523
-9208
-3829
-1016
2322
-2000
-10982
-7136
-28270
-12252
-1576
-10204
-793
-10216
4391
-8188
3293
-14312
-3574
-8156
2548
-6116
9210
-988
2608
-6096
-2553
-12064
3844
-13256
-12295
-27356
2312
-3008
8748
-9196
762
-12240
2822
-7128
-2333
-11232
5367
2060
3035
-13308
-2069
-7132
1793
-5104
-8919
-6120
9730
-10200
-2592
-11212
-768
-4052
-14600
-8184
-1297
12
-4608
-13296
-7183
-7168
-3564
-13276
9480
-17388
244
20
-5159
3104
-4111
-16356
-3858
-7156
-5367
-2008
-3846
-6132
8167
-5116
-3349
-12244
2033
-2004
-3330
7172
2338
-10180
-3609
-7120
-4099
-4052
1762
-1992
3078
3084
-6370
-8172
8220
-15316
6122
-6124
785
-11236
8960
2060
3575
-7124
3827
-14332
-4348
-9212
-785
-4044
1275
-1024
-288
-2036
-8705
-2820
3576
2056
537
-1800
2578
-6132
8703
-5076
-6903
-7112
5136
-6100
-5865
-12260
-3563
-5900
-3368
-9172
-4883
-6128
-2797
-15316
4331
-6096
6412
-2004
511
2296
14330
1108
-6402
-11252
10724
-5100
-6098
-5912
5613
-5100
8955
-1000
-2525
-13308
-6370
-8148
791
-1808
2538
-15304
-4640
-20476
1021
2084
-1266
-9192
-2864
-7120
8466
-2820
-12572
-16368
-2787
-11228
-3087
-2020
-2570
-11264
8745
4
-1316
7196
-3329
-10192
-5345
-13272
7413
-8160
6381
-10220
2589
-10232
-1281
-17344
9001
-13292
2819
-7112
-796
-7144
5913
-18380
-4332
-5100
-12847
-5112
-11318
-2032
-7689
-10196
-531
-4036
6933
-11232
-6146
-7128
5397
-12272
-1791
-2032
5920
-8144
2801
-13304
6669
-7092
-2
-5096
-1013
-4076
-2280
-7100
-6139
-3060
-4865
2108
-4061
-10212
-10269
-2040
-1263
-14088
-3063
3096
11279
-11248
-2055
1076
2034
-12260
5105
-7956
-9975
-7140
3854
-15269
4090
-4044
-4594
-9188
9469
-5108
-7402
-8124
1539
-5084
9443
-5064
4120
-13268
-5087
-4064
15343
-2048
-14
-5092
-3566
-5088
5395
-9184
7202
-1016
-8687
-13296
3612
-12264
3832
-5120
261
-11220
4069
4140
-4066
-2032
2300
-12244
4083
-11248
-7440
-8188
-2596
-4072
4372
-8188
-2298
-1008
5395
-9192
2823
-9168
12024
-972
-5882
-3020
1792
-8192
258
3156
-8162
-14324
-3324
-14316
-6903
-4060
-4852
-9176
-8696
-5896
4603
-13296
1582
-3048
1502
-5904
10019
-10204
5897
-4888
5118
-7160
-2769
-8168
7892
1032
-2317
1060
5646
-11260
1757
-7164
-5889
-10000
-1817
-18380
1809
-6136
-8980
-16360
-1564
-9156
-5907
-7160
-4364
-10216
-1012
-3032
7423
1032
4106
-8136
-8976
-20452
-3837
-2000
4079
-7104
261
-8140
4363
-4056
506
-16132
-2283
1052
5099
-1000
-4087
-10224
2760
1076
-2821
-4040
2808
-8172
-2029
-11212
-509
-4052
-14849
-6072
-7383
2088
3587
-5080
-1546
-13292
-10268
-9188
515
-4068
286
-16144
-5405
-11248
-10739
-3844
-2027
-6124
10734
-7136
9
244
3302
248
-1540
-7956
-6659
-14304
6890
-11240
-12053
-11216
5890
-11260
-2792
-8132
-4089
-3020
-8684
-20432
2069
16
12550
8216
4333
-12048
-7628
-5092
3311
-5064
-9240
-8140
-2589
48
-1499
3132
-5632
1080
525
-3848
5625
-7100
2795
-10240
2304
-4084
-2551
-4872
6390
5144
1547
-1964
-3332
-9188
-11535
-2016
-3886
-4060
-7670
-6128
3071
-9196
3355
-10200
-2832
-6112
-8729
4336
10998
-15336
4338
3132
1536
16
3804
-3060
2813
-4056
7440
-14304
-2057
-5072
-2008
1068
2591
-8132
-3579
-10196
8472
-14284
10487
-15340
1517
1068
-2794
-2028
-4829
2080
-2578
-6076
2545
-7112
7447
3104
1483
-4872
-3068
-9168
3088
-8144
4575
-9212
-1295
4140
1315
-6116
-1003
-6140
-285
-6132
4841
-8192
748
-13272
-1278
-4068
4343
-7132
-4617
24
8995
-11220
-4064
-10196
298
-9184
-4834
-12276
-19
-12236
-1052
-10160
-4834
-6092
14332
-4044
-2552
-6940
-1021
-12236
3830
-4088
0
8
-2107
-9188
-1043
-12036
-1318
-7952
218
-9192
4878
-3036
4096
-6096
3537
-7124
-215
2080
-2562
-996
6140
-15348
4886
-1836
-27
-1012
1792
24
-771
-3060
6124
-4044
1795
-5108
-263
-11204
-7969
-5892
264
-3068
4862
-7136
-2559
-8968
1826
-12264
494
-4052
-10001
-12252
6157
-11216
-3595
-4092
-3085
-8180
-4070
-6092
4597
-17388
-3610
-2840
-1011
-10208
-2036
-7140
226
-15112
8728
6160
7189
-11208
-9219
-9168
-1297
-18420
519
-9196
3615
-7128
4359
-7132
-9449
-17380
2836
1056
246
-7148
2800
-3848
-8161
-3064
5913
-14292
-3075
-7104
10278
-11224
-6166
-4084
1260
-3048
-14071
-6144
3561
-15320
3341
-6128
-5915
3112
-2306
-8132
3863
-2000
-7691
-11240
3326
-13288
8969
-5104
-516
-11252
-2074
-7136
-2312
-5080
-2801
-9160
-22
-1992
10754
-6092
7420
-12272
-3814
-19440
-5606
4128
-6390
-11216
753
-992
-239
-13308
8696
-6068
-4062
5200
-4339
-8156
-1072
-8184
251
-13292
1559
-2024
3321
-12228
8924
-7132
-755
-13264
-751
1036
7733
4
495
-12048
2027
3072
3370
-7120
220
-6092
-6917
-9180
-4088
-1004
1583
-7940
7137
-4092
5130
-15328
-775
-14096
5912
-14312
-1786
-10220
1810
-10172
7686
-11180
5100
-5900
6139
-2036
8220
-2012
6155
-5096
7138
-4064
-3050
-11204
4064
8
-2047
-7120
-5640
-6076
4582
-6092
-6118
-8168
-3361
-6108
1034
-9212
-3627
-13296
-5140
-16348
-1035
-7132
-1007
-3032
759
-988
-3565
-15352
3851
-6096
8701
-11224
5371
-2004
-7717
-12288
11268
-15348
4620
-17408
2055
-6092
243
-18396
-1308
-9200
-1527
-10200
12783
-5072
5129
-8180
2585
-9164
5335
-7132
-2596
-19432
2270
-14304
-1546
8212
4860
-16352
479
-16324
-4580
-11200
8195
-11200
-5882
-13272
13537
-20464
8023
-5112
-219
-976
-1261
-9164
-3612
-15328
9248
-13276
-1788
-1796
-9993
-5112
5120
-11228
6437
12
6398
4108
-6133
-13256
-4856
1032
745
-9172
2069
-10164
4069
-13256
3604
-13292
6911
-5080
-9230
-4052
-475
-14292
4830
-7112
-7663
-13076
-4102
-5080
10777
-9212
-3284
-6144
-3299
-6096
2846
40
-11979
-21472
-8474
-10196
-1283
-7156
510
-10192
4855
-13292
6686
-15336
3303
-12268
-2569
-12260
2069
6188
1840
-6104
8175
-11236
10532
-2020
-7390
-1804
5147
-5092
-11806
-10153
-4592
6368
3575
-13280
-6114
-6084
4622
-6928
-4088
-3004
-3859
-6136
-5360
44
8198
-3036
12268
1068
783
-7132
506
-8176
-4593
-13064
-7684
-10216
256
-9176
1800
-7156
1025
-8176
-6905
-18388
-3333
1024
569
-9192
3316
8
5660
-6080
-4638
-19440
-4871
-7168
14076
-12252
2304
-2044
1515
0
3319
-1000
4365
-10196
-4587
-8176
9490
-11204
272
-1020
5394
-15304
-2518
-10220
-8206
-3020
9190
-2036
6376
-5116
4124
-5080
10493
-9212
4602
2064
-5648
-3032
242
-4064
1794
1052
-12
-14272
2556
-8180
1801
-8132
3324
-8188
-7910
-9216
504
-4092
8693
4116
2046
-9188
-3596
-10220
-1041
-4044
-6165
-18408
-757
-8144
3076
2064
-1802
-13296
-2825
-15320
-4132
-8972
8012
52
-5115
-6084
-4854
-9208
30
-11236
-4824
-9208
3055
-2016
-781
-10164
-4877
-17372
1494
-4056
-16094
-14308
6952
-18388
1549
-19444
2794
-7148
-5359
-14324
7968
-15340
-1790
-3052
-6142
-8176
-11780
-13256
270
-12228
5363
-9216
-1041
-14324
1290
-16328
-5850
-7156
6608
-7136
-489
-9196
-1252
-12256
-6426
-17380
-2351
-6944
-11518
-3072
-2316
-11248
7676
-7140
7681
-11228
3584
-14284
-12280
-13300
3063
-2012
7662
-20432
-3860
-12276
-1305
-17168
2034
-8144
-10246
-11244
-3582
-13280
-4375
-11216
12305
-7140
-228
-10208
508
-7132
731
-6104
-2520
6152
3574
-7112
-8437
-11236
7939
-996
-10287
10264
1313
-4888
8182
-5052
-6920
-15320
-7942
5156
2309
-12264
-1579
-6092
-2498
4144
-4098
-5088
-233
-940
-2541
-12220
-1797
-6068
12569
-7120
3823
-6928
-751
-9140
-5640
-12268
-790
-3048
-9464
-16364
1517
6148
507
-8176
784
-11224
-1568
-3036
-723
-8984
9463
-10196
4658
-12240
2541
-7948
-7443
-988
2567
-12256
6126
-11224
13859
-7140
535
10244
2076
-10204
3572
-11248
3857
-964
-522
-16340
-9196
-14260
-4366
1040
-8934
3136
-8736
-13284
-2284
-9176
-3304
-12232
783
-9192
-507
-5076
-1317
-7108
-2799
-11244
3832
-6092
497
-6916
4603
-4076
1027
-12212
-3070
-9992
-5877
-7168
2584
3096
-5870
-7128
1001
-6100
2060
-8160
4379
2080
16657
-8148
3066
-9180
-6401
-14304
-2521
-13280
2817
-3040
7460
-4072
-4342
-6096
-4605
-5892
-1016
-9176
1015
-5060
-6416
-8980
4616
-5056
-1303
-6088
-5374
-15340
-8710
-16364
800
-9168
807
-17384
2332
-7148
5580
-23260
9695
-5056
-7201
-4080
2034
-14328
6411
-8152
1298
-12272
-2280
-13272
5131
-10204
2027
-11232
-8950
-12228
6129
-23252
-7930
-21488
-6683
-4896
-6115
-6128
2297
32
759
-972
4080
-11244
-6363
-8164
1000
-6136
10043
1044
-1020
-10212
-4381
-9192
-6672
-14276
5856
-9172
-1538
-1024
2093
-18384
-5916
-5080
-3580
-9192
2539
-16328
21
-12224
5616
-14292
2810
-8168
2321
-5096
4381
-12260
8727
-1016
-5620
-9129
-9989
1068
-701
-18424
1021
-16332
748
-11188
498
-2836
7422
-12036
6933
2084
3335
-8176
-4851
-9196
-1765
-7144
6655
-13244
-996
-4084
8945
-8148
-8464
-7120
-7173
-14252
8717
-5100
-3098
-6140
3568
-10016
-4360
-8184
3593
28
6196
-15288
-3855
5148
3855
56
6895
-5100
4104
-11248
3861
-4084
785
2084
-6407
1056
-6922
-15300
10220
-7156
-2046
-10172
252
-10204
6916
-3008
3082
-7140
3095
-10208
2090
-17356
-8974
-4076
3525
-4064
3823
5364
-5888
-4056
15378
-3064
-5360
-5072
7427
2060
8439
-10228
-766
-16312
6671
-10200
-7952
-10212
-5388
-796
3057
7180
4895
-3024
-3050
-2040
-5641
-11145
-1808
-19436
-775
-7128
-4115
-12252
-1535
-10232
2304
-3068
7963
-7164
-1812
-14260
-5144
-16336
-4629
-9200
3867
-7972
4105
36
-6905
9240
4330
-9988
-13616
-11216
-2058
-5104
-7182
-7156
7680
-8148
4120
1252
3323
-11020
4076
-3036
-4614
-20416
-3305
-7096
12789
-10240
-997
-996
-1541
-10208
-7687
-8148
-10245
-16352
5362
-5064
11756
28
-11302
2064
497
-12280
-12801
-15128
-1022
-7136
2598
-4032
-2314
-3012
-14
6188
2557
-7164
-7159
-8168
1022
-10196
18
-11208
13559
1024
8455
-22248
-2311
-7156
3832
-1012
-7430
-7144
5611
-4052
2810
-13284
-4638
-12272
-12283
-1012
-6161
12
-3608
-3048
-6401
-14276
7661
-11220
-6136
-8176
3614
-8180
-8965
-7168
3889
-12244
11504
-19388
-3831
-1008
-6424
-2008
2832
-8152
2282
-10220
-768
-4072
-5401
-3008
5609
-19436
-1039
28
-9964
-992
-2818
-7948
4844
-2016
-7124
-2000
-548
2060
-752
-7104
-1020
-12276
-12041
-4076
8445
-4052
-4315
-10216
3286
-5092
1280
-9180
3089
-7124
6633
-1012
-4613
-6112
-12241
-5072
2303
-11252
4360
1048
-12049
-5108
5359
-2020
9198
-9208
2315
-992
-3546
-7120
4628
-12264
4860
-5068
7705
-7164
-9757
-11016
-2303
-6108
1299
-4044
-7451
-15340
9748
-16348
-11270
-5896
2559
-4032
-1817
-5080
-1263
-19428
-3582
-13260
2817
-3044
-10505
-8180
1552
-8156
-1025
-7168
1782
-9196
-9225
-6140
747
-15316
5397
-10224
2546
-9208
-8915
-9160
3847
6208
7685
-9168
-1022
-7140
-4129
-9180
2569
-10208
-3571
-19408
6392
-12240
-3835
1096
-3117
20
4589
-6096
-2278
-8168
216
-5892
1242
-6132
5676
-13272
765
-3048
5628
-2020
2837
-2008
-5111
-972
-255
-11256
-6381
-14296
-2081
2296
-5373
-7124
-7164
3088
246
-11228
-1013
-1008
-3067
-3028
6134
-7160
-4663
-7152
-10529
-3032
-525
28
7684
-6080
-3320
-2020
5393
28
3086
-9152
7182
1072
788
-13272
-6141
-5088
-2590
-8164
-9977
-6084
-5652
-8184
-1062
-9156
3066
1032
-16393
-12260
-237
-1984
2842
-13292
2552
-8192
2606
-972
507
-8164
5926
-1012
1033
-10196
-10780
-4040
7689
-10212
5378
-9196
-1049
-24312
4860
1036
5644
-3060
-11273
7196
10261
-10220
11280
-11260
-1017
-14312
-4081
2056
-1273
-13268
3315
40
-15122
-9093
-3822
-8164
6682
-3072
-6916
-14320
-6928
-20476
-5636
-18200
3335
-7156
-3601
-4068
-1250
-6928
1025
3124
1767
-6076
-3610
-9188
-10223
4124
3573
-5092
2254
-10196
-3610
-2824
7382
-12268
2315
-16360
2810
-1012
4866
-4064
-4100
-4056
3058
-11232
-11226
-9176
5354
-3844
31
-5904
-2563
-2032
6903
-9216
-5394
-2028
-760
-7108
17656
-3008
-3353
-19404
-3069
-8148
2029
-4048
-10020
-11056
-7917
-10016
-5135
-12264
2840
6184
3565
-8188
-4322
-10224
3567
-10216
5622
-18184
5390
2100
-7139
-10228
995
-13272
-7422
-7140
-19
-6108
-736
-12240
6443
-22188
774
-8156
5403
-15296
-7466
-6072
-6090
-12256
-6655
-16376
8202
-23264
6658
-3064
6638
-9184
3863
-4088
-242
-21488
-1809
-9196
-277
-8180
15629
-11236
-2557
-17388
-2065
-12201
7448
1052
-1819
-11232
291
-12236
1020
-8108
-1511
-14276
4592
-9188
-249
-1804
4867
-7120
-2824
-1000
-545
-14316
-3080
-5084
6597
-8144
1071
1024
12306
-12252
-12034
-9176
259
12
-3321
-8168
5669
-13296
7971
-2000
-2331
-11196
-546
-4036
-5378
-10176
3061
-9200
-1274
-10208
5658
-17336
-5653
3108
-494
-5100
-1296
-14268
6409
-19452
-780
-16360
1261
-4060
-4918
-8120
6903
-12052
-4346
-4084
-1798
-15336
3303
240
-5142
-14292
4051
-7952
-5109
-2024
2822
-19424
3315
-5072
-5878
-3052
-3564
-18400
2296
2048
-5416
2084
4049
-9204
-6435
-16312
-6399
-9200
-9178
-7132
-5124
-13260
2491
-8156
3295
-2020
-5361
-14336
1001
-12276
9259
-10188
1479
-10200
-8948
-8192
5121
-5076
1275
-24288
-3350
-5908
3358
-16368
3107
-7108
258
-10212
-1249
-3040
-1804
-5076
2524
-11204
8640
-9196
3882
-10224
2301
-13268
5630
-14280
5115
-10176
-758
-14292
1799
-13272
5085
-8160
-2803
-15304
-709
-5096
1795
-4048
-319
-14284
-14157
-5092
-5879
-14280
7670
-8160
-4617
-8128
2285
-16136
7142
-18424
790
3096
-4080
-7148
-2294
-6096
-2049
-6104
6651
-13272
-2051
-22208
-4586
-10220
3833
2080
3868
-13284
-3582
-4048
10777
-5100
7695
-7160
-8964
-7944
-2587
24
1520
-6080
3867
-2048
2316
-5108
4868
-16356
3594
-6144
2574
-12264
3511
-8168
-6119
-13276
-4848
-8124
-1262
-11208
1007
-8140
527
-8128
10758
-9160
2344
-14324
-6105
-6080
4616
-14324
14817
-12260
-15140
-10208
-9462
-16344
4579
-12260
6176
-3032
8960
-12268
239
56
-9995
-10204
3362
-5092
-4118
-6132
-3335
-18356
1827
-8184
4836
-10200
-4074
-3844
11496
-3020
8439
-4092
-4364
-2028
-1519
-11248
1808
-6108
-5348
-8168
-1585
-6128
-1526
-13300
7932
-20436
6673
-13064
2028
-4084
-8477
-3844
-2012
-10192
-12796
-10228
-3336
-6088
1566
-8140
5657
-14296
-4866
-6076
-770
-8164
2307
-15288
-7170
2120
-1820
-18376
-12553
-11232
4620
-10224
-3843
-6104
4364
-13260
-3056
-3044
758
1056
-3054
-5068
-6920
-6124
5173
-11252
3858
-17364
1772
-6128
-5385
-12268
251
-11216
-13294
-6100
10258
-6124
9465
-13292
-495
-12256
8970
-12272
1792
-6080
-3312
-7136
3299
-1984
3327
-11236
6926
-3048
262
-20440
2020
-10204
-5620
-5120
-10237
-13060
720
1080
17697
-19380
-1049
-10184
-3042
-13308
-3602
-6053
-4611
-3024
-3584
-4080
1786
-7088
7954
-11236
-4355
-7152
-2552
-7156
-6422
2096
2081
-3048
-4848
-19404
775
-9184
10471
-7112
-765
-8152
5634
-5064
-558
-992
-8453
-11240
12788
-5096
-4833
-9152
-4372
2296
-12544
-16316
-4602
-4096
2560
-19416
-7709
-4056
-7906
-8164
-2316
-5108
4086
-11232
-2556
-6080
-493
-3012
-10489
-4048
-533
-4904
13064
5144
3079
-6132
-2057
4136
2327
-19420
-9947
-11216
2018
-5080
1814
-12248
18170
-14280
-3862
-3844
-12032
-6112
4350
-4080
3562
-5892
-735
-11216
7685
-15348
12279
-17368
2556
2048
-2067
-11244
4863
-8172
-4893
-14324
5115
-6096
-3609
-13292
-1050
-9200
528
-776
-774
-12276
5132
-8152
-3568
-7120
6863
-996
2619
-3024
10265
-796
2589
-13280
7401
-14276
2794
-10212
-7175
-6124
1795
-3072
4110
-8148
-515
-10184
-5641
-21456
-2863
-5044
2315
-2004
9692
-9168
5144
-5100
3055
-13300
-530
-13244
3083
-6084
-239
-5088
4344
-6140
-5593
-13256
550
-21464
3326
-14320
-754
6176
300
-15344
-3835
-7128
486
3104
2557
-6140
3343
-15332
-1748
-8156
10780
-772
4628
-7148
-9257
-5096
5361
-9188
7653
-13264
-1039
-4052
-1030
-7164
-6675
-7156
6385
-4024
-9502
-8140
-8438
-12268
-2546
-6144
4332
-12272
1825
-15340
-7693
-9168
-6629
-14332
-5894
-4892
9762
56
3564
-11228
-4563
-18412
-2543
-9188
34
-5892
276
-10212
9
-5892
-787
-6072
6410
-15352
6140
-16152
3088
-4072
8963
-3064
-1546
-13060
5154
-8144
2048
-2048
-10269
-14292
2029
-6096
768
1072
3049
-14084
-6654
0
4578
-5076
-5355
-4072
8176
-4060
5905
-17348
-2312
-18416
1057
-12288
2873
-10200
7400
-5924
2815
-9180
-6136
-784
3889
-6104
-2807
-8184
7174
-10220
-6939
6144
3865
-9168
-2323
-8160
-7411
-10208
6173
-22268
232
-9188
7930
-4044
-3538
3120
-6660
-8192
-5861
-13296
-12537
-3056
2066
1044
-19
-18376
1041
-6132
-1531
-10192
3077
5160
-7144
-996
6648
-11180
2836
-780
265
-11236
11008
-9192
-7462
-9200
-1518
-8156
-6408
-13272
-3035
-13292
-2305
-12272
-3844
-8148
2050
-10196
3342
-9192
-3864
-8148
-7139
-7077
-5123
-10228
8169
-9196
523
-12072
-4098
-4048
-10987
-7132
-5871
-9180
3085
-15356
2298
3144
9972
-16328
-3862
-7120
31
4108
8
-7144
5883
-7940
3320
-6124
5868
9232
-742
-9172
5631
-18416
262
-7116
15099
-3036
2323
-6092
-11260
-3036
2056
-7136
3846
-5088
-1789
-7144
-11296
-8172
-752
-5076
-5429
-10188
6397
-10224
-767
-6100
-16633
-10212
-10271
28
4810
-6124
-6881
-10228
5641
-11228
-2837
-18192
9478
-11208
-3573
-10156
-4859
-14308
-8718
-12280
-2546
-9184
4834
-1004
241
-4872
1539
-980
-7460
1048
-7976
-13284
-7672
-6120
9002
-7164
6372
3316
-4590
-7140
3585
-11232
516
-5116
-1789
-9172
-1286
-12256
-2300
1040
-4627
24
5637
-4092
-7139
-3068
6144
-16356
-5137
-11228
1052
-17368
-529
-10180
-475
-6128
9417
7172
-4316
-8156
-231
-6116
-1267
-8160
11052
-18404
1253
-11228
3323
9224
-2286
52
7425
8
1007
1068
-1316
-10240
5120
-11240
-1301
-4048
4146
-4052
-5138
-3036
-1061
-6116
4105
-7140
7925
-16308
4613
232
-2568
-2820
-1517
-1996
9454
-8192
-8201
-11256
-5629
-6096
-6428
-19396
1012
252
-8191
-964
1516
-6916
3097
-13280
-1063
-7120
-5589
-4052
4345
-14312
-6388
-8148
3291
-6136
-4377
-11220
-1061
-11196
-17
-10081
-20
-4064
1016
-11212
1804
-10188
-1525
-11260
4852
-16332
-8158
-17388
-4622
-9172
-485
-7144
-5649
-6120
4084
-9172
1790
-19384
-3853
-22224
-272
-11228
11533
-968
-3818
-8160
4858
-8188
-4395
-7136
242
-5100
-4896
-10192
1823
1252
-5142
-14288
-494
-20476
5871
-7132
16
-11232
4603
-11240
-6954
-12204
8676
-14100
5396
-4064
-7722
-11248
-6139
-7148
2034
-7124
3072
-16352
4136
