-7140
-3609
-5080
-10495
-2040
266
-5072
-7467
-19384
-5123
-17384
-776
-10192
4623
-5092
-1783
3124
-4871
-3036
2522
-2032
4908
-1020
19199
-9172
777
-9212
-766
-13264
8454
-20420
5122
-17360
1064
-10208
-9766
-3024
10257
-10164
2584
-6104
-2819
-12228
-2321
-4880
-2047
5200
12037
-13060
-5112
-10188
4088
64
-6149
-2004
-4375
-7120
-12532
-7944
746
-8144
5395
-4072
5364
2088
3844
-8144
294
-11224
242
-13284
8206
-1024
1043
-8140
-2798
-3036
3353
-15356
1564
-12288
-14095
40
-48
-15312
1564
-15336
1594
-4092
3054
-6104
-2597
-12240
-12803
-11252
2567
-9208
7897
-21440
1765
-1984
2561
-12236
251
-10196
-3586
-12284
8468
40
-2531
-3056
256
-5084
-4586
-10212
5891
-10224
-521
-4020
-4626
-6136
4866
-10216
-1792
3084
1024
-11236
-225
-5096
9725
-11244
-1287
-15308
13319
-12252
-6938
-14304
3836
5156
-3358
-12248
4627
-8140
-4340
-10200
3827
-11248
4615
-11256
272
-12232
1765
-7124
-2824
-2024
6407
-12244
8220
-6140
281
-6132
9228
-11232
-6673
-11028
-1831
-6928
5118
-7156
-5098
-8972
-4361
-10220
1575
-12260
-7460
-20444
-5664
-3040
2577
-8976
8455
-13308
2560
-16352
-3599
-2028
-24
-14300
1035
-8976
6360
-980
-3096
-10200
2532
-8148
-7915
-11264
-4091
-19420
6386
-6924
2340
-964
-3830
-9196
-40
-10236
3086
-12036
-1035
40
7680
-9196
-3089
-13292
-3634
-7108
-3809
-1020
-746
6184
-5898
-11260
6133
5356
4846
-9164
14149
3324
-3594
-7140
11261
-2024
-4588
-6080
-256
-12216
-2809
-13300
2810
-10212
1742
-10196
-2591
-19416
-8465
-6140
-1799
-776
-6902
-5060
-255
-14316
-1027
-2004
2564
-7124
7676
2084
-994
-21472
-256
-15292
3093
-3056
10516
-6108
1798
-5088
3060
-6124
3326
-6076
4866
-5092
-992
-11220
-2829
-10228
-4351
-7140
4647
-11224
-1287
-4076
-2062
32
2316
-14308
1027
-5080
1010
-5084
-2830
-13276
4380
-7128
-520
-7132
3102
-17352
-3857
-6064
2301
-5084
3826
-3056
5347
-8156
-756
-980
4380
-17364
742
-14324
-1287
-12232
4868
-9164
-7949
-8148
25
-11248
10260
-12252
14081
3104
7953
-9184
494
-8188
-2307
-11208
10776
-8132
-7412
-18400
-4583
-10228
-3587
-6092
1989
-3048
-2077
-11188
10298
3324
7950
-14280
1819
-17392
-1290
-9132
3807
-7156
-3108
-11244
4107
-10184
1556
-5064
5344
-12272
8716
4144
11756
-8168
-771
-6916
-510
-4096
4327
-4060
1782
-11260
-1280
-11208
-3328
6356
1306
-9216
7926
-8988
3081
-5072
2050
2048
-3601
4104
3039
-972
5103
-2996
-5640
-4076
7170
1068
-2547
-10184
3304
-7128
-1812
-11177
491
-4080
5904
-9200
1533
-18360
-4872
-9212
-4327
-17408
504
-5892
-5624
-5120
10978
28
3615
-5088
-3590
-2036
-694
-1796
4628
-8180
10487
-8136
6650
-8168
2049
-9188
2271
-4060
-1772
4124
-1255
-11224
10746
-12256
6398
-15108
3070
-17368
-256
11324
-7163
4344
6111
2104
6886
-12256
3073
-12256
-5392
-4064
231
1072
10776
-3044
556
-8172
8172
32
2283
-10208
-3815
-10220
528
-8168
13828
-18388
-1795
-11232
1785
32
3596
-1020
734
-3060
-2567
-7152
1301
-12276
754
-14336
1054
-8136
-5151
-3028
-8435
-8148
-2296
-8184
-1021
-5116
5107
-4052
-6647
-4032
1248
-12048
-6691
-6092
10517
-9188
3085
-14284
-1232
-10228
-4332
-2036
-1516
-9180
3585
-16352
478
1028
5368
-8160
801
-12264
15881
-10216
3334
-4076
1272
-8160
-4859
-8180
1821
-17348
-2323
-9176
-6913
-7120
7676
-8152
-4375
-3028
1509
-4068
-1306
-4888
-4879
-8192
-6433
4148
-4059
-5064
-751
16
1032
-8152
5099
-4068
-4596
-9212
13084
3316
10762
-9208
4089
2076
-9504
-5080
-4331
-7108
785
-12264
-3077
-3056
2845
-10220
4585
-11256
-2790
-3064
1030
-13292
3343
-12048
-4065
-18392
1796
-5068
3608
-5100
2803
-16368
-1035
-3032
-282
-968
-9710
-16336
-3846
-988
-767
-7132
2824
-8140
14
-19420
-284
-9204
-9217
-9156
5112
-10224
-8431
-6140
9476
-11236
10508
3076
1539
-5088
4094
-8968
-5875
-11260
11019
-9192
2558
-7144
742
-12228
-4595
36
2564
-15296
2823
-8160
-3572
-1972
-265
-5036
-7661
-12236
5384
-12280
1001
-17372
2808
-14316
-1039
-8156
496
-7136
6398
-3036
-8205
-5072
-2810
0
4624
6144
1505
-10236
-6925
-9164
-4836
-4884
15
-16352
-5372
-11252
-4372
-16140
-2
-4080
2286
-9192
2018
-13276
3837
-8184
-8170
-8156
-1301
-15284
13555
-4064
4906
-4032
-2556
-2032
-2775
3112
-5856
-6124
-5087
-12240
994
-22232
-4627
-10216
-4602
-9184
-3343
-10204
4092
-11256
6411
-7128
-7659
52
-1021
-7120
-9228
-6132
5608
-6916
-1272
-8168
-2799
-7128
15102
-4036
250
-5108
-3065
-4040
-6404
-9212
-3070
-5108
4595
-18376
5411
-11224
-8997
-1984
2561
1084
-763
-11248
-3851
-10212
1258
-19408
-2013
-10196
2270
-11212
-3611
-13296
-523
-6100
-4648
-7136
2567
-7132
-7694
-2012
1788
-4084
-11016
2104
-6160
1076
-6100
-3064
7931
-5896
8195
-5100
5882
-10204
-7716
-16356
-5
-10228
3331
-9192
999
-2824
-3605
-9200
3075
-5096
-2068
60
-9993
-2028
-5378
-4064
1296
-5108
5613
-8152
-8397
-3048
7161
-10224
771
-15332
1321
-6144
-2086
-15348
-5614
-3056
-8214
-2032
-3803
-11248
-786
7244
3361
-20436
-538
-11248
2834
-12248
2324
-10216
10730
-11256
-8683
-1020
515
-12248
3582
-19456
2529
-7088
13839
-7128
6202
-7148
-3106
-17380
-1811
-22244
-4111
-8192
2271
-9148
8762
-11220
4112
-8144
-1279
-11236
1524
-15320
-5859
-2044
-3069
-1024
3830
-1804
6401
2116
2569
-12276
-3858
4140
13336
-4064
1273
-2016
-2288
-5112
-1551
-984
-6854
1076
-6127
-12288
-5399
-1008
759
-10000
-5865
-12272
-2579
-16348
-3824
-4868
1804
-5120
-4366
-16344
-3310
-5104
-5877
-14300
10732
-8176
-9193
-7156
2323
-8148
-1272
-9204
-5359
-16360
-4381
-13296
-1283
-9156
-9459
5160
1271
-7112
-1779
-12272
247
-4064
5645
-12240
6911
-8164
-1279
-4076
-3834
-7104
3091
-2028
5602
-15320
-7897
3120
4368
-13252
-1526
-13304
-1503
-3036
1793
-8968
-8180
-13272
2539
-11208
1576
-11224
-529
-13232
5169
-9180
519
-16316
-2803
-15328
-2305
-9212
9500
3324
270
-11236
-520
-5060
-1528
-9996
-1309
-12248
-11520
-6092
4340
-12264
7169
-8156
-760
-10240
-3346
-2040
-7662
-3056
2548
-14100
3835
-3056
-779
-3028
-1314
-15292
-8702
-6144
1053
-1004
2269
-7144
2043
-11244
-4544
-8140
5387
-13272
1025
-5076
-8473
-4076
-9997
-8160
1050
-4076
-9972
-5068
-4882
2076
5880
-11244
-1034
-3012
4890
-5100
3319
-8144
-1568
-4088
-1557
-12232
7700
-17348
1012
-3052
-1765
-13292
-2312
-7944
11016
-9192
4603
-7124
-4319
2112
2809
-13288
-8666
-3040
-1241
-9132
1504
-11244
5367
-14316
2530
-9196
4582
-16328
-5634
-14320
-2833
-6096
5100
1040
-1787
-12240
3556
-14284
8486
-9180
-987
2052
-5135
-4052
7399
-6104
-6420
-14304
2323
-5104
5627
-6092
-9968
60
4619
2084
-2062
-15124
7682
-13292
6933
1056
-2299
-3048
9686
-3056
-2804
-4068
502
-4056
-1814
-4076
3844
1052
1028
-3024
-754
-14324
2012
-976
2294
-7944
3576
-5104
3861
-6104
11
-16332
6144
8220
1563
-15328
-36
-12264
4071
-13264
8450
-4088
-9458
-6124
2827
-5896
-4359
-4060
-7643
-2048
8975
-16348
-4615
3112
-2599
-19404
-2525
-1972
1792
-3844
3548
-14096
6873
-11264
740
-2016
-1526
-13284
-2563
-9180
2075
-9208
5658
-4072
4903
-13232
9744
-10240
-4129
4144
6405
-15332
-3080
-9196
2296
-15108
5354
-4888
5614
-5072
4901
-7116
2572
-12228
-3553
-4876
1035
-23244
2808
-13232
4045
-14304
-799
-8160
267
5180
5120
-5112
-6643
-10212
6417
-6092
2555
-11216
751
-8132
-7937
40
-7179
-9148
5159
-5068
5071
-14324
4129
-3012
795
-29420
5618
-992
1542
-11244
-3544
-4064
-7680
-9168
-2047
-7104
-779
-11248
5110
-5896
4843
-8972
-1530
0
6430
-12240
-5344
1048
3045
-8176
5363
-1016
-4402
-2036
-1812
-8136
-4586
-1008
742
-5116
-7951
-6140
8443
-11240
-4106
-16372
-1558
-5892
5320
-980
7940
-25312
5357
-10232
5105
-10208
-10761
-5104
10488
-2032
-8172
-16352
-1297
-5092
6180
-7144
-2
36
10
-7108
-5413
-8148
6399
-5056
-9743
-4036
1802
-2820
4102
-8136
1275
-11161
-764
-10236
3332
-3856
1306
-13264
1512
1080
-246
-3028
5122
-13284
7720
-2992
1809
-8152
-6681
-8168
-9463
-16356
1533
-14316
-6666
-13256
12056
-8184
9222
-7160
3323
-12288
2312
-7136
3583
-15344
12033
-13240
-1563
-13304
-789
-1004
-512
2108
-2574
-8148
-7171
-2012
2302
-1949
-6121
-5924
-4851
-4060
-993
-8136
-261
-4024
6405
-9144
-3564
-6120
-3832
-4048
-514
-3028
-2590
-4056
10995
-3028
-6396
-13276
2327
-2036
528
-4052
-2562
-16304
4362
-9208
13552
-13076
-534
-3016
-6370
-3028
-1243
3132
738
-7144
-3320
3120
-511
-8964
7677
-6116
8701
-960
-4377
-15320
14344
-12232
-4620
-11264
-269
-6076
-8191
-4064
-1053
-15332
-502
-9208
6938
-6120
3318
-5092
12007
-5096
4836
-8140
-13796
-10188
5639
-3036
-1841
-7120
-1291
-4084
-4109
-4084
498
-2000
3046
-7045
-6420
-7128
2051
-6088
4606
-9988
1785
-9184
8706
-9168
7222
-5892
-10476
-8168
2558
-10204
-7172
-6108
4343
-11236
3086
-13256
-1001
-9192
-7655
-8168
2824
-6096
249
-9168
278
1036
-515
-9176
-541
-2036
-5116
-7156
2805
-15316
4136
-8124
-1287
40
2797
4128
-4620
-10220
769
-10184
-5623
-13264
5364
-14268
12321
-14308
5380
-2024
-2364
-5084
3156
1060
7179
-5096
2298
-14292
-2543
-13252
-3328
-3852
7699
-4872
5360
-7140
4892
-12288
2282
-17328
-1060
-13260
-11286
-3036
6113
-5040
6925
-6128
-498
-7136
11524
-12276
-7415
-4068
501
-7948
-2542
24
7618
-6100
2091
-8984
-2561
-12260
5836
-12272
-10522
-8176
5634
-8184
4344
-5064
-1781
-3052
-4124
-5056
-2819
4176
1288
-7140
1270
-10240
-7438
-19424
-4596
-7144
1795
-10216
-8444
-11228
4886
2068
-1539
-13280
5623
-4024
-4373
-10168
-760
-11232
-3314
-5064
3840
-9156
1569
-9192
2039
-5084
-7423
4160
3348
-10188
1824
-20228
-2862
-7136
2306
-9168
1037
-14320
8714
-16344
-4886
-4056
-304
-8152
-2814
-2028
-31
-19424
5614
-16376
4098
-10200
-3604
-17348
-4338
-10204
-4378
-8176
-3827
-19428
-6649
4112
-1032
-9180
-5904
-10200
-6937
-14296
-3851
-9172
-5701
-2032
-4320
-4076
792
-11200
6900
244
-2036
-12228
-512
-13300
-6686
-6128
5069
4160
-6388
-9164
-6360
-7124
-6123
-6108
6921
-1976
6386
-10216
-1015
-14316
2561
-13272
476
-7132
4357
-4064
-1808
-9200
-5148
-19392
4866
-10220
-8739
-12240
-14611
-15348
4348
-11220
3885
7208
-6680
-1008
-256
-7136
2040
7196
-795
-6072
1278
-14308
-4139
240
7157
-4060
2056
-18420
-7181
-776
4345
-15324
4324
-9188
18
-22248
-7228
-4064
6161
-5100
-2831
-5096
-5139
-18416
-4587
-12240
4880
-13284
2551
-3020
-1321
-15348
-556
-11244
-14843
-7124
-5125
-1800
3600
3084
-4861
-13308
-5108
1064
3090
-18420
-1546
-14084
-3583
-6140
-7435
-5112
4863
-788
-1563
-952
13837
-7972
-496
-3032
-258
-10204
-743
-2000
5124
-11208
-1777
-12276
2834
-10224
3071
-6932
-7161
-7096
4592
-8168
1045
-20464
2583
-6116
-3823
-11252
3062
-10012
7409
-21476
-509
-9188
2551
-3024
-2802
2056
16412
-12040
-5123
-7136
1023
-1988
-3293
-12240
9707
2084
-7692
-4092
-286
-11216
4594
-1004
2558
-22256
-11036
-2036
5640
-16372
3329
-3040
8955
-1988
6410
-15356
1779
-13260
4119
-5092
-6915
-15352
9735
-1800
-3573
-11228
3850
3096
-5370
-6100
4585
-17364
1238
-14084
-8236
-8156
-3033
-12064
9468
-17388
-5407
-10216
-2277
-14276
2542
-9992
-4630
-12252
6647
-14324
-2292
-7164
-1754
-9212
-2295
-6136
3086
-1980
-5373
-5096
1793
-18396
1785
-10224
-5120
-5084
5671
-15340
-1794
-12216
-4357
-10224
1032
-12280
2564
-8097
-1299
25872
505
-10168
-6400
-10212
6152
-13304
-1025
-4068
-279
-14300
1003
-10196
-12045
-8188
3552
2100
2580
-15336
-9221
-11220
1300
-1004
2768
-10216
4830
-6136
6145
-11264
18947
-3044
-15126
-6088
6897
-10232
-4601
-5040
-2076
-8156
4107
-11196
4898
4144
-14859
-6096
-1812
-6108
-3807
2096
4365
-4072
-1778
-8164
-3583
4128
3574
8224
-221
-18420
-1038
8
-11257
-5104
7933
-6104
-492
-8176
-1817
-9988
-8704
-4072
-264
-4884
-1809
-6120
-6401
2048
-4350
-5100
5353
-1000
-2581
-10204
1803
8
1812
-10204
1803
-9172
8967
-15360
8472
-6112
7173
-10232
790
-12248
2832
-6132
9710
-16348
7211
-13296
-4102
-14308
4348
-10188
4356
-14272
489
-6100
4615
-18380
4059
-10216
2051
2284
1280
-8144
-4346
-3048
-2040
-6144
4837
-11232
-6127
-9148
-12062
1028
-1019
-10176
4330
7188
-752
-16356
-5646
-4072
-1998
-12220
-3833
-2032
-757
4144
506
-4080
533
-7124
1996
-5116
-4873
-9184
-6151
1256
2316
-12232
-2815
-12240
5644
-13064
6681
-11244
-3321
-2040
990
-2024
7929
-4076
6143
2116
-2273
-6108
2036
2068
13313
-6132
-7164
-13292
14584
-6096
-11035
-992
-8419
-3028
4871
-12248
9454
6176
2567
-13296
9486
-984
-2291
-7120
4373
-10232
543
-7156
1273
-3044
-10019
-5120
4877
-6128
736
-2008
3125
-7128
-7420
-11016
237
-18424
9190
-11236
-7938
-3848
-8965
-12272
3096
-9176
-1746
-8160
10471
-3868
-5135
-4092
-1024
-2012
-1264
-7144
-1045
-3032
11279
-7144
6136
-6132
-4122
-6096
1784
-6100
-10519
1064
9221
-7088
7446
-4868
1080
-9184
-5887
-26320
2811
-9188
6396
-21484
1771
-6120
-2550
1052
1258
-8140
-2573
-19428
4331
2084
-6166
-3864
-6934
-5896
9714
-7152
3801
-9180
-6443
-956
526
-1012
4371
-18404
3892
-13308
-6388
-9212
-4059
-3044
-5905
6172
257
-14092
-5607
-14084
-9486
-11232
814
-9184
4850
-7156
-2782
-3048
-4853
-9204
-7422
-4064
5891
-17376
13559
-5892
7415
-5072
-4371
-8144
-1816
-14108
-6393
-6108
-543
-8140
-3824
-12264
13833
-8176
9200
-6096
-1005
4124
-2554
-7124
9694
-19416
2328
-3068
2812
-10228
1308
-1968
-2569
-17360
-510
24
-3054
-7096
783
-3028
-301
-15328
-1824
-10196
-12595
-4880
266
-17352
-2306
-7140
-5404
-9192
518
-13280
-5882
-13284
2815
-1968
-1043
9272
7685
-6924
-3113
-9140
-6660
-5092
-7167
-16340
1030
-6092
13088
-14296
-242
-2040
-242
-15340
1275
-3068
-6882
-10208
-536
-1996
5658
-11256
-9992
-11224
7162
-6092
-9967
-2016
4094
-13276
-1536
-5064
6676
-11240
-6391
-13264
-1532
-5100
-1272
-10228
-4
1040
-4602
-10176
-4104
-12212
3548
-8184
-1772
-4068
-241
-11240
-269
-11252
-2053
-5080
-284
-4056
1011
-1020
-9726
-12216
1013
-8168
2331
-14332
7427
5164
1828
-5892
4624
-6120
-4111
-9136
8179
-19412
3068
-11232
-2843
-9188
4852
-6144
-10003
-6120
6141
16
4087
-12252
501
2104
-3067
-9148
-7382
-9196
-2060
-11248
-769
-9160
2057
-9176
2595
-3024
12249
1044
1057
-9168
-2521
-6128
-6675
-16344
4348
-3044
7391
56
5391
-10192
-9254
-14312
-5844
-11224
8707
-12228
2323
-6088
-6128
-6080
-4876
-8128
-11496
-10188
-2821
-5076
2041
-17388
4326
-10212
-5852
-7136
8192
-10188
-1783
-6124
9229
-3032
-5639
-7128
3333
-13280
-2792
-3008
8185
-992
-4097
-9168
1049
-17380
-3633
-11256
-499
-3020
1238
-9212
5890
-3020
-3582
-3040
-5109
-1000
2280
-5096
4823
-8964
-3327
-1796
2284
-12232
1550
-7940
-769
-10192
-531
-20381
2784
-11220
-3552
6172
-789
-3856
3088
-5088
-8965
-17348
7687
-6916
1527
-4064
2777
-948
-1558
-19388
2793
-3056
-3566
-10224
-2820
-18372
2077
-4024
-4643
-16360
7408
-6132
4087
-12216
5906
-14308
-1797
-12268
22727
-9192
-8233
-22236
-10486
-13260
-4610
-14300
1311
-9168
6664
-10196
7158
-2048
-2073
5144
-775
-11248
2836
3148
-3338
-6108
-4878
-7144
-4087
-5088
-5095
4124
-264
-3048
-8203
-9192
-4888
-8148
-3618
-9180
-3312
-2016
-6912
-7092
-6403
-12260
-38
-14096
-3325
-10200
-2806
-6132
-2789
-4076
4386
-10224
-6403
-9164
5096
-6116
-5358
-3000
-1007
-7124
4357
-8180
4336
-3048
-3533
-4040
8185
-7160
-277
-18337
-6372
-9216
-1270
-9180
-1037
-11232
-18721
-7940
4572
-12248
-9721
-13280
1283
-14312
2581
-11236
1036
-15328
-3609
-19432
-3080
-937
-1269
-5076
3856
-11200
7169
-14304
-4344
32
-8681
-5060
-5395
-13280
3822
-5112
-3072
-6100
-12012
-3052
-256
-9188
-8740
-7124
-3594
2108
-8971
-16332
-3082
-11264
5886
-12264
-4851
-2032
1535
-15332
-3053
-10232
-736
-10224
296
-10125
-4085
24
-3355
-7152
8696
-4096
-2504
-9192
-4825
-11232
3825
-992
4859
-6100
-14094
-7944
4871
-10196
-3041
-16360
-2026
-10208
6161
-5120
-1771
-4080
-9980
-7940
12292
-4084
-465
-8152
1799
-13272
-1300
-7100
2276
-12264
535
-15324
2789
-12280
-499
-9192
4103
-8152
7423
-2024
-292
-11012
3312
1028
3589
-5092
-6407
-10228
9733
-6084
-5091
-1020
-763
-2008
-2548
-8152
3322
-2004
2080
-6920
-3052
-6100
4336
-14296
-4636
3104
4635
-9204
1553
-12280
-5636
-4072
4863
-12260
3845
-6124
2824
-972
3809
-6084
-2849
-5088
2850
-988
-3355
-7132
9772
-5108
-14328
-11244
4878
-19436
-4086
-8176
-1282
-5088
18669
-7108
-2036
-14284
-49
-5072
7412
-12272
3827
-10196
-2803
-15308
-1799
-9212
5608
-10208
-4864
-7108
-7928
-12288
-3067
-16364
7420
-12264
-240
-9168
3820
-6132
6155
-8128
-8664
-7100
-770
-9200
-10228
-8136
-510
-5108
2051
-11200
10753
4144
2285
-9212
-10255
-9184
-2786
-12236
222
-11212
-4637
4116
5884
-6916
-11035
-12256
-1526
-10228
1788
4
-6426
-7112
3843
-8184
2551
-15320
7699
-13260
-3054
-15324
-7410
-2016
-3345
-9216
-7911
-13312
5881
-9164
3566
-7148
5896
-10232
-1742
-5896
3784
1048
-4343
-2012
4353
-5076
3847
-7108
5639
-4080
-3833
4132
4862
-9117
3090
-15336
-1017
32
-1774
-13308
4639
-7100
4857
-11240
262
-4056
3284
-4092
3599
-9184
-6164
-5100
-2253
-6088
-1781
-5092
-3086
-4048
-266
-15320
1782
-3048
-735
-15336
6154
12
12
-2024
262
-20393
2289
-968
5866
-6112
8468
-9184
8221
72
7204
-921
777
-10184
-1518
-9180
1278
-1004
267
-8128
11297
-14272
3822
-6132
-2302
-11252
-3096
-8140
-1780
-11212
-7165
-16332
-2550
-10184
-3809
-4052
4631
-1816
-1286
-10180
-8454
-4040
-9006
-9168
758
-15308
-1818
-7120
2285
-3844
784
-12280
3809
-992
-792
-996
-10233
-5108
-4101
-6104
-4087
-1964
1783
-8168
1789
-18396
-6393
-8964
2328
1056
-10509
-11208
4352
-19440
-2283
-10216
3609
-13284
-5106
-7148
-3056
-1808
-1027
2300
-999
-12264
3334
-8972
-7683
-10232
212
-10196
-5881
-12244
1022
-5104
-7937
-13272
-751
1052
-2542
-12260
997
40
8479
-8148
1511
-10236
-2005
-10184
783
-7136
-2596
-8176
2068
2292
-3565
-8140
-2803
-13308
-6165
-13076
7200
-21472
267
-2024
-6169
-8188
3544
-8968
6402
-11248
-272
-4096
-6892
-968
488
-17364
-1542
-3024
297
-13272
8689
-6928
5629
-20448
22781
-9180
-282
-12240
5900
-7140
-7387
-10188
-514
-15332
-6379
-16336
4879
-19448
15628
-10188
-5114
-13284
-6391
-8156
-3382
-1004
-6929
-1988
4360
-13296
1244
-10224
5127
5120
5105
1068
9243
-6076
-10781
2068
-5619
-3024
1796
-3012
7681
-6128
2585
-988
504
7248
-1812
-9184
3
3120
12059
-9184
509
-12272
-6620
4104
2817
-10188
-2858
-16360
4869
-7144
9195
-6080
3852
-19420
-1568
-9208
-4374
-5084
512
6176
-5374
-5108
777
-9204
11507
-10184
-1514
-6072
4354
-6108
10755
-11208
-262
-12212
7161
-16368
5604
-12248
2543
-4020
-511
-6104
7677
-9188
-1048
-6116
2297
-3064
7136
-5912
-17917
-14336
2292
-13276
-1519
8
-4090
-5104
-1286
-4868
-5611
-7136
4844
-6932
4339
-6120
526
-14268
1034
-10216
-1559
-7144
5413
-3048
2752
-7132
-6403
-7148
-8983
-12224
-251
-8128
-4570
-7140
-12783
-4076
4619
-11224
-1814
-13264
-4088
-20432
3065
-5052
2070
-1796
5671
5176
-3588
-10232
525
-7140
-9451
-8184
6911
-13272
3347
-11232
789
-10192
242
-6112
6652
-11244
2550
-14308
5900
-12244
-1077
-14312
2810
-10200
4920
-8188
14341
-8152
1546
-10216
291
-7148
1827
-9176
4605
-16132
36
12
5
-14312
-4889
-3000
-1817
-6132
-9986
-14292
4586
-1996
-12286
-7164
7938
-8156
7939
-4044
3079
-2040
-6388
-1012
5421
-12264
3571
-8176
1793
-6112
2799
-6132
-2073
-11244
-12780
-8152
-6369
-4076
-6663
-14300
7664
-7116
5613
-4072
-231
-7096
6937
-10216
5362
-21456
-4107
-2820
-5392
-5064
-2844
2084
1556
-8168
4343
-4060
-3814
-9192
6391
-11169
-5368
-7124
-7678
-6092
452
-6088
6926
-8172
-4361
-5092
-6905
-8164
1548
-2040
7640
-3048
-7713
32
1535
-9156
8685
2068
-252
-9212
-4640
-9196
6371
-11220
-4628
-9200
1530
-968
3330
-10216
-1813
12
-1
-11232
5115
-13312
-558
-6064
-7681
-2016
4083
-6108
3050
-4872
-7424
-14312
2574
-5072
-2340
4108
-7944
-14288
2047
-17348
-5924
-10212
772
-15108
-7436
-4044
-2849
-6096
8690
-4020
5642
-10224
788
-14312
9722
-8168
1549
-16368
5131
-7144
1795
-7092
499
-4068
1019
-16332
-2039
-6116
-8685
-11260
-1501
-22272
-2306
-4072
-3838
44
-3338
-9184
7682
1076
5137
-10212
3578
-16132
3827
-16324
3823
-1800
-2803
-4868
-2535
-8180
3830
2064
12255
-11204
-6675
-7156
8178
-13280
-3101
-8176
12
-10224
-3
-7160
4102
-7112
-3599
-2992
7676
-772
-6399
-11244
5911
-8156
1264
-3048
-5134
-11236
-774
-12252
-2042
-12236
-1306
-10240
-15130
-16384
-6906
-7160
503
-8164
-13074
-6136
269
3148
-8694
-17364
2025
-7132
-4112
-12248
10269
-1996
-3107
-11256
-6396
-4084
-1534
-3016
-6676
-16332
6628
-11188
1021
-8152
5375
-6076
468
-11228
-1046
5164
2859
-6140
-3830
4120
-6141
-6080
17142
-6112
6159
-6916
2580
-13304
-1058
-7100
3352
-1004
-5624
4140
-5109
-12264
9209
-10200
2335
-12256
1518
-4072
6145
1264
-3342
-7104
4595
236
-485
-6084
-8700
-10204
-2076
-3048
5091
60
4857
-6100
2328
6196
-3055
-9168
-5928
-984
5112
2076
5409
-8184
-2088
1056
254
-2016
-2027
-2012
5379
-18396
-784
-1012
-18178
2272
-4376
-15312
3066
-12276
-18
-2032
513
-12208
-3069
-6144
-4317
-11264
6910
-8172
2580
-10216
4348
-15296
778
2120
1284
-12260
-229
-13244
-8474
-10176
-3063
-6128
6640
-11260
-2078
-4032
-6141
-19204
-5386
-15120
10011
-3052
2343
-10236
-1298
-7104
-235
-8156
6919
-980
-3841
-16336
-3577
-28360
-2787
-12240
-8948
-8188
-13804
-12260
3329
-3040
3583
-10192
744
-18400
-4345
-6084
5382
-8172
1555
-7156
-4369
-14296
-5359
20
4100
2056
-5390
-17348
3587
-12197
-7172
-12252
2042
-12244
-262
-9180
-3036
-9200
-6906
-14241
-2826
-13280
5616
-976
-8460
-14324
2316
-6128
9731
-8144
2324
-4068
6127
-6112
-549
-7124
-6
-23252
15894
-2016
2046
-12220
6155
-15308
4095
-4060
2546
-12276
3122
-22216
8169
-10145
-4891
-5052
-1286
-11264
1002
-8172
-1294
-17384
3348
-14320
12813
-5084
-4148
-10188
-4630
-4084
3090
16
4618
-15340
4345
-6124
-1008
-2004
1015
-3048
-2315
44
7940
-13240
-7425
-12256
10471
-3036
-1512
-7120
-3356
-8144
8987
-3024
742
-8160
7409
-1976
5128
-18380
-3849
-12276
-7673
-16328
3300
-8980
-2547
-10232
11971
36
-1323
5168
-7739
-10216
5143
-5088
-9488
-4052
2531
-13228
-984
-1024
6631
-6116
-1254
-11200
-2782
-13256
4326
-7148
508
3084
-10718
-2024
3578
-4088
-1275
-964
2551
-13248
268
-6920
-2574
3088
-4571
-11192
2302
12
-6112
1072
5611
-5096
3030
-10200
-5121
-13280
-1539
-12272
5156
-14300
4100
-1000
5632
-4016
4328
-17380
-1560
-14324
1548
-13300
7145
-10224
-3074
-11260
7418
-3072
1775
-10196
-251
-13268
-3598
-4056
4864
-2028
3091
-8188
-5880
-7081
-3582
-17156
10731
-13292
255
-3052
4642
-9140
1545
-20232
2023
-10228
5369
-18380
-756
-4880
-1027
-9192
12546
-22268
-1277
-6128
9964
5152
-3324
4144
5396
5196
-5139
-984
-7448
-13236
773
-8192
2293
-5056
5637
-13292
-4854
-16340
5118
-9188
1770
-6128
3071
-6112
-4337
-11244
-1028
-11028
1259
-9184
-8209
-14084
2019
-5076
-1273
-11180
-10799
-10196
-3833
2064
1046
-13292
-758
-15296
-7442
-16140
-8437
-10232
9476
-5072
-2830
-18388
-6127
-7100
-5628
-7132
-1012
-17400
6921
-9204
-4853
8
6380
-11232
11534
-8156
-5163
-3072
238
-4056
787
-10176
-8473
-15304
-9189
-1000
9689
32
2077
44
-3585
-3844
-785
-3072
5421
-8156
-6146
-13268
-3347
-3060
-7651
-7112
8200
-4036
-2831
-6088
-3334
-17380
-3834
-15344
-9503
-7124
3581
-7948
9488
-9204
1818
-10196
-7725
-2004
-1272
-15320
-5604
-20440
-5386
-7116
2041
-3016
-9763
20
4882
-16332
-1560
-15332
-7415
2088
-805
-15308
282
-7136
3860
-2020
13593
-8144
4344
-800
-2587
-13256
-5647
3072
8979
1068
4070
-12244
-741
48
1781
-11016
-2093
-3060
3064
-976
2544
-7116
-4855
-2024
2555
-11228
3331
3096
-3321
-18420
507
-4052
5096
-6140
2317
-8964
11511
-5064
1775
-6116
3608
-7112
-1530
-6132
6144
-6108
-4624
-5060
-486
-6060
7192
-8172
-3617
-19416
-1030
-11220
-4298
-14296
-8154
-16380
-3084
-13296
11511
-6132
8437
-6916
279
-776
-260
-14328
8199
-5104
8946
2072
2016
-6120
-1219
-5080
-6112
-12240
5673
-5112
-1535
-19408
536
-5116
12268
-5904
-4092
9224
1302
76
12570
-2028
6164
-19428
-6911
-9176
5868
-7144
-6913
-980
-2836
-8124
41
-6076
7198
-12036
-5330
-5092
-283
2112
-9736
-7148
-16888
-6112
6402
-11248
2532
-14300
6665
-7156
500
-22268
-8174
-12252
532
-15348
3558
-16384
-3859
-12280
2808
2120
-2333
-6100
-2049
-9164
2532
-4064
-4866
-952
-2822
-8136
-2044
-11180
-8959
-13288
-39
-5096
10270
-12060
-4593
-11240
1020
-2040
5604
-4084
-8409
-19420
13001
-6128
-1520
-9192
8222
1088
-2329
-10216
5911
-8112
-2790
-16312
-3335
-15332
-4901
72
1532
-5088
-5149
-9180
2807
-8152
5864
-3008
1790
-7124
2041
-4028
4835
-7108
-499
-8156
1040
-3052
13571
-6104
-5383
-14316
12499
-11228
2544
-3020
-3293
-10216
5897
-1972
-5129
-9184
-2822
-2012
-3360
-7140
1786
-5104
-1515
-25292
-4337
-980
-6634
-8148
-2557
-10204
3553
-11264
4356
-23189
-779
-5104
527
-14264
1528
-9196
5132
-4072
276
-11228
-2043
-9168
-1285
-17372
508
-13260
10735
-5080
-5382
-12236
1563
-11240
8463
-8168
2829
-6076
-3856
-8116
-4323
-6916
8693
-8124
1039
-7944
-4066
-5056
2284
