-4052
-8970
-5096
4096
-8136
1778
-12256
545
-2024
1529
-10204
1047
-11228
-742
-5100
4853
2076
-5634
-6108
8975
-3056
-3844
-14280
9243
-5072
-2323
-15360
-3846
-2016
-1763
-2032
-12018
-2024
11259
-17380
2544
-13272
-3850
-4052
9496
-3852
-6187
-7116
11030
-5116
-5623
1036
-2262
-9192
-2345
-3048
1303
-11196
-7934
-3032
7662
-2028
-5864
4148
-500
-8172
3045
-6120
-1271
-8156
3103
-11212
-3317
-6076
9493
-5100
-2055
-4032
1318
-5084
-5127
-8964
260
4120
-4851
-4092
8985
-11216
-12767
-10212
-10
-9184
1316
-17384
4855
-4076
-542
-5116
-1003
-13292
4353
-7964
1765
1036
-283
5140
-1016
-9204
-1035
-6068
494
-13300
-13051
-16368
1799
28
-505
8240
-514
-12268
-2289
-6092
7656
-4036
-5344
-15356
-2118
-7132
-4075
-5076
-7408
-5116
4093
-14096
-2021
-10216
-3554
-4088
-526
3096
5141
2076
1044
-9184
8162
-8180
-2297
3084
4903
-9168
4391
-6128
-7696
-4040
2040
2060
-6160
-14296
-1552
-21472
9455
-3044
1792
-6132
1781
-5060
8431
-10240
7171
-2028
-9966
-9192
4917
3144
1007
1068
7889
-15108
-3841
-18364
1554
-13264
-3093
-15320
262
-4096
-278
-4076
-14870
-8148
271
-19432
525
-7160
2788
-9176
2295
-14084
-6122
-8164
-1295
26396
-2563
-11252
-6442
-12268
-2579
-11208
7424
-6120
266
-13256
5390
-20476
-43
-3044
1764
-17352
1079
-6100
-771
-16360
1254
-24068
4894
6160
2542
-10224
9232
-9184
-3593
-15348
749
-11260
-1294
6184
7678
-4872
17415
-4060
-787
-3056
-4865
-13268
-2593
-12260
6121
-11220
-3860
2080
-2578
-12228
5624
-5068
-4622
-12216
-11809
-8152
-2019
2292
4364
-7136
753
-5904
258
-14316
-1239
-19400
-1279
-16312
-5138
-4872
-2335
-6116
3333
-7132
4871
2088
-4839
-6080
-2827
-16136
-7936
-6124
7922
-17172
-3316
-14324
-1315
-7952
-9222
-3008
-3812
-7152
-7446
-2012
532
2076
8736
-11220
14586
-12260
2026
-2004
-6185
-9180
-1536
-12256
-2810
-9180
1037
-4068
-4630
-16344
-9224
-8168
-2820
-7112
6614
-18428
-2818
40
10213
-5092
-4099
-2820
555
8192
6385
-776
6948
-3020
2295
-5116
-1279
-9988
42
-4096
2045
7212
4608
-7168
9265
3100
-4090
-6104
-5912
-4872
3338
-9196
-1270
-6112
-9171
-5096
1260
-6124
8459
-1980
1800
-7144
-5101
-3052
229
5148
-1272
-11252
-4092
-5056
6402
-10208
-11749
-3072
-287
-5088
2553
-11248
-8216
-11012
2537
-19404
-7639
-4060
-4826
-11216
-754
-4052
-7166
-9216
9
-5072
547
-3044
-3549
1040
2809
-5100
7173
-5104
2573
-3052
-3335
-4872
-1813
-7112
750
-9196
-7933
-7136
-4576
-5108
6390
-2048
5367
-8124
-8710
-9200
-2304
-8176
1286
-3032
-6395
-11224
-8448
-3020
7430
-15316
-3340
-14300
1274
-10228
-3363
-20456
-3580
-10228
3325
-9164
2063
-4084
3310
-9188
3320
1252
-4870
-6072
3606
-11244
-771
-16336
1256
2096
-6669
-5100
6664
-4068
3090
-14296
-1828
-8144
-1279
-5100
-2556
-7144
-9471
-10204
4630
-11048
5350
-13268
7404
-10200
-4379
-12248
5391
-7108
-7162
-996
1762
-7960
-2294
-5064
-796
-11208
-4345
-14288
-5659
-10192
-272
-12280
-6141
-18400
14300
20
-9711
252
-2302
-8180
2046
-3844
4592
-10208
-6414
-8148
-36
-14320
8678
-14288
2558
-15128
5627
-4896
-8711
-15344
1014
-8144
2035
-3032
-5887
-1988
3071
-2036
-3043
-1004
2547
-10192
1284
-996
8685
-6128
4132
-13284
233
-11204
513
-9176
-3346
-12208
-2023
-5072
-2036
-8136
-4066
-6124
-1040
-8144
9190
-6112
287
-5100
2780
-1004
4342
-4080
8169
-15304
-6398
6172
-9270
-7164
-8433
-5080
538
-16332
4140
-8164
2525
-7120
1241
-4872
-3348
-8168
-8183
-16356
-17713
-8172
8475
-7112
1545
-11248
-12544
-2040
-2587
-9196
-3352
-10212
1805
-6132
7704
-5120
11228
4144
-1546
244
-1822
-4076
3338
-7168
4365
-11244
1295
-10188
4079
-980
-9201
2056
522
6180
3825
2300
7930
-5104
-4810
-4060
-2
0
2817
-9152
3635
-16164
10725
-7104
-4098
-6936
3790
-8972
4128
-10156
2089
-16376
3573
-13080
-5890
-12260
7454
-9180
-1812
2060
-4871
-18432
3079
-18376
-6138
-18404
5370
-968
-6415
-5064
-12016
-2000
4348
-16332
-1305
-3040
1544
-8140
3551
-8168
3834
-8184
2824
-20404
2042
-780
-2542
-18404
-1317
-10208
-6421
-8148
-3104
-1016
4845
1036
-262
-14328
-7190
-8140
7139
-14316
4576
7208
2537
-1812
-215
-10228
10255
-6124
3557
-4056
-2301
-7156
9205
-11036
-2070
-10220
-5375
-9204
-4644
-9192
-1782
-6124
10742
-6932
1821
-8148
4560
-10196
-5657
-11220
-6695
-14084
-2268
-4060
-5372
-16352
2286
-7136
-2570
-18432
-1278
-4052
-799
-10192
3098
-13308
-489
-3052
-6939
-9200
-1273
-10220
2081
-22252
12532
-12276
2325
-13268
-10490
-9164
2334
-4068
-3601
-14296
7187
-14088
8737
-9176
-7172
-968
525
-6140
-5885
-7948
8451
-11232
-739
-12264
2825
3128
-4614
-3844
-2318
-13276
-8207
-6104
1518
-10224
-237
-14336
-790
-12272
1009
-1016
2076
-8184
264
-9204
-1812
-8184
9966
-8180
-504
-1008
34
-8176
3863
-4064
-1300
-7136
11754
-10200
-1523
2048
4602
40
-4099
-14336
-2521
-11232
252
-5080
-2303
-3008
-4583
-8152
1766
-6120
-8192
-11224
-3868
-10192
8226
-18392
-4645
-5068
-780
4348
789
-7944
971
-17376
2073
-20396
-1528
-9216
-3591
-14304
-752
-7144
281
-2040
6931
3116
-9946
-2032
231
-6076
2532
-2044
2061
-10208
7915
-8140
-4589
1032
5106
-4036
4833
-13260
5
-10220
-5108
2064
-3842
1268
-524
-7144
-14594
-16144
-238
-9176
1786
-11248
-1739
15440
-6918
-3028
21
1044
-736
-17352
5096
-5100
-5605
-11228
-3846
-10236
-1026
-7108
3864
-16364
5135
-11224
-1814
-15324
11769
-5088
-5628
-7136
-5341
-1000
-1046
-4084
-3354
-11220
747
-12236
2068
-7152
6899
1048
-1275
-8152
3825
-8156
1811
-3848
-3559
2272
3574
-15348
-12779
-19216
5125
-17352
-1248
-7132
3039
-4064
-3563
6392
-3844
-6932
-6
-4068
-266
-6136
2283
-8188
-1021
-5080
-4351
-6100
-2600
-6124
2084
-7128
4885
-6100
776
-10224
7166
-4064
3067
-11256
-755
-6124
1801
-12044
3077
-8192
5369
-4080
-10774
-8152
-3305
-12240
1248
-3072
9431
6168
-258
-8132
7941
-2016
-8225
-13236
-1533
-10196
-7441
-14312
11003
-1996
2309
6152
-3056
-2036
2546
5160
-6157
-5092
-8964
-5068
-4356
-14320
-1269
1048
3560
-3028
-271
-14272
6447
2076
-2314
-1004
1028
-9168
-2588
-15336
-5118
-4064
-6115
-16376
4859
-10208
12774
-7952
-4361
-3040
6394
-13296
-536
-9192
-741
-3048
-3335
-3036
6407
-12272
-2808
-13268
-10757
40
-801
-8172
-1012
28
3813
-6092
-5655
-8128
-3610
-11228
1076
-10188
7404
-4036
-6393
-5076
-2805
-4064
9977
-11224
6165
-3012
3863
-15360
2336
-2008
-266
-9204
1530
6152
-12012
6172
-4869
-2008
-260
-24284
6642
-4068
5083
-12256
-2580
-8168
2543
-13076
-2777
-5104
-1789
-13240
-1802
-10216
-779
-11228
2276
4112
13
-8164
12539
-9148
-7721
-14116
-757
-11220
-8193
-15352
4607
40
-7443
-10208
-266
-16344
8232
-14288
-2293
-9172
1806
-8964
-5652
-7120
-2279
-18400
-1021
-9184
3598
-11244
10516
-3052
1279
-11236
-766
-14280
-2835
-6088
1267
-12260
5151
-8184
3849
-4080
3827
-8132
-7160
-19400
-1293
-10000
5902
1052
-771
-9180
-4605
-11212
745
-15328
2580
-11248
2028
-2824
-2324
-15300
7191
-8160
10775
-5116
3844
-4072
1548
-11232
1533
-11232
-5388
-8172
544
-7136
-5878
-6120
-3832
-3068
2815
-10228
-767
-7132
6915
-17372
-5846
-12036
-6410
-6136
3348
-988
-783
-10204
-1293
-15332
-7696
-11236
7408
-11252
9522
-2004
-2054
-6116
496
-9180
6183
-10184
6907
-12240
-5654
-13276
-2526
1139
1298
2056
5859
-7152
2088
-2012
-4334
-13260
3579
-20460
485
-8184
-2566
-5084
-12262
40
6661
-8152
-2853
36
4900
-17392
-3067
-2020
-490
-21476
-10509
-4040
-4624
-13280
10753
-16380
-261
-6108
522
-4096
2524
2056
-521
-960
8926
-22244
-209
-8156
14594
-7128
-506
-2840
-5884
7216
5128
-12276
5091
-2020
-1563
-6092
802
-8192
-513
-1016
-2074
-5096
-1013
-12220
-6425
-1804
-5369
-3028
10250
-15356
-7
-11192
1295
-15320
-5619
2064
771
-12052
-5366
-7108
6141
-11220
5139
-6104
-6416
-7081
-6359
-15328
-3819
-9188
2313
-9168
10701
-1980
-8200
-17392
2567
-7164
-2766
-12260
-25444
-11256
6619
1264
-3040
-13260
-3338
-15108
5882
-10168
-14619
-10228
-4644
-9168
5408
-11232
-3353
-9192
4621
-6120
9735
-3068
-5406
4124
277
-15348
3084
-6104
3361
-6096
2580
-10212
-5385
2064
-5101
-8976
-6398
-3044
11734
-20464
-10982
-6112
-1293
-12228
6647
-14320
-1286
-13260
-747
-5092
-1555
-11012
-3833
-8172
-522
-7124
-2576
-3028
1812
-19204
5107
-14280
1288
-17360
-1518
-16348
7400
-9168
5128
-10180
-2822
-12252
5890
-8172
2040
-1988
3822
5124
-16644
-10232
2307
-9192
-6145
-4052
-5360
-9156
-1301
-5068
2043
-3044
-2605
-8188
4646
-2016
4079
-11212
1494
-1992
-250
-16356
7709
-6108
-4928
-6116
7406
1036
-2027
-12264
-533
-6128
-5879
-13296
-4627
-15340
-2828
-10196
5147
3088
-1799
-8184
6370
-17388
-2824
-9192
-8425
-17400
769
-7148
13070
-4084
-4887
-11177
-3590
-10224
6149
-9176
9180
-10172
-4104
-7976
4622
-17368
778
-5076
2551
-12252
-6619
-9184
1809
-15340
-5102
-10212
-4091
-15116
5120
-11248
233
-7112
-9713
-7140
-4082
-8168
-13090
-9168
-272
-10220
3331
-3020
-5648
-992
-9496
-11192
1005
2100
-3571
-4868
231
-21476
-2306
-14264
-240
-8152
6911
-19404
-2829
-11248
-549
-4088
-740
-10236
7176
-7160
5110
-16332
-7410
-4880
2785
-5092
-2815
-5916
7195
-9164
4881
-13296
32
-3068
2555
-17392
2060
-976
7909
-5096
-2253
-4056
-3545
-6108
-1812
-12232
2035
-2044
1010
-7132
-7215
-12232
9707
-3048
11043
6176
6667
-9192
11285
-3044
3326
-4880
-2023
-5084
-5333
-4044
4867
-12220
-4608
-2032
4093
-19404
5638
-5096
3086
-9200
-2580
8216
-767
-4068
-12568
-10212
-535
-1000
-6408
-3016
-2317
-13232
6177
-3856
-15111
5156
1256
-7152
-1830
-5068
4353
-2032
11543
-9184
7642
24
5646
-16136
7158
-6076
6902
-13272
-14350
-10228
783
1076
-3101
24
9200
-11012
-7952
1044
777
-9180
-2304
-11256
-10777
-11228
-532
-8144
757
-15356
2294
8220
1824
-14324
5373
-10236
5638
-4868
-7931
-6104
3315
-1976
2819
-17400
1042
-1016
11771
-11244
-5607
-10212
-12034
-3040
10232
-15320
7928
-5096
-3340
-9184
517
-4048
2583
-2040
1027
-16380
-9475
-6124
5643
-13292
4883
-5116
5080
-13221
-499
-5064
-10510
-5060
4866
-6092
-12300
-2028
-1792
-4052
-772
-13276
4867
8
-6138
-8172
-4327
-6104
3296
1104
-5139
-13268
-2556
-5892
2541
2056
2058
-8128
-3580
-5076
11534
-7128
-728
-4064
6162
-9172
-290
-2028
2552
-12252
10232
-11220
-9954
-12260
-6370
-13284
-9195
-17340
-3334
-13252
-13593
-13060
10483
-3060
9201
-10196
-5133
-15312
-1527
-7168
2546
-2036
3091
-12256
2827
-7136
767
-19432
-4103
-13268
4335
-6112
1792
-12232
-11288
-16316
-10002
-10200
-6395
-6124
2026
-3060
2809
-6112
1010
-5104
-2830
-4068
14582
-12276
2042
-8176
-4325
-11240
-3599
-4036
5134
1064
527
-5096
-771
3092
9262
-8188
1007
-7156
-505
-17368
1515
4128
7663
-13276
-3329
-14308
5934
-4060
-4107
-8164
-14571
-4044
534
-16368
8418
-13308
1531
-16372
-8989
3128
3066
-2032
-4851
-9180
214
-3044
-751
-5100
2566
-17392
3327
-2004
-5369
-18388
-4609
-964
-12304
-5112
3830
-12288
2829
-13300
10254
-6092
1810
2048
2058
-14100
-4624
-10216
4360
-9208
3082
2068
775
-7132
-3318
-16360
7417
-4009
-8482
1048
14100
-8108
-798
-988
6904
-8152
-5652
-11208
-7416
-7164
-1548
-8172
5088
-7100
1010
4112
-1515
-9192
-3596
-2016
-494
-10200
8994
-7136
-7220
-5088
538
-9172
-14073
-6088
-8736
-3048
12248
-6112
7662
-9168
-2818
-7124
2844
-12256
7674
-8156
5380
-14320
-1269
3096
4625
8
-8452
-17388
506
-5092
-5638
-7952
-7956
-9992
8703
-10216
-8209
-12228
-512
-19384
5135
-10208
-4376
-23268
-15902
-6120
-7902
-1996
-1568
-3044
-1506
2052
-12559
-11224
5084
-5900
-1264
-17372
-2837
-3048
-4848
-26356
5128
-6112
3108
-3060
14363
-7120
1522
-9188
-502
-7100
-513
-8184
2809
-9168
3597
-11196
-3315
-2008
-2325
-5092
1523
-5092
4330
-11244
-10746
-7148
-9488
-14308
6382
-4016
-2084
-3848
2298
-3028
-25428
-5072
-9698
-6120
1538
-8164
-2570
-7100
-3863
-8172
3864
-10208
1288
-10196
3309
-13300
1059
-4076
2537
-1964
6891
-10228
15415
-4064
2326
-20428
-766
4140
-221
-14324
6395
-3056
4108
3092
1815
-11228
-5357
-19428
2037
-8172
-2309
-7128
-5131
-3000
-6657
-6136
2552
-7144
-1784
-6124
246
-5100
-6951
-2032
3311
1040
-527
-16372
-16152
-2016
-2053
-4084
-7685
-5108
-2858
-15328
-4609
-8160
2290
-12252
3071
-19444
4835
-8164
6384
-15312
-9961
-8148
-2271
-3072
-800
-11248
-3057
-8164
481
-11232
-3280
1060
-3827
-6116
-545
7200
-3580
-12288
-4336
-3997
3596
-15348
4352
-6128
-12815
-6124
777
-10220
-4358
-1992
-7681
-12256
-4635
-5112
-2821
-9196
1516
-4088
-7965
24
-2813
-11188
2297
-7128
-6667
-15336
2574
-992
-8186
-15344
-3593
-7156
-1553
-16328
-1523
-7160
-6668
-2000
-475
-10216
-529
-5100
-1504
-7116
2300
-9144
2798
-4080
2058
-4092
-7922
-4080
-1260
-18400
-2299
-2008
-6642
-13276
-6184
-12272
5366
4
-4875
-984
-6903
-10228
7192
-9180
7409
44
5087
-11248
-2812
236
-2033
-6124
-2288
-13276
-2567
-976
1527
-11020
5399
-2040
-2328
-16368
3579
4124
-1779
-15356
247
-1008
288
-9992
-10202
6144
2795
-13288
-2836
-4872
-8681
-11236
8185
-5072
6644
-15320
-7427
-6096
262
-3040
-4063
-10232
7428
-22256
777
8
2093
-3056
4355
-8964
-2071
-13076
-473
-3060
-6440
-6092
1272
5128
-10508
-8168
-540
-4096
8699
-5112
2
-13248
3584
-2000
8447
-18404
2557
1040
-3839
-5100
3556
-3044
-11745
-8192
-1265
-11012
2074
-8168
6107
-9208
-4375
-12189
-3064
-5068
8488
-9180
6376
8
1767
-7140
-2326
-8172
-7157
-5072
1562
-10025
1040
-10200
1523
-6112
1070
-15308
-1535
-9208
-788
-14304
-5856
-7140
-1799
-10176
-6673
-17368
-2540
4128
4634
-5076
-4086
-5072
-4843
-3060
4620
-6116
2577
-12276
277
-13284
-6412
-6116
-5883
-10196
4123
-15328
-735
-13240
3083
-13264
1245
-8136
748
28
-511
-18400
3595
-25288
-1000
-3056
297
-2000
5875
-14272
-4125
-9192
-492
32
-1261
-9144
-8214
-4024
2290
-13276
-5647
-8176
2783
-4048
264
-14324
-12556
-16340
4889
-9992
-6133
-6124
-7456
-788
4595
-21444
11010
-7128
-7166
18432
-505
-17376
4339
-5108
-1029
-1812
-5889
-2840
-7447
-14280
-9213
-10212
1775
-22232
-2549
-9212
-219
-15312
4073
-7160
-787
-26332
-2331
-11248
-1528
-14328
2536
-17160
-10209
-3060
-303
-17392
-5113
-9192
-807
-8140
-5112
-2020
-10717
-6096
-2558
-12256
-2587
-13292
760
-11232
-983
-14316
-6374
36
-4361
-6132
-5106
-2000
5147
-11252
-4881
-4060
-26
-6100
8731
-7144
-6652
-4048
-6909
-13260
-1003
-11228
4122
-9184
-1268
-17340
4838
-6112
1511
-4084
-2542
-5060
12281
-5896
-1546
-8152
1764
-9192
-4076
2052
4585
-14304
-4633
-15320
-8195
7404
-1308
-10224
2817
-8128
-1000
8444
248
-16364
259
-15344
-4341
-5084
-272
4
-2559
-8176
1023
-16376
1796
4116
-2550
-8152
-8955
252
-2327
-8180
-768
-3044
-2297
-11236
-5618
-11240
-783
-12212
6450
-7120
-6125
-24292
4335
-6116
9951
-4056
5387
-8160
2309
-8184
-10244
5164
-5097
-9212
4358
1044
-6886
-6104
12823
-15324
-4354
-8144
7404
-17396
-3594
-6128
-2581
2100
3841
-13288
-4354
-4056
-9726
-10228
-1544
3100
-1303
-5096
518
-8164
7660
28
-5900
-11260
-2063
-8168
4879
-7148
-3093
-9192
15677
-7128
-1007
6388
-3583
4183
-2814
-12260
3071
-10208
-10214
1056
490
-20420
-4593
-10192
9236
-2008
5144
-16364
7963
-1000
-2567
-18368
-4130
-13288
2
-7944
-5123
-9172
-4329
-19424
3565
-8124
-7175
-8184
5865
-9172
5652
-1020
-778
1040
3862
-9192
9972
-6112
-1068
-9208
-6673
-9176
1028
-5076
4885
-12260
4139
-5096
-753
-2000
-3338
-11252
-2261
-6136
5643
-6108
2066
-7124
-6114
-11212
-2320
-10200
1512
-4032
-7133
-12264
-495
-10220
-3086
-13264
4359
-13272
-1033
-9172
1276
-8148
-5869
-5080
4106
-12232
514
-6136
-13851
-972
6418
-6116
-5877
-9208
3839
-9184
-237
-6104
3060
-11240
-5117
-3844
-4877
-7156
3836
-9164
-4116
-8180
-484
-6096
3352
-3852
-2313
-3056
-8211
-5892
-3570
-13260
-10752
3084
-3875
-1000
10756
4132
-9981
-1016
-3614
-5084
-19
1048
-7180
-10212
-9232
2088
4609
-10220
6396
-9196
6916
-12040
-1243
-15312
4605
-10232
-264
-6132
-15
-5120
5627
-4084
-2846
-3068
6405
-5104
3550
-11220
8466
-4060
1017
-10164
6155
-7152
4849
-14300
2319
-10220
3822
-2024
509
-4024
-3308
5140
-6128
-3024
-3595
-6116
5919
1072
-3591
-8156
7964
-8120
3597
-14328
13298
-4044
-6
-15324
1794
-14296
3321
-12248
3078
-6112
-5138
-772
-2801
-12252
10999
-16376
-276
-10224
-15227
-7132
10242
-14304
-5089
-3036
12020
-3044
1273
2052
5652
-1008
1825
-5892
8428
-12256
7947
-8176
5127
2100
3281
-14096
-4330
-3060
9226
-17368
4349
-6104
2791
-976
-9984
-4064
-3
-15265
509
2056
-4309
-5088
-270
-5052
6629
-18420
-6129
-12208
6130
-1988
12307
-5068
-10735
-10188
3080
-3040
7972
-13264
6442
-6140
1290
-992
-251
-10208
5345
-6092
-1558
-996
-764
-13248
-1017
-5072
-2556
-3040
1524
-3068
5888
40
-12285
-18388
10233
-4044
-2839
-4052
9982
-12284
1541
-6096
-2274
-13228
9211
-2016
1271
-10240
-3824
-4076
1555
-10200
-495
1056
-3315
-8120
1009
3116
308
-7156
12521
20
-3866
-6128
-1791
-4024
261
-2044
3589
-9216
6915
-15340
-563
-5088
-12297
-968
-8455
-12280
10221
-15332
3853
-6140
7935
-964
-4382
-13288
-6867
-19432
1005
-11244
3800
-6116
3583
-8168
3569
-11236
-5367
-12236
6938
-8192
11815
-10208
16333
-2012
3609
-9176
237
-10224
9976
-12264
-3560
-16356
9513
-12264
-45
-1000
-2802
-2844
2809
-13280
240
-4024
-1035
7228
3329
-10232
517
-13276
-20
-11224
3360
-1016
4895
5152
11507
-15336
7709
-12252
-5652
-7081
268
-7164
-3593
-4028
5107
-9196
-773
-7140
2787
-11228
5661
-13300
8703
-4060
-1016
-11068
787
-3036
6889
2072
2042
-2036
-9759
-14092
-1796
-15352
5601
-18192
11794
-6916
-1803
-13276
-1305
-2040
-518
-5108
-8444
-9160
1749
-3072
6902
-3864
-508
-10180
-5644
-12252
3830
-12240
-3322
-8160
-9999
-3056
-22
-7156
3577
-3040
7934
-2828
7160
-1000
4348
1052
3068
-8124
-1555
-3060
-3324
-16340
-4596
-9196
-7667
-12252
3820
-10224
3093
-5068
9219
-11204
6402
-5076
-6380
-7108
13536
-16344
-2562
24
-2008
-4040
5626
-13312
6169
-9188
-4890
-6084
2299
-5088
-543
-16352
7971
-13300
3355
-11236
-4364
-18384
-1814
-2036
1810
-16320
4342
-13272
6670
-20452
2836
-18388
-5371
-6128
2289
4344
-4856
-8172
-2298
-5080
8177
-14304
-2781
-7148
-270
-17404
-21731
-14292
8428
-9196
-8984
3108
-6424
-8188
3859
-3020
-1001
-10208
-3842
-4072
1043
-7132
-13336
-10216
3796
-9164
-2069
2108
761
-6144
-278
-6108
4831
-7940
-1046
-8168
-7435
-5108
-4068
-13264
6142
-1796
11288
-9996
14080
252
-6405
1032
-7637
-11232
-1052
-18192
8697
-6920
5380
-15300
752
-2004
2829
8204
8946
-4084
4368
-3064
-1059
-16148
1286
-992
-7407
-8168
2298
-12264
-4838
-12260
5873
-11232
7671
-7120
-9187
-3000
-3335
-2028
-6120
-6128
3306
-9192
-10227
3112
-4359
-6136
-1842
-10216
4102
3324
-5410
-7164
-1557
-7116
-257
-9192
242
-3052
1785
5128
-3817
-5056
-507
-5112
-4109
-11212
-3331
-5072
5337
-12268
1516
-3040
1042
-17380
782
-2020
-5112
1036
-8947
-7136
1542
-1024
-6626
-10204
-12308
-5076
8737
2092
14
-7108
5878
-8156
-2326
-3848
-2844
-8176
-3088
3148
-1547
-4040
-1544
2076
-3051
-12036
726
-4068
1276
-2820
-6637
-4080
8958
28
-4092
-16332
-3859
-5084
-1809
-7136
-5359
-2008
-2580
24
4109
-12256
5611
2056
-1813
-10208
8683
-10184
6652
-9216
-8463
-10200
-2046
-8140
-1532
-13264
-1516
-9992
3603
-3060
1830
-12244
-3064
20
5857
-8164
-4069
-12284
-5365
-1796
1259
-11232
8
-6136
6422
-3048
-6641
-8976
-493
-14300
-6380
-6108
496
-7144
-5097
-4064
-2034
-780
-2535
-772
-4616
-1000
-6891
-14308
1755
-12240
3547
-2020
-5901
-4048
6166
-4044
9753
-23256
-4066
-8168
-770
-20456
6898
4124
-5871
4124
3567
-10196
8462
-12264
-2294
-3072
-1274
-6120
-6919
-9188
-8191
-5052
747
-12276
-2068
-9180
4107
-12260
-4600
16
4912
-6053
-4574
-10228
-1819
-10184
-5648
4112
-773
2096
-8696
-6068
-776
-4072
3068
-5112
-273
-7164
-2555
-8148
-3848
-12232
4622
-17368
9691
-12276
-4314
-10216
9470
-6124
1289
-3072
516
-12268
2528
-13248
-8181
-1016
4886
-8136
5642
-2020
6676
-7116
-5909
1068
8407
5172
4668
-2048
5865
-6144
4859
-6080
-6129
-4072
3874
-3044
257
-5064
4099
-6136
5108
-4080
-2313
-2032
2032
-11260
-9734
-3064
-5368
-11220
-4349
-5896
-6646
-3060
17689
-5092
14294
-10000
-1535
-12276
3079
-13304
-5646
-14316
257
-8144
2564
-5104
4328
-8160
-3059
-15348
2026
-17332
2046
-784
-2092
-15296
3576
-3040
2024
-2024
-4372
-2024
-1766
-3064
-2566
-11220
9
-3020
-14350
-9200
-1525
-5104
8417
-9192
-9478
-7148
-10765
-14308
-1298
-4060
10528
-5096
-5853
-3028
11243
-12276
7963
-17352
8420
-3056
6161
-1008
-11537
-12276
5379
-1988
-3560
-18216
-3118
-5052
-1499
-9184
-7722
-13296
-505
-772
1314
-12232
-244
-6108
-3832
-984
3589
-16364
501
-4048
1271
-9180
2813
-10220
-2828
-9180
3849
-3028
-3083
-13296
-1019
48
-514
1060
-2562
-980
-3074
-7136
-792
-980
-996
-10184
-6147
-9180
-739
-7148
1230
-11216
-534
-9216
13110
32
4054
-21504
-5849
-7140
7961
-3044
-3352
1048
3581
-13304
752
-7140
-1518
-15340
7433
1092
6410
-12244
9704
-4060
-1265
-10216
-2292
-5084
-3356
-988
-11521
-11244
-1054
-5092
-9780
-9196
1805
-11248
-510
3108
1797
-13272
-3076
-9168
4369
-3044
10510
-10196
2037
-6108
53
24
11285
-8968
5873
-8164
1583
-10192
-1023
-10196
3590
-4060
2807
-13280
2805
-980
4661
-10192
-1304
-4036
7179
-6144
-784
-12248
512
-7120
-3295
-8156
6414
-4048
-3573
-11224
1010
-5056
1524
5160
4105
-1976
-4085
-5096
2340
-4080
-4634
-1008
8215
-5088
-3572
-7944
6915
-13280
-5637
-7128
-3346
-13248
-2299
-20476
-6932
-3028
3609
48
-10760
-12264
-4
-992
-7191
28
1554
-9196
-9476
-7124
1597
-8968
-11548
-4076
-10525
-7164
4593
-8168
-2054
8228
-7683
-3064
8966
-3072
2838
-9196
-6368
-12276
9977
-3852
1281
-9168
-2337
-5108
-3584
-5096
4308
-17380
-7431
-7152
1772
248
-7911
-4072
-9732
-5104
-2539
-12276
-490
-13268
4856
-12280
-5397
-4092
-6892
-19408
503
4120
2246
-10228
7164
1024
-12011
-7148
-9
-3048
-4354
-11264
7410
-5112
-1017
-972
-3852
-1796
2587
-7140
7655
-15348
9199
-13296
-275
-1804
7441
3124
-9497
-15348
-5092
-11220
9465
-6920
-214
-7136
-1831
-6096
15344
-7940
-2249
-13288
8177
-9216
256
-8172
-7663
-17356
7730
2096
-6913
-7132
7935
-6128
12791
-5112
-2547
-776
5365
-3048
3336
-9176
4562
-8140
-5384
-3032
3321
-14312
-10491
-8160
791
-4080
-4613
-4048
4366
-15320
6366
-16320
2597
-18408
-1536
-21440
5674
-14300
-6149
16
-2026
-9200
-239
-5104
2800
-12268
2296
-5096
5128
-7128
-12573
-14296
6673
2288
-4350
-4068
-6159
-14284
5353
-9192
-7421
20
7425
20
-5138
-5088
4093
8196
-2291
-1972
6121
-9184
-780
-11232
-13025
-1004
-1025
-1804
-7693
-6128
-9221
-14332
8693
-5088
506
-13060
-762
-11228
-280
-10212
-5371
1024
-1082
-15356
-4602
-10216
5406
-8112
-3860
-13276
3836
-3068
-1011
2084
7459
-4092
-1789
-4068
-2052
1036
-5367
-3052
3334
-7164
5598
-6100
-2326
-13304
-5887
-2044
4881
-2040
-1005
-4092
3873
-8164
-3070
-8132
794
-17340
-2824
-14084
11771
-7164
-7184
3084
249
-984
-6143
-16332
5627
-4092
-4100
-21417
-1053
4104
235
-10216
2580
-14312
2306
1036
5412
-4036
3084
-14304
7677
-10200
2829
-9196
5165
-1004
3055
-9184
-6134
-8164
10473
1256
2265
-8184
2844
1044
-4606
-10192
-1277
-7132
1806
-10228
6395
-4044
-3855
-8156
-9433
-12268
5622
-6108
-501
-7168
2582
-4056
3824
-18412
4353
-3040
3079
-14264
531
-5072
260
-14288
-5089
-5108
2034
-6108
7152
-8152
3815
5168
-1312
-16332
-763
-1820
798
244
13813
-2000
-5638
-9192
9217
-12276
3333
-8164
3328
-14312
263
-9196
-7126
-4072
-6101
-4060
2295
5136
8710
-6120
7934
248
-7117
-2012
6381
-7160
2056
-4056
3066
-5092
1537
-4056
-3087
-10212
2825
1056
774
-10200
6137
-13280
274
-7952
212
-12260
-2282
-12248
7452
-16344
-13282
-16340
-2546
-6144
10491
-956
1789
-13276
7432
-6108
-7147
-11196
-805
4140
-11544
-6132
1513
-11256
4332
-19204
-7903
-4080
4605
-13260
250
-9156
5159
-10200
-1026
-17384
-1272
56
8718
-4048
2300
-9172
1815
3092
9747
-4876
2796
-10220
-2807
-4076
-5152
-7120
-6936
-14296
6426
-8172
5341
-14288
6163
-12280
3850
-772
-11019
8240
7935
-9184
4066
-9208
2812
-12248
4399
-1016
3039
-7952
-3048
5188
6127
1040
-4329
228
2853
-14300
4110
-8132
3863
1072
3584
-10236
-237
-15120
8195
5372
-1557
-16356
8188
-2008
-1288
-5088
261
-3852
6404
-8180
7410
-4044
-3810
-980
-6404
-11252
-3852
-9180
14638
-5116
-5115
-17396
-8449
-5904
-1276
-7944
2011
-6112
-3080
-14284
7166
-13221
1255
-13296
266
6220
-496
-14264
2850
28
-2584
3120
1491
-9200
3346
5148
1783
52
-14071
-14284
-2783
-10236
-4876
-9156
10505
-13304
-9722
-13308
7895
-7128
-2571
-16320
1261
-976
2314
-6112
-7429
-9156
1276
-4040
-20283
-14328
9465
-6132
4886
-12276
7934
-3044
2581
-9216
-2045
-18404
-468
-4072
-7703
-11232
-6399
-17332
34
-1988
6670
-6128
-3319
-6120
2544
-15328
-774
-10216
6715
-2040
-2573
-11216
253
-18388
-4603
-10188
-3865
-4084
-1261
-10216
244
-964
-10525
-9148
-3070
-12228
-4616
-6104
-1039
-14300
2021
-3044
-275
-800
-6359
-6108
5147
-10228
3299
-5084
-9223
-6120
3066
-11244
-2830
1272
-2290
