-5064
-468
-10192
6392
-8164
3596
44
3320
-11244
6883
-5112
1722
-13272
-1829
-14312
-3079
3116
2823
2048
2805
-11256
1793
4
1810
-17388
-1514
-20436
3051
-12236
-42
-14280
4884
-12244
2549
-12276
-6134
-976
-4119
-7168
1535
-6128
-6617
-4036
-8433
-9204
-5890
-9172
-6375
5168
-1293
-8164
-4094
-4052
2033
-10188
1511
-9996
-769
1028
-6943
-3036
-1764
-8192
-2040
-13060
-4594
-9184
-5398
-3008
-7723
-4088
-2840
-5092
-9217
-3040
-4409
-6108
-5105
-16352
-6892
-4092
7696
-5096
9712
-10220
-7658
-8140
13555
-7148
-2816
-9176
2804
-9988
4605
-8968
4629
-9180
3809
-6096
1276
-7160
-782
-984
4369
-10232
1499
-17380
-9241
1052
4606
-2000
-6148
-5096
4869
-3020
-280
-14312
-4126
-11256
1285
-13300
-8405
-5080
8185
-11228
4128
-6144
-10021
-8192
8188
4124
-3827
-4056
739
-11224
1784
-4044
-7173
-7144
985
-5064
778
-19412
5131
-7136
1815
-2004
25
-8132
1019
-6088
-2328
-8124
252
-9216
-287
-12252
-2058
-11244
3829
-3020
544
-12256
3356
-6076
2795
6172
-7951
-4044
-999
-10164
-747
3312
7905
-5072
-7925
-7124
781
-5088
3827
-3008
495
-18432
-6404
-11256
-2815
3072
8744
-4088
-254
-10188
-2788
-11244
-20
-7128
274
-14132
9260
-8176
782
-7164
-5111
1036
2576
-15312
-7196
-3040
6160
-12056
-2043
-3016
-10747
-2844
-769
2096
-755
-6924
-4131
-2012
-287
-11184
-50
-12212
3833
-7168
-516
-5092
-5400
-17352
-11011
-3032
-267
-11252
1803
-12232
-2598
-5088
3065
-14100
5870
2072
4859
-9988
-8471
252
-7669
-8160
3307
-4076
-258
-9188
-3313
-976
480
-2016
-3075
7220
2287
-10184
-10517
-19448
500
-6080
-9987
-13240
2048
-10200
8218
-18428
-515
-9172
-3858
-15344
-1784
-3032
-3576
-12252
-5353
-5044
-1806
-13272
2542
-3064
6916
-8176
-1538
-7128
-9464
-14288
-296
-12252
-2578
-7092
-8960
-11228
8938
-24264
4563
-10188
1806
-13280
-2297
-9176
2572
8
-6652
-20448
-2540
-16312
-8178
-4028
10982
-9160
-998
-3000
1779
-12268
1261
-8160
1030
-3044
-2285
-9172
-4353
-1000
2592
-9176
1312
-10204
-6648
-20472
7459
-5896
8468
1036
-13311
-14296
-1220
-11208
3582
-6108
1813
-14300
5403
-6136
-514
-16380
7625
-13276
3843
-14308
3847
-11228
-9710
-6916
2037
-9180
-7169
-9184
-246
-9168
3329
-11180
-13813
-11208
-3878
-7160
2063
-984
3562
-13252
-11762
-4096
-2592
-9200
-2809
-14272
-7659
-9188
5106
-17368
-3055
-13296
780
-6068
0
-17321
-478
-9196
5127
-8184
6924
-9180
2796
-2044
-3078
-10224
-292
-7148
1808
-13300
7157
-16344
-6379
-16356
4588
-3844
4091
-8140
-2567
-10208
11225
-4072
3861
-10224
5342
-14300
-3345
-10224
-260
-1016
767
-10224
-2074
-2048
8459
-10188
-11992
3080
15908
-14280
3332
6200
-223
-16336
-9449
-2020
2273
-9192
-2301
-11232
2580
-17389
3091
-17344
527
-8160
-2801
-4044
-4629
-9172
5076
-12044
-5608
3100
1251
-5033
-243
-13296
-5637
-8188
-2572
-8192
2076
-3036
482
-7108
-474
-5108
2328
-12044
5581
-9184
-5130
-12276
-6110
-4028
1811
2096
-4846
-12248
2066
-5892
-10252
-4088
1043
-5088
-9731
-10204
13570
4096
-5655
-14304
7161
-2024
751
-2024
-508
-14276
7161
-8972
-5907
-9164
6662
-13252
-2559
-4064
7166
-7960
2303
-12056
3090
-8172
13306
-964
2020
-7116
1039
-8184
-2520
-10149
-5386
-14268
-3870
3120
-2020
-8124
-4349
-10000
2272
-20408
7660
-4044
-3563
-11224
-6665
-19440
-530
4112
2035
-11196
3081
-4060
-7671
1060
-6914
-7132
-3080
-10196
-3073
-12220
6139
44
2342
-15320
3072
-1012
-2041
-17368
-6
-5100
3311
2076
-4322
-6120
1555
-4060
3343
-13264
-2030
-2012
5639
-14316
7930
-5044
-547
-4080
11554
-15344
3808
244
-7159
-21480
2094
-1004
4890
-12284
10962
-9188
9976
-13296
-8920
-6100
6653
-10220
2063
-984
519
-11252
-5113
-7148
8940
-11204
-8201
6188
-3055
52
-13059
-8148
3318
-10236
6886
-5116
3070
-5088
1
-14304
288
-18416
-5363
2260
-5670
-2032
-3078
-3036
-3084
-5092
5350
-4064
4852
-788
1532
8
3595
-6136
2589
-11228
-7942
-5108
10504
-4868
-9002
-11248
10732
-8148
-10208
-3056
6174
-8168
1806
-996
-4067
-8148
-13078
9256
8221
-9160
9733
-6112
-3053
-996
2569
-9144
991
-5056
3873
-13280
8986
-13268
-2326
4108
-1771
-16324
2296
-6124
-1757
-1004
-4088
-12256
-1548
-12040
-779
-5056
6926
-13300
-9214
-12052
7437
-7128
-4849
-10220
-6403
8220
-3557
1072
-2271
-6104
4823
-14304
-2035
48
5092
-2000
11277
-22256
-8476
-13292
4608
-7960
-4600
-11248
-6162
-2012
-5075
-6096
-11035
-9216
7421
2076
3824
-6112
3044
-7164
-6337
-17392
-1275
-5080
12815
-4096
12535
-6120
-1740
-16384
-12300
-9164
-233
-8156
11551
-8964
-5149
-5892
3826
-3016
-8911
-7108
2867
-11224
5361
-9200
-773
-15312
791
-7136
9997
-8164
-2554
0
2822
-7156
-5098
0
-4373
48
7681
-6144
-4840
-7116
7950
-12236
1788
-17376
3845
-10224
-5142
-4084
-1806
-4080
-2787
4
-4597
8208
-1791
-13264
4
-9184
-3355
-15296
-994
-5096
1520
-9164
3827
1040
-10754
2080
1260
-8172
4578
-12264
3855
-11232
-2052
-12232
-1279
-6132
5886
-14308
-4574
-2028
8971
-9172
-3078
-4076
6637
-9188
7675
-12280
4858
-3052
-239
-7120
6148
-5096
-4108
-9188
1028
-9184
3048
-17352
-6134
-16312
2039
-5040
-3841
-13272
2050
-11220
8429
-9164
-4095
-10004
-6143
1236
-6970
-4068
2291
-19408
-4637
-7128
-267
-2036
-6167
-784
11781
-4060
-7446
-11216
-31
-12252
-8689
-12268
14558
-8156
-489
-10212
2332
-6088
2830
-17364
6897
-8172
-16
-9988
-5115
-8164
-6658
-13076
3619
2084
-541
-5096
3332
-9164
-5405
-9184
8432
-7132
-8167
-9164
4365
-5092
23
-6104
-8771
-11232
5914
-10200
-6139
-3032
-4088
-2040
3604
16
-1257
1028
-1798
-7136
-6668
-988
-495
-5096
1286
-3040
3053
-7128
-5137
-17321
-207
-3048
5377
-16356
-7930
-8116
-7149
-7156
-6406
-19436
-2091
4128
-4879
-6116
3820
-7144
-4867
1048
-3848
-3868
-22
-14304
-15112
-4068
-6113
-14332
3097
-10220
6892
-8192
-524
-28380
2310
-4044
-2239
-11024
1828
-8144
7409
-15340
-2811
-3852
-1525
48
-4328
-10192
1795
3296
-759
-12244
10481
-7136
-12489
-2040
2757
-7136
-6650
-6140
6905
-9192
-5846
-16348
-11023
-9176
242
-10188
9494
-7164
8465
-6084
-1556
-16356
8705
2056
2535
-5120
4857
-4080
-11046
-1004
5877
-4064
10733
-6080
1529
-7084
-13012
-4044
-6943
-12244
776
4112
5355
-10228
-4348
-12248
2590
-7100
-2865
-12288
-3573
-9208
1766
-5056
-522
-6108
-4340
-11188
-12018
-10228
17431
-2016
-9996
2072
4591
-2000
-1811
-14336
-1027
-10240
-5634
-2012
-249
-11212
-1561
-9164
7664
-8168
-2286
-4064
-7931
-13296
3056
-9152
-4601
-9144
-1786
-5072
6921
-11236
745
-3016
-8677
-8976
3808
-2004
-7683
-3052
-1514
-10216
3099
-8140
-4355
-4088
-6911
-7124
794
-2000
263
-4072
10252
-5116
-3591
-12264
2027
-3040
-3567
-10196
7151
4104
-11029
-9156
238
-8148
-4353
-3040
-8977
-10212
-6130
-13312
-2326
-5076
5658
-14300
231
-9148
9946
-7144
-8705
-6124
-5110
-6120
3336
32
7402
-964
-2320
-7164
-8932
-9216
6415
-7136
-1275
-10184
-1270
-3052
-6133
2288
11016
19508
6122
-4040
-5936
-11240
-2591
-5064
-2057
-11252
-2307
-2020
1837
-15320
-1511
-7100
-8933
-2004
5883
-4985
-3862
-11240
5089
-12228
-5138
-6084
12537
-12276
-9470
4096
-486
-8172
1803
-19412
3090
-18432
4075
1048
-6911
-9188
3303
-996
8206
-7128
-8459
-10216
14605
-13300
-6655
-11216
-10772
-9204
2830
-7132
7657
-992
-2291
-5084
2083
-1808
496
-9184
4331
-11240
-1551
-9992
3100
-7140
-4093
-4080
-5154
-11248
5634
-9988
-7652
-9212
6366
10280
-8689
-6128
5141
7196
2053
-8128
-2562
-4060
-521
-9188
1236
2096
4335
1268
-10261
12
-268
-3028
6905
-15112
-4361
-772
8193
-17392
-3085
1040
9477
-16364
-8687
8
6943
-8168
-3078
-10204
-2554
-9160
3569
-7128
-257
-6136
787
-8164
-7921
-11208
785
-5104
16146
-10204
-2296
-2000
2599
-2824
484
-3048
5130
-5084
6944
-10200
257
1072
791
1056
-1804
4124
-1021
-14260
-2811
1024
3343
-12228
6174
-10228
258
-8188
231
-9192
-4090
-6116
-6392
-8160
6427
-18404
-5635
-6116
-523
-13264
-7663
-4084
4586
-3856
2788
-8140
8705
-5104
249
-9180
-2301
-1800
10245
-4044
4634
-1000
5431
-10232
8482
-4076
240
-5084
-2300
1056
-1775
-6136
1020
-976
4860
6168
-219
-4096
3087
-4036
-4861
-14292
-19708
-7144
746
-15336
5143
-12040
-774
-9148
5082
-5084
-6640
-7120
-1289
-5108
5418
-11260
5852
-6100
-3616
-12216
3588
-15324
-10978
-12276
6897
-12244
-7728
3088
-1277
-4072
4130
-5108
1049
-1996
227
4160
-16349
6180
5662
-8148
-3614
3092
12829
-2028
-6394
-11244
3760
-4076
-4098
-5080
772
3104
-4862
-8136
-4089
-9164
4841
3116
2796
-10232
-3342
-4076
-523
-980
8949
-8156
-2059
-11228
-7713
-772
-4116
-20432
-3064
-25332
2083
2084
483
-23280
-817
-16328
2070
-15304
-6887
-6136
3332
-11016
-6158
-4009
2335
-7144
-7415
-5120
-3325
-11252
11008
32
7457
-10200
3057
3116
-1023
-9184
8215
-5112
-12
-4040
2304
-12252
508
-3016
8401
-7116
-4572
-4880
-9725
-7148
-1548
-9208
5103
-14268
-6137
-1992
3315
1068
518
-8140
4353
-7132
-507
-5096
9491
-3052
3823
-14300
527
2112
4360
-9188
997
8248
5908
-7168
1814
-7132
-1293
-8152
2831
-10196
-1299
-3060
-4100
-2048
10253
-8172
5101
-13288
-2025
-8120
3323
-13252
4360
-8168
480
-6104
3591
-7128
2291
-4080
-10262
32
-5374
-2020
-805
-5076
11578
-9188
3589
-6136
-2
-7944
-2587
-13300
1290
-19424
6470
-1000
-3894
-3024
6394
-6128
-8173
-14300
767
7192
-1273
2084
2043
-1980
-11545
-10220
-1310
-11236
-7908
28
2029
-13300
-3337
-4072
-2577
-5092
2795
2068
-507
2072
10231
2052
4081
-4048
-2264
-25316
3567
-9180
1282
-8132
-8191
-5100
1247
-15312
-3823
-2004
-240
-8168
-4350
-6128
2053
-4060
-4601
-5096
3569
-6108
-1017
-4876
2549
-3036
4133
-11252
4068
-6128
-3362
-4068
-37
-9212
7651
-7112
4621
6164
-13536
-6128
-2278
-4872
-6701
-2032
3836
-10208
-1266
-9188
-3316
-13288
-4897
-3060
-2021
-4076
-2325
-14308
483
-3004
-8483
-6124
772
-1812
11001
-8176
-7904
2096
1520
-12248
-9462
-9168
-29
-3032
3622
-4056
5368
-12244
12804
6168
-2014
-1020
2299
-12260
-533
-2004
-1792
-19424
1753
-8968
1778
-10212
1573
-8972
1039
-6916
-6661
-6920
6391
-4024
10968
-3848
11794
-7132
6415
-5100
-1516
4144
5360
-5036
7189
-9168
8177
2064
-4100
-4092
-1034
-13280
-2626
-14284
-2000
-4060
-7451
-14276
-7678
-7120
-2295
-5096
-5100
-9204
-7431
-5076
-6660
-6068
11276
-1804
-4068
-7168
8448
-7144
-5941
-3064
-3108
-952
3336
-8164
-3606
-984
-1579
-13268
-11512
-5064
-4377
-6112
-6642
-4060
-502
-3056
-13794
-8192
5358
-7132
-4344
-7168
1504
-980
-10766
2084
3062
-12272
-1825
-9200
2578
-1016
8931
-8184
-3843
2300
-2576
-8148
1791
-11208
-6408
-13280
-9531
5172
-7406
-10224
2041
-9184
-3835
-4076
-2068
-1000
-484
-11220
-540
-18384
3821
-11240
5393
-4056
1016
-11244
-3347
-10192
-3306
-10208
-1805
-5084
1768
-10208
7707
-14096
483
-8968
9208
-7104
4599
-9196
-277
-1996
1766
-1016
6661
10280
-3069
-9164
-6879
-6120
-1040
-7084
4616
4
2305
-5088
-2055
-8972
1290
-4024
-1855
-9184
1535
-9188
-11800
-8148
-17188
-14249
-5336
-5116
1311
-7136
736
-7964
-6
-20456
-5645
-5084
7400
-12244
3315
-3032
5111
-3056
743
-7132
-1234
-12260
-5118
-2820
4832
-13312
-8958
-5084
6608
72
-217
-15316
3318
-11212
7965
-4096
-7668
-12276
-7429
-13268
-1266
-8172
3587
-10184
-7416
-8156
4586
-8156
-3589
-7128
-2054
-968
-3604
-5080
10022
-12244
-6153
-3068
3815
-7160
2552
-3016
760
-14324
-6140
40
-2049
-2028
1556
-20428
-275
-13288
2817
-7160
-4858
-7128
1537
-15316
6387
24
2085
-4044
-6640
-8152
-3892
-10204
1783
3080
513
-17380
8451
-917
-7383
-5060
-6378
-4080
2800
-13296
10751
-11264
7688
-5029
1781
-2840
-9216
-1796
11503
-8156
-5393
-5056
-487
-10200
-2071
-13288
8459
-15344
-5104
-4056
7148
-13308
5094
-7140
6404
-4096
-1283
-8140
-1561
-10204
-3855
-3056
-2804
-7124
-6168
-16376
1767
-9200
-3599
-19424
2016
-10208
-6886
-4048
-10755
-9184
-4126
-5084
-3326
-5100
4606
1052
-7737
-10200
-7661
-2044
-2841
-6112
-2547
-11204
6410
-22220
-7157
-15328
-10788
-5116
-2843
-12040
5325
-12276
22379
-6092
-2024
-7164
-786
-5100
-2322
-18404
1033
-11244
-2832
-7128
262
-2024
9216
-8172
-11800
244
4650
-3848
6162
-14296
2079
-9168
-1044
-4096
13041
-7148
5916
3136
-1250
-3064
-2568
-4060
2067
3148
-8178
-10196
712
-1008
-2795
-7956
-6148
-6120
1064
3084
-995
-6140
-1788
-4076
-752
-4052
-6157
-2832
-7429
-8148
7690
-2016
-7682
-6120
-1069
-12248
-3747
3100
-772
-14300
8445
-9192
-7178
-8192
-779
-12252
29
-3012
5877
-7140
2073
28
2047
-5072
3330
-7128
6179
-11016
-3052
-15112
-2313
-10212
3595
-10192
-30
-11052
-10750
-3052
1014
-13292
-8217
-3044
1254
-8156
-10002
5156
1297
-4060
-2310
-9176
2852
-9988
8993
-11252
-999
-11260
3297
-980
3815
-7152
-10249
2080
-1525
-2024
-4344
-16384
7160
2068
-4090
-11220
-9469
-3064
-1519
-9184
-4580
-6132
-3599
-13304
10488
-9164
-1021
3108
8990
-4096
-1023
-2828
-10248
2064
-772
-5088
1771
-4032
8944
-2040
-9943
-18420
3579
-18368
7918
-2028
1810
-9196
8185
-7100
-3322
-1000
1046
-9192
-9480
-11252
-3834
-2004
-1016
-11024
9233
8
-20726
-6104
1796
-8176
-5885
-10188
12525
-4056
-2296
-5104
-8964
-14332
1243
-12280
2275
-12256
3084
-12288
-1787
-7944
5363
-6144
-274
-1992
-4883
-15356
3578
-772
-12
-4080
-3558
-10240
-1802
-8140
-1039
-10208
-2820
-3036
-13068
-6132
4104
-11024
-17
-8180
-7425
-10212
2819
-14320
4368
-9196
6148
-10216
-2308
-11252
5655
-5120
4572
-10228
6913
-11232
-1510
-9176
-235
-10168
2560
-7140
3314
-16360
-3325
-6136
-6959
-10176
2580
6144
-9990
-9212
5627
-6104
10517
-5092
-2571
-5088
-273
-1016
761
-3040
10731
-2016
-2265
-11248
-2023
-12240
498
-10188
-3852
-11264
10490
-6936
4113
-7116
-4373
1092
-6122
1060
9964
-15336
-3325
-6924
-4848
-12288
2017
-11256
5671
-2032
-2343
-8172
-16122
-10224
-2585
3132
-3852
3104
-771
24
-280
-12240
9969
-1000
-2065
-8132
-5903
-5084
2027
-11224
3590
-9196
-4379
-11244
-1024
-16356
6915
-16308
-10771
-6096
3055
-996
4094
-976
-10756
-10232
-10999
-2028
7939
-11244
1012
-16384
765
2116
-5881
-4072
8451
-7152
-6872
2300
7427
-1984
3557
-10208
8671
13344
-1022
-5100
4596
-12280
3035
-1000
22
5152
-8425
-3024
-2588
-7136
5628
0
3560
-5116
2303
-3028
-12267
-6136
4593
52
-5139
-15336
9755
-13292
-1814
-12256
1280
-9172
3329
2076
-2284
-2000
8966
-4072
2568
2084
6368
-4060
-10186
-1012
3534
-984
6901
5148
-13824
-15332
-10801
-6084
-235
-9176
-5379
3116
-1275
-6068
10782
-11212
-8457
-4096
4349
-12252
-287
-8160
-4890
-8164
6931
-7140
-497
-19440
4071
-5112
2815
-8968
15847
-15336
-1296
-4036
8965
-10212
498
-11208
-7651
-7132
1531
-5892
-1017
-18428
3046
-996
-2311
-12260
1457
-7152
-6900
-7136
4113
-2824
4318
6164
-4097
-984
-9
-3020
-2812
-16352
-9205
-8180
1805
-6124
11023
-15348
7446
-13276
-5393
-9188
6383
-15352
-3093
-5120
722
-9200
12
-5084
12807
-18404
-3603
-8176
9998
-7088
495
-12256
-7399
-13260
-2046
-6124
795
-5896
-265
-1004
-3578
13540
4596
-18428
801
-5096
-1550
-4088
-7699
-4048
6141
-8168
1785
4
-2577
-2020
248
1024
4134
-15292
-4607
-16352
-2044
-4064
2041
-20452
-18458
-12236
1785
-14308
-3334
-13296
266
-8112
802
-9188
-3813
-13292
-1554
-1808
5854
-2032
-5893
1040
-773
-4060
7670
-14304
-5375
-992
-762
-12252
-1041
-10224
-3838
-11236
7447
-6092
-252
-12236
-2785
-6104
-513
-7092
4336
-18372
-2049
-8164
5381
-11036
5119
-4064
-3326
20
-3893
3100
-4857
-15348
10779
-11220
-10990
-12248
-5919
-11016
9500
4348
-7185
-16332
-2049
-4044
-6673
-992
11786
1060
12037
-19444
3847
-6916
-4062
-5068
-3087
-12288
774
-11232
-5572
-10232
-4616
2052
7149
-7148
-3573
-3044
4616
-12060
771
1052
-4133
-12252
-1801
-8172
490
24
4084
-10200
1303
-6120
-1560
-4048
11817
-16320
4118
-9208
5378
-4064
-4089
2076
1821
-17164
1276
-7140
8432
3104
-5614
-9200
5633
6160
4629
-14324
6920
-13264
-3594
-13304
-5407
-16348
1523
-9192
-11519
-4872
791
-4092
14091
-15320
3278
-12232
-4835
-2024
19
-10220
-1327
-9160
6435
-2048
2809
-4080
-3358
-17400
-5905
-7092
-2303
-7140
-1287
-11184
-755
-6120
-7383
-12240
11490
-1000
-13597
-11236
-6397
-11224
-4576
-3044
3635
-11264
-9720
-2008
4094
-7136
5130
-8156
-3585
-7116
-781
-12268
-6917
-3028
-10758
-6136
-4373
-1000
-14133
3128
10265
-2848
2590
-13288
-2065
-8176
-2539
-7104
-4107
7204
12274
-6108
-1018
-3036
-1806
1068
-3815
-8984
1029
-5076
241
-3012
4610
-2824
-5136
-10204
1822
9248
-5104
-13276
16134
-13296
-1281
-9192
-1265
-12256
2017
-5112
5881
-8172
-6134
-6112
268
-8192
8727
-15328
3343
-11252
3855
-10184
8189
-8140
-1553
-12280
6393
-8180
-4358
-8144
3347
1064
6115
2076
-1769
-9176
-779
2104
-1773
-12044
-7689
3096
13340
5184
4076
-8184
-12853
-2036
11498
20
-2053
-772
7167
-984
-7393
-3032
-12284
-1012
-4370
-6112
-4593
-6116
4862
-10192
9189
-3060
-6681
-10216
-13572
-8156
5883
-4892
7156
-11240
-10783
-8148
-2281
-7168
-12339
-6920
2813
-7160
-2567
-4084
-3065
-8176
1789
-18416
-2312
-3052
-5087
-5088
4359
-7116
-3299
-9208
-3302
-13284
2049
-1008
-8709
-7164
-7948
-7156
1749
-13296
7
2076
-6635
1048
-1732
-7948
-3104
-7096
-1800
2300
7160
-6104
3845
-6108
-10732
-8160
762
2155
-6387
-6080
7410
-13080
-4074
-9184
-1529
-15348
6671
-3044
2283
-17360
-7166
-8168
3595
95
-6415
-12252
-521
-17392
-2596
-19408
-3866
-3004
-1248
-13272
-4854
-8180
-3091
-16376
3600
-14328
-1543
-4092
-8689
-10228
-3326
-10216
-3573
-10192
3865
-5076
-6126
-18412
5108
-13288
-6324
-15340
7445
-3036
-6926
-9192
3036
-13264
1539
-12252
14593
-10196
6698
-9156
8968
-6136
-768
2300
-2575
-5116
8689
-9180
-7424
-8152
5921
-13232
11518
-9204
5136
-15340
7666
-4064
3596
-6080
-2056
-16304
1290
-5092
-1757
3084
8184
-7140
-5614
-9996
-5628
-14292
-10019
-12260
-6641
-4020
3823
-5892
-3808
-10224
-5886
4120
-2566
-3036
3330
-4040
-240
-10224
-1792
-7148
814
-16356
7427
-9172
1516
-4080
2048
-10236
2554
-780
3065
-15332
-3824
4140
6920
-12244
-8198
-3072
-4639
-14316
3080
56
1031
-13300
-502
5136
1820
32
-5888
76
7160
-13236
3102
-12244
2558
-6060
-4600
4
-296
-13292
782
-5064
-10730
-12036
-6900
44
-778
-10196
-18663
3072
-9446
-796
-1291
-3004
-1533
-9200
5964
-1808
8680
16
-3086
-13280
-15111
5215
9716
-7100
-260
-2840
3308
2056
-802
-12256
-5859
-9164
-4626
-11240
-1549
-11220
11273
-9196
-4604
-5036
4845
-10192
-2329
-11256
9727
-17396
6411
-3036
-3342
-10212
2059
-17364
-6901
-29388
-811
-10188
-492
-3008
6168
-12260
8963
-5080
753
-7124
-2057
-7124
6
-9188
2050
-11256
6122
-9140
-518
-3068
-4087
-10188
3580
-13280
491
-12264
3606
-13256
6931
-12256
-9456
-9192
7681
-8128
-1052
-2016
-3829
-21484
-7705
-4880
-7922
-6100
-2079
-13260
3354
-2020
4094
-4036
5864
-13260
-5874
-11216
508
-9192
-5621
-10176
3036
-9200
-7954
-8160
7166
-8160
-7167
-17384
-255
-11236
-3098
-3040
-7705
-4092
485
248
2336
-10200
5080
-2016
-548
-9172
-7422
-5096
1465
-7116
3828
-10220
8479
-5080
-10487
-20476
1534
-14312
2541
-14300
-1264
-14328
6927
-5096
-3084
-15300
3282
-19396
-5360
-8172
4875
1060
9771
-13276
-2525
-7944
10253
-8156
2770
-6920
-1288
-20460
-5902
-8140
2818
-3040
-3020
-17352
-4357
-2828
-13570
-14320
-5895
2052
9211
-15316
4600
4
-768
-16348
1530
-7124
-6912
-7164
-7171
-4052
6388
-988
15869
-5100
-4309
-8176
-9536
-3056
2012
-6132
-19468
-8156
8441
-3048
10693
-10196
281
-9156
-7883
-15324
3352
-11228
-5392
-8176
539
-14264
-1804
-17388
1768
4332
7199
44
3096
-11248
-4371
-6132
5379
-7168
5916
-13296
3839
-8188
5635
-11036
4886
-13292
242
-4084
-8686
6204
11988
-11236
-737
-6144
5116
4128
1274
-8152
2334
-9140
4373
3092
1044
-3016
741
-6120
-4646
-16360
-4110
-9200
-8716
-9180
3377
-3056
-4084
-7160
-4887
-10200
2300
-9196
-10249
-12248
5366
-6140
-9234
-11188
3869
-12272
6167
-4076
265
-14332
-775
-12244
-2796
-5104
2553
-12240
-2793
-11016
4339
2056
3321
2104
-5875
-18396
-4624
-13288
3355
-17392
-14057
-7132
6635
-12284
5091
-9172
-5137
-6108
8205
-2004
-6144
-9992
4099
-7152
6159
-5900
-6413
-7940
1758
-11200
-7423
-3844
-2046
-13248
-4331
-2012
3832
-5100
-2258
-8172
-5381
-4076
1044
-4092
-10503
-12256
1762
-3036
-14618
-6136
5635
-16336
-4875
-2996
-7438
2052
7155
64
-6708
-6944
40
-16348
1259
-2004
-1030
-10220
-3341
-9188
15
48
-3319
-6140
5091
-13256
265
-6100
8205
-8192
-1789
-7132
6902
-6116
778
-6108
3833
-15344
-16
60
-10784
-21504
-6419
-11216
5113
2048
-3328
-3068
1549
-1796
-1761
-2008
-6410
-15336
-2843
-9200
-1298
-5896
-5099
-12240
-787
16
-3837
-3052
6172
-4044
-6677
-5076
-7410
1036
2009
-11236
6141
-22224
4115
-5088
-1801
-6136
-2291
2092
1548
-10220
9475
-13268
6946
-5088
-8194
-14300
-3870
-20452
8175
-17380
-1285
-8140
-3315
-9168
2554
-15348
-26
-15356
-3583
-5084
5632
-3860
5657
-9200
5392
-18404
12267
-980
-3080
-6140
-761
-6104
-7941
-10200
7149
-3064
1043
-7096
-3569
-5096
-1248
-3032
-7917
-9196
-3341
-3044
6886
-11212
-5884
-11212
1051
20
2283
-3040
-2548
-20432
6885
-5084
8737
4124
1542
-13264
-3831
-4088
-9496
4187
8482
-17408
987
248
274
-3060
-5143
-3036
7677
-3000
6946
-12252
-3580
-7960
-1259
-7120
-5873
-11196
-2036
1060
-2049
-12256
9439
6156
2090
-11248
756
-6144
528
3120
4372
-9188
6135
-8160
4891
-8128
-12810
-12260
-3293
-10216
-7920
-13272
-8219
-15108
-3074
-9196
1305
-14300
6612
-13308
-4093
-1024
-2044
-4868
7149
-5080
1297
-8184
-1541
-6096
-9692
-9160
-1790
-8180
7422
-6112
-8437
-21476
1755
-2992
-4334
-8152
2302
-8136
-4348
-8144
-1528
-10200
9754
-24296
-1303
-17396
2549
-6928
2278
-16144
-4610
-8968
-6393
-12256
8768
-1996
1212
-14336
5904
-4024
5384
-16316
2266
-3848
-494
8224
-249
-3040
782
-14312
-4874
1044
-8709
-968
528
-14284
226
-1976
-2556
-6096
-4614
4
1267
-13268
-7951
-4032
-518
-13284
795
-14296
7937
-16336
-1510
-16380
-570
-16376
1036
-7116
-3315
-6112
8965
-15348
5644
-7116
3840
-6088
2057
-4012
-10508
-7128
8951
-15316
-4597
-4060
4589
-10196
494
-3064
-8404
-6120
1774
-7940
-494
-6128
-2823
-17384
-792
2052
6128
4
-540
-6140
-1543
28
4625
-3056
-4368
-16336
-3589
-6128
-4315
4108
6919
-11244
8468
-8124
12263
-4056
-8442
-17360
1762
-10176
7697
-18400
-6912
-5900
-8661
-9200
1531
3076
7163
-6096
-5862
32
-235
-13292
-1776
-5084
2796
-8164
15102
-5116
17
-13256
-12797
-4880
4588
-3036
-757
-11244
-236
-18364
1806
-13284
8676
-4072
-4380
-6140
-2007
-21480
-797
-6132
-7413
-12264
-7177
-9200
5921
-18412
1043
-1000
3591
-7148
2280
1032
-3324
-20432
3836
-12260
2560
-11252
-1012
-10228
-6111
-9204
-6125
-30416
4109
-7144
8229
-15328
15074
-16140
-10472
-14300
2009
-7140
-9121
-10224
10224
-15269
4349
-2020
13050
-12204
5148
-10204
1029
-11208
1026
-901
3839
-8184
-3808
-14300
3823
-9200
-8200
1052
1511
2072
4600
-6116
-772
-5064
4648
-6132
-5122
-5088
-2805
-4072
-6410
-14332
-994
-18364
-1536
-14292
-4373
-8152
4867
-10220
10222
-5100
16632
-9180
6
-9164
-1820
-2004
-3058
-4080
-3839
-10000
-10954
4148
1552
-18356
6876
-7144
-1
-5080
-6660
6176
-2041
-10228
-10493
-8164
-4361
-10188
-5379
-4052
-2562
-9192
3065
-13292
6931
-5096
-536
-12240
2829
-1016
-516
-8148
311
-4072
-1266
-6080
-6430
-9172
-1788
-4044
17413
-11232
-7929
-19440
3332
1024
6907
-6100
513
-8148
-3842
-13256
1541
252
3542
-9180
-12021
-11224
7683
-11224
2811
-5100
-3115
-9180
3313
-6076
3822
1272
6609
0
5892
-964
1816
-6100
258
-12232
-6672
-2040
-781
-9172
13798
-13068
1286
-9204
-7413
-5048
3075
2108
290
-4044
-1791
-3000
5066
-11240
-2819
2084
-1786
-3844
1549
-13308
-4320
-2016
2581
-4056
6679
-4064
12033
-9176
-7459
-9148
-2526
-14284
16
-7160
-1524
-4080
-5924
-21460
-4086
-7168
-7463
-16368
-6385
-2016
-2567
-1012
-2306
-7132
5638
-10200
4610
4152
-2837
-6084
1564
-7164
-2576
-11177
1032
-7136
-543
-14292
-4102
7192
-4850
-7136
-8966
-4072
2042
-12268
-1260
-3020
10225
-4088
-270
-10184
4870
-8136
5631
-15324
-10506
-4872
3329
-8172
6678
-10224
-5122
-1000
-12063
-14252
8469
-6080
8482
-14296
-16
-14256
5638
-26344
-1026
-12240
4878
-7144
-4350
-8164
3007
-2024
4851
-12228
-3583
-988
-4846
-10224
-4610
-6104
-2014
-9180
11519
-9988
3898
-18380
281
-15324
3845
-11248
4387
-7108
2051
-5900
2031
-11204
-6200
-12264
-6660
-10176
5867
-8168
5912
-1020
-3592
-6092
1267
-12260
10800
1080
-7669
-8980
7686
-15348
-1557
-4084
3056
-7940
2026
-17380
-1514
-17396
-2059
-3060
-6384
-13268
3870
-7084
3349
-14288
1813
-10200
-4081
-7140
12025
-5068
4385
-2036
1024
-15344
-5121
-13068
1512
-9176
5384
-12248
745
-10204
-3585
1276
7415
-7132
3084
-9148
3818
-13276
516
-7148
-5113
-17396
7915
-12264
974
16
8241
-16316
-6423
-11240
-249
-5080
3581
-10192
4109
-7944
3831
-12272
-5377
-15136
497
-20444
2062
-6136
745
-14304
3076
-6924
-1290
-9204
255
-7136
-787
-5092
-483
-3072
-2592
-5096
-760
-6136
-4096
-9200
-2574
3092
-3095
-8124
1792
-5076
237
-12244
-1042
-12248
525
-4056
-505
-16364
-6155
-3012
-1294
-16360
-1582
-11216
231
-7112
8937
