-17372
-5360
-6116
-531
-1004
-3037
-7132
6925
-9184
-2826
-3056
2040
-4040
3837
-6116
779
-5088
-3639
-22232
-2090
-9180
4366
-9200
3821
-4080
-3077
-18408
11745
-12036
6413
-7136
-1016
-17400
8685
-12244
-2323
-7128
-2829
-8168
4882
-6108
-480
-15332
-784
-6136
-33
-9168
-1802
-3016
4079
-5096
7709
-4060
3839
-18416
-2301
-16364
786
-10212
-1033
-12201
3857
-1984
-4322
4160
-541
-10196
7423
-11240
-1261
-1008
6148
-17360
-278
-3012
8726
-13284
-5376
-11028
3866
-8156
11318
-5092
8980
-13296
-3354
-14300
-2551
3108
3837
-8172
3816
32
-987
-5096
6126
-7144
-3562
-2016
-4124
-17160
1815
-14300
-1805
-1988
-6138
-2000
-5111
-12260
-64
-14316
2857
-6128
-513
-5084
2
-11020
2021
-5044
-1564
-11220
-9248
-11228
4345
10268
746
-18368
-1533
-3864
-6139
-12264
-505
-2016
-3334
-9184
-499
-16344
-7423
-8168
7404
-17376
-7691
-3048
2346
-6104
-4863
-9168
-3608
-5120
9481
-9152
8667
-18392
-12278
36
-4345
-9212
-11759
-3052
-790
-10232
3070
-9184
4123
-6092
12288
-7952
6180
-9164
3826
-6116
-2275
-9188
8215
-5892
9720
-14308
3051
-5108
-5103
-12228
-239
-12260
7191
-10192
2087
-13276
5877
-6920
-1521
-984
12804
-2036
1269
32
6432
-10196
1511
-4876
-220
-13284
717
-2000
2284
-5084
-5884
-6080
2332
-5096
8445
-8144
-524
-12280
12258
-10228
518
-18372
3564
1060
496
56
2549
-10208
770
4348
-1534
-6092
13594
-17408
-283
-3020
5676
-5104
-5127
-9168
3793
16
297
-10216
783
-8156
1540
-4076
4364
-14084
3045
-6084
-5658
-9168
-3845
-1996
1027
-20452
253
-992
8984
-9176
-8470
5164
732
1028
-9690
-1004
5869
-10192
-263
-2048
1541
-12276
3797
-2048
784
-3044
8695
-12280
8972
-2028
2849
-6096
-4093
-9200
1254
-8156
-2296
3312
-2030
-6920
11523
-8160
-14062
-1816
1012
-4088
-7698
-6144
3600
-8164
4398
95
3571
60
-7937
-7164
-12576
-7944
3860
-9204
2074
-12260
1036
28
-3327
-7940
254
-2000
2545
-8136
2062
-15348
239
-5088
-4370
-6136
-2271
-6108
-281
-13264
4077
3124
4855
-2020
-2523
-1992
3579
-4064
2027
3156
-3344
-9200
-761
-10220
-4870
-8140
5882
-7108
-241
-2016
-548
2052
3370
-16344
4589
1040
-6173
-8180
-17096
-15332
1291
-5096
-1325
1072
3085
-26316
6916
-10004
-3647
-6120
8748
2096
-2545
-9200
-3308
-948
5152
-14320
14595
-10204
5341
-8176
-5642
-2040
-4082
3072
-7195
-4068
-8720
3088
759
1036
3049
-2016
768
-7140
-1013
-3044
3854
-7136
12013
-7140
-11501
-7108
5636
-988
6401
-1976
-3339
3320
8713
-5088
-791
-11212
3824
-10220
-3053
-6116
7384
-3028
-13344
-5084
-5140
-3020
-6411
-10196
12263
-12252
4324
-10236
4088
-7132
11279
-12272
269
-22236
-4586
-1988
-1768
-10200
1530
-4064
3062
-4072
-4601
-9180
-5638
-2008
-6654
-20448
10750
-3068
5909
3316
7426
-7948
12272
-3048
3613
-4084
-1054
-11240
8480
-17172
-1808
3112
-2029
-15352
-2290
-10216
12573
-3048
-4881
-4080
6935
-8164
-3602
-16132
-3322
0
-4345
-16348
1805
-7112
2539
-9212
1509
-16364
517
4308
6905
-4048
-234
-6084
3334
-6076
-4079
-4036
7172
-5088
-6420
-3024
11260
-16132
-4641
32
-1275
-6140
-5364
2288
5108
3084
-4108
-20264
-1017
-5092
-269
7180
281
-10204
-1524
-7168
8684
1048
-7152
-11232
-4572
-14312
-2537
-3056
1785
-13300
-6919
-12264
1300
-6144
3105
-7108
2784
-10236
1302
-15312
1529
-13296
-1044
-5092
2273
224
-781
-8172
-1295
-8124
-2292
-952
21
-7112
3316
-16340
5390
-5080
783
-3056
-3863
6376
-7162
-5088
5649
-10232
-3348
-3036
-1536
-17368
-5626
-14312
11766
-12268
-10223
-6928
10539
3124
-2290
-4068
-15854
-4872
-992
-7132
-7434
-9216
-3860
-9168
1774
-7152
-1767
-8164
13336
-7140
-9985
-11232
16100
-9176
3585
-13288
1554
-9172
14315
-11264
8971
3100
3344
-2008
5913
-6104
7147
-4084
4598
-8132
-2798
-3048
737
7240
-1555
1032
-7172
-6068
756
-8164
-10501
-4084
-789
-11248
5076
1268
7168
-2028
-793
-14320
5391
-4068
-2042
-13288
4567
-7156
3062
-8156
-1776
-11060
7946
-11220
-12020
-12284
4873
-3060
-5121
-5116
7183
5140
8943
-5104
-5121
-2820
-224
-9192
-4872
-9192
4612
-7944
-11269
8224
-4359
-5068
-3582
-14320
-1544
-14288
3577
-2824
-4362
-2044
-1262
1044
-2077
-5108
-4340
-9156
4122
-19432
-6647
-7144
6351
1252
-1266
1048
-10008
-12252
770
-6116
6390
-16336
1004
-2836
-4861
-2036
-6376
-5084
-6151
-4076
-13573
-12272
2802
2272
-7677
-11228
-1521
1048
7691
-4092
-4073
-15336
-11808
-5096
2816
-7124
-4863
-3052
-3826
-6136
8438
-10188
1276
-4080
3601
-5892
-3560
16
-3303
-2048
5109
-12248
-3604
-6096
-8207
44
-10764
-10220
6390
-11228
2846
-8968
8227
-8168
1762
1088
-3350
-7124
2293
-10184
-10264
-13280
2318
-13076
6380
-7940
-12
1044
-5630
-6096
2331
-8180
-1281
-20444
2790
-4064
3611
-2000
9713
-14092
-1780
-11216
7927
-11240
4062
-3004
-5869
-8144
-3037
-11240
8700
-4072
-5115
-5108
-8451
-14300
2590
-4056
-8185
-5096
-5624
-14324
1293
-7112
1761
-17364
3029
-4080
1060
-3872
5886
-984
-756
-6116
7148
-10216
-2059
-7144
-1013
-9164
-5893
-11252
-3327
-11240
3878
-5084
9729
-6128
-9198
-12236
779
-9168
-1804
-1012
-8954
-14292
-749
-5100
-8750
20
3825
-24316
-10254
-13284
2577
-3012
8172
-5084
3344
-8176
-5143
-6140
-4091
-3056
272
-976
2050
-3032
-1252
-8184
11511
-6128
-2813
-18420
-4597
-7136
7407
-4076
-314
-9212
-6679
-3072
-3567
-5076
-795
20
-4340
-2028
-1251
-9176
7927
-14292
-4097
-10180
5102
-4044
-6148
-16336
-2292
-6088
10225
-4872
5897
-10208
-11294
-3024
-3326
-5088
5419
-13256
1259
-3060
-3804
-21480
29
-12276
-5356
-9148
-2345
3108
2861
-12272
9998
-5104
5104
-4056
4890
-16132
-2806
-11032
7924
-3000
1814
-7132
6927
1260
4842
-11232
13233
-8160
2315
-17384
-3302
-11208
-5124
-8160
-4865
-7120
2300
-18404
9959
-9996
-552
-1992
-3085
-3052
-7145
-14312
3030
-12036
-9936
-8156
14801
6184
9243
-11216
9975
-7124
3385
-5084
4892
-4060
-3295
-9996
6189
-3068
2030
-6916
-7682
1040
-1780
6392
505
1056
-3341
-2048
245
-3060
-4141
-5096
-15622
-12256
2367
-5092
7958
-13084
-3060
-8156
-4620
-7168
-2548
-11224
-6657
1048
8914
-3048
-9473
-11204
3566
-2820
7687
-13076
1818
-10236
-758
-15336
-8450
-13264
4871
-11244
-4118
-2032
2590
-6120
-6664
-16148
-742
-10192
-1543
-7128
496
-7956
-13319
-11228
10489
4336
-8439
-13280
-3557
-6116
-3075
-5076
-771
-7940
1544
-5104
-4145
-5084
-36
-5104
-2328
-1996
2061
-11252
-8721
-5064
-1000
-1024
2283
-8184
-1539
-16376
-3817
-4080
-3312
-3064
-5377
-4044
-7452
-4056
1009
-3052
1790
-9152
5644
-2032
-1295
-964
9701
-7128
-4633
-12256
-4340
-6080
-6676
-5060
-5891
1068
-3563
-15316
-5869
-24292
-1731
-8128
15106
-7112
7423
24
3314
-10220
6401
-2040
-272
-6124
1806
-10228
10237
-2020
3844
-10184
5106
-10204
1815
-6084
-4371
-7152
-3095
-14276
-2817
-11208
540
5168
7710
-11016
-1027
-9184
5902
-2004
-3309
-6120
-6706
-2000
-2079
-8192
-4113
-11248
4393
-13280
7425
-15340
1243
-9188
5376
-9164
-9212
-16348
3072
-11036
4356
-11252
3320
-17156
3780
-4048
4364
-11232
-241
-14316
2034
-8120
-10764
-15316
2022
-8136
2534
-9188
771
-7096
-4892
-3004
6390
-7144
1831
-4048
-7198
32
-7948
28
-4842
-10220
-275
-10000
16672
-5048
-3339
-18408
-516
-7128
1265
-12256
-778
-9125
3331
-7124
3607
-6112
10233
-3004
-4091
-8192
7683
-4052
-4350
-7164
-8938
-8124
3314
-9140
5874
7200
-772
-4924
-475
-4068
-8726
-10000
-8654
-7148
9713
-4088
-8454
-8140
3610
2068
-1056
-2040
-13569
-13252
-10730
-1020
-785
-9208
-2085
-8164
-1034
-11244
3325
-1800
776
4156
-2049
0
1797
-8168
-2037
-9160
-6148
-5104
4107
244
4361
-13244
-1247
-20240
-12051
48
-34
-1992
12293
-9188
1511
-7136
-746
-2032
1003
3080
11275
2048
-3038
16
-259
1060
-2538
-5112
6896
-3028
1030
-15304
5883
-8176
746
-13284
-791
-2040
-5354
-13288
487
-6112
7143
-5044
-10012
-12252
-519
-6096
6942
-10188
8432
-3056
-3360
-10188
-12294
-10192
4616
-18404
-5165
-14284
2075
-3048
-2595
-4088
1051
-11256
1032
-10224
-8
-9144
-7969
-7128
11991
-8176
-6151
-17360
3142
-16324
-3561
-8168
-6697
-14276
-5347
-16368
9730
-9180
1575
-18420
6147
-15316
7154
-8164
-5119
-9160
-6132
36
5883
-13312
-4081
-2000
-3074
-12264
8485
-14276
-4590
-3004
-4343
-8148
-3080
-13312
12306
-3060
-1009
-8164
-504
-9188
12059
24
-7655
-11220
4852
-10208
-3862
-5092
1284
-14084
3866
-11244
-2266
-13288
6905
2076
-743
-6108
4871
-9156
-11491
-9160
-3106
-9184
-517
-9144
4098
-3024
-12504
-12248
-4372
-5088
500
12
-4080
-6136
2049
-3844
1777
-8148
-800
2048
6638
-4048
-2315
-15316
-3325
20
-4599
-1008
-6378
-5912
-6928
-6104
-6395
-8184
-523
-5088
3848
-8160
998
-5064
5374
-9168
5150
-7136
15374
-12036
-989
-17392
4600
-5104
516
-2000
1276
-8176
-4903
-12044
-4362
-9184
-5125
-1796
505
-13280
8208
-4084
5376
-8144
-8458
1040
1358
-9192
4125
-956
-267
-2024
-6429
-6084
9761
-12236
-4363
-17392
-10230
-5108
-2059
-9200
-3127
7200
1291
-11236
7915
1028
-3309
-12220
2550
-12276
4109
-10196
-1256
-5096
244
-14264
4598
3080
2330
-5080
-4638
-15340
-4361
-7124
-3841
-6096
-1793
-7940
3324
-5108
-3811
-6116
-775
-10216
-4864
-7128
7432
-6120
-5649
-9212
-773
-4076
7945
-13276
-3304
-9192
7932
-6144
-17713
-5092
4316
-12288
16922
-9188
1549
-12228
6405
3152
-2775
-6100
-7130
-3052
-996
-2000
5631
-7152
-5881
-5060
-1784
-19392
-1032
-11228
-2844
-15324
4381
-19420
-5630
-12272
-5648
-7168
-2271
-6124
9441
-12248
-975
-6124
5386
-5892
1525
-7132
4561
-16344
-2812
-16356
9486
-4068
-241
1044
-4132
-7128
4102
-10188
-740
-7164
-11017
-1992
-1536
-15324
3571
-8164
2308
7196
3875
-7168
-5102
-7108
-1785
-6084
10002
-11256
2831
-4088
-5138
-6120
8181
-5104
5906
-988
5611
-11204
9205
-1004
8707
-10188
5377
-14084
4356
-5080
2550
-7148
9490
-16356
-4626
-3036
5615
-6088
2859
-4084
-5664
-2824
-9186
-13272
1054
-8148
-8662
-10204
1796
-12224
-2552
-11244
-3842
-3856
-1795
-16352
2506
-13296
-3312
-12232
5927
-10224
5087
-8964
-3
-10188
-3083
-10220
-7419
-5076
9946
-5096
-1266
-10184
1271
-12252
-6423
-14324
1822
-7061
5606
-12256
5906
-10168
-532
-13252
6897
-5076
-1275
-14304
1250
-13264
-2035
-14296
1263
-6916
3107
-13288
7396
-9192
-4647
-6108
1563
-7156
-4832
-17392
2038
-17404
-4620
-9192
9711
-8124
-2841
-10172
-7664
-13268
7687
-6088
-1259
-10164
-1025
-2028
-7641
-9176
2299
-15340
8956
-16340
-2070
52
1269
-10188
11503
-15348
-3062
-5088
-3081
-3016
806
-12248
-242
-8132
2543
-10192
-2056
-12244
1537
7200
5645
-1020
-7648
-9180
-4122
56
997
-7132
5359
2072
10982
-8168
2339
-6084
1542
-9988
7180
-8144
-6673
-11260
1475
1084
284
-7140
241
-6124
-3317
-14264
13081
-17356
-3315
-11196
-1286
-8136
-2536
-15340
3633
-11244
3610
-18376
529
-12244
293
-5048
-3585
-5072
4091
-7152
-6886
-1012
1809
-6124
-7146
-12256
-2048
-8180
-1806
-5064
14521
-11260
-7230
-8168
5382
-11244
5896
-7148
-5644
-4060
-7174
-16364
-5367
-4016
-4076
-3072
-2045
-10200
2056
-2832
10515
-7108
6127
-6100
-9715
-9204
11503
-772
5370
-3032
1022
-12264
-489
1028
-1026
-14336
7706
-13264
5159
-9184
269
-3072
-3060
-8160
2827
-10196
1035
-4084
-6170
-5084
-549
-3024
5868
-1800
-4079
-11184
-2573
-14292
1307
-8172
2073
-11228
3582
-6924
7184
-15332
-2816
-992
-1583
-1012
5121
-13292
-10755
-956
-4363
-10208
2065
-6128
240
-11232
-2825
-12220
9738
1036
17
3120
4098
-3020
-9488
-8168
-2589
-10224
-4338
-5072
-265
64
4864
3100
-3083
-4080
1540
-964
-7664
-8160
-761
-4072
11269
-10204
-3104
-3040
3321
-15316
-6917
-9172
-485
-7164
7691
-3033
549
-4056
762
-6132
1326
-10212
5641
-13060
-2537
-8156
786
-3028
3030
-4044
789
-8172
5620
-16376
2318
36
9429
-5044
-789
-6108
-8487
-3052
8738
-14308
-10484
-3028
-4863
-8168
-5132
-10236
9726
-16364
8202
-7984
2596
2076
-3337
-4048
4843
-19436
532
-6132
3608
-8976
2553
-3036
7191
-13268
1548
-6120
-7432
-7084
-14074
4136
4361
-4052
-1000
-5096
-1036
-9196
6663
-1988
-1791
3080
1535
-8168
2830
4140
-4355
-14328
-5131
-5076
224
-4032
5093
-1992
17
-10212
-3837
-6920
3867
-8152
-3061
-12284
5404
-7140
3554
-10228
6655
3088
-4376
-996
-5636
-2828
11057
-14304
1793
-17396
-8938
-8164
1822
-12256
-14853
-15328
771
-7128
1299
-9192
11742
3088
-1783
-8172
-7170
-3048
-3098
-3072
4873
-10000
-6166
2076
-1307
-7116
6891
1032
1042
-16364
6415
-976
3293
-5100
-3340
-9172
-5122
-8164
-4625
-6100
6935
-9212
2027
-10200
-2320
-3844
-3332
6180
-528
-15308
14614
-5076
1007
2076
-2289
-4092
10502
-10220
3592
-9192
3577
40
8965
-11256
-3329
-9176
-1798
-1012
-10493
-1976
2082
-8148
-773
-9180
-7920
-10000
-7932
-7112
1012
-4876
-2857
-8120
2045
-10232
-11755
4120
1591
-6140
247
3104
-5388
-5080
5614
-16364
1536
-14304
2304
-6132
6926
-6092
3852
-7124
10232
-17384
8170
-4036
8466
-23284
-4120
-16320
-9005
-17352
1008
20
-239
1115
2831
-10224
6402
-11188
-9
-10000
-5102
-7160
-1532
-3028
12021
-15348
1829
6396
-9204
-13064
-6110
-9188
2313
-8160
-10799
-9192
-7391
-1008
3321
-14272
259
-15320
2024
-7136
-1512
-12236
-7702
-5072
-1798
4144
3084
-11224
3071
-11244
-5408
-6128
1283
24
1266
-13288
-3040
-11252
6380
-9168
-9237
-10192
-2534
-4868
2549
-8172
5384
5160
-8682
-9140
10483
-6128
3076
-5892
6364
-7152
1525
-12276
-512
-10188
1802
-9180
2323
-11240
-4106
-7144
-8
-9192
-4355
-1000
-2803
-15288
6656
-11232
-3811
-18428
-1284
-8168
-8167
-10180
-2287
-8984
-531
-20476
4857
-8176
-4613
1032
464
-2832
-4123
-11236
770
-5104
-809
-22272
-1022
-6108
7386
-8148
6185
-2016
-1288
-8148
1532
-13248
2584
-10204
5879
-13288
-498
-10212
7176
-14264
-1289
-9160
-6695
-13284
6688
-1008
496
5168
-2271
76
3568
-10224
-4077
-5088
519
-10012
-4384
-3852
-1334
3080
-13567
-15340
-2048
-8164
-2069
-3072
3357
-7116
476
-6104
-2051
5156
291
-8144
-1270
-10000
-9252
-10240
3054
0
1779
-12248
8974
-3072
1030
2076
-6921
-11212
-297
3124
-9497
28
-9185
-6124
2799
-2977
-515
-19424
-2544
-14316
1034
-988
-6953
-17380
-4591
-5072
-9220
1052
8718
-13300
-8697
-7124
2328
-10224
2596
-1016
7951
-2024
-6961
-7128
-7947
-8144
-5399
-6112
-6662
-6064
8452
-3052
3056
-10204
1289
-7148
-8454
-7128
-5863
-8968
-11002
-6140
11290
-2008
-3553
-5108
476
-1012
2065
44
-2561
-10212
4821
-12264
-7673
7176
2323
-8152
6664
-11204
3337
-4868
5369
-5120
-10514
-4876
5101
44
-12
-9168
4133
-3048
3825
-17384
-283
-13272
-11480
20
4356
-11236
-6391
-4005
5856
-9180
-2094
-7124
-3599
-12248
6416
-9180
-3594
-2020
1799
-3072
-2304
-5112
-1845
-988
5864
-5112
8209
-12036
-3840
2068
3336
-9212
-7633
-16336
-757
-14312
7942
1032
4357
-14108
-5110
-7132
-1742
-10232
-7423
-18380
-2846
-14296
7399
-11040
12837
-10204
-1543
-4056
2027
-5108
3576
-20468
-5358
-15312
5344
-12264
4095
-10236
-1021
-11248
5145
-16364
-1798
-6112
-6145
-10212
-5369
-10208
5624
-13304
-8960
24
4887
40
-491
-8180
8986
-17348
12048
1052
-1775
-3056
5627
-960
-4084
-11240
-267
-15308
-8935
-4028
1306
-11252
6166
-6116
-17
-2036
1261
-10232
538
64
-6624
-8164
-4617
-8140
2565
-11228
8727
-11260
4629
-6092
2833
-6924
1573
-2992
-791
-17356
3833
-12256
6451
-8172
12493
-10216
-4087
-3056
-12025
-11232
-1788
-2012
4084
-8168
-1782
-4056
13057
-984
40
-18432
13353
-8152
13558
-14284
3352
-5017
-2076
-20408
-2021
-3048
6931
-13308
3866
-16344
1017
-10232
-12298
-9168
-3063
-13264
5103
-5096
-2
44
-2281
-4036
3859
-19396
1037
-6084
-6406
-3044
2816
-9204
-4308
-6096
-4885
-8156
8223
-18404
-3557
-11244
1257
-8160
-1768
-10012
-796
-3028
-2046
-3008
-7
-8164
2830
-996
2069
-5092
-10990
-4056
5604
-6116
-2324
8
-240
-20480
18429
-1808
-14827
-6916
2565
-13064
-7409
-14296
1533
-8116
3592
-13308
4632
5164
12804
3120
10766
-20456
4865
-18388
-5146
-11184
-6648
-12068
797
-5120
-3052
-19412
4101
-7156
-1018
-17400
-6126
-4088
759
-13284
-9501
-7128
-1295
-16344
-1811
-8160
10213
-8188
2081
-6104
3327
-16380
7962
-7112
2324
-5112
5676
-6116
6661
-19432
-5107
-14332
997
-4056
1041
-16328
3044
-6136
-1551
-8160
-5862
-7152
-2056
-9156
-475
-11216
-5916
-1992
-13575
-7164
3839
1052
252
-11248
8166
-17404
-490
3088
-1262
2112
-6663
-2020
-6866
-1980
2023
-10196
-1794
-10180
-4647
-7136
774
-4076
-7643
-4056
220
-7148
4840
5356
8492
244
3357
-3048
-5916
-8964
9987
-5096
-509
-3032
-1817
-5108
4348
-6124
9252
4136
-7400
-7160
5588
-5104
3816
-8996
-4319
-7140
-2806
-6092
-2031
-5096
8482
-5116
-531
-13217
6906
8
-1036
-10224
1507
-9152
-10491
-11228
4592
-960
761
-2024
-1028
-14300
-6920
-7112
1019
-5076
-4313
3116
-542
-8144
-290
-3016
-236
-992
520
-11012
-4874
-4080
12024
-17388
-7685
-23276
-7136
-17392
244
-15340
-6657
-3056
1027
-8192
2310
-5076
-2313
-2828
-4815
-10188
5865
-17396
6896
-968
1312
-8148
4086
-2024
5381
-12244
6157
-15108
2796
-6112
-2515
-7108
-1252
-10224
5343
-4024
-6389
1024
10751
1040
-850
-13256
1782
-6104
17178
-9204
-1804
-6116
6652
-13244
-7662
3084
-2825
-11248
3335
2108
14331
-12280
-3825
-13256
-8723
-12260
-9486
-2040
-3584
-18376
5391
-4048
-6643
-18392
10973
6168
1565
-11244
5634
6144
-5657
-13268
-1239
-12272
1798
-17352
4159
-11244
233
-6116
12056
24
1557
-10220
-5129
-1004
-231
-7160
286
7180
6640
-6080
-1289
-18384
-4567
-8172
5339
-13260
-12789
-17364
1004
-8176
-1515
-4084
-7432
-17360
1545
-6124
-3589
-9192
-4343
-1984
-5618
-11244
3071
4132
535
-11016
-994
2056
5652
-4868
-10983
-4028
-6381
-6120
1306
-11264
-5330
27920
3590
-5096
-7694
-15312
2780
16
-10749
-12244
-8741
-2000
-9461
-11032
1529
32
-6425
-12240
-5132
-12216
6656
-6104
-518
-992
-1780
-11260
-9195
-11208
-1269
-6120
5885
-8140
5890
-12220
-2075
-9196
-1561
2048
-2311
-15120
278
-4084
8953
8
-267
-2016
12270
-10188
9232
-4028
4094
-17160
-4837
-10160
3802
-15328
-7682
-7168
-8422
-8172
12784
-10216
-1023
-6096
6894
-5108
5408
-9192
-1263
-5080
6116
-3036
1761
-16368
-785
-8140
-10756
-3044
-5083
-6132
2272
-12280
11261
-23044
-13786
-17188
2041
-16364
779
-8156
9487
40
1798
-9172
-6929
-4052
241
-4056
2038
-4052
-12526
-4092
-1286
-6068
2048
-3052
1760
-17396
4136
-11204
8990
-17380
-10981
48
-1537
-3060
4611
-9184
7923
-8192
2289
-8168
-2306
-8160
9962
-5076
-9728
-4072
-6910
-18188
13333
-7144
-5112
-7120
5112
-7136
3354
-9208
4641
-9121
275
-13300
-474
-2032
3901
-20420
223
-7144
-5375
1084
-2570
-4005
261
-11212
1008
-4048
-5
3120
-4322
-18412
-517
-4040
-5337
-7112
-2336
-14304
5136
-7948
2783
-18372
1783
-13288
-3338
-7140
9965
-9180
1516
-4088
4362
-3048
-1267
-9188
1517
-11012
2060
-2036
268
-9192
2542
-9176
-1301
-992
-7677
-776
2791
-10220
-4623
16
-2061
4140
-510
-8168
5642
-6084
2286
-15356
-7934
-16316
-515
-14112
4334
-11204
-3812
-6108
-7206
-8156
-4674
-4096
7408
-6072
4382
-6924
-2046
-16376
-2807
-3048
9260
3092
-3055
-11028
8429
-8976
6143
-12224
5159
-4060
262
-19220
2540
-12232
12264
-10212
3616
-4096
-4086
-15332
-775
-9156
-4364
-12252
-278
-8180
749
-10192
-5332
-2020
-1811
5364
768
-4900
285
-11248
-8164
-11204
-6395
-16364
10211
-3008
5601
-10192
524
-5084
519
-3016
9702
-15320
-786
-4064
3111
-13272
-256
-15324
-1036
20
-5371
-9164
-11002
-2024
7422
-4072
-1273
-14320
2314
-6136
1015
-4064
2313
-18424
-4360
-10236
265
-9192
3069
-18396
2521
-4056
4604
2076
1016
-5076
-553
-8132
-5148
2084
4865
-9172
-265
-9172
7702
-1020
-2820
3140
5613
-12248
-12278
-11236
-4131
-10208
-266
-3848
-10231
-784
2044
-4040
1282
-14300
-1302
-3036
-3040
-2008
1309
-15352
-3608
-12256
-1069
-6128
5119
-16348
-1531
-7132
17650
-8164
-2573
-19452
1538
-11232
-4897
-11036
-3578
-2016
-9458
-4028
11767
-4028
-1255
-11248
-1520
-10220
-9196
-12264
-5127
-10208
3309
-13272
270
-18384
-10972
-5112
3818
-952
1335
-18356
-26320
-6136
16108
-8148
-515
-4088
5378
-9200
1241
-992
8174
-996
5364
-8168
6410
-10204
-7684
-15300
8210
-4888
1736
-8180
3857
-6112
6104
-8184
-3059
-9172
4302
-6140
-4332
-4080
11514
-13292
10780
-5096
4580
-15348
-4104
-4064
-4600
-12193
14077
-10236
8440
-988
-4578
-8164
-3305
-13248
6389
-4072
-1290
-18404
4116
-7940
-10785
-3064
7458
-4028
-4884
-8152
-8439
-11228
2046
-6140
8197
-3032
4341
-7148
6154
-1016
2058
1064
3573
-16324
1282
-5084
6124
-4064
12063
-13272
-9462
-13292
-4144
-9188
-2792
-5100
2837
-16332
1296
-6092
-4127
3148
-8975
-2048
-2056
-13308
4892
-13064
-2822
40
6148
-16332
2066
-15336
3068
-8192
-1510
32
-5885
2116
6394
-4072
7928
-4084
12029
52
6429
-5120
-760
-5092
-1265
-2020
2789
-16364
-4836
-4888
1525
-10220
3558
-16356
3828
-9152
3113
28
2043
-20436
-2538
-4068
-6647
-9176
-2547
-7116
278
1052
-7
-8160
4344
-14284
7663
-10149
769
-6088
-10494
-2012
10531
2060
-2293
4112
-209
-2044
-4890
-5076
755
-11240
784
60
9477
-6120
2826
-14320
-267
-13264
-6691
4132
-1255
-3856
757
-8192
-1556
-8164
309
-2012
3106
-4076
2788
-16340
-3820
-10153
-760
-1008
-740
2092
2814
-9152
-1799
-16352
-10758
-8968
5630
-5092
-2055
-5076
5135
-1800
-5392
-14316
471
-5100
2285
-3008
-3104
-11216
-3587
-24300
-1787
-11256
12266
-10208
2265
-11244
-7680
-3024
-4343
-8112
-5639
-8140
2308
-6064
-513
1060
-7408
-980
3046
-9156
1997
-11240
-2027
-10196
-1537
-4072
2568
-5064
2057
-12272
2299
-18428
-9966
-8148
5641
-7164
3897
-4048
-7406
-5088
1554
-7124
-240
-6928
-7146
-8964
-10225
-9192
10487
-9196
-1025
-13292
8211
-1992
11502
-6096
-10212
-10196
-2567
-7104
1246
-10216
-3310
-13248
-4887
-4872
-1074
-12236
-3330
-8152
4353
-4092
3068
-16281
-5351
-3040
2535
-5092
-6381
-5896
7687
-3044
-229
-2012
-761
-4084
-4391
-8124
6139
-9132
3074
-14320
4365
-16352
-516
-10200
-3099
4124
-2287
-13064
6649
-3052
-3322
-6120
1790
-9200
11467
-15344
2039
-15336
1011
-2040
5887
-6068
-9772
-10208
4873
-6132
4139
-17360
-6670
-12268
535
-9176
4332
-9212
-1322
-5108
-2778
3096
2791
-1796
-5609
-16356
7917
-4032
-4846
-984
28
-7144
-8172
-18432
-2829
-7132
11015
-3048
1284
-16360
-4885
-3028
-1519
-6120
-6389
-9176
1018
-6132
-5610
-15336
2595
-5080
6153
-11024
-3089
-6128
12823
-13276
1565
-8116
10496
-7152
3331
6168
-4610
-2004
1525
-9168
-2837
-24288
7212
-7112
-4619
-10208
-2032
-13284
3341
-13280
-1852
1036
1287
-8148
-5892
-5044
1566
-11032
5155
-5052
9454
7200
1324
-7148
6643
-13292
509
-2028
12552
-5892
-1516
16
-6664
1104
3819
3080
1577
-10172
3584
-9216
2771
-11244
-3587
-9148
-5663
-11236
-777
-8164
5393
-15316
1849
-14304
776
-996
-3834
36
5102
-11244
-2815
-7124
7164
-8168
-1534
-18388
2550
-8152
6092
-16324
8468
20
-8942
-6140
3833
-14284
-5872
-8136
2052
-12264
-502
-9192
4856
-4068
9978
-14320
-4330
-8168
-2063
-11232
-8927
-13292
4645
-10212
17
-17360
-22
-8164
3347
-14336
-10755
-6100
-1799
-5072
1533
-14300
9207
-2016
213
-2977
-1517
-4060
10457
-8140
4909
-8144
5116
-9152
6140
-13260
-4610
-5080
-3304
-12236
8957
-8140
-2049
-8180
-13081
-18364
2059
-12044
-4352
-9168
-2556
-9204
-512
-5088
-8694
-11264
-6
-3060
1305
-5092
6878
1272
-17667
1060
2058
-6120
-6938
-6068
-753
-11232
2579
-8188
-1021
-6088
3328
-8144
2014
2052
-1038
-3844
5836
-7156
-14067
-9168
-3354
-14088
-1026
-1972
3314
-10192
-24013
-9176
-2555
-13280
-2309
-17376
-1542
-10228
4114
-6108
-8449
-9160
-12288
-988
1276
-9164
-10755
-9204
-7436
-3028
-500
-15316
3350
-17376
-2817
-2824
-2322
-4064
721
-5052
-1763
-13300
6882
-6144
-10747
-11216
3822
-976
9724
-13072
2792
-9212
-776
-8148
-4055
-13256
-522
-9192
1275
-9204
-5377
-5080
4067
-7156
-5647
1084
5881
4156
-4861
-4092
-1527
-2028
-752
-13260
-3868
-8120
1478
28
-44
-7124
265
-8176
12047
-16308
-2289
-8180
1028
-16324
8218
-2000
-3583
-14320
-5169
-1012
5136
-4076
-6936
-10004
1032
-4064
2080
-6128
-5667
-984
3286
5132
-1025
2120
1312
-13280
-5112
-5096
6648
1080
-2543
-6920
2297
-1828
-3023
-18408
4107
-3036
-3069
-19444
-1011
-8140
3601
-8144
5364
-10184
-1305
-4020
8438
-2000
-4585
-16376
6908
-7136
-2843
-14316
-3080
-6080
1802
-8168
2299
-9160
2544
-13284
2057
8252
6157
-18396
-807
-9164
4102
2080
-6157
-10212
-5114
-9196
-10766
-13264
6156
2092
6158
-10216
-6139
-14312
5932
-9152
506
-8176
-6697
-18384
-2791
-12276
-2041
-13276
-9460
-3020
1340
-2024
2043
-11224
5881
-10004
10995
-14284
-497
-14292
1319
-984
8483
-12280
-3343
-16364
3325
-6916
4613
-11252
2556
-5068
-3036
-3024
-264
2088
5
-7148
-3333
-8140
-2547
-8972
-779
-9176
8205
-6100
3298
-22216
-796
7216
-16665
-11220
7939
-7124
-275
-5072
-3316
16
2811
-8164
-1546
-5080
10746
-5104
-6143
-8152
5134
6164
-789
-18388
1056
-3020
-12061
-10208
3077
-10208
-2325
-8140
30074
-11232
7418
-8176
3076
-12212
-2536
-3032
12520
-9196
-7391
-15112
491
-4884
-1782
-4076
1526
-12276
745
-15348
5659
-20464
-4340
2076
15071
-11252
-1819
-7160
-4840
-6128
5111
-8168
2520
-14312
730
-8168
1037
-8148
1022
-6120
6906
-4064
7128
-6080
-1518
-11024
9495
-7160
2093
4096
-7955
