-3028
11290
-10216
-770
-9188
5867
-1992
508
-2044
-2067
-8148
13
3108
-6393
-3056
4105
36
3566
248
3108
-11228
-519
-15348
-1781
0
-472
-4048
3073
-9216
2794
-12212
2829
-16132
-6130
-5100
-5372
-12248
11759
1072
-5110
-10208
-9976
-18337
6609
-7948
3588
-13060
-5382
-19400
-3846
44
2813
-15120
1752
-4072
7484
-5084
-6415
-12248
6678
-1004
-9
-12284
4092
-972
6931
-11196
3070
-11232
-10731
-12040
13309
-5108
-4347
-10220
-1038
-12280
1278
-1004
1553
-1796
7926
-4963
-12572
-14336
4642
12
3070
-12268
-292
-21448
3855
-8168
3344
-5080
8708
-3004
-2588
-10240
-5
-1000
-4860
-2024
258
-2012
-510
-956
7946
-5088
-3844
-780
-5149
-12268
-1288
-4020
3
-9192
2581
-8144
6133
-16352
8142
12
785
-1804
-2026
-14312
-5657
-8972
16
-12244
4350
-4088
5142
-4060
2782
-1980
-6627
-11232
2070
-11012
3369
64
2045
-6132
-3077
-8964
1274
-13260
1032
-3036
5102
-1020
3858
-1016
-3093
1036
7680
-17384
8186
-4084
5610
-2040
1274
-3028
-7168
-12252
-3062
-3048
501
-8156
10753
-19404
12771
-5072
-3060
-5104
4370
-5116
510
-2004
-5653
-8176
2803
-7164
-11004
-1012
2555
1064
-1031
-14284
499
-3052
4657
-2820
8179
-13264
-7397
-14280
-6656
-7144
2780
-4060
-780
-6120
-10499
-980
4098
-10192
-3575
-8176
7687
40
-4578
-2024
3831
-6112
6908
-12236
-2082
-9180
773
-3016
4584
-5108
-1270
-9196
2283
-4052
3853
-6124
7181
-11244
-1263
-3052
1766
-4872
-6415
-12264
-11060
-4096
-519
-4068
4587
-1996
4099
-10192
8454
-6104
-3877
-7156
-1505
-2024
-1517
-4028
-2296
-5096
1802
-10232
3098
0
-3060
-9180
-6954
-5112
1016
5156
1273
-10216
8470
-10228
-2306
-4880
4327
-4896
1752
-4092
2306
-19388
729
-7948
-5608
-14304
-1513
-4872
1524
-11228
5
-5892
16101
-3032
-4085
-11220
2019
-2040
-4097
-5120
11806
-3860
-4400
-20232
6920
-10228
1782
-4068
-8695
-7156
12807
-13296
513
-8164
1051
-11220
9988
-5108
-4585
-8152
8187
-992
1032
-2832
6370
-3056
-1248
-4872
8945
-17376
-5897
-13076
3815
-12220
1035
-7108
-6398
-14324
-541
-4092
-2325
-11224
-3038
-5080
13568
-4072
-2818
-7112
-3048
-21500
-4061
-7160
2067
-5908
-6403
-5080
4604
-5100
-2034
-4096
-532
-2000
-4862
-10232
-9747
-11240
-6387
-8176
5371
-5912
-8957
-7168
4575
-8140
-2569
-14332
-780
2104
-10292
-3848
-3585
-16368
6431
4104
-7449
-7136
-2833
-4068
-4598
-9168
-5626
-7164
-773
-10204
1552
-1020
2821
84
1508
-5112
-784
-4068
6121
-15300
-4883
-12036
2790
-2820
1571
-16324
2292
-14324
789
-10196
-9986
-5088
-1525
-1012
-11089
-9176
-3820
-3016
-3853
-12036
8215
-16136
5384
-8180
-566
-10204
-7418
-9212
2036
-4064
-12289
-5060
203
-3044
1772
-10180
-530
248
-1011
1036
1830
72
-10486
-7136
7150
-1816
-759
-3024
-5920
-8184
554
-10224
2833
-6104
-2558
2064
-6409
-9172
3576
-9184
1281
-9192
2542
5368
-1238
-6140
-7162
-11220
-5082
-13272
-4875
-2048
8166
-5096
-1274
5148
-4115
-12224
7937
-11260
-4053
-2852
1517
-14280
-3332
-7140
-4826
-10232
-3076
-21460
-8201
-11188
-5345
-7948
6934
-4880
1
-5108
-4053
-13288
-533
-13312
3087
-10216
-5122
-4080
13034
-1988
-9415
-11248
1794
-7124
-5618
-1800
-4102
-6140
2025
-13280
3832
-10212
2052
-992
5111
2080
754
-5112
4845
-2028
-4354
-3056
-4123
-12036
-5643
1068
-2022
-3060
3326
-7112
1522
-9164
-6642
-10236
-1329
-12260
12798
1084
-2785
-16344
-291
-1976
-5890
-4028
-3358
-5076
7669
-12048
247
4112
-4097
-3044
5130
-14316
2323
-3844
8214
-12264
1037
-8172
1840
-6120
7926
-3856
6658
-3032
-1794
-4092
6619
2056
-2319
-5092
1803
-7124
-11286
-7136
-724
20
10754
-12248
3852
-16368
-5110
-14304
15078
-8172
-8419
-1004
5348
-2824
-10774
-16328
-4863
-10224
1044
28
3575
-2000
529
-6100
-6924
1056
460
-16144
729
-3064
-2829
-11240
-6946
-12280
6413
-8152
2314
-10204
-18158
-4884
8202
-5072
-5908
-12260
-504
-2016
8760
-18412
-78
-4048
-7154
-22248
4377
-14304
-1024
-3844
783
1048
-2600
-9176
3058
4136
5645
-3036
-6894
-6096
-2607
-7104
-1295
-6136
-1775
-7948
-5137
1068
256
-17356
4113
-4052
7207
-20228
5645
-11252
6914
-13280
3067
-10232
2283
87
3838
-3068
6164
-1016
9983
-11248
-6880
2292
1498
-7100
8676
2284
-4100
-9212
229
2076
5365
-12276
2295
-5112
-496
-9156
11510
-7156
-8173
-7120
-245
-11256
1563
-10204
-5385
-2036
4611
-7152
5622
-12064
5325
-6140
-4884
-3048
1021
-776
-6942
-8976
5655
-14304
-2815
2080
-4850
-12240
4104
-8176
-3077
-1000
3082
-13060
1527
-21484
1269
1072
-4053
-11228
-1013
-1992
2088
-9184
3327
-7132
-13653
-7144
7672
-1804
-4347
-980
7415
-996
-1808
-9988
-2574
-8120
3040
-12036
-10732
-10220
-5882
2048
-10248
16
-530
5344
3338
-7940
-3088
-6128
-7168
-2012
13332
-8168
7698
2056
-7146
-8972
-4906
-5100
4114
-6132
7184
-5056
-5630
-3072
1287
-7116
515
-1020
3344
1056
-8189
-8968
-2836
-7132
5088
8
10243
-10212
-10004
-11220
4111
20
-7924
-7168
-8698
-10200
1786
20
-11234
2084
7429
-976
-785
-4060
-9484
-7152
-1037
-9192
296
-1020
503
1024
1029
2300
-792
-9204
-4102
1024
3070
-13060
2055
-6120
252
-1020
-7689
-2824
-2043
-15328
11014
-6116
9995
-10224
-8222
-3052
9997
-6116
2815
-1984
-1272
-6088
8732
-3036
504
-3068
13304
-14320
-4100
-6100
1563
-8152
3583
-12268
5113
-13296
5891
-7112
-5887
-10220
4077
-9172
-255
1060
-11786
-11228
-2250
-3060
-2304
3080
-1788
-12260
2289
-10196
1278
-13276
788
-2032
-787
6172
2072
-6112
12784
-15336
3049
-17324
771
-3040
-24
-9188
2585
-14312
3321
-4052
9198
-17317
12079
-17344
5113
-7116
-1055
-6144
6648
-8152
9694
-3056
-4832
-7148
-252
-13292
11505
-8172
3039
-3016
774
-15352
-8973
-8164
-2067
-6920
-5857
-10228
-4345
-992
-1819
-5112
-1541
-5116
1029
-12040
2800
-6120
4113
-4068
-246
-13276
3074
-16328
-5358
-10220
-1027
-5096
6909
-2044
-3587
-4076
5866
1024
4595
-8148
-5088
-12268
1511
-12072
-4852
-11224
-7978
4100
-1528
-7156
7918
-8168
2798
24
493
-15328
-1543
2076
1005
-10208
-2032
-7160
3849
-9140
1823
-10228
-2823
-1012
13560
-8176
-13087
-6136
-1013
-6124
4082
-3052
-3098
-10240
-2558
-4092
7150
2296
-4068
-17160
-1283
-11216
222
-8148
18
-7140
2298
-5080
2282
8428
-2035
-11236
4596
-4064
-4102
-8148
6909
-6144
6883
-6132
5134
-18188
9743
-18420
-784
-1000
-7201
-9988
2303
-7160
-33
-11220
-3318
-20476
-2057
-7140
-2584
6188
3600
-6108
-5131
-13304
-511
-13264
7428
-11252
-7421
-4060
-3588
-1004
2
-14104
536
-12048
14309
-10232
3578
-6104
-3081
-15328
2341
-15304
7428
-2020
4350
-5056
2286
7408
2543
3088
-778
-2016
3299
-6128
259
-5100
4107
248
2554
-6124
6894
-4068
-5124
-11232
219
-12280
-13059
-7128
7150
6180
1754
1040
-4837
-9184
-11238
-13312
2300
-7112
-2059
-6924
-3105
-11248
-4613
20
4854
-2036
-4611
2296
-3870
-4056
-3305
-11196
-3564
40
-3342
-13272
-9759
-6104
2048
60
-1031
-8120
-2029
-6104
-10242
-5076
-3867
-3056
-246
-4088
-5907
-6140
-2592
-9196
2033
-3844
-1775
-8160
-2831
-9180
-1813
-11232
7672
-11224
2508
-13272
-1274
-1796
1029
-17364
-3099
-7152
2304
-1024
1779
-11256
-4871
-18396
982
-6084
-7453
-968
737
-4056
5366
-8172
-5101
-8164
-1308
-9168
3065
-8168
544
-7136
1566
-2028
1294
-7136
-4637
3116
4891
1080
-1809
-4068
5122
-14312
-8670
-19400
6858
-9184
3069
-16376
2027
3084
-3580
-11236
470
-7140
9213
-9196
-2519
-3044
-3336
-10200
-4145
-8168
-2305
-13304
3603
-5056
8165
-13292
4860
2088
-5141
-2044
3827
-7128
549
-976
4857
-8124
9741
-12252
4861
-968
-6946
-5084
-8955
-10240
2332
-14116
4869
-13276
-3063
-7168
1797
-5092
1311
-8148
9974
-10204
4112
-7160
-238
-1004
-4841
-15360
-1266
-6116
4100
-772
-6634
-14308
10772
-6112
3111
-16332
3059
-5116
2800
3084
-1558
-6124
3080
-5064
-11530
-8972
10202
-14088
-232
-16368
-9736
-7148
-2040
16
4099
5364
-5646
-14324
-2016
-3044
-6917
1036
-3609
-14264
10755
-16340
5897
1060
-6388
-7944
1520
-1000
4134
-3024
-2044
-9188
4346
-9172
-3587
-2004
-1270
-2028
-5107
-11224
-4343
-1000
-1487
-9172
9168
-996
-5630
-13264
-7943
-11236
994
-14308
6948
-10232
8
1048
2057
-10216
-1540
-6924
-5110
-7140
-12783
-16360
4334
-10204
245
-3052
5913
-5056
5902
-5100
4616
60
7460
-2004
1280
-17364
766
-4084
-1299
-11236
8709
5140
-770
36
7190
-11248
4315
-4028
-259
-5120
7115
-1000
3835
-8176
-4606
-9176
3283
-4076
-6134
-8184
8704
-4088
-2042
-12288
1273
-1020
-6430
-22260
-6679
244
-2779
-12276
2058
-6140
8452
1036
-4075
-15360
4321
-12260
1558
-15308
4348
-2824
788
-8964
4833
-8172
-3071
-13292
12026
-7944
-8664
-5112
5403
-13280
-749
-1996
244
-3056
-4317
-4044
-25838
-1020
-5386
-1804
2811
-7144
2305
-22224
-3844
3120
4632
-18380
-4861
-6136
5353
-5116
1037
-5100
5648
-11236
-9707
3072
-3318
-15316
12560
-18400
-6119
-9180
1828
-7124
-3837
1052
-2842
-11248
-12052
-15344
737
1056
-9439
-18424
-2839
-9172
515
-6136
7138
-9212
3868
-4072
8199
-19448
5661
-1961
-2048
-7160
-1770
-11228
7925
8
-780
-4076
-12749
-11024
6937
-14084
-250
-7168
-719
-15328
4830
-18420
4872
-5084
-5103
-10232
4112
-9204
240
-3064
4350
-13272
4607
-7116
-3848
-18392
5107
-3036
489
-2040
-4596
-16352
5150
-15304
-3837
-9200
5369
-8176
-8668
-24268
-13304
-12264
-1797
4332
-5628
-3044
9762
-9176
7165
-10236
-6661
-19420
5860
-5104
-3343
-9164
-1558
-4064
-4338
52
-768
12
-8189
-12240
3092
-10216
12036
-8176
-2790
16432
-10492
-6116
-8444
-3040
3832
-9164
-4883
-16364
6385
-9132
4629
-5892
-4086
-6916
9249
-3024
-789
-10212
-9699
-7136
1270
-6116
-5876
-4088
-267
8
-1792
-22232
7158
-5116
3061
-13312
-4851
-11236
2818
-9208
-1035
12
1005
-15336
-8953
-7132
7234
-776
9987
-10228
-2279
4104
-5118
-2008
4614
-11252
774
-8172
3312
-18396
-6637
-5104
4361
-4080
5115
-12236
-2600
-5104
1307
-10236
-1274
-7128
6658
-6128
1520
-6128
1285
-15352
-791
3112
-3061
-7084
-282
2120
-4332
-19224
4865
-12224
3316
-12284
5614
-22244
2574
-8172
-1808
-5068
-5409
-9184
10003
252
-6869
-5080
-8207
-4872
-2814
-7160
-2299
-8176
5609
-3064
2072
-8124
3837
-6920
-1794
-2028
-7141
-5080
2799
-15304
3053
-14284
1493
-12240
-471
3124
2819
-4868
6900
-12272
-5905
-8172
-2568
-11208
14108
5164
1538
6184
2271
3076
-2814
-12260
-7177
2080
-2576
1064
1805
-7148
3095
-5892
2029
-7124
-1507
-3000
-4377
-4060
2342
-15332
-7901
-4084
-1281
-8188
252
-780
-8681
-3052
4101
-8148
-4094
-10196
-2841
-9164
3074
-784
-8688
-10236
-2572
9228
2074
-6080
9451
-11224
-4625
-2036
1546
-13272
4804
44
269
-8132
3084
-4088
-7680
-19428
-260
7192
-5881
-18384
3108
-17384
3326
-8188
-6406
-10224
11020
-2040
-7
-8176
-999
-4056
-9240
-7136
2315
32
-7938
-4064
-990
-7132
8417
-8160
4852
-1808
-11530
-15308
1738
-11232
-2888
3096
1067
-8176
2770
-17372
-7188
1040
15394
-15304
-8938
-13296
-1784
-7112
3818
-7156
-2246
-5052
3806
-18392
11765
-9996
496
-8152
6382
-5120
-2553
-1988
1502
-10204
-9962
-8152
5874
-10216
-6374
-11264
4106
-7108
800
80
-9511
2280
-2044
1100
-288
-6928
-7694
1060
-7679
-13248
-5895
-14084
-6930
-2836
-5899
-10228
1270
-11220
1809
-1008
-2841
-20456
3584
-11232
-5100
-10216
-6917
-10200
9208
-2004
-4368
-16380
5391
1100
-5899
-14276
-3574
-5104
3821
-10196
4880
-3056
2266
-10212
-1799
40
-6144
-7940
1523
2072
-1026
-7092
-7979
-9988
-3077
-3028
-6168
-6132
274
-17360
15082
-5100
7673
-7944
1806
-10200
2822
-5096
-8695
-6932
4114
-4056
1009
-13260
-3559
-1796
-5373
-17348
1768
3100
6657
5124
3322
-4064
2047
-7120
-523
-7144
13537
-7168
3583
-17184
-1816
-8164
4895
-4076
-1053
-11012
1043
-5116
-10715
-3064
-6149
-2012
16861
-12268
-7936
-10192
-1788
-4076
-275
-9168
-2007
-5080
489
-8968
-3058
-8140
1306
-16320
-8159
-12044
-4088
-3040
3345
-8172
3056
-2820
-5119
2072
2575
-5084
3078
44
3820
-16328
-5096
-8192
997
2064
-4117
2120
-533
-1980
-5851
1048
-2343
-7100
2318
-5108
6897
-2020
-6164
-11012
-1797
-9184
-1525
-3008
2558
-8148
-2341
-6076
-5379
-2000
6420
-13308
-4868
8
5085
-4052
-1300
-8144
-5133
-6916
-2815
-8168
-10243
-7152
-3582
-6116
-7928
-8168
-14303
-5096
4111
-996
-1762
-12248
-514
-4044
-5875
-3072
-1773
-2012
5109
-4872
14387
2064
2833
2116
-2029
248
-1038
-996
-1285
-9188
5885
-8164
-10763
-7156
9754
-8964
3573
-12276
1778
-8180
-287
-6116
7450
-3024
-2312
-11244
-5146
-8128
-2083
-9208
-4082
-2020
-3571
1056
11788
-9988
1019
4316
2342
2068
-4642
-6140
1794
-15292
-5931
2300
-272
-7144
-8945
-988
1530
-18424
241
64
-2831
-9192
4855
-13272
3570
-5060
7420
-9204
2070
-7156
2045
-6108
-9
-17372
4112
-7948
-1069
-14304
-3832
1044
1506
-2824
2789
36
-3344
-7152
-6894
-11244
-483
-11204
-1765
-4080
-1800
-6924
7709
-10228
4845
-8160
-9994
-6120
-2321
-13264
7158
-11212
-11252
-4872
-1530
-9188
1259
-6112
-1276
-20428
1550
-14304
7929
-4072
-4370
-9172
13031
-13284
8965
-11224
1799
-3032
-3340
-3052
-779
2104
4875
5360
-7442
-12244
3071
-17321
4118
-14308
-8441
-3028
6650
-6132
4080
-6068
-482
-4060
521
44
-2264
-8152
-1298
-8168
-1804
-1024
-2560
-12288
-294
-9148
-7928
-16152
1240
-12260
-11267
2076
-6135
-4880
-2053
4100
-6417
-2040
-4082
-3024
3078
-3048
1784
-13268
-2826
-4084
-3560
-13060
1755
-11240
-5906
-988
-1819
-15328
6913
-13308
-4107
-9164
9682
-12264
9984
-15340
-3318
-3060
-528
-11188
-7132
-3036
4111
-9188
10291
-19408
2077
-13256
-2525
1028
-6654
-11212
-11798
-11264
-779
-10240
-6137
-8180
-12758
-5084
4157
-10156
-1528
-3040
4069
-6104
-5626
-1968
-1033
-12248
-10471
-8168
1005
-12256
-4099
-8156
-7656
-8964
-5626
-12280
17491
-7156
4847
-11228
-4092
-6104
-758
-9216
7169
-2832
5121
-10240
-1503
-3860
5860
6396
4365
-3024
4073
-2028
-6937
-14108
-241
-4096
1554
-4064
-1031
-7104
3604
-4048
-4097
-12048
-2281
-12268
2786
-12044
6933
-7132
-544
-5100
1563
-10212
4398
-2028
7458
-9148
-245
-13288
-2068
-4072
-3070
-14280
1297
-12252
-8975
-5108
3584
-3048
1512
-8168
4335
-8184
3090
-6136
-2512
32
9230
-7144
3854
-6916
-3581
95
1781
-15340
-8726
-9216
6395
-4056
-4102
-5896
-4859
-2032
3088
-6120
-4329
-5084
2836
-8176
-2810
-11188
6145
-18364
-2332
-15320
-2070
-15132
1271
-5096
-250
20
-6865
-968
-3843
1056
3092
-13300
-5873
-988
-3844
-3068
-2064
-16360
5101
-3064
-1023
-7096
-5408
-6132
-2809
-14280
-7915
-8144
-1806
-13292
3856
7212
3096
0
1255
-12268
-4598
-6136
1305
-4088
2069
-8168
-7157
-6108
1044
-6140
5895
-10236
-20
2280
-7140
3324
6138
-10184
-6911
12
-3605
-4080
-2824
-4876
-7921
-9184
-4622
-5088
2813
-8976
4638
3104
745
-14292
1806
52
5618
-4064
5607
-1808
7955
1060
-4878
-4076
779
-1000
-1047
-12264
-2822
-9160
1251
-9168
-13031
-11240
-2844
-6140
5115
-15128
778
-6140
3588
-5112
10748
-8176
-2302
-6124
-1077
2068
-4066
-4076
261
-2016
3839
8
-247
-19428
734
-6132
-9230
2052
3114
-3048
1515
-6096
7727
-9164
4328
-7124
-3362
-11256
-1825
-11220
-2808
-2012
-2601
-14292
-762
-6084
-16619
-6108
-1001
-9156
-1818
-8180
-2005
-10216
280
-6952
-775
-6132
-1548
-16308
-8450
-2008
-969
-16360
-1559
-7120
5952
-4056
-6426
-9212
12794
1032
1286
-12264
2340
-9204
-4886
-6132
3320
-9156
2296
-972
-4898
-2008
-782
-4868
2520
-5092
13821
-2836
2863
52
-3874
-996
6141
-9168
1027
-7104
-1281
-2032
-5146
-5112
2851
-12260
1564
-12256
4096
-5900
1301
5128
7418
-14308
-3839
-3844
2301
-11232
-2538
2300
-4640
-8164
1297
-4076
2807
-9188
-4072
-3056
6902
-4072
2318
-19436
4861
-9156
11535
-9172
-4856
-7140
-3593
-1980
-4822
-5112
276
-5096
-1287
-3048
-2828
-6140
-1780
-10216
-6170
-12260
-9215
-7112
497
-4876
-1776
-13288
11024
-5928
1282
10276
-5376
-7128
4581
-1988
1032
-10004
-5883
-18396
2004
-10232
-2561
-8176
-4352
-7132
-2331
-2012
994
-10228
3861
-9188
-24
-8156
-10753
-8168
3092
-18420
1532
-23280
-1532
1040
-1042
-4076
-7672
-2044
-482
-5108
4345
-5112
1295
-14276
-1272
-4056
-519
-6124
290
-5092
2026
-7144
-7450
-14300
-6169
-7132
1761
-12232
5374
-13280
782
-8172
-1793
-7128
3338
-11228
5894
-7136
7681
3076
5125
-7148
-3085
36
7941
6156
5609
3140
3033
-11216
-7438
-8168
5124
-5044
-1795
-8176
-3084
-15324
2548
-13264
4081
-9204
4091
-6144
-530
-7144
-3824
-7952
-3800
-11200
-13
-9184
9481
-1927
-10256
-8968
1498
-5108
-5144
-9192
5374
-996
-5901
-6112
7439
-4064
45
-13284
7954
-7152
-4912
-12252
10748
-11228
3073
5132
6660
-6920
2582
24
7669
-4052
-2581
-7156
3584
-7160
-58
-1012
1561
-2000
-4330
-2000
-528
4100
4625
-7136
-4621
-10000
4110
-4876
1315
3120
-5143
-3060
-5360
-6076
755
-4028
8214
-988
777
3320
-5080
-7940
-1038
-772
3605
-5900
-3308
4116
4081
-10232
-7700
-5108
6400
-3016
-4096
-7168
-3315
-11212
1294
-11260
-9482
-14324
6937
-7120
-2833
-12240
-2287
6152
-1019
-1957
3093
-10176
2591
-3024
-7939
-15328
-553
-8188
-6116
-9192
4367
-1808
-12798
-14288
3831
-13284
6903
-1992
288
2096
-2304
-7088
3334
-8172
-10498
-12264
-1782
-8176
12043
-14312
-2296
-11208
2040
-16348
-1313
-15108
-2320
-8168
-10024
-7944
-769
-18404
6650
-3044
-18
1060
-5115
-9140
-2310
-9200
-716
-6132
256
1032
5613
-13288
-1777
-20440
1785
-1800
2794
-3048
-7945
-7116
6610
-3040
-6123
-3060
-2046
-3008
2298
-16304
-4839
-7168
5105
-10204
4374
2084
-3532
-15360
-1276
-8192
3334
-12236
9761
-6928
2537
-2032
12
-8164
2853
-8176
46
-10000
3811
-5096
7743
-4044
6422
-988
-516
-11216
1561
-10232
2824
-980
1032
-10220
-3557
-4088
-4885
2084
-5372
-6108
4872
-5096
13598
-12260
4352
-2008
-1261
-3072
-779
-13060
-768
-7160
-2301
52
-260
-984
239
-10192
-4877
-10180
5403
68
-5904
-18380
538
-7104
1019
-4064
-1524
-12252
1547
-4048
744
-12268
-5134
-7128
4
3120
3838
-14332
-756
-8156
4875
-8132
-5089
-2012
5367
-2832
-3585
-4068
-2567
-4036
-7686
-992
-4328
-9176
3315
-8188
-2533
-1000
3093
-3072
6403
-14264
-9241
-10200
5384
-4044
5378
52
8195
-4076
3063
-6928
541
-14284
1529
-10212
766
-17376
4364
-20396
826
-7116
16915
-13292
9981
12
6894
-2040
-4868
-5116
2549
-13284
1836
-8964
5610
4152
-9497
-19420
-3059
-7128
-1507
-4060
4340
-988
6444
-6124
-1019
-4072
760
28
-2328
-10232
-3
-7952
3585
-5108
-2559
-15344
-6648
-3060
-1819
-7956
10
-7152
-4593
-7148
8445
4112
1779
-6144
-2066
-9992
2298
1032
2791
28
7955
-8980
1029
-4096
4342
-10196
4083
3092
-7175
-11232
-5101
6196
5108
-9196
7182
-5092
4424
-4072
-6659
-6096
11021
-13225
-2805
-9200
2098
-5912
2800
-15328
13054
-6132
-2561
-8184
2563
-7136
9212
-3044
-4362
-8156
1837
-14288
-2339
-16328
-7404
-8140
525
-7168
-9236
-2036
12022
2100
-1277
-11024
2832
3324
-2040
-11244
-727
-9212
-1032
-7144
-5119
-6112
-8724
-17376
4607
-15300
3338
-7140
-1771
-6080
10473
-6112
6179
-12260
6113
2080
-487
-9204
-6642
8
-6642
-10224
12488
-12236
-7172
-14264
3884
-4088
-780
-7136
2831
-17348
4622
-1796
4375
-9204
-1537
-11240
-4350
-14320
-2309
2056
2799
3072
-7688
-14332
-7181
-996
-2082
-3032
3050
-8168
2015
-8180
-8206
-4068
2542
-13268
-6697
-5100
1023
-9184
12515
-11260
-10242
-4076
5358
-5072
-4841
-5108
227
-772
3564
-8148
288
-8144
-7955
1024
-495
-5116
2552
-13288
-4655
24836
-4621
1072
-6171
-10220
-4631
-12252
-4068
-5100
-795
-988
3577
-13060
4351
-11212
-8471
240
-4088
-4072
1767
-8168
2350
-8132
-5100
-5120
-7446
-10188
-2271
-4068
-489
-12264
-6132
-15308
-7979
-18384
-1069
-8968
-3314
12
-8724
-4080
4374
-8172
4592
-4060
5372
-1024
-4088
-8164
-4365
-6140
-5863
-10228
1547
-8120
-4603
-13288
-3804
1056
-3343
-14320
-274
-8164
3088
-9176
5145
-6132
14618
-11216
-1016
-5084
-3604
-5056
-6904
-11232
-7461
-1020
4106
-6096
-5646
1024
-5117
4
-5113
-8184
-2807
-8160
-4845
-5108
8660
-7164
-2589
-3044
5095
68
-742
-8132
-8419
-3032
-1555
-9208
2544
-12264
2286
-9200
-2274
-19408
-7176
-5112
4058
-5112
-5852
-17368
2808
-5048
-4147
-7112
5125
-5052
-4889
-5088
-2840
-7136
503
12308
525
-8140
-1298
-8192
7417
-2832
6147
-2028
-3846
-1980
-7940
-9204
-6106
-796
4865
-6120
-7461
1064
6382
24
-4627
13356
-830
-12276
5385
-4076
-11231
4164
-2298
-14288
-6940
-4060
-1273
-5076
5415
-9212
5865
-6088
1279
-1008
-9457
-19369
5644
-7944
-3614
-2048
9750
-11236
-260
-992
7422
-5116
19
-12232
5910
-4892
-13802
-15120
-2836
-13312
1265
1036
-6
-6068
1511
-1988
477
-4080
-2789
-4072
-3067
-4068
4081
16
-485
-7140
-2021
-10208
-12
-13296
499
-10188
5345
-17400
-6412
-9168
-2577
-9192
-1573
-18396
244
-5072
-3056
1064
3062
-5084
-5887
-10220
-4329
2056
-1211
-15320
6158
-8144
5096
3092
2792
-7124
-4857
48
4113
-5104
-6382
-5108
9739
-6116
-5647
-9188
-548
-14304
4590
-984
3852
-15116
-1527
-3040
769
-18396
-3575
48
3329
-5080
787
-8972
-2280
-7136
-242
3096
-6660
-3052
-513
-5116
9229
-9184
2530
-6116
-5634
-10200
-4875
4108
-249
-4016
4127
-6132
1305
-6068
-11743
-2032
6972
-5092
-9718
-9148
-4355
-7128
288
-3844
255
-7120
5375
-3052
7904
-9204
2824
6184
6122
-5892
3582
36
7876
-16324
-1343
-7100
5635
-19424
-1804
-14328
4589
-15320
-8211
-12272
-3070
-6132
-4588
-8148
-1800
0
1492
-12272
-2281
60
-761
-9212
-243
-5116
2079
-6096
-9713
-7132
1795
-6080
-2549
-4096
-2044
-2020
-510
-11212
1566
-16332
7942
-4084
-14608
1052
-2574
-2028
-11291
-15296
5873
-11224
-5615
-4052
-795
-980
3298
-18392
-445
-11256
-7686
-8168
7687
-12244
292
-9172
6163
1088
1261
-9208
2079
-4080
-1294
4148
-519
-20456
4851
-3052
-6403
-14280
2557
-4056
-1057
-12272
-2311
-7124
14886
-6120
-2842
-1008
758
-22248
-4862
-3068
5142
-6124
-4557
-12044
-6653
-19432
2549
3324
-5378
-2028
515
-13300
-6171
-6116
-1277
-5100
-3834
-16376
3257
-976
8714
-4076
-7405
-1804
6423
-7156
2558
-12268
-1266
-8980
-1768
-4040
-1265
-11248
-5114
-21448
-12036
-3032
10232
9228
-253
-10168
780
-11244
-30519
1052
8972
-9216
-3059
-2000
7442
-6104
783
1048
5346
2068
-12556
4100
-4109
-19448
3062
-6140
4122
-6124
2802
-4064
5108
-5900
1284
-12264
6113
-17368
5857
-14316
-6407
-2008
-6169
-4080
8724
-19456
-4632
-10180
4817
-8148
-5117
-8172
-17134
-956
-5859
-9188
9721
-8136
2603
-10236
-3056
-7140
-5891
-13300
8698
-8164
-763
-996
-1807
-9196
-264
-9208
6389
-6112
-6852
-11024
2300
-1020
6712
-980
-4359
-6140
-4372
-23052
-1272
1032
-1520
-10228
-763
-10184
-6639
24
7167
3116
5105
-4072
-7133
-11212
2334
-14084
1026
-3004
-5608
5144
-3047
-12232
-11
-1024
4096
-4064
-3083
-7148
6389
-11232
3849
-7160
770
-5100
3795
-2004
-2072
0
-9460
-5064
-7434
-13308
761
-3852
-1026
-11248
1012
-9172
-3832
-7108
756
-10156
-5640
-17408
-518
-10176
-2826
-3068
-9497
-6136
-7397
-8144
-1821
-3024
5381
-1800
-1051
2092
-8447
-10192
2038
-9160
-5113
-8176
-3851
-9200
2771
-13272
6187
-2000
4359
-10236
-4106
-14308
4614
-21276
1000
-11240
4340
-5116
1789
-21464
-4565
-11240
-8191
-2024
7948
-11232
5654
-6140
2052
-9188
-780
-960
-5660
-6128
3352
3092
5397
-3036
1811
-12268
7671
-960
504
-2820
-5884
-3056
2555
-5120
-9220
-17392
2064
-7972
9188
-10220
8182
-10228
-4889
0
-1293
-6136
2057
-3012
-1785
-13304
5130
-5116
1824
-8160
539
-10216
2281
-8992
7931
-4096
6112
-15360
-2536
-6120
4858
-13060
3605
-8164
542
-3048
5626
-2036
-12513
1072
3848
-12264
-14346
-15304
-6674
-11212
-236
-4096
7131
-11252
-10229
-976
1811
-5116
10473
5368
1782
-788
484
2120
8422
-9996
-4874
-10220
4110
-14296
-9223
-4064
1547
-13268
3093
-9152
6892
-5088
745
-8160
3342
-16344
2296
-5116
-5360
2084
3
-14324
-5898
-7140
7162
-18412
-8930
-988
10733
-4064
1004
-9196
-1236
-3012
8929
2088
5413
-4028
1025
-2032
-12280
-3020
3585
-8136
9484
-5072
-3305
-8140
-1302
-15312
-4358
-4080
6162
-5072
2797
-2000
-4364
10252
-792
-6104
-11524
-12256
-2073
-7100
2570
-3044
4133
-3852
-13
-6116
491
44
-13529
-3056
-10200
48
-6165
-5064
291
-9992
6875
-12060
3596
-2048
-8493
-4056
-2546
-11232
204
-5056
3041
-7096
-9198
-12288
8719
-2036
-2035
-10212
-3599
-14276
-275
-12280
7702
1036
9997
-9204
-9200
-12276
1000
-7124
-2285
-4080
5322
-11232
-8198
-10236
-2813
-13284
-2828
-784
-1514
3108
-1019
-9196
-7654
-14276
-9718
-13272
-3857
-1804
-3562
-9184
1038
-9188
7412
-16340
235
-10172
5152
-16364
5123
-7112
-2600
-992
-4628
-13272
12041
-19424
1566
-9204
2289
-13276
-18935
-15304
2231
-11244
-755
1048
8473
-11248
1000
-3052
7920
-1012
1504
-18380
-1795
-8148
6896
-11236
13580
-7152
3800
-3060
-6648
-7960
-10495
4132
-1271
-2024
503
-7128
-6409
-7164
2817
-5116
788
-11220
6392
1048
-7139
-13244
8976
-13280
7684
-13252
-6395
-2044
-10453
1064
8189
3156
3636
-3064
-2605
32
1312
-7956
3082
-2012
-1237
-4072
-2806
-5084
6150
-9188
2832
-12268
-1268
-7152
2284
-4068
9743
-2032
-11501
-3048
-13308
-5112
-6401
-4084
2840
-3036
21722
-8164
-4631
-4076
12293
-15340
-9219
-10216
-6177
-9192
-513
-3048
3531
-10236
-2533
-10220
10249
