-13308
-774
-988
2276
-14284
-2072
-4068
4616
-15316
9185
-7081
-4598
-10216
7930
-6948
769
-4080
-11284
-10200
-6904
-10224
3087
-2004
-3564
-24296
-8694
-7128
8164
52
-1036
-2000
-14308
-15316
1309
-9184
-4852
-5060
-5900
-7944
3813
-7128
8447
-13268
-1528
2080
2580
-6920
-3081
9224
1524
-12248
2804
-2024
6143
-6140
4621
-2012
1333
-8172
10743
-8116
7124
-11260
2554
-17372
-12809
-16312
-6157
-17360
-12533
-12264
-1801
-15352
6118
-6108
7957
-14284
-9473
-12252
-6398
-11216
-4595
9236
17
-12264
7910
-3036
-3300
8224
-1794
-9184
5135
-13272
-236
1060
5342
-6084
2504
-1004
-3054
-2028
1754
-10240
1559
-2040
2835
-11240
-3077
-12260
2562
-12264
2792
-15296
9216
16
5918
-10188
4351
-19428
-5133
-9188
-17589
11492
10227
5128
7670
-9184
-2581
-5080
1032
-5072
-6634
3116
-6429
-9192
-6405
-11236
-12792
-4036
291
1272
-10989
-12244
-2531
-21468
-4097
-9172
-3613
-8120
7688
-11248
4840
-8168
7674
-10216
-2554
-9176
-3093
-6096
-1047
-7164
-1552
-11248
-1009
-9180
-5372
-17380
-10520
-9140
-3815
-7108
1285
-8124
-2583
-6132
-7175
-8144
-2574
-3032
-290
-8144
3076
-6120
6193
16
-4076
-984
6895
-4040
6365
60
-6625
-15116
-2037
-8132
-1272
-12260
1055
-8132
-8472
-16380
6159
-11204
-11282
-6112
-1260
-6132
-2549
-5904
5891
3084
-7679
10248
-5130
-9176
-6414
-12248
805
-7128
8212
-5064
-6366
3100
-6929
-3056
6128
2100
3046
-3848
763
-9180
3102
-2028
-5100
-12252
5080
-15296
-17639
-17384
-2039
-1816
2820
-7952
-2859
-2028
-543
-952
4881
-8160
3571
-968
4088
-15316
-3335
-4957
-8163
-5084
2370
-10224
36
3312
487
-10196
-790
-15324
1303
-11028
9743
4140
-6356
4120
-2575
-10196
11251
-11236
-5348
-14300
-6647
-12268
-3326
4132
-288
-14312
-701
-3040
501
-10008
1508
-5112
797
-3008
-3371
-4076
-2282
-14320
261
-9992
7411
1024
-6899
-13068
-488
1084
-1294
-3852
3618
-18388
738
-1008
-4889
-7140
-3603
-4080
4578
-5076
4339
-20424
-2283
-1020
1244
5136
-3281
-2820
1559
-8168
-17153
-19408
-3324
-19400
6670
-6116
-14113
-12268
-244
-16340
-5864
-5096
-1527
-8964
4590
-3036
-3550
-7116
-4080
-2032
4596
-6100
-17
-6132
42
-10224
4345
-9196
763
-8065
-5624
-4024
1037
-5068
13070
-7148
4884
-15332
-6889
-5896
-2817
-9204
-3329
-9168
-496
-9216
-2806
-12264
5100
-11232
4614
-8172
11793
-4088
-3049
-10200
2044
-6116
-3597
-10024
3577
-12256
-9221
-13232
5374
-17372
-7720
-15348
-1302
-5096
6658
-8176
-4317
-2036
4366
3104
6704
2068
6386
-6132
7143
-15360
267
-4064
-3546
-6108
1277
-12288
6672
2088
7195
-6128
-2070
-6112
-3576
-1800
-4330
-984
-6928
-9176
9981
-6100
-2834
-11212
-2337
-12236
282
-11224
2850
-7128
-7168
-4068
1062
-18416
-8189
28
996
-16160
-41
-9168
-6702
-12256
-1022
-7144
562
-9988
1012
-7152
-4083
-15292
516
-5080
1002
-6092
-1298
-9160
-1264
-5060
-6153
-4080
-1040
-7136
6652
1024
6689
-11208
2559
2092
-8947
-6116
-4382
52
-4561
-9160
-1247
-16368
-5901
-23260
-9436
-15148
505
-7128
17131
-12228
-998
-12232
9705
-6108
-1770
-8168
-10741
-3044
2015
-13064
-2336
-11264
9990
28
-2818
-11236
-3565
-9176
-5620
-10240
-6670
44
557
248
-8
-1812
2057
-6144
-3596
-5892
11306
-7160
-3596
-1996
-1038
-10220
8455
-3056
5358
-4088
4357
-14112
-1262
-2028
-1760
-9188
-1009
-5064
3061
-7112
-794
-17352
-2806
-1820
-486
-7156
3328
-18412
1781
-12244
-1315
-6132
7907
-10176
3343
-5112
2092
-7120
-1290
-6096
-7110
-5104
3622
-7128
2822
-4076
8696
72
6410
-3056
-256
1036
796
-11036
-2293
-16136
303
-16368
-5369
-15328
-7439
-5088
2509
1032
-3303
-2000
9189
16
-2569
3148
9439
-2024
-3030
-11220
4824
-12240
2029
-14328
1786
-7108
-6167
-6100
2061
-7152
7140
-5064
-4368
-12208
1801
-988
252
-12232
3594
-6916
-507
-5072
-5388
-4084
-4093
-10220
7665
-6132
3044
-9168
3856
44
485
-3048
5641
-2024
5932
2096
7403
-5056
-4841
-17372
-6412
-9168
-2593
40
2801
-7160
-5112
-6128
10041
-5104
-265
-5112
10006
-7116
493
-13280
2803
-7140
7706
-836
2303
-4064
-7669
-4056
2580
-11228
-7449
-8964
4330
24
-290
-10212
1540
-1004
5151
-2024
7709
-8188
-3839
8244
1791
3136
1803
-7136
533
1044
789
-10232
-2310
1040
8967
-3068
-519
-6092
4098
-5120
-3339
1272
-536
-8148
7645
-10200
42
-7952
3327
-15320
3079
-3040
3059
-12232
-4331
-6104
2345
-6104
-782
-3036
2559
-4076
285
-11252
10722
-7140
-4358
-2024
7156
7208
7393
5180
4035
28
-13041
-12260
1545
-4056
7151
-2028
-496
-6076
9957
-8184
-2022
-5092
-6128
-13276
-15870
-5060
-1533
-9168
1276
-14320
-10749
-11208
-1020
-5088
14880
-8144
-11
-7144
-4351
-15344
2792
-14336
7184
10280
5405
1044
9215
-5892
-2588
-984
-6136
-3040
2067
-7940
4121
-9176
6395
-21468
3104
48
6906
196
-8201
-9172
-4334
-14320
-6674
-3060
-7911
-10192
-9966
-12248
1803
-4052
-3588
-10184
-8483
-4076
7733
-2004
-3058
20516
-2591
-5892
4337
-6104
3334
-2016
15576
-3856
-9961
-1984
-6385
-9204
4038
-18400
-758
2080
9004
-4040
2004
-4080
-10197
-16380
4326
-9172
-9211
-2008
2316
28472
3577
-5068
-4082
-5108
-5094
-8168
-4327
-8176
993
-3032
1754
-14316
-527
-7136
9463
-11264
3845
-6112
-287
-6124
-6635
-8136
-11771
-9992
6157
-6112
-5130
-5056
1541
-3024
-1274
-15312
2547
-13284
1248
-13284
-14085
-8184
6895
32
-14092
-5084
-2080
-8164
-4862
28
5096
-6136
-1802
52
13317
-6128
-261
40
-2059
-8972
-10725
-9200
-7692
-7120
-3331
-5100
8701
-5080
1046
-3048
-257
-14288
-7708
-13280
-5897
-3032
490
-7156
-8190
-7948
-5913
-5092
-6109
-6116
6371
-9176
-2528
4140
-4609
-13248
3064
-12040
-9750
-5076
-1534
-12232
-7950
-5896
-766
20
2504
-9172
-9713
-1968
1540
-10212
5637
-12256
6155
-8188
6686
-9176
-10750
-9172
-1243
-13260
-4915
-7120
-7407
-9200
-4347
-2820
-1292
-10220
11489
-5896
-8433
-5080
-5112
-7124
-6924
-5120
-4363
-4872
2543
-9204
-1791
-3052
2789
-7156
764
-1820
-2039
-11240
228
1068
-4322
-1016
3825
5128
-5396
-16352
242
-3052
-3323
-6128
33
-11244
2323
-10236
-4415
-7156
-9688
-980
7670
-9184
4351
-7104
2006
-11212
-3613
-3056
1257
-20456
1521
1036
-4908
-5072
5365
-10212
4076
-3060
-747
-5084
-1812
-8132
-749
-17384
-273
-3036
-228
-7136
1498
-13292
-12
-988
517
52
-8941
-1012
-770
-4044
-2052
-10000
-269
40
3327
6152
-8470
-17265
4820
-5120
7162
-8192
2312
-15324
-2287
-8180
7402
5160
6646
-11256
2338
-13296
996
-10212
-4565
-11016
9390
-18404
-3339
3076
-6142
-8964
-5358
-4020
7162
-8176
5167
-1012
5154
-10180
1030
-7948
1534
-11220
-3069
-7112
747
-6080
3833
-11216
3570
-8152
3323
-11252
2571
-6928
-281
-12036
1291
-5096
-11016
-2020
-3577
-15312
1032
-5080
-12279
-9176
14616
-3044
-1542
-6120
-2288
-5092
20462
-9160
4868
-4028
-3849
-6100
1794
-11264
6674
-6096
-2294
-12264
8186
-7140
3327
-10200
4576
-16340
-7643
-13304
3330
-8188
-4354
-14300
-290
3112
12037
-4036
3055
1036
-3092
11496
2352
-5088
-3068
-6124
3836
-12252
8745
-7092
6642
-2032
-4637
-5052
3632
-15116
-6107
-6100
5881
-10208
3808
-9168
13628
1080
-2821
2048
1771
-996
-1770
-7944
-1794
-14320
-6133
-7108
-6932
-4052
-7133
-11212
6384
-9168
2581
3104
5390
-9188
-2076
-1988
5368
-11228
1530
-14312
-4611
-7124
-16900
44
2327
5136
-6908
3316
9225
-11220
1322
-8192
-1773
-10192
-4105
-2016
2308
40
-8722
2068
-755
-2040
5122
60
-1263
-6140
1810
56
4077
-9180
12813
-8136
2302
-2008
4061
-19224
-1282
15404
8193
-14300
5348
-10188
-5928
-8152
-7161
-10192
-6662
-16364
-5120
-6140
-8977
-7128
2290
4100
8434
-12260
6932
24
2278
-3024
4839
4120
2795
-6144
4866
-1004
3577
2100
3579
-3004
-6926
2080
-3566
-8176
-1562
2096
-9217
-10212
5614
-1988
-3095
-8184
-6123
-2016
-774
-4028
4350
-7140
-1276
-5084
-997
-19404
-5346
-7164
-2801
7196
3335
-15336
1265
-1004
4100
-8176
2316
8236
1254
2064
5876
3324
9697
-7128
-763
-10216
-13292
-7140
-15
-1800
-4054
-11196
1000
-8972
-3616
-9992
6150
-2020
-5092
-7164
1267
-6924
5129
-3852
-989
-11244
7452
-6088
-2823
-8168
2827
-7156
-801
1072
-7413
-17384
-10807
-12052
-8749
-16384
-2582
-16344
3360
-1984
3062
1048
5587
-4056
9201
-12036
-4595
-19404
1758
16
3602
-6136
-737
1044
6137
-3024
8999
-15340
-4350
-16372
6126
-13272
2870
-1000
1559
-3052
509
-14096
789
-12044
3866
-1020
3081
-1008
4337
-7144
-4353
-1020
6406
-17344
777
-10232
518
2088
-1785
1260
-5589
-5116
-509
-8168
3340
36
4349
-11260
1762
4148
-3066
-3028
-229
-15336
-5410
-14328
2582
-7168
270
-12240
-1265
-984
-757
-2036
-3057
-11228
5110
-1953
1017
-6088
-8162
-18412
522
-5076
-519
-12220
-2299
-15296
-1024
-8188
-1532
-9172
3127
-3056
8152
-4068
4354
-14316
-1525
-4060
-3571
2052
-3843
-7160
-10
-17404
-4650
-788
6410
-6116
2053
3104
7205
-9164
-7417
-9180
506
-3072
-2
-4076
1795
-17384
6403
-5029
5379
-17372
7164
-4096
-2297
-17172
4598
2100
-6666
-3036
6415
-11216
2048
-11244
3319
-2044
6651
-11248
279
-7952
-3052
-1988
3578
-7132
2823
-14304
14604
-5120
-9742
48
-517
-5108
-3339
-13292
5108
-13256
-246
-5072
8210
-11188
-6651
-15308
2267
-9196
-269
-9172
4583
-9180
-513
-12256
-2234
-5100
247
-4096
7667
-16368
-7173
-13308
-6657
-11212
-5899
-7124
-5865
-10216
3830
16
2544
-3028
4879
-12260
2317
-4072
4609
-14104
4859
-12208
-252
-10212
8193
-6084
518
-11264
1285
-11252
-5920
-9200
-2774
-5064
4337
-12228
13888
-4072
5628
-2032
-6122
-5072
5616
-1796
-2030
-5100
13079
-11036
-1505
6148
3089
-15296
4092
-14296
-9170
-3064
277
-11232
6114
-10176
-4069
4
3085
-8144
2841
252
4331
-5900
-6689
-772
1002
1092
4119
64
3070
-7124
-3808
-2020
-3597
-9172
-732
228
-10513
-3052
-1006
-12232
1019
-8172
9490
-16356
1034
1100
-10209
-1004
7932
-6136
5133
-7112
-8691
-8188
-3857
-5112
6627
-12252
-12800
2104
2557
-9148
-3300
-6132
-4920
-2820
-1304
2068
9220
-12272
9198
-6088
-6149
6164
6919
12
5113
-11256
5353
-1800
-753
-11024
7424
-10224
2084
-9184
-4369
20
-1514
-3024
-4843
-16344
-6423
-13288
-2306
-12248
9440
-16376
9208
-19408
4852
2080
-6616
2048
9216
-5104
12258
-4064
778
-1980
7715
-5076
1775
-8964
5621
-1008
-3316
-5036
-2826
-10228
-26947
-4048
-10
-10208
-29
-15308
1568
-17404
-12267
-22240
-2039
-3056
1028
-13272
759
-12244
-1271
-12256
2829
-6120
5890
-5092
4641
-8156
2602
1036
-3844
-18420
-25
-5076
-751
-10196
6129
-14272
1532
-17388
-8697
-11180
1068
-11244
-5916
-8184
2841
-13272
10739
-10240
-3595
-13060
-245
-8116
-6589
-7140
277
-7164
7431
-7140
-4612
-7116
-246
-3060
4371
-13284
-1240
-11252
3349
-3024
-4098
-6100
-244
-6124
-8682
-14272
8190
-14308
-2086
-18180
3611
-2032
4329
-6104
489
-13280
-2520
2092
-1004
-7124
1262
-7120
1020
2048
-5622
-5112
-10
18452
-267
-4044
-524
-7136
-2838
-16348
-3089
-7144
2520
-5108
-2813
-1984
2347
-15344
-12774
-5092
11791
-14304
8985
-15328
-5107
-976
-7456
-8180
9
196
3900
-1796
2041
-3060
3616
-10208
2806
-9176
15379
-7128
7161
-3028
6155
-8160
2583
5132
1026
-10228
9233
-6120
-3086
24
5370
1060
-4618
48
-1321
-11228
9740
-12248
-6628
-13292
756
-6096
-2578
-6120
-3310
-6124
260
-16352
-9486
-12268
-7413
-6124
8697
-7160
4059
-9176
3364
-12260
557
-4076
1270
28
1779
-13284
-4832
-16380
-7664
-10204
4625
-7136
8184
-10200
4377
-4088
-3821
-8148
-1520
-6100
2291
-8176
5397
-9176
2317
-18392
5131
-15112
-5156
-15316
-1516
-11220
-6656
-15108
-7445
-7140
-6947
-11264
2294
-9168
4587
-988
787
-8180
-796
-17340
-5381
-2016
522
-10204
-2821
-10208
-2288
-9192
-3329
-16356
-5116
5372
6647
-1020
10508
-13084
-7421
-12048
6165
-11224
-6909
-16132
3357
-19440
-4371
-11244
4581
-10200
2785
-12260
1313
-13244
-3821
-6092
-3076
-8136
-6
-5084
3563
-13292
-4855
-9192
1764
-7132
-1259
-20468
13
-10196
16883
-3048
14328
-10196
279
-6112
7938
2092
-5643
-19412
-3321
-1024
-301
-5112
2301
-13060
7184
-11012
6951
-7144
-7675
-11216
4360
-19432
-4359
-11220
-1286
-5108
1773
-11240
6364
2120
-3365
-11232
11760
-10216
6429
-15348
2300
-11244
2026
1052
3841
-10236
5140
-7132
-7153
-18380
4350
-9196
-1539
-2012
-2562
-3044
6169
-7148
767
-10196
2843
1052
-1
-8172
1012
-6144
4382
2068
-771
36
-6137
-8156
-1762
-4052
-2828
-10172
3571
-9172
-2819
-13248
512
-5088
7149
-9192
-16894
-8140
2572
-8152
-3067
-8164
-2558
-6136
1530
-2020
-13548
-18376
4099
-11212
-4864
-3876
223
36
10752
-8164
820
-3052
-6402
-14308
779
-15340
15079
-16344
7943
-4056
-11010
4144
5403
4160
765
-1972
-1803
-4068
3310
-5068
4855
-4872
-9985
-3056
-5609
-9192
1528
-6916
-37
-2868
5633
1060
-760
-6108
3321
-9168
-2564
-22220
1540
-14328
2323
-8156
302
-23264
3572
-7120
2300
-9200
7168
-5096
7143
-11188
-1286
-15328
-4849
-5112
-3319
-12284
5402
-940
2529
-11264
7388
-10176
3587
-7140
-9495
-9200
3831
-5080
2047
-8156
-2032
-1012
4335
-3024
8941
-4876
7454
-15328
3622
224
1274
-13280
2789
-5048
10996
-5100
-242
-13272
6406
-4080
-2032
-3068
4109
-12288
1013
-12276
1053
-8176
-4678
-16320
500
-24300
-1764
-5100
1274
6384
-3077
-11220
-4872
1060
2066
-14308
-4114
-12284
-767
-3040
1284
-6132
-5881
-6128
5656
-2832
-2538
-8148
2781
-9204
-776
-11248
-1051
-18408
993
-10212
5886
3128
1814
-9176
-5641
-11236
-993
-3860
-3
-10228
3623
-1004
2573
-7136
-747
-4084
8183
-8148
4622
-7112
285
-6116
-6959
-4052
-7926
-10204
6905
-14252
12551
-7132
-2068
-17388
-4873
-9144
-526
-2028
3595
-15324
-2571
-15132
-6
-14320
-5374
-7156
3081
7184
-3870
-9184
5630
16
4346
0
527
20
234
-10232
-6648
-10220
-2815
-13264
-1319
-17384
5625
-5112
1303
-16364
-1533
-24296
5927
-964
-1789
-15332
6156
-5892
1523
-17360
756
-14332
-26
-10220
-533
-16136
-9470
-17368
-1514
-4056
5932
-19416
260
-5080
6926
-4056
5889
-8148
4600
-16332
3065
-1996
2781
-1796
2313
-8148
-5361
-18380
-9765
-8148
-3368
-2004
1027
-6108
2568
-14296
4088
-3044
-552
-780
-4088
-996
11780
-8164
1064
-13260
-5885
-11264
7150
-5092
1217
3104
10995
-20468
-3867
20
1308
-11216
1786
-9156
14326
3096
520
-11016
-5857
-7156
255
-2000
-9699
-980
2303
-8164
3566
-6144
1261
-14088
3854
1072
-4854
3088
-8179
-12280
-734
-12240
1531
-968
-1020
-3036
-11040
-9176
-1535
-13292
-5639
-4040
-5846
-20232
9456
-6116
-3850
-4064
-548
-5120
-753
-8164
7705
-11208
-295
-11240
-5132
-7104
765
-4880
2574
-9188
-3310
-12252
8463
7208
-497
-7148
-777
-6132
-11276
-2040
1777
-10208
-1826
5148
5614
-16352
773
-5076
-5386
-7152
-6907
-6088
4839
-5900
6365
-15296
-3834
252
5127
-1800
-1763
-8156
6637
-7156
5556
-13260
6929
-13268
-7635
-6112
-13533
1048
-1807
15444
11763
-14300
3842
-24296
-6135
3108
4391
-5104
-8696
-4064
-8971
-17392
4325
-6096
1803
-10236
10478
-4880
-4613
-9200
2274
-12232
-785
-14292
-3049
1028
-528
-9160
-3286
3076
-1542
-4048
4339
-3068
-3097
-7128
760
-16352
-3848
-8144
-775
-9184
11041
-11224
-291
-4060
-1041
-7136
-1019
-4084
-758
-17340
-1515
-17388
3326
-3040
-1002
-6136
-1764
1028
8716
-13244
5903
-12256
-5354
-1996
4611
4140
-5857
-9184
-2830
-20456
5642
-16368
-3576
-7152
2554
-15300
-4588
-5072
-9705
-14304
282
-7148
6107
-8992
-10
-14332
4869
-5104
5385
-12248
-769
-6088
1535
5184
-459
-11244
3068
-7116
4126
-6120
15606
-15344
6378
-4088
2807
-11256
-4102
-22264
-1262
-7108
-1280
-8168
752
2072
-11514
-10220
4089
-1820
-9453
-4872
1511
-12252
-2565
-12036
4873
1276
7699
-13260
26
3100
-290
-5072
4383
1068
-11514
-5080
-557
-5092
10739
-6140
-2033
-3028
1298
-3068
-4863
-7140
759
1028
-4378
-14308
-3853
-6096
-6151
-12248
3584
-2028
7395
-3032
-1270
-10224
7961
-996
-5651
-11020
-15896
-21472
-3602
-5048
-1013
-2040
-1270
-8164
-8208
-13284
-5366
-4052
-1257
-4048
-4586
-4036
-1523
-8156
6162
-4036
252
-12252
1835
1056
4591
-1008
5895
-5092
3084
-13276
1018
-13272
11053
-11260
-5649
-11260
4373
-3068
2838
-6120
6417
-5096
-541
-996
-2322
-12252
-1520
-972
289
-12264
1028
-9176
6671
-11252
1257
-14276
-1555
-1012
-6674
-14308
1028
-4076
-522
-11016
-5111
-10240
-4861
-8160
-6671
-5100
-1045
-5088
-5856
-16368
4095
-7140
6923
-3020
-4098
-11244
1791
28
41
-7120
6177
-3028
753
-8164
2058
-8172
-2047
-7128
2056
3132
-5119
-12244
7958
-12256
3346
-8180
-3078
-3884
-8724
-9204
-3332
-6080
-1274
-14264
1307
-6916
-6656
-4040
-13056
-10224
-3061
-15308
9201
-2020
-8966
-4872
-8439
-14332
1575
-5088
794
-12284
-6401
-6084
9743
-2028
-4329
20
6436
252
541
-980
1281
-9176
-1788
-27144
1041
1032
-5366
1032
10479
-9180
774
-2824
-532
-10236
-1053
-13280
-7396
3092
-754
-25304
4081
-10204
3332
-7112
1801
1056
-2832
-8172
-2573
-15124
7708
-6108
-7168
-9188
-1531
-3032
274
-13288
-4073
-8964
3098
-6108
-5128
2084
7170
-6096
-3609
-5900
-1557
-5068
-8964
-7152
2277
-11220
-1312
1060
260
-7160
8695
-6096
1256
-6080
-11565
-13284
-243
-20476
6136
-6108
301
-13256
3306
-7140
-274
-21460
-518
-12260
3836
-6124
-3290
-11232
-7227
-8172
-762
64
4
-3044
-3861
-8180
-7734
-15320
-2315
3076
6382
-10212
-2526
-984
6208
-5104
-5631
-20444
5659
-7128
2035
-13276
514
-8168
10491
-5096
8173
-5900
2327
2068
7198
-21496
3299
-9152
5368
-4052
1540
-1996
-2864
-11232
2591
-8164
2837
-7136
15101
-4868
7952
-6104
7686
16
7162
-4072
-2047
-11232
2314
-12276
-5155
-6136
-5101
-7144
-1550
-1024
-4831
-11184
1309
-18396
-1272
5128
1004
-13284
4124
-11232
207
-6916
-6621
-17372
3286
-13272
6395
-7132
10247
-5116
-7668
-10224
9480
-12260
2804
-10216
8441
-8180
491
3124
-11757
24
3053
-5120
-3073
-19444
-5614
-8148
1245
-11240
3067
-10192
3329
-3056
6172
3128
-3857
-4052
-7702
4336
6684
-3040
1559
-16356
6892
-6092
-516
-7132
286
-10228
5363
-6136
8730
-8124
-1332
-14316
2035
-6112
2521
-7116
-5673
-10200
258
3088
-7430
-10188
5894
-2820
-7915
2060
6666
-11232
529
1060
780
-8164
-8207
-1800
-10261
-4056
4089
-3036
3312
16
22
-5108
-1790
-7077
8950
-8188
-11795
-5064
-8684
-2020
3290
-18184
-4091
4116
2541
28
8444
4152
1055
-4064
4816
-5904
264
-9172
-1522
-15336
-261
-15324
-2543
-6132
-1033
-4076
3039
8228
-1318
-12256
10757
-11260
-774
-4872
2312
-7120
6362
-6116
813
-4088
754
-13060
2019
-5092
-14116
28
3093
-10156
1300
-2012
-3821
-18204
6881
-11216
-3330
-5060
-7207
-10232
6425
-7164
3063
-7164
-1250
-7144
6661
-1000
-2552
-7156
-5351
1028
8447
52
-2790
-10236
1034
-3000
-9962
-15348
-7689
44
1022
-1796
-2323
-1004
1322
1068
3855
-7972
-6669
-14312
-3858
-6088
-5659
-13280
2545
-4064
1749
3088
3573
-8164
-1300
-5096
-2045
-12288
482
-10200
-6662
-2008
-1793
52
-252
3088
-3827
-8168
1504
-7940
-1524
-4048
-6
-3060
-1746
-2000
9218
2112
-8707
-11236
-2546
-5096
-5370
-3000
-4111
-5056
2569
4112
2831
-5104
-2549
-6096
-3301
-10212
-237
1056
-755
-5092
-6144
-9184
-1802
-15324
-3341
-4044
-9728
-9188
-2317
5368
1239
-5104
8965
-7144
-5646
-4880
-1031
-26324
-12571
-15124
2022
-2000
-246
-4048
9486
-8172
-6130
-9988
488
-2020
16654
-13296
-4058
-12260
-6640
-9200
5886
-11244
3822
-17364
531
-11260
8695
3084
5114
-14312
10487
-4064
-4086
3088
8174
-8152
-13561
-10016
-491
-3040
-9215
-9164
5385
-8164
2287
-8144
-5409
-8180
8645
-5096
-8927
-7132
-512
-6104
-3342
-3024
-2579
-11232
-12545
-11228
2333
-7120
-2531
5152
-1763
1048
-4836
-18416
1554
-5072
6397
-5088
-2263
-7124
8972
-13244
7178
-10220
-9192
-9180
7398
24
3849
-9196
3575
3320
-14296
-6132
10636
-5108
15112
-3044
6152
0
-3838
-9172
-2833
-14320
-3845
-10176
3858
-3024
-3311
-11240
3375
-6088
3360
-6104
760
-7144
254
-11236
546
-15320
1273
-9216
3321
-6116
-2014
1064
4102
-20424
16126
-6120
7205
-6072
-3323
-8164
1049
-16376
1283
-13272
2326
-3028
-7446
-13268
6168
-11236
1297
-3040
-3327
-4060
6113
-4884
-493
-5120
3855
-8180
1050
-12264
-12518
-3044
1280
-6124
-11252
-8124
1044
-13272
-2793
-4068
5597
-2820
9479
-7164
6939
-5092
7215
-4076
-12074
5184
-7178
-4872
-771
-3024
2836
-11204
-12561
2056
465
-14304
-13546
-996
-1285
5152
4365
-14316
-3080
-18416
2570
-3848
6909
-6136
-295
-12272
-6906
-3024
-12294
-4064
-3056
-11020
-2579
-4868
-1760
-2024
-1556
24
-3105
-6952
2049
-8176
-3826
-13304
-1529
-5100
5375
-4084
1807
1260
-2331
-19204
5393
-6104
-1306
-8156
-4620
-11256
-1756
3136
1779
-6124
6387
-7160
542
-4096
12020
-12044
-2846
-14272
8467
4
4615
3096
-4855
-10240
-3089
-3068
-9472
-9176
-1288
-16380
-7417
-4084
5389
-9184
5599
-972
791
-11208
2073
-14304
3069
-10016
-7184
16
2064
-6092
12558
-13312
4869
-9200
-1000
-5904
-1541
-1976
-231
-11216
-2061
-4060
6394
-3052
-15101
-12240
1010
2112
-10963
-10164
-4606
-6116
11535
-12240
-2827
-3036
-8196
-8980
2320
-11012
-9512
-17368
-1775
-13280
-2867
40
-1560
-7116
-9197
-18368
-4074
-13288
9500
-8172
1557
8196
-3549
-4064
6905
-4048
6375
-1808
1272
4120
4317
-13268
-1511
-25308
6631
-12260
3347
-1008
-8480
-996
5382
-2016
5902
-2020
8688
-23272
2523
-12256
-2028
-2020
789
-16312
-10765
-1008
1011
-10196
-282
-8180
805
-2040
-3628
-14304
-9456
-22264
2564
-4009
3575
-9212
-5659
-6084
-783
-7156
-5116
-14284
-8940
-14284
3335
-7116
5368
-7148
776
-6064
5103
-992
-2810
-16368
-285
20
-19
-17168
-5386
-9996
1287
1048
5142
-5116
2558
-15356
-3808
-13312
-8431
2084
-2599
-4888
3314
-15112
-737
-8164
9003
-9208
-3600
-9176
-4128
-5104
-2322
-6916
5665
-7120
8961
-10232
-8687
-5892
-4841
-15324
-5358
-12252
-12832
-7120
4635
-780
2082
-8184
8959
-8120
-6945
-6104
8206
-6088
-1022
-7136
4354
-2012
-3350
-13304
-496
-3028
-2568
-15296
-5118
-6108
-1516
-12232
7431
-2004
2075
-10216
-5107
-20424
2776
-10216
505
-2016
-5124
-11228
-6631
-10216
12025
-15108
-3810
-3004
-5644
-14304
-4107
-9168
-3333
-4072
-4870
-5084
-2294
-10188
-27
-1008
-2309
-17344
-5899
-15344
-5109
-976
-6896
-5116
9220
-12040
-5872
-8176
515
-976
1249
-9212
6410
-13288
-4125
-1004
-6102
-11236
-5649
-12208
-10514
-14316
530
-7156
-7425
-4056
3063
-996
7681
-4048
7671
-5072
-2782
7228
11034
-12268
6939
-15340
-8161
-3844
14621
-9176
5066
-11192
-2028
-12248
4878
-7148
-2059
-14332
10224
-6128
5130
10264
2548
-10200
2051
-12228
-9966
-8176
4839
28
6930
-5096
7926
-11064
3867
-5096
-6895
-13312
-6433
-18420
1793
-13308
2552
-4048
-5668
-16352
-7960
-8172
1302
3100
2816
-4044
-2850
-17372
-3572
-6092
4580
-14308
4361
-10192
-5435
-6928
-1517
-1024
-4875
-5084
-1544
-4056
-5839
-5056
3103
3080
5099
-12252
10782
-10212
-2769
-13252
-2067
-4092
-4095
-10228
4086
-12260
9741
-11256
825
-9188
-6140
-4040
3851
-5052
-10738
-8184
-3820
-11212
9971
-15360
14587
-1980
-2557
-9152
3286
-8160
1559
-10180
3058
-3060
-4095
-8144
-4555
-1800
-1282
-5080
-6139
2080
537
-4056
-5887
-9180
258
-12260
5889
-11012
-15
-11232
3607
-9192
-8688
-4072
247
-4068
-3342
-1992
2047
-2016
3568
-6100
4337
-16360
3565
-4076
6164
-4076
-998
-7940
-3590
-10236
526
-14288
3847
-6920
10993
3324
-1517
-3852
2547
-2032
2030
-11224
1034
-8144
3064
-5096
-4618
-13264
-3052
-15360
-1010
-8176
-774
-9184
3084
-13256
483
-13292
-7188
1088
-4584
2300
-7170
-10184
4918
-32512
-1275
-11240
4608
-3036
505
1076
-1512
-9164
4856
-3068
4872
-6120
7
-12280
3844
-2004
-4355
-3044
-14560
2060
7183
-19408
2070
-4052
-4874
-3056
-7924
1076
-8483
-6128
5379
-3981
3564
-7168
-22
-9200
-6914
-17392
-18692
-1020
5123
-13308
5876
-8168
-4
-6092
6894
-5112
764
-10212
4362
-13288
3862
-12264
6654
-8964
-11558
-8160
-4352
1072
-3366
-21452
-494
-10204
-4589
-3004
2025
-4088
8974
-8172
-6158
-6124
3827
44
5075
-18396
3090
-6136
763
-10208
7393
-9188
-1835
-3052
-3835
-2048
-7167
-7940
-7175
28
-3584
-16356
-10995
-9204
484
-4052
-6910
-9200
-7167
-1992
-4838
-8988
-5656
-4036
1315
2076
-4600
-2004
2551
-8176
-7665
-10200
-11291
-4048
-7457
-2032
4831
-3864
492
-18408
-2563
1060
-5429
-5076
3118
-2824
12028
-12232
10216
1040
-8699
-3048
4088
-7144
10737
-5116
7719
-1012
4591
-12236
-776
-7144
-3330
-9216
4837
-1812
-1539
-11236
1771
-5072
-1020
-14312
-2060
-984
-4321
-5080
6367
28
3859
-19420
1269
-7144
-2568
-4072
4096
36
-4065
2052
2257
-19428
3075
-14332
-2553
-7948
7127
-7164
-6125
-3000
-517
-10196
6
-12276
6111
-3032
2326
-10236
1043
-5084
-3556
-972
26
1040
450
-9144
-3073
-7144
-13317
-6108
-1543
-5116
-3058
-11220
4119
-12252
2806
-5096
2079
-3016
-770
1072
-6412
-9176
2053
-5056
998
-9172
3844
-1796
-2802
-6132
-3578
-10224
5612
-7148
1279
-13288
1034
-2036
-60
-13240
11281
-10220
-4331
-15348
492
-4056
2068
-5076
3310
-4048
-3842
-7156
-5883
-7136
-8736
24
6403
-6088
3587
-12268
2856
-8144
764
-9996
-4885
-5068
-4090
28
-3554
-2024
2307
-1964
2042
-5108
1755
-4997
229
-9172
1283
-14324
-792
-8160
-3356
252
4124
-9204
3309
-7108
1536
-14272
5136
-6092
2291
-7144
-7969
2100
-2813
-2048
-18
1048
2283
-12268
-2822
-6144
-8193
-10192
11246
