-10224
4093
-4044
-3844
-6104
277
-16360
-5359
-7092
-2531
-1016
-461
-2024
-7142
-5096
6899
-6092
-2082
-14088
10776
-972
1527
-3060
2794
-6104
1039
-11040
-2564
-10180
1316
-2000
-2061
-10208
4846
-14084
-2818
-7128
8431
-10236
7946
-13284
-7668
-7128
260
-6120
-9941
-6064
-1319
-5112
2538
-944
-1250
-11252
-989
-8160
5103
-12204
1284
-7160
3300
-9212
-777
-5108
-12291
-10220
-14591
-5096
3338
-11240
-1003
-3040
-5920
-7148
5118
1076
2881
-11232
5116
-4064
-9701
-10208
1540
6257
-2792
3120
-3859
-8156
-1528
-6924
-2074
-5112
2
-7960
-5894
-9180
6405
-8172
256
-7940
-6379
-6100
6621
4120
3347
-5108
-3056
-1800
-2287
-17392
-1027
2060
-1521
-8160
2296
-14288
-4892
-3000
6151
-7120
3290
-6124
7142
-11224
9225
-10236
2306
-10220
-4096
-2048
10757
-8168
7913
-11256
2284
-12280
7642
-7140
6164
-14288
-251
-25300
5891
-5100
6676
-17376
10485
2076
485
-4076
11522
-10200
4104
-9168
-6160
-8972
2323
-2020
1792
-9160
6643
-11200
5894
-8164
4359
4172
8908
-7112
2556
-7120
6668
1068
11518
20
7403
-8184
520
-8164
8973
-6072
7449
-8132
1028
-8188
-1758
-964
2288
-4096
507
4100
4629
-10204
-8967
-6088
11517
-6104
-244
-15356
6404
32
-3847
-6080
-2014
-4072
-5616
-11240
264
-13080
747
-11248
5114
-2820
-1750
-17396
7156
-14084
3560
1276
-1561
-6112
3062
-10196
-808
-15304
-6346
-12280
1271
-23197
4066
-9200
225
1044
2809
-7100
-1273
-3048
-1769
-1988
523
-9172
-756
3100
2829
-6112
3346
-7152
7891
-17156
-2513
-17368
-3375
-5892
-1290
-9164
-4871
-17376
-8464
-8972
6140
-15288
7182
-8172
-1584
44
-1004
-6120
-1023
-12044
-6112
-10228
-3857
-10192
6638
-11248
-5630
-7964
4888
-7140
5618
-8156
-2010
-2020
-1800
3088
248
-15124
-761
-7116
-2580
-4060
-3851
-7156
1790
-18416
2528
-7140
2311
1068
2294
-14292
-8726
-4064
2029
-6096
6624
-14320
12271
-4044
1010
-10204
-7664
-5060
2280
1092
-7416
-7940
6918
-13264
-5119
-17372
4329
-12256
6157
-15296
-4604
-6108
12555
-6120
2836
-17356
-1797
-15348
254
-17404
6920
-8176
-5645
-6100
512
-5108
-6136
-6092
-2529
-8188
4604
-11236
4629
-5104
-1797
-3040
14351
-7160
-4614
-5080
2552
-13292
3307
-4076
749
-3032
9961
-5096
-8202
-4072
-4351
-8168
1497
-9172
782
-16332
17646
-12224
2058
-16368
5674
-10008
8963
-10212
12572
-4084
-10759
-9196
1802
2052
-6101
-6092
-4094
2084
-3850
-11252
8182
-8180
-11248
-8140
3071
-2024
1768
-9208
1545
-3044
2817
-5896
8453
8200
8973
-10196
-1282
-4092
-4596
2092
-1023
32
-3035
-16360
4120
-3048
-2321
-11252
-18434
-8968
3584
-8168
-7454
-17184
-748
-10180
7670
-8156
3814
2068
-780
-10220
-6157
-6108
-7696
1048
-2007
-6116
-1793
-8972
1299
-968
4595
1056
249
-10236
-3093
32
1532
1060
-7689
-15328
10497
-7128
-3809
-7152
-4364
-1020
8703
-7128
3608
-10196
-2286
10276
-6642
-984
2315
-7092
-2049
3072
-3834
-7148
-5930
-12264
3296
-9188
-4
-9208
3341
-12264
-4624
-5100
3578
-5088
-494
2060
769
4124
7889
-10232
-9712
-8144
-4391
-10196
1793
-8180
-5385
-10156
8165
-11244
-4606
-16328
-1024
2084
-266
-11244
6659
40
-1251
-5104
-6892
-12256
-6714
-2020
2060
-6120
7903
-6120
-10479
-1004
-1314
-14312
-4109
-8156
-213
-5112
-261
-12260
3317
-12280
237
-15120
2056
-14300
-2022
-18404
-3058
-3032
-3572
-13264
-5895
-9200
7949
-14320
-4596
3088
3852
-984
-1810
-9144
1537
-4064
1569
-6076
12090
-19416
5393
5196
6392
-5064
-6378
-9160
6959
-20236
7422
-6076
-5894
-10196
-3843
-3012
-4338
-12232
-2308
-15352
-4854
-6132
8203
-8152
-504
-4088
3832
-10224
-4603
-8152
2779
-12036
-3851
-12240
4614
-12272
-7940
2052
-1306
-18388
7921
-15312
4906
-13272
4861
-1976
-5626
-2000
1033
-7088
6147
-9164
-7928
-13308
4078
-4056
5409
4152
-4075
-19456
-3007
-11212
6663
-4064
2814
-5100
-3073
-12268
-12041
-9192
-1517
2080
-12536
-9208
10519
-18360
2051
-9132
2528
-4040
5594
-2000
-9235
-1808
758
-6916
-2322
-12248
-2571
-9196
2820
-14100
779
-2988
498
-12232
4594
-22224
-12025
-17388
-8442
240
6648
-15340
-2314
-17396
-15334
-6136
2312
-10208
-7461
1040
-6898
-12284
-492
-12252
-7677
-8144
-6947
-3040
-3318
-5108
4863
-10200
4107
-17380
-8
-7152
265
-7108
5902
-6080
-9457
-11024
280
-18428
4352
-14312
-1515
-14292
-4823
-11256
6149
-13292
1509
-992
-6612
-10224
508
-22196
9213
-8152
-4095
-12244
6427
-7136
1047
-7156
-5397
-9208
1797
248
7462
-976
14842
-9172
-508
-9196
38
-4048
24321
-4064
-2281
-8964
-2817
6380
3593
-2000
9183
-11240
-3840
3124
1835
-8160
-770
-4064
9718
-11252
-16856
-964
-3111
-6100
-271
-3044
-2818
-7124
4889
-3028
3582
-10212
2805
4
-8951
-956
-783
-6128
-521
-11236
0
-11256
3054
-11224
-2542
-12224
9788
-9188
3337
-4064
-3599
-13272
1323
-7120
-256
-10236
-3598
-5100
-500
2284
11042
-14276
-516
-4044
7397
-8184
7708
-1000
-4551
32
-1783
-11248
-6159
-2032
-3597
-6120
-10269
-16332
1030
56
-3311
-10208
803
-8160
-4406
-9152
1776
-11216
-7706
-2016
4528
-15324
7919
-9200
253
-15324
4633
-11208
5399
-7160
3847
-6100
753
-11012
2085
-24296
3839
-10212
-4117
-17380
-3086
-14328
-3094
-5892
6388
-4052
-3844
3120
7404
-4064
3557
-7116
2269
-5076
-5867
-18432
1788
-7164
7675
-9164
2568
-6100
-9708
-6132
5114
-5112
-3061
-3052
1279
-11240
1570
-9200
-3857
-19444
6161
-10200
4866
-4036
2537
-9200
-6144
-11232
-10475
-3060
-1320
-3048
6117
-1008
-4102
-16376
765
-10220
2043
-15316
517
-11216
-8442
1040
-24157
-7148
-2053
4124
-9946
-4064
6660
-13296
1544
-11236
6141
-10192
11515
-10188
-4103
56
2075
-21468
1255
-19412
2319
-6100
3599
-6128
-7172
-7136
3077
-20420
-7122
-7108
4327
-10204
-4093
-17392
6
-14328
8197
-18180
1536
-14316
-493
-17360
9451
-988
-7934
-984
-12042
-17356
5112
-12240
-7150
-27360
4072
-11228
5900
-9216
-2286
-9192
-2582
-8180
4858
-1800
-7681
-6053
-6403
-12256
-4344
-12260
-11793
-7136
5927
-16140
-2288
3088
-1285
-9208
5879
5156
5637
-2016
11547
-9156
-1510
6184
-749
-11208
3343
-9192
506
-4060
-1765
-11264
33
-3993
5363
5168
-4025
-5060
10985
-7112
-3807
-18416
3861
-14280
7698
10280
2301
1056
7130
-6120
261
-10220
3567
-7152
1287
-15312
-5848
3084
7952
72
-742
-6136
-6417
-12240
-7688
-6116
3091
-9152
2859
-9212
3047
-16344
-7138
-10208
-3333
-10220
-2052
3108
-2827
-7960
-3582
-4048
-502
-9204
12298
-7140
8972
-5112
5356
-10204
-6910
-15316
-6685
-1016
7154
-8128
-6898
6200
4877
-9184
-5144
3132
8448
-8164
784
-16344
3585
-4064
10742
-17172
-783
-12260
-15870
-7160
4104
-19412
2565
-9180
4858
-5104
-7652
-3044
3295
-9164
-7154
-10212
7911
4120
-1009
-7140
-2777
-9212
-2844
-15324
-8188
-8160
-8729
-9196
-11771
-5096
6140
-6108
-3088
-1996
-750
-10212
510
-13308
5117
-12264
-5653
6184
8186
-9148
-757
-7116
2018
-13292
1824
-20420
-9451
-27352
245
-14304
-4611
-9156
-5126
-6116
7672
-13080
-1049
-9196
-3840
-6124
2313
-19412
268
-15316
-3586
-13256
2598
-8160
5376
-22032
501
-17384
-1000
-4064
-1562
-7088
3079
-6064
-10236
-13292
4618
-4084
-4784
-13280
7897
-5108
3090
24
3586
-17368
-3
-1992
2293
-5104
526
-3032
-2546
-11216
5148
-10188
-3819
-8176
3310
-992
-1254
-3024
3048
-7120
-469
-3052
-2313
-14280
-29
-10212
1794
-5076
1044
2092
-284
-12264
494
-13248
513
-12256
-8428
-5104
4593
1056
-3047
-7948
2569
-3848
-798
-11244
-5418
20
13553
-9164
3044
-980
8955
-9136
-4370
-14320
-3334
-8180
6148
-7124
13790
-7128
499
-5044
1297
-11240
4111
-984
-10238
-8144
-8999
1052
-2829
-11188
6676
-8964
-2522
-9200
-4104
-14276
4312
-13288
5400
-9204
-6706
-13280
-2333
-6092
-8696
-13276
-5159
-3040
4612
-3848
-1559
-15336
-5878
-7140
-729
-10200
-6912
-7132
-796
-3052
1040
-10204
2836
-2824
6916
-14300
-3313
-15280
-9969
-20228
-3327
-9992
-5615
-5100
-3863
-15280
-6636
-11256
4850
-4088
8718
-3008
1015
-14300
2318
-992
-2549
-8176
250
7192
-5394
4108
-2843
-9152
10008
3084
-3080
-5092
6393
-11228
-759
-4068
-7966
-8180
4624
-20448
-757
-18180
-4344
-26368
-271
-13280
9738
-11216
11
-17352
4571
-8192
-1769
26916
1252
-7136
4594
-3016
4382
-14324
-8213
-4088
-1534
-14284
-3058
-2008
4638
-17376
4885
-21484
-6945
-5084
2575
-9180
-6918
-13272
757
3080
803
56
274
-9160
2532
-2000
3577
1056
5124
-13248
12318
-17364
-10476
-14280
6645
1060
1770
-6108
-16667
-10188
9244
-10196
-5904
-7148
-5620
-11224
-1280
-12232
2286
-13292
-3575
-7136
-4367
-9172
12050
24
16
-4056
3090
-1000
-9267
-15344
-3822
-5080
4088
-13240
2563
-11244
-1591
-15344
4855
-17372
-11302
-1016
13349
-11264
-4097
-4068
2286
-16344
8463
-16340
-15074
-6072
9447
-11256
-7427
-4072
-4884
-8172
6390
-8140
2301
-20416
-3358
-11212
1289
-5120
4606
-12284
6154
-6124
9181
2064
7912
-8972
6690
2284
2786
-7112
-7668
-9176
3327
-8152
-6909
-10236
1531
-9212
-2316
-9129
-254
-8152
-4872
-23288
-2549
-1996
-1045
-5064
-14055
-968
14327
3108
-5130
-15304
20
-16332
4138
-1796
-2101
-9216
3106
-22200
-8422
-16336
-4088
-9212
-1010
-9176
3563
-14084
-10492
-10208
4334
-7152
4857
-10236
-7695
-8176
6148
-20452
-1017
-6136
-6902
-3052
-2350
-10208
11253
-9132
-1272
-9152
-5869
-16364
764
-980
6960
-996
-6930
-12268
5871
-13296
-9735
-2012
3624
-13248
8729
1048
1051
-5092
-5154
1060
-1778
-9204
-5102
-3844
5388
-9192
3608
2060
3841
-8164
767
-1988
465
-15360
-4086
-13080
10780
-9200
-2071
-13260
-4579
-9180
2040
-12252
-781
-5040
-29
-11216
979
-5096
-2804
-7944
3096
-4056
3863
-6132
3077
-16372
-14029
-6136
3093
-15344
-1790
-8168
-9718
-9208
5625
-8980
-2313
-5104
8438
48
1772
-14316
-2035
-8152
-1535
2096
4649
-5060
-234
-9180
1018
-15336
-1792
-5108
12303
-6092
3341
-3040
-1759
-10192
-774
-8156
8169
-5068
-10
-1808
-1787
-6108
503
-4084
-4847
-11260
6613
-6096
8972
-20444
-259
-5088
-5130
-10220
3319
-13296
-5090
-16348
-513
-11232
474
-4048
3859
10260
-9475
-7148
-4080
-12248
-264
-1812
-1274
-7148
-4834
-3040
-500
-12260
-2825
-6132
-5390
-13280
-1770
-11228
-4373
-4084
-6179
-14320
8435
-3028
5123
-14332
4843
-964
4119
-11240
-1299
-11032
-17680
-17156
-5153
-6108
2289
-11208
-9724
-7140
-6377
-10220
4103
-6108
-2021
-8120
1043
-4076
-2034
-10004
-1288
-4032
-528
-7124
-1813
28
-4340
-8160
-2019
72
2303
-9196
-487
9272
13069
-8136
4584
-13288
-1068
4164
1797
-2004
-1268
-8164
7649
-13264
-2552
-5080
1281
-9204
3837
-13300
2334
-4052
3806
1032
-3366
-11224
3832
-6116
2278
-5088
-7393
-5108
-1535
-984
-2821
-12260
4368
-8144
2296
-17392
6652
-3020
-1280
-14268
22
-8160
-264
-5108
-5141
-3052
1262
-12276
1290
-4044
9556
24
-9475
-10208
12037
-10216
-7426
-1980
-3093
-5064
3024
-17400
-5672
-12276
36
-3048
6147
-6136
-3623
-4044
-3545
-15324
7385
-3060
-15343
-988
-4122
5144
270
7180
8983
2052
-761
-2828
5126
-8164
-7712
-17384
8439
-4052
-6898
-7132
1807
-6108
1299
-17368
6606
-4076
-2313
-5080
-523
-5116
9981
-15284
2291
-10000
5140
-3040
-2843
-9172
-244
-9156
-2813
-7128
-2816
-2004
-4339
-8128
1270
-4036
-9979
-15352
-5163
-7136
2850
-13252
9225
-11224
4858
44
1305
-7140
1007
-14304
-4081
-5896
-3837
-5096
-1541
-4036
-1046
-13260
5375
-7124
1551
-4084
-1318
-7120
7415
-7084
-12028
-2036
-3842
-20460
-4614
-9204
3316
-5076
-13083
-8136
-1269
-11220
-3577
-12280
2294
-3064
-4082
-7100
5909
-14296
2556
1064
13555
-15328
7206
-5112
-6155
-8160
3363
-5072
8987
-7124
4811
-12036
-1539
-6136
-1312
-6088
-6168
-2820
-1252
-18416
-753
-13308
-9976
-980
-9205
-12284
776
-7140
10210
-5080
-241
-7136
12046
-9184
769
-7956
-4349
1032
5904
-7152
-1306
1072
3583
3116
-2797
-10180
2012
-1796
-27
-772
800
-5084
5609
-12288
-2051
-2024
-2320
-2048
3072
-4084
6663
-8160
-8941
7176
-7948
-4048
-9955
-13280
-10012
-9140
-2552
-7124
-11235
-4052
-2537
-6068
1044
-9140
11264
-6116
-3866
-4060
-3087
-4064
793
-1796
9749
-12264
-4882
-1004
1064
-5112
10477
1088
-3067
-8152
502
-9176
6459
1052
3594
-10196
-6897
-19392
3839
-8140
-4362
-16352
3594
2064
-3335
-7140
-3063
2056
-9487
-16368
-2320
-5096
-3593
-4064
-5620
-984
2048
-9204
5052
-6088
-8175
-9168
772
-10160
-4357
-11216
4385
-13272
-10491
-13300
-2825
-4056
1103
-11256
5873
-21456
10516
-1024
-6372
-4080
-4658
-7136
-3065
20
2034
-5120
-7415
-4072
-2294
-12268
3808
-9152
-15595
-4044
-2802
-14308
-4866
-13260
533
-15116
-1781
1064
-2850
-4876
-759
-12244
-9460
-8184
5624
-16364
3551
-2024
-18697
6216
6090
-2032
-2028
-11212
-5893
-7140
-12030
-12284
2580
-4044
-1767
-8972
3848
-7140
1252
-6112
-14083
-13248
3026
-7120
-777
-6092
-2842
-10212
-1019
4156
-9220
-10196
1048
-8188
3827
-15344
809
-11216
7206
-7940
-513
-11248
-3305
-7140
4592
-5096
7921
-6140
-12056
-11232
2808
-15344
8182
-2024
12
-10192
4371
-15328
505
-3044
5131
-9192
-2594
-15304
-12248
-10232
7407
-11236
2288
-6108
253
-13260
4848
32
-4105
-7128
5156
-18392
-2017
-8176
1018
-18404
-3062
3124
-11035
-4048
-251
-6108
8689
-7108
-7452
-17396
1773
-11228
-271
-988
-1761
2056
2324
-6960
-3330
-7120
779
-8156
-2816
-16132
9990
-14292
-8189
-5088
-10019
-3020
7393
3104
290
-12240
505
-8132
3085
-9172
-3102
-9216
-4612
-5112
1005
-6128
-5660
48
1765
-6132
-2026
-12248
1752
-4072
-508
-10196
271
-5080
-8439
-6108
-762
1080
3067
-17160
-1280
-12284
-513
-8160
-1028
-21480
12804
-8160
-3065
-7112
9001
-2000
-5356
-13060
-1036
-9160
-4622
-16360
-2809
-9156
-8439
-14296
2568
-3040
-2315
-5060
-4856
-12256
496
-9204
-8987
-11224
14075
-8192
-19423
-14268
-1530
-3052
5617
-12240
-7917
1052
-1007
-5052
-2566
-8968
4841
-11212
-246
-10200
-5415
-10204
5369
-15352
-1019
-6108
-5134
-9196
-2541
-24296
-749
-10196
-7975
-16136
791
-7148
5920
-13256
-3084
-8176
-4832
-5096
1832
-9204
9980
-12280
-2589
-4060
4592
-10180
-5138
-5088
247
-21488
9215
-5064
-5883
-10196
3107
-14292
4079
-15312
3325
-5096
-5666
-11240
2520
-15340
3050
-6924
2537
-5092
-3062
-7100
-3594
-7120
-770
-8152
5145
-9188
-4347
-3048
1522
-5084
2320
-7148
-11540
-8180
-5900
-8144
9428
-20428
5150
-17344
-1056
-11248
5610
3092
-5889
-9156
-7128
-8124
8
-3052
-5875
-16384
6125
-12244
-269
-1024
779
-26304
-7196
-4064
1078
-2028
10004
-12064
-3312
-9208
5141
-10184
787
-9180
3567
-6144
-256
-4068
4082
-11256
7410
-10196
-2260
-14324
514
-10236
7178
-16368
3570
-10176
763
-11252
-5133
-13260
-2788
5164
-9213
48
-4377
-3056
2038
-2036
1033
-5064
-5371
-4092
-9959
-9160
6379
-9200
6391
-7144
-8427
-4068
235
-16356
6645
-8116
-3332
-14328
-5378
2064
-2357
-12264
-4116
1032
-2995
-9208
12020
-12260
537
-9180
-3857
-17368
-3542
-6112
3314
-12264
-7668
-3056
5123
-5100
-3330
-23056
-7961
-18380
-5146
-9168
7934
-9168
7699
-10180
-5656
-7168
-2036
-8168
6921
-10220
-5372
-11208
9450
-17376
1789
-7164
-1008
-17344
-2280
-13252
238
-7116
-8747
1052
4364
-12260
751
-11204
-9689
-10180
-6922
-14280
4088
-8168
7935
-4068
-4877
8212
1041
-17376
2811
1036
785
-6116
5880
-3020
-3570
-4076
-5314
-9140
-4365
-19412
-7691
-1004
4868
-7112
-525
-2020
8676
-16316
4364
-2024
2781
-13288
-3351
-13308
-2866
-12264
-1532
-7132
4844
-5116
-5626
-7156
-8927
5152
-6144
-18348
-1285
-13288
-2808
-15324
1534
-10212
-263
-9196
4298
-7140
4873
-7124
-976
-1000
1291
-18392
-998
-18396
5116
-8152
2808
-9160
-2310
1052
-767
-12256
3359
-984
3335
-3064
1264
16
8718
-12201
-4872
1080
-5083
-12212
7399
-9192
-473
-14280
-8715
-6112
5131
-17384
-4080
-2004
9495
-12212
543
11308
15089
-11248
10965
-17372
-6910
-12232
-4348
-3852
4852
-5096
4119
-14256
-232
-4096
5372
-16340
9228
40
4363
-3056
509
-17380
315
-5104
-3866
12
5639
-7944
3060
-5084
7180
-8152
5868
-13304
-3589
-17176
538
-7124
1032
-12240
-6931
-5108
-3323
-7148
-5141
-9188
14
-9176
-735
-988
3831
-2016
-3840
-11236
-2040
-6120
2293
-14320
521
-11212
4600
-1012
1777
1036
2841
-17380
-2550
-4056
4102
-10224
3055
-12248
-4067
-12284
-4145
-7096
-3581
44
-1554
-5952
5677
-3040
13308
-3852
3322
-3056
-4096
-2020
9994
-2024
-2574
-2020
3833
-2024
4080
-2024
-732
-14292
-5633
-1004
-533
-9996
6421
-6132
1277
-6132
2809
-1988
-11521
-15352
12006
-18420
-3860
-11232
-4130
2064
-14320
-9184
7409
-13280
7423
-12040
-1298
60
1527
-968
-14853
-980
3590
-10180
2048
-8140
5902
-5084
-2566
-7128
-787
-8176
23
-3064
-1826
-10192
-17447
-12268
4900
-4092
-7936
-10216
-3084
-5064
-1290
40
6089
4136
-7162
-8148
1322
-8156
-2223
-2044
-1550
-10192
6675
-9996
-1507
-13272
8703
60
4374
-10212
1029
-972
-1031
-2836
-261
-9184
-1796
-11260
-9997
-5068
264
-18396
-1799
-7112
5363
-1016
-4322
-4084
-5381
-5100
-5902
-13252
2561
-13272
-12804
-3040
-5083
-9172
8175
-9176
-3303
-6096
-1286
-10192
-9703
-5096
11565
-2008
-34
1024
9981
-7944
6152
-8164
8441
1048
497
-952
-10259
-1808
4336
56
-5915
-1996
5922
-6128
1071
-15324
1787
-4072
-11562
-4040
-3087
-10200
1247
-10196
8711
0
-4068
-14272
6334
-12240
-1750
-17384
-2875
5156
2313
-12248
1056
23512
3071
-15344
8139
-8168
-7918
-7148
2301
-4044
3585
84
-2836
-1796
-276
-14312
-5091
-8164
-5892
-11240
-5388
-6108
4879
-7940
-4874
-15320
-5362
-17356
-4346
-8968
-7197
-2988
5158
-3048
6904
-9160
-4834
-5104
-18239
-10196
-7643
-14304
9976
-10220
-7453
-14280
-4085
-8160
-509
2068
-5346
-13296
-6404
-9188
-7936
-2044
-4572
-4084
12030
-6120
-6412
-9180
1038
-16372
5414
-5104
5394
-14284
-2534
-3056
1010
-7100
-7450
-8984
-265
-3052
-1559
-16144
-7891
-2024
238
-23240
999
-10212
-3347
-2024
-804
-10192
-14343
-8964
-5928
-9172
-1557
-7156
-7682
-15320
-255
-18404
-2315
-11236
-3345
4152
8189
-8120
-3590
-14276
247
-16312
13323
-11240
-2538
1072
4097
-8156
5630
-15304
-1248
-5080
1272
-16297
14572
-10224
468
-9992
4595
-6140
-5652
-8144
5112
-8168
-6138
-10184
-1800
-8136
1036
-10168
-5607
-9164
1
-12244
-6928
-10180
2268
1248
7692
-8164
-9744
-992
791
3324
-508
-8180
-310
-9188
3312
-9204
-2062
-11264
5902
-7100
-2854
-10024
7425
-6124
-6894
-3068
13046
-6116
-4806
-1020
-283
-3060
1510
-14292
-1259
-10240
5408
-5076
4325
-18412
2814
-4044
2299
-7128
3855
-9184
7184
-15304
725
-6928
-2293
-4076
-1003
5124
-13013
-1000
6942
-14312
2553
-18400
2834
-22232
-5132
-6100
-2824
-9216
2829
-4068
-786
-4080
-3054
-2820
1291
-13296
-4333
-8168
1564
-15112
1019
-14296
775
1076
-5085
-3040
-7152
-4036
-4866
-12284
4846
-6084
776
-10204
4606
-5120
11790
-13272
1040
-15324
8738
-3032
759
4172
32
-9208
-2050
5176
501
-16324
3094
-11212
-5120
-8144
6420
-5896
4109
-12240
2064
-10208
-10514
-13296
-4081
-5088
-16901
-6128
1291
-3040
11505
-3020
6134
-13248
1548
-13288
-2075
-11244
3075
-11240
3089
-6116
6415
-1992
5369
-11244
-2322
-4880
2302
-14304
-2318
-9156
-1046
-15288
2851
-7128
-7178
-15324
-1801
-21456
-523
-5088
-5393
-16348
1762
-10184
4345
28
-6677
-12224
4124
-6096
-4072
-13304
-4865
-5088
-3337
-1804
5367
-7152
6441
-8176
9957
-11256
-6700
-19408
-3066
-10240
-2582
-5076
-531
-9176
3821
-11236
2819
2296
-14069
5184
4845
2080
-25
-5108
13065
-10196
-6379
-12244
-775
-9172
-6650
-7152
5911
-6108
3606
-8160
2551
-13276
2066
-3060
-3566
-7144
10199
-2016
-5131
-12272
-3052
3124
2843
-10196
-14333
-3044
4315
-7168
6435
-15348
1017
-2020
-3084
2292
4632
-10216
-2554
-6124
-1280
-10204
-10007
-2028
-2797
-11228
6922
1040
-6672
-14308
3834
-7148
-5103
32
-511
-10204
5644
-16336
5093
-10232
7192
-7128
4602
-4080
10244
-16384
3904
-15328
-5106
-11236
2579
-8172
17127
-14300
2553
-10200
10252
-7132
-4311
-9192
6134
-5072
12
-4028
-3046
-12276
5119
-5084
8482
-15296
-3618
-2036
4078
-21472
-7930
-7160
2819
3128
5667
-13292
4335
-9172
-4837
-10220
-1511
-12268
3031
-12264
-462
-1988
3568
-5904
1031
-15332
5367
3116
6611
-7100
1800
-6120
3331
-5120
-1033
-4068
-3887
-14308
8721
-6108
5086
-3032
1796
-9148
-10
-5080
-6390
-4048
11
-23280
3089
-11244
473
-16352
3606
-17400
-6636
-2044
-2815
-3000
7967
-12244
552
-9176
4359
-18396
-3855
7228
-529
-15324
-1270
-6120
-5632
-996
-1499
-3060
-516
-8136
-10234
-5092
4841
-10196
-1560
-8192
4895
-5076
-4839
-15304
-538
1032
-1805
3088
5626
-7160
2825
-996
8952
-14300
788
-3048
6928
-19440
223
-7164
-11817
-8160
6411
-1968
-8969
32
5391
-5040
-6134
-5076
-5400
-3064
-5616
-3060
3076
-14332
2344
-8168
3322
-5092
1034
-6072
-2266
-2020
4092
-16332
-4350
-10200
1227
-1796
5662
-8176
4596
-4040
-3836
-9204
4389
-17356
3571
-8156
3000
-9156
-2799
-7136
10989
-16336
-3829
-15276
-6916
-9172
-2797
-6096
10295
-12220
1296
-13252
4142
-8164
-6891
-6136
6094
-8164
12067
-12240
-10227
-22024
-1792
-12248
-3601
5140
4896
-10212
-7183
-10204
-964
-14256
5357
12296
1760
-7160
9998
-8148
-7672
-19456
-7948
-9216
5093
-5056
-4614
-5096
3593
68
9499
-2012
-3113
-5104
-1799
-6096
5659
-7152
-5082
-8120
-279
-4068
-3343
-2824
5385
-5084
-3827
-9192
-5898
-20444
1773
-13304
788
-12244
-8
60
267
-9140
5884
-3028
5904
-5084
-238
-3012
-217
-3016
1000
-15348
-14592
-20408
-4586
-5108
-4361
-10188
4577
-7144
9219
-6064
3843
-16384
5380
56
5658
-1796
2056
3124
-3351
-3040
1009
-17372
1263
-11244
-10220
-7152
2033
-2012
-4608
-6132
-6158
-4060
-3859
-3020
-3341
-18380
-1768
-8964
1252
-5108
-2553
-8180
-4108
-4084
-3292
-13312
5352
-6096
-9442
16
2800
-11204
6134
-16336
492
-11248
2065
-10200
-2029
-8188
-4866
-1000
-5664
-7116
-5874
-4060
10978
-12212
-3331
-18368
3628
-18404
7450
-8172
-1798
4124
-733
-16360
3325
-7140
5391
-10216
2021
-6104
502
-992
-4321
-9176
2791
3092
-4590
-8176
2816
-17372
-2848
24
-4884
2076
-2605
-14300
-7906
-14324
3326
-2028
-2276
-7156
3079
-15312
-5589
-1000
8203
40
-5103
-11204
5909
-10196
8688
-5096
-6942
-20420
-6423
-5072
3837
3096
3386
-3056
-792
-5048
-2824
-6956
-8440
4116
29
-5092
-1318
-968
2068
-7112
-4
-6136
-4081
24
236
-8120
-1744
-3016
7432
-11220
-1787
-18392
1502
-4048
-5590
-3040
1019
-4032
1802
-9208
-1785
-5120
-746
-4056
3083
-12276
-1283
-5084
-9470
-9129
234
-9168
2036
-7148
-506
-2028
0
-2048
-4086
2084
7418
-7144
3562
-2032
-472
-20432
-3601
-5072
-3319
24
4592
-19380
1793
-6013
-9692
-5072
3600
-1004
-802
44
-10474
-8164
-11
-16324
5127
-4048
-3566
-6116
-5380
-10184
8420
2064
-11763
-17388
-2259
-8184
3097
-13308
-3116
-5100
9217
-13260
5113
-12240
-13590
-11020
2811
-9176
-4368
2064
-11528
-7944
-4613
-6096
2536
-6108
-6419
-14316
2079
-13272
3057
-12252
10735
1044
-1276
-13272
-3061
32
-8682
-9172
-2051
-14276
1297
-10224
-2801
-12040
-10245
-2024
5109
-5892
3342
-4056
5099
-12224
-5377
24
8688
-2016
-4828
-4072
296
-8168
-5875
-1808
5106
-14288
-2321
-980
-2282
-8132
-2285
220
-288
-8176
3340
-8156
11306
-13276
7916
-11240
788
-10196
271
-10240
776
-3020
3340
-10184
-14091
-9164
1516
-10208
-8733
-1000
-6122
1060
7458
-5112
-4626
-4064
6675
-14268
-5140
-7940
-5375
-1800
12292
-1840
8699
-4044
-14809
-5084
-772
-7104
4118
-8192
5632
-15344
3846
-13284
243
-6132
3353
-12208
2823
16
-1789
-15312
-2570
-6108
-3860
-10188
508
-4048
-2295
-8184
2558
-2000
-15085
-6128
-1522
-7132
2844
-8156
-230
-3036
-7396
-3008
1525
-3848
-4608
-6932
-3074
40
1797
-12284
3576
-9188
-776
4128
-3839
-3036
-795
-1996
3055
-7124
5891
-16340
-11274
-16316
-5073
-3052
-4355
-12256
6384
-18388
5407
-9184
-2519
-5080
-6385
-9184
4349
-26328
-2311
-7168
1783
-8152
1821
-9160
-259
-11244
-6932
-8188
-28
-12240
-479
-992
-5407
-13268
3554
-11228
1050
-9180
9964
-4072
2823
-3044
25
-1004
-6905
-13296
-1053
-2028
-22
-15352
6632
-7956
-2533
-6124
3058
-5108
-1036
-13272
5416
-10200
-1546
-3072
4103
40
40
-4868
3080
-8132
2788
-9188
-1242
-1988
4873
-8124
6648
-12228
997
-7088
-7178
-14328
-4626
-11012
-7679
-7100
-1021
-14312
-2569
-13304
-5673
-7116
-5353
-2008
1292
-11216
2844
-7980
2854
-10240
7937
-12280
6407
-8148
7676
-7160
-1823
-7156
5375
-10224
-7195
-5116
-2281
-19428
4378
-13304
-1050
-2820
3845
1052
2841
-7136
-5627
-3004
-2563
3080
8439
4132
-1284
-2836
273
-7104
-263
-3064
1283
-6924
-1553
-3044
22
-4068
-6659
-1988
4108
-9164
-522
-3848
1513
-7140
-2548
-6096
7184
-12240
8200
1048
-765
-5104
-468
-10232
-1027
-15328
-4600
-15316
-1786
-5072
2042
1068
-4078
-4896
-8964
-9156
10018
-14316
6683
-13064
-254
-11244
-534
-8192
-4049
-5076
-4860
-968
-234
2076
-41
-13272
2804
-11252
11001
-16356
1316
-11224
2321
-3008
-2546
1052
8464
-15332
2857
-6088
3331
-7168
3072
20
-1518
-6084
-3075
-10200
-3760
-5052
7448
-8968
8203
-996
2275
-4080
9712
-8136
4080
4128
-2315
-11228
6938
-11236
-4370
8
5117
-13292
-3321
-11252
-1775
-4020
5643
-9184
-1783
-8176
4868
-3060
3874
-5088
787
-16368
761
-7112
9463
-3052
-4873
-14272
1310
-1004
3515
-14120
-1607
3112
-1302
-15148
-773
-11216
3819
2076
-3844
-4052
505
-7112
3049
-4056
-6670
-11260
225
-5096
796
-8156
6380
-1012
2542
-1992
-1542
-4076
1522
-11204
10785
-6140
-2543
-13252
2550
-11200
2838
-1976
479
