-7104
533
-8192
2299
3112
6126
-5116
-5851
-772
1016
-12224
10256
-7148
-237
-3040
-10265
-9180
-1800
-12252
7445
8
5148
-13280
-9992
1076
-1538
-3848
-1261
-7140
4368
-11240
-7202
-10220
-3831
-13296
1538
-4088
-3854
-11248
-8450
-18420
2831
-7132
-2312
-10016
4599
-4092
3575
-10192
-2078
-10192
-3051
-3024
2288
-9168
-4380
-2012
5907
-3040
1293
-996
4357
-12288
4646
-3016
-989
40
5142
-14096
-1053
-11220
5401
-4092
-1530
-13292
5127
-6096
7974
1264
4324
-2016
-2786
-8160
765
-15312
5
-13296
-21
-5080
-14602
-31436
-2353
-5112
8433
-6132
-5360
24
-3573
-8156
-6142
-988
1054
-3048
-783
-6124
-1797
-12288
3072
-10216
3826
-7104
3554
-964
1530
-12268
-271
-7116
-4856
-10180
7174
-12252
-3313
-11177
-2271
-6128
1826
-11248
12794
-2036
-520
-6140
1761
-10204
8194
-17396
5634
-11216
-999
-2024
-1286
-14308
3582
-17372
-3552
-4092
-758
-1020
-1297
-6108
-2047
-2020
6909
-5104
-11516
-15352
4637
-3856
13308
-5100
4622
-1000
-13587
-4072
7158
-6096
-1024
-3016
6668
-4068
-2818
-1984
5890
-8176
3073
-26312
1021
-7148
4848
-20464
6649
-2824
-2046
-5096
-1035
-4040
5092
-4072
789
6188
3810
-8180
-3324
-3064
5674
-12268
784
-2040
-4387
-11012
12549
-2824
-9
-8168
2063
-1012
4610
-7132
3603
-12264
4097
-8964
-210
-11228
4561
-10192
-1519
1044
751
-18352
3851
-14336
3308
-1988
-1807
-992
-4080
-6116
5126
-7940
-5091
-5900
-3052
-18388
-7664
-8152
2589
-4060
-6937
-10204
4342
-11228
1549
-8180
-2859
-7112
1541
-8140
-9997
-7108
7653
1052
482
-10240
-2804
-3064
-5105
-968
-2829
-996
7971
-3844
10732
-12240
6680
-8172
2325
48
1552
-5076
6644
-11248
-9455
-18392
-13056
-7140
-3570
-9192
9507
-4068
-3838
-7944
5641
1024
-530
48
-3081
-5104
-1496
-16356
2033
12
-525
-10192
-1812
-14336
-5402
-9188
1776
-4888
8932
-10212
-1014
-13276
6699
-3004
1269
-6104
-8164
-5104
14574
-17336
2038
-1796
2296
1056
-6136
2108
763
-5104
7419
-7956
1539
-7948
3361
-4060
-779
-10212
1283
6144
1018
1080
1762
-10212
4364
-8164
-8672
-16340
4362
-6096
-4885
-5104
-2826
-5072
8979
6188
-5357
-13308
254
-14312
-14853
-17376
1266
-8172
-3567
4108
-3839
-3044
-2302
-17376
-3817
-4088
-7194
-16372
7663
-27168
10
-996
4088
-16380
4623
0
-2308
-4009
-2553
-9172
9474
-4080
7395
1068
-485
-2008
-5126
-8140
-4627
-12268
3332
-4064
2567
-1008
4874
4160
-3601
-17392
2319
3092
6692
-14312
-1837
-1800
4828
-8148
4089
-17392
-8186
-10180
4647
20
-7704
-16324
-489
-14296
-287
-7124
-9727
-7116
-2062
-4080
3334
-10196
-11251
-1796
-2811
-7164
-2313
-7132
262
52
-3801
-26292
-7701
-8964
-1535
-8184
-3858
-8176
-223
1072
1297
-15328
1800
-976
3298
-8128
-4382
-8176
-2556
-3844
2558
-937
-1825
-1020
3832
-1020
12032
-3044
2810
-3064
5379
-4064
7665
-14292
2299
-2012
-3084
-6116
-1761
-6124
1047
-4088
-2052
-7152
7937
2060
4852
-6140
1806
-6120
-3822
-4048
-1824
-10232
538
-3048
5880
-8172
-217
2080
-7657
-7956
-4854
-3060
9994
-1012
-3575
-10192
1029
-1008
1505
-5088
267
-2036
-8980
-9184
1531
-2024
-5110
2100
-3584
-6140
1280
-7112
2031
4136
-2065
-7944
6447
-7104
8217
-16368
1230
20
1274
-6916
-5416
-11248
-2799
-7940
786
-15288
-981
-12252
-3
-16340
-5662
-16253
-3354
-6092
502
-5056
-4138
-15320
4304
-17348
13272
-15348
301
-11204
-6928
-13288
3833
-7112
-1248
-3848
9
-6053
3086
-10176
1546
-14316
3084
-8980
-2259
-13296
-2549
-9176
5374
-13072
6413
-5056
-3840
-976
1307
-7148
2553
-10200
-4874
-10184
11263
-7156
-499
-8176
9969
-8176
-2017
-13252
2798
-1008
-1264
-5084
776
-4032
-1026
2108
2807
-992
-4838
-12244
-765
-11184
-495
-8160
3848
-3844
2826
-6116
2050
3076
-242
4320
799
-5120
541
-14292
4585
2120
-8447
-2028
-227
-2012
3606
-11224
996
-1000
-5873
-11228
-1009
-10208
-3824
-5896
-2322
-10212
10254
-5112
-1278
-9172
3102
-14296
1813
2088
2580
-4020
12797
-6116
7938
-9988
-780
24
-7393
-6112
-12299
-980
2028
-10200
10234
-6132
15592
-7144
8982
1024
-2318
-18384
3611
-17376
1260
-6096
2039
24
12782
-9196
2804
-4024
-3577
-4056
-2831
-1000
-3306
-9136
-1786
-18396
-766
-12244
-11267
-6096
-756
-9168
-6119
-7124
1533
-12280
7674
-12284
-2299
-2028
10780
-11204
-2072
-3056
-11297
-13288
10500
2056
5902
-10228
7149
-8164
-6140
-3060
-7671
-11220
11007
-18396
-182
-9988
7656
-6128
6133
-8964
6636
-15332
759
-9176
5884
-17376
494
-9992
-1509
-6080
2832
-10220
3564
-11244
1059
-13272
2868
-5104
6426
-4072
1276
-7124
8749
-2004
-5867
-11220
-250
-2012
754
-3012
1551
-12212
4853
-3020
-3588
-7120
-3308
-5112
5909
-3016
7141
-11252
-3343
-8164
3349
-5084
3347
-12240
3307
-17388
8220
-5060
247
2060
-1551
-6116
-2550
-988
-1555
-11260
6652
-9188
5156
-4056
-1011
-8140
-1523
-4064
2817
-8176
2561
-15269
-11247
-11236
4882
-6140
-8424
-14300
-3323
-18384
-5078
-8168
11527
-10216
8411
-3056
1236
-5076
-8681
-10224
-2772
2080
-7389
-12256
-3091
-16332
256
-2820
11516
-3004
-3
2092
514
-4044
-8717
-4096
-2804
-9992
-5105
-3040
2041
-16140
10745
-8172
6148
-11252
3338
-5084
-5626
-3024
5628
-11204
14849
-7084
-4106
-7108
4129
-10216
3631
-18404
2329
20
-529
-6116
-3814
-10004
1302
-10172
-2807
-5080
-3611
-15108
5109
-21492
-30
-6104
-2829
-11260
-4621
-2020
494
-14088
-3070
-8188
4
-4024
-1304
-9200
-4069
-7140
11011
-2020
9977
-3028
1774
-6132
2786
-2836
1814
-952
2319
-11244
-1272
-940
6667
-14112
3346
-7132
-1033
-18188
4356
-17317
4834
-14312
3334
-12244
780
-7148
4118
-6116
-1538
-10232
-4085
-11016
-6167
-12232
5131
-8156
2590
-7144
2559
-3052
-10487
-12201
-4318
-4064
510
-5896
3540
-17380
-6400
-17376
-5347
-5076
-3355
-19448
5406
9244
1800
-7104
10758
-9196
5871
-6916
1815
6220
2829
-9188
4095
-7144
-4617
-12228
-4095
-10228
-1285
-7156
-4581
-2040
10
-2028
-8194
-13268
-260
-10224
-8704
-9208
5370
7200
2320
-18384
-6926
4136
2568
-19388
2276
-16132
3318
-9168
-2064
-996
1772
-8136
-2290
-8112
-2553
-3056
5898
-10204
-6688
-7124
-3360
-16332
1028
-13284
7684
-15356
-528
-11220
-1556
-18404
1272
-6112
2580
-6116
4133
-10212
-6668
-5064
3602
-4080
-547
-6108
4346
-17388
-1277
-2832
-525
-16360
3834
-3060
1776
-10200
2816
-8148
-3050
-7148
-4316
-1012
16108
3092
2060
-5060
11264
4116
-5891
-5900
-6625
-19428
1272
-14272
16388
-4080
-5366
-6136
-7195
-8124
2323
-2000
27
-11228
-7971
-11252
-5621
-7132
-2305
-4072
-2347
-10196
10501
-9152
-8166
-2004
-6379
-17392
-11061
12
517
-8132
3258
-17356
-5128
-6916
-1006
-8172
4347
-9204
2076
-10236
-1783
-5048
-1781
-16356
-1556
4128
-3833
-8156
11046
-10008
5358
-10012
7176
-11260
-762
-13300
4852
-15328
-2345
-6112
-2566
-13292
3875
-17372
-3827
-10212
-4100
-3048
-766
-17384
-2029
-4056
1817
-6120
-3348
-6132
782
-3852
-13291
-14312
4139
1056
2808
-16352
4854
-5068
-5874
-11212
-8202
2076
2786
-11248
-10973
-6112
-8193
-8172
2070
-10224
-7399
-12268
-540
1052
6159
-7136
10738
13332
-1781
-6104
-3340
-4052
1526
-968
-275
-4044
-5110
-4072
5873
-7140
-2073
-6128
2028
-16364
-3081
-3032
-19
-9184
5872
-1024
-1082
-2008
2308
-5104
492
-15292
8159
248
8458
1044
-4334
-6144
4853
-11244
8930
-8108
-4618
-2048
-1823
-8156
-7155
-11228
7945
-30920
-3033
-20436
8200
-3040
-9448
-8148
7411
-11244
5093
-14264
-4107
-17368
3105
-1988
-6924
-3040
6918
-5088
6398
-996
-1559
-18396
-4098
-17360
-9521
-9204
515
-11204
5400
-12264
-8935
-980
5134
-7112
4856
-7108
4360
-3068
1023
-19400
-10249
-13072
-509
2064
7457
-9168
-3821
5148
-2836
-17376
-2587
2092
-702
-5080
-3563
-11252
4618
-6928
-2034
-5096
-3288
-8152
-3583
-3048
-11797
-8180
-2064
-8164
3845
-15352
-7156
-12276
-2537
-7140
-2324
2092
3251
-11020
-5874
-8168
-4373
-13280
-6676
-11216
-1816
2064
-7454
-17396
2584
-6100
6879
-10220
511
-13264
-2
-7120
-13567
-11240
-3298
-7132
48
-7940
1248
32
-3815
-5112
9205
-8172
-13332
-4080
2059
4120
8982
-12276
9676
-9176
-1772
-7124
-8679
252
-3075
-7096
-1273
-4068
-5640
2084
-5626
-12264
3075
-9172
2055
-7096
-3316
-2028
-8659
-2004
-9753
-5096
5357
-12232
4597
1048
3085
-13300
3317
-3032
11276
-10188
9476
-10000
2793
-5068
-4071
-4056
-5871
-4068
1061
-10192
3831
-11224
-1000
-18384
2807
40
7434
-9192
-487
-5104
-766
-7140
-5418
-8152
4869
-4036
-2566
-9200
-4885
-7132
3316
-9136
-535
1068
-11558
-13264
801
-1000
3565
-14304
-241
-14292
-7450
-12228
6401
-12216
2057
24
7983
-21472
3828
-13272
-10740
-8184
-4890
-7132
-12825
-18384
7943
-984
-1291
-20444
-4598
-1024
7402
-16364
6
-13292
1817
-20456
2813
-2000
-3312
-10196
258
-10236
-6400
-13264
-1251
24
1533
-11220
-6882
-18380
-1775
-4032
257
-9172
-4
-1992
-501
-7108
8465
-25328
-5886
28
-4841
-5120
2779
-16340
11006
-5084
-2049
-17384
515
-10216
-8986
-7112
-993
-7132
-6412
6180
3863
-7025
-5912
-3044
-8451
-24284
-14047
-12264
12547
-6924
3335
-6092
4883
-15328
-8709
-2000
9195
-4076
-5350
-7952
-3310
-11196
10005
-9208
3837
-10208
-734
-2020
-8723
-5900
-7440
-8184
-1789
2072
3574
1032
215
-10224
-7393
-14296
7931
-5096
2020
240
-10495
-4892
-989
-7144
14831
-5120
-10208
-11177
-3827
-9192
-8158
-11200
-261
-12224
14833
-9988
-8928
-6136
2802
-14312
755
-1016
4104
-10220
3576
-1020
-4118
-21472
8450
-8120
-1796
1044
-1262
-8160
4080
-5116
4892
-6104
5350
-10224
-4339
-5108
14312
-8144
1544
7172
-6883
-3860
1795
-13268
-10765
-6084
-752
32
4599
-10168
280
-7940
-783
-6108
247
-11240
4624
-3032
-1274
-6116
7705
-10168
-8707
-7964
6895
-5892
3858
-14320
3045
-5924
-997
-8172
2557
-9164
9543
-11184
-6643
-8164
8692
-14084
-276
-11232
-8218
1236
-1487
-6104
-7196
-4068
3838
28
1052
-5104
3851
-18396
-525
-6124
10223
-4048
10763
-8156
-4344
-9148
5886
-10204
3350
-11228
-9750
-11232
-7421
-5072
-2078
-7104
802
-9168
3857
-6100
-1789
20
4380
-6116
3318
-22248
9478
-14249
-486
-8160
2357
-18412
-5924
-14288
-5357
-8156
6640
6196
-10693
-11216
1002
-6940
-5642
-13272
-2059
-14284
-1559
2300
-4108
-8152
-763
-1828
-752
-9196
-2579
-5072
5635
-8172
-4368
-10212
-2085
-1016
4354
-5084
4880
-6112
7178
-12224
7420
-9996
-516
-10200
2540
-14288
-4593
-3848
-2339
2084
7388
-21456
-7952
-1804
5882
-6136
4604
-5092
-12542
-11248
-3326
-8164
-3566
-15112
3355
-13068
7941
-12284
-3806
-5068
746
-14288
-38
-18376
3599
4132
-5875
-7144
-10254
-2024
-11275
-12260
3832
-5900
987
-14316
4352
-4092
-3323
-9188
5383
44
6158
-13304
6404
3084
11268
-10192
7685
-25304
-5884
-9172
2537
-3044
-9462
-6132
1796
-3060
1047
4
10508
2056
-13520
-11240
4837
-3068
1813
-11252
4363
-3048
-2284
-5112
9788
-10224
5098
-10212
2563
-6140
-6909
-2044
-4
-7069
-3858
-7096
-1782
4124
11510
-11224
1
-14272
-3351
-4044
-828
-14292
-1040
-6096
276
32
11004
2076
-4347
-6108
801
-16140
2010
-16372
-2831
-6932
12561
-15336
-13560
-2044
-1268
-9172
-3092
-3048
2560
6196
5127
4124
-2837
3108
491
-4056
767
-22208
-228
-15108
-16909
-5096
-4110
5128
-1259
-3060
3066
-16352
3070
-6140
-3833
4340
-547
-16332
-2828
-4024
1268
2076
12018
-9200
257
-14308
-8191
-5084
1808
-4048
-1765
-5108
-2803
-4056
4100
-8152
2052
1028
-8440
-13072
-6400
-11232
6926
-9188
-6659
-11236
-2815
1060
4084
-3008
1569
-1012
-5633
-5080
-1026
-16320
1259
-3052
5905
-5076
5657
-10216
1276
-1996
1007
-18408
-5643
-11264
9210
-8148
1048
-17388
2032
-6924
-9479
-5080
6681
4132
1529
-4056
-3114
32
-5389
-5100
-9213
-8188
8973
-11204
9218
-3040
-5139
-12185
-6113
-4064
246
-16332
4108
-6140
1260
-7148
6898
-3012
-3316
-15332
-1293
-14292
-10731
-3064
2532
-10208
8690
-19440
268
7188
-10493
-9212
1732
-4068
-8426
-9992
2267
-6108
7161
-4068
1259
5132
7926
-4092
-3802
-3036
-1527
1060
10016
-4080
-6660
6192
3076
-2016
-785
-8172
-7681
-10184
6148
-15308
6648
-1980
-11273
-5056
7700
-6104
-5093
48
-2800
-8172
-3045
-8160
-254
-13284
-1306
-12252
-6649
-10192
-2591
-11244
3584
-10188
6362
-18400
10746
-15124
6940
6168
8682
-13288
7410
-1984
6676
10276
-1279
-4884
3823
3128
1787
-16340
-514
-13284
-6636
-7152
-2023
-8156
8472
1092
11009
-956
1016
-6108
-2796
8196
-3577
-12272
5364
-6124
-5360
-2828
-3864
-4052
1506
-14296
2315
-2832
-2342
-7152
542
-7136
8193
-2032
9003
-7148
3049
-11224
4615
-3024
-2319
-5096
-1526
-8168
769
-5096
-518
-5088
-4095
-18404
2320
-10220
-1549
-10228
3045
-8124
7934
-2028
-3095
4104
12336
4
1768
-1024
1531
-1996
-1292
-8168
12537
-9144
1006
-11236
5392
-14288
6115
-7940
2046
-6124
5378
-8980
-7453
-8120
5104
48
-2065
-10212
-4125
-968
4614
2096
7438
-10204
-275
-4052
-267
-3000
8209
-9196
-7933
7204
-746
-8148
7397
-11240
-3833
2096
2857
-1976
-2826
-6108
-2547
-7144
-7957
-11236
4621
-7136
-1007
-7132
12772
-15336
-5860
-15360
-988
-7128
-4361
-1012
9714
-3040
-2534
13336
-813
-13264
-5411
-11216
-479
-776
3586
-9988
9761
-1008
7666
-9196
-1268
-5076
-211
-7164
-9955
-6068
-1763
1056
1784
-11224
-1018
-7120
-1266
-9168
-1308
9272
-4096
-6116
6886
-3056
-5654
-6049
-7156
-7152
1544
3100
8719
-3052
-4090
-10196
1301
-20436
13058
8208
-495
-12260
2566
6172
-1753
-12288
-20
-13060
-3329
-3044
2100
-3020
-4619
-15332
1530
-8160
-7184
-14320
7700
-11224
1297
-968
-17436
-2036
3848
-8164
3326
-18388
-2358
-9988
-3042
-6124
12039
-11248
-4597
-6112
-4590
-2012
-2034
-9188
6392
3100
2027
-8156
-4624
3120
-3843
-10224
1016
-5080
6679
-772
3587
-4056
-7145
-7124
-3356
-2016
12032
-4096
9
-8168
6165
-10200
4373
2284
-10983
2072
-9245
4
9190
-11256
3093
-6128
7679
-2028
-3569
-6124
-263
-8140
-1030
-3044
4352
-9212
-5096
40
-12814
-17344
-6902
-4880
13324
-964
5917
-2020
2783
-8192
9476
-2040
10981
-3072
8124
1032
39
-2844
6406
-9180
-3
-14336
-9736
-7160
-503
-10224
4368
-10208
-8
-8968
12
-8152
10244
30488
4333
-1020
4098
-8972
4909
-8168
-505
-4088
-5639
-13264
-2815
-4048
-4354
-5116
-4342
-6084
-3836
-8168
237
-4092
-1013
16
8468
-8172
4088
-784
-496
-4076
6871
-4880
8707
-3036
7457
-996
-3838
-5064
-1279
-9200
-1525
-7156
3565
-6112
2307
-5120
-9468
-4044
-2313
-7128
749
-10236
516
-4048
-778
-8156
517
2092
-6650
2056
14856
-11260
6656
-3044
1564
-7152
2794
2056
-7183
-20460
-2849
-2032
5158
-6092
5142
1276
1277
-2988
-6174
-7944
-1055
-8184
2310
-9184
2799
-8184
-463
-13304
-803
-7156
-4386
-8172
5659
-2028
8151
-7132
-247
12
1487
-11264
1288
-19428
5656
-12252
7141
-10180
-8223
-2820
4614
-6100
9458
-4880
5625
-11244
4898
-12220
-3054
-12048
280
-2032
-1052
-6140
3083
-3856
13
32
781
-1016
3303
-2048
10264
1052
-4882
-4076
-13839
-4060
-2311
252
-1287
-5076
3621
6156
9755
-4076
5883
2072
1572
-1800
-3833
7204
1262
-6128
-1516
-3068
-4877
-7148
541
-11252
-3608
-11228
996
-10228
-5887
-11252
11020
-8180
-4136
-9212
-2319
-2832
4830
-10208
4068
-4056
4339
-2048
-6892
-8188
-241
-7140
-5903
-3852
486
12312
7397
1108
-10989
-16356
-488
-1016
3811
-9216
-2560
-9200
-8225
252
-6128
-17372
-8435
-972
-503
-16360
1783
-1024
-2320
32
2840
-13260
7690
-13268
7681
-13312
-495
-17408
2045
-3024
-6412
-5104
-2545
240
-12564
-7948
5139
-17360
-1275
3320
-2793
-11228
272
-6104
4589
80
-9950
2060
-209
-18416
1545
-10236
12278
-7128
8487
-9196
1037
-11264
-10761
-8160
15646
-18180
-9234
-12036
5651
-1004
-3874
-5068
4335
-5904
9701
-13280
-1046
-2012
-4374
-2024
2588
-10224
2549
0
1031
-8144
4067
7212
4866
-2004
1521
32
-5628
-7136
1511
52
-247
-13260
-9799
-13088
-299
-1012
8667
-12276
-11710
-8184
-3049
-992
9459
-5100
-5862
1064
4359
-9988
-2568
-4048
-2553
-792
-1556
-14332
-1768
-2008
-2805
-7132
-6409
-12276
11794
-4088
-1789
-14316
1519
-10000
5079
-1976
-1755
-7116
-10235
-11216
-4078
6180
6658
-11200
1284
-8180
5115
-14084
-1553
-8964
8503
-8172
748
-4076
-3342
-6092
-4597
-5096
-2038
-6108
-7959
-5076
1037
-6120
-8922
-14292
3336
-9192
4633
-7116
2556
-5080
-3854
-14088
15608
-9992
11257
-11248
251
-4088
3825
-3068
-510
-4052
2831
-11240
3835
-10184
4367
-13276
4076
-7096
-5640
-9988
-1033
-14320
-7159
-8968
10755
-14332
2542
-10240
8473
-13256
5393
-5900
1534
-9196
-3042
-11244
271
5308
-7651
-8176
3345
1032
-5361
-9180
4581
-6088
-1756
-4088
-498
-9148
-3590
-12264
2538
-11228
19
-4072
-3325
4132
-5391
-16336
10730
-12252
4187
-10220
497
240
3840
-2016
-2296
-15328
-1295
4104
-2267
-3860
-9489
-6928
9699
-16360
-1788
-772
3351
-9172
11809
-7164
-1555
-8188
-7712
-8132
8424
-5108
-4383
-6924
-750
-7112
-1809
-3848
1019
-8132
9250
-13276
-2548
-23048
-3325
-13292
-260
-5048
1527
-12256
-1786
-6112
-5914
-8188
-6762
-4016
1804
-5064
-12837
-14296
11531
-13260
-5632
-7128
-2314
-8168
4341
-7144
-4884
-6104
-1540
-3048
-3315
-16340
7179
1060
-3038
-8144
-1304
-9188
2295
-5052
3046
-6104
-512
-18376
-5634
-13064
-2821
4144
516
-5056
-1245
-14096
6129
-12260
7689
-8176
5131
-9180
3046
-5116
-508
-8156
2801
-7132
16
-12060
-3046
-9172
-12028
-6088
-2313
-3024
4080
-11264
-542
-8136
1511
-2020
-5644
-14284
-4831
-7140
4332
1076
-2002
-1980
5635
-5892
5647
-10000
9962
-10184
-499
-3048
-3060
-11216
4060
-3860
8957
-4872
-4088
-1012
8479
-12052
-4320
-4076
2048
-13232
1067
-6120
-8721
-4088
-4622
-6120
13035
-15332
-1824
-4876
-8937
-13256
2804
-14332
-3825
-9192
-13306
-5060
10712
3136
5903
-2012
2585
-5056
-4626
-8160
8932
-13060
6914
-2028
-280
-8192
3602
-11192
2815
-2024
-4643
-9164
-7146
-6132
-11514
-12244
-2328
-19388
-1000
4144
17116
3072
3573
-13292
5115
-15348
-4868
-996
9978
-12260
-1763
-16348
-6655
-12264
-5893
-8152
-7919
-18392
5361
-8180
-3329
2052
-18218
-6049
-3108
-4036
8935
3088
7417
-9144
-2794
-7960
10993
-13248
1508
-3040
-4604
-9208
-8735
-8164
-6899
7420
6392
-12224
13349
-7128
1539
-6128
3061
-14320
-10749
-8144
7400
-5068
1021
-3044
4093
-1012
8191
-6140
-2815
5148
10015
-4868
2812
-10236
1287
-4096
-4622
40
3332
-8132
-1532
-11020
-2582
-9184
4091
-13288
12569
-7132
2805
-10240
-995
52
4119
-6104
1249
1048
-4065
-12044
4102
-8192
-2311
-9188
481
-12236
-10252
1052
7625
-16356
11551
-3068
2086
-12276
10994
28
785
-8168
3047
-9180
8457
-14288
2827
-13296
-771
-2048
-6876
-9200
-255
-13272
5125
-3028
2029
-3036
6921
-6144
3316
-5920
-4102
-13276
3589
-15328
-5892
-5060
3331
-2016
1798
-7160
-2782
-9156
5394
-14320
-7934
-13268
733
-11252
-8178
-5080
2312
2124
9719
-6124
-10496
-10212
-268
-1996
-14048
-3048
9198
36
-13022
-2824
-6379
-7144
2539
-16340
5860
-4040
2827
-6124
-4626
248
-1250
-11264
6386
4140
-3820
-4048
-5846
6152
2836
-1000
-3877
-4068
-6945
4340
-3585
-5892
1536
3128
-8707
3088
-6921
-3060
3034
2080
2051
2080
8199
-9180
757
-10188
-6913
-6080
8477
-10220
-1273
-8160
1771
-5896
-1264
-8180
-272
-18196
-11294
44
10243
-6116
-2046
-6128
276
1044
231
-1984
-509
-4076
-3332
3128
1545
-984
3064
-10196
-2045
-960
6409
-2012
-5664
-14096
-1288
-7164
-6641
-4048
-5916
-2836
1100
-12272
-3617
-10188
722
-12260
-10751
-21464
3308
0
-7171
-13060
-2555
-4868
2825
-4868
2032
-6936
-5121
-11228
-7
-4096
3838
-11220
-13285
-2028
-8950
0
2802
16
4343
-4068
3086
-10184
-1316
-6128
2839
-6128
-282
-9152
780
-13292
5908
-2844
7933
-4080
-503
-7108
-2820
-9172
6379
-7140
6945
-8152
1512
-4048
-2829
-5116
7751
-784
-6147
-11256
4547
236
2074
-9172
-495
-6128
-1778
-3040
-5618
-13304
-1800
20
6970
-5080
3094
-6100
-2580
-12272
-6929
-5108
1545
-7132
-2561
-9192
-745
-20424
-7168
-8160
7402
-11260
11483
-2012
-8215
-7136
-4386
-13068
-9734
-7156
-2813
-4036
-4872
-13264
4586
-984
2293
-12280
5862
-11236
4852
-7160
-7654
-10180
1267
-2040
3819
3088
5133
-4076
-1521
-9204
515
5148
773
-13304
-4105
-5076
1796
-11248
5643
-4080
1517
-5092
1263
-9208
-7644
-5088
1283
1032
3577
5132
8966
-11264
1050
-12256
266
-2024
-1818
-4052
11315
-4088
4885
-5072
4116
1032
-4854
-2028
-7648
-13244
-9249
-11236
-744
-14312
-3368
-10216
3845
-15344
-264
-17408
-7176
-7156
-10743
-10004
-7931
-8152
-3588
-8156
-8439
-12224
-1243
2064
-790
-20428
-5104
-13060
8445
-14296
508
-9180
6151
-3052
-3083
-13288
-5628
-11232
1807
4124
1526
-8164
-1565
-6136
-7205
-5088
3843
-8148
486
-996
-3099
-3032
1554
-15344
-7195
-4060
-3335
-8164
2571
-9188
-14587
-9996
6394
-5088
1275
-16352
-2025
7216
9696
4116
-2280
-9184
-14871
-1996
275
2096
-1041
-3012
1551
-9196
-1508
-7160
6161
-4868
-4116
-4072
-2583
-5104
-4855
-7168
-5082
-15336
-11508
-15340
-2815
-17388
4116
-11224
-2837
-5076
5868
1040
6407
-2032
-8736
-8160
-6948
-2856
7196
-15348
-10758
-7132
-1312
-5096
1789
-7164
6925
1052
-1537
-12248
3314
-5068
5394
-11260
5361
-10000
4125
-4072
986
-8180
5636
-12284
-2047
-8116
-9492
1024
-255
-3040
-2812
-11256
-10476
1044
-2011
-4076
5871
-10224
3840
-14308
-6917
-5892
2083
1036
6917
40
1795
-13276
248
-968
1789
-7120
-2298
-10232
12536
-5104
-5566
-17352
-7448
3088
6137
-3048
-236
-7144
-1810
-8168
-5378
-16344
-1030
-1996
-2299
-4096
-6432
-9168
-5924
-3028
-3049
-13288
1503
-9176
-7197
-9164
-6432
-13276
511
-12276
2522
-6132
-2311
-8176
-5667
-4064
9473
-9164
5403
1068
-2564
-4064
-3570
-3016
10255
-16344
8192
-5092
5858
60
-9731
-3052
-1785
-13260
-1284
-6124
-2792
36
3359
-18364
2064
-2824
-4592
-2028
4624
16
7417
-13060
-3097
1060
2303
2072
798
-16320
-998
-8184
-7936
-4092
7899
2072
6452
-6116
-1270
-3048
10497
3080
4831
4104
3578
-3020
1285
-3064
5373
-10196
6400
4136
-13559
2112
-7719
-4072
10278
-12272
7435
8216
-9237
-7144
7901
-5064
3857
-7156
-239
-988
-5377
-6116
7671
-13304
7455
-5892
3340
-1996
7436
-4064
-7192
-14320
-4089
4096
7662
-13248
4907
-1800
-6107
-7144
2829
-11236
-7960
-2028
-503
-5096
2019
-11204
2840
-13304
-5142
-8148
-4613
-10149
3070
1056
-5623
-3020
-5611
-5080
6922
-10188
520
-9196
2325
-4064
-1556
-6916
-2031
-10196
-7176
-12240
-1561
-10228
3598
-5096
-3572
-19432
4349
-12232
1007
3116
-3312
-13296
6373
-3884
-4586
-6112
-3052
1272
6397
-7144
3841
-13300
-6397
12
-13294
-9156
4609
-5064
-2829
-11024
3076
-5116
-4349
48
-5155
-6128
-5885
2068
8193
-9200
-6915
-14312
-9458
-4044
-2026
-8156
3319
-12268
-2808
5168
-8428
-19400
1041
3108
3344
-5096
1012
-2040
-3585
-3028
4094
-9156
3083
-6916
-30
-4072
-1777
-6120
757
-980
1003
-11032
745
-7156
1078
-992
13293
-6932
2028
-16372
255
-16356
2857
-16364
3574
-5044
-2797
6392
-1536
-7128
8959
-2020
5101
-9204
6897
-6120
-7200
-10188
-16113
-5100
2056
2088
-7916
2100
-7910
-13300
-4360
-5080
279
-14308
-18
-5092
-2303
-12280
2540
-7128
-4840
-7112
1513
-6124
11226
-3044
-6397
-16136
-6190
3084
-4594
-12272
-5394
-7136
-5862
-10216
-3047
-6928
7678
-8168
6653
-5104
-219
-12288
-4131
-5080
-17664
-3068
-3861
-4040
-11245
-7156
-10767
-4088
5637
-6916
-1009
-2032
-4602
-2020
2283
8
-8460
-10240
1268
-9184
-2774
-1012
3339
-1796
2288
-20444
4125
-11232
-6152
-7112
6119
-6120
789
-1800
4651
-5896
-1549
-13296
-7406
-16364
-1760
-996
-3087
-13221
-1305
-7124
6634
4120
8744
-8152
1266
-7140
3334
-8176
13298
-10184
-2786
-10204
3608
-5088
240
-5892
-6931
-1004
-3324
-9148
-5891
-14272
1799
-2000
3836
-5088
-2564
-776
7387
-4092
-6656
32
2583
-12284
-6734
-988
-4101
-9200
-1240
-3844
-1592
-1008
3334
-7940
4609
3116
-3041
-14288
6365
-5096
-9778
-6120
5631
-11204
12
-4880
5620
-3060
2816
-10200
1037
-2028
6681
-14300
-251
-5080
6159
-16376
8438
-14336
-11280
-968
277
-17408
-1033
-964
13825
-6120
5124
28
-2858
-8144
1757
-11236
-8201
-2032
8238
-9992
8182
-3008
8965
-10208
-2840
1056
986
-9180
-3060
-6100
1265
-2008
3835
-14336
-7948
-9164
3832
-12272
284
-4880
735
-2032
4115
1272
-9722
-1996
3323
-4048
774
-8152
-10746
-11012
-266
2296
-4881
-17360
-1542
-12280
1020
-8152
4365
-4072
-8704
-4068
1505
-10220
788
-10216
2800
-13084
-9965
-9204
19184
7416
-7945
-7144
523
8
516
-7964
8972
-9160
4096
-15124
6670
-1016
-778
-6120
-19
-9188
-1298
-18380
-6423
-14304
10753
-4001
5910
-11240
8750
-3856
-3076
3120
-4339
-8172
7909
-3856
-7678
-10212
-2322
-7168
-4570
1056
-4891
-7128
4382
-17364
5884
-14256
290
-5892
-14337
-2036
2292
-3040
2278
-11264
-779
-8192
10272
-11216
-4353
-13300
5349
-11216
-250
-12276
1010
-12276
2568
-13296
-794
-16320
-5879
-4076
1756
-7156
273
-3056
-213
-6096
2819
-4040
2819
-11236
-2548
-3064
510
-5096
7666
-8160
1565
-1012
3098
-5100
-9977
-9164
4353
-11236
-17
-3036
2306
-5892
-5339
-6120
-1275
-9180
-29
-19420
-7967
7176
1047
248
5882
2060
4844
-5080
1782
-8160
227
-3032
1577
-5120
1012
4116
5098
-1808
513
-10224
-4871
-13284
-1548
-8176
-272
-4060
3841
-7132
306
-3064
-1834
-8172
-7937
-15120
-10481
3312
-7428
-7168
4820
-8144
-7203
-6120
3051
-6120
11023
-1004
3309
-11252
777
-3052
-2000
-14324
752
