-4048
1299
-9160
4849
-2828
7406
-13288
9213
-4044
3605
-10172
-1786
-7156
-2317
-5080
-7172
-10240
245
-10240
-1282
-2032
8686
40
-1060
4348
-6369
-7168
8703
-3056
-14074
-3012
-1561
-18396
1306
-8148
3851
-5896
-11760
-11260
-20554
-3024
4546
-5100
6915
-7144
242
-6132
226
-6100
2297
-17180
-5408
-16332
-492
-14280
-1036
-4080
4614
1076
-1810
-7152
-526
-6948
4056
-5104
-10014
5148
-1005
-9164
5095
-8184
-9242
-12248
1540
-7100
-759
-9180
504
-12256
-1032
-14272
5118
-11236
-520
-9180
-242
-2040
9923
-1016
1802
-9176
8194
3112
1327
244
-1785
-9200
1034
-13292
2561
-7156
3324
-10188
3289
-13260
-1011
-7956
6378
-7132
-3361
-7124
2055
-4072
1522
6156
-1515
-13264
1796
1264
6191
-988
-6923
-14304
-1783
-9216
-1059
-9156
-5348
-4020
-4388
-12288
5360
-6112
4106
-6916
11989
-21480
504
-9180
537
-1992
-4338
-8180
5873
-11224
23
-8180
-1287
-4044
-6650
6168
737
-18420
17146
-2028
-3843
-11232
2041
-5036
-2817
-10176
1520
4136
3065
-1988
521
-772
-9220
4144
824
-6100
3075
-5900
-1015
-2020
-2569
-6076
3849
-16356
9229
-6132
1825
-4052
6131
-976
1279
-12240
9715
-5120
1816
-17164
-6647
-8152
3070
-2032
803
-10196
-2596
3080
782
-988
-1807
-9196
-8451
-6088
4373
-7152
-500
4136
-9467
-18416
8199
-3032
1798
-5068
1028
-5104
2796
-8136
-4629
1044
-2280
5152
4830
-2036
-2312
-7156
-5088
-10212
5392
1056
3567
-12276
-2021
-5084
5630
-10220
9992
-1012
3590
-2028
4128
-6144
12537
-6108
-2830
-14312
-11031
-17384
3267
-11012
-3865
-6080
2289
-2000
6413
-15300
-3086
-2048
752
-16356
6167
-9156
1770
-11200
1299
-4060
3083
-7116
-3033
-1980
-2047
-13292
7384
-6136
7401
-10196
5400
-13264
514
-8140
10743
-6124
5869
-13280
-2045
-3028
-3097
-6136
-2050
-6116
-1262
-4068
8947
-3844
-5608
-9160
3587
-6136
-1777
1048
-6381
-2824
7398
-8160
10
-7144
-4354
-16348
-4098
2080
-8977
-2024
1787
-7116
-4365
-11220
1312
-8148
-1535
-5080
-255
3084
9213
-5072
1779
-7120
-2027
2084
-1084
-19412
-10213
28
1776
-5064
793
-4048
1522
-16364
517
-15128
1541
-6124
6689
-3016
-7675
9272
1277
-21468
-8965
-2012
1279
-12268
-3609
-16332
-8476
-4044
-2265
-7136
263
-5104
-4627
4128
-233
1056
8204
-17344
6641
-16360
-4867
-14084
8958
7228
-1525
5124
-4333
-13280
3307
-11244
-9958
-6132
-1549
-9212
-5882
-5088
-7723
-6128
-5361
-980
5082
-13280
1550
2076
-2572
-11252
-5085
-17336
-4327
-2036
4879
-13288
-3619
-8164
-8990
-6104
-7139
-2012
-5374
-9156
-1782
4336
3066
-12232
1550
1264
6919
-6136
4082
5168
-4129
-6112
283
1060
-1292
-3040
2296
2052
-496
-6100
5151
-9196
1509
-9172
-1522
-976
-13320
-8152
-3061
-6124
6413
-2044
8715
-8184
4387
1048
4651
-14304
-544
-6080
2833
-20456
1536
-11016
-2562
-4088
-23
-24792
5587
-16384
2298
-9204
-2546
-11260
-272
-11232
-1018
-6136
271
-5044
-1001
-7132
-1284
-11240
1786
-1984
1561
-14304
-2829
-2000
2006
-10220
-3103
-5104
1283
-13064
-4349
2108
-1012
-8120
-9
3120
-3314
-996
-1556
3136
-3609
-980
3595
-16372
5648
-10212
-7175
-6092
11000
-3040
-8193
-16320
1297
-10220
6388
28468
-4840
-8180
1263
20
-4374
-5068
1807
-5892
19708
-13272
1799
-10220
4907
-2044
3871
-2844
510
-11200
5120
-2036
541
-2020
1022
-9200
-5877
-1020
267
-1016
8462
-10216
5121
8
9481
-13288
-508
-6088
8450
-12068
4585
-6132
6183
-9152
2570
-14084
2586
-5112
-2296
-13284
-2550
-5896
-4326
16
-2050
1028
-2573
-2028
12038
8248
-794
3308
-7894
-12284
11470
-11252
5898
-4052
-2073
-2040
-2047
-8108
-772
-11228
259
-5084
-228
2068
-541
-3040
-1276
3108
-4627
-4096
-3057
-9996
4350
-4076
536
-9152
-238
-4084
3589
-8176
1524
-12052
-5384
-5092
2791
-1992
2811
-6116
2557
-5896
1279
2064
-2568
-4064
6431
-4068
2058
-10000
10
-2008
-994
-3048
-807
-8172
2068
-8184
-2856
-7144
-2561
-19428
4341
-3056
-5164
-10216
-1049
-2036
6412
-6084
-543
-13304
1011
-4068
-7157
-15108
-3335
-8116
10738
-9216
-4106
-6108
1529
-10220
245
-11216
-5629
-12268
3830
-2992
4357
-12060
-3069
-7120
-12050
-4068
782
-8140
-1034
-5908
-6163
-11224
-4647
1060
1754
-4892
6620
36
-2279
-9192
-4382
-5084
3329
-8144
-6902
-4072
2573
-5108
3072
-22248
5372
-7104
-789
-14328
5370
-4020
-3558
-1024
4365
-13064
3563
-6132
-4624
-14300
-522
-16316
-8926
-5076
14324
-11244
-2834
-2020
-1052
2056
7668
-13292
4331
-7160
-3814
-5096
9211
-16376
6407
-2040
-4600
-10200
1558
-7144
5890
-2004
-5613
-10176
6946
-8144
-6936
-7132
-12798
-9988
4656
-10208
-2814
-6116
2602
-10184
3849
-5092
-21321
12
8476
-6116
-1018
-14084
2521
-3036
2302
-4020
10765
-12272
-2293
20
513
-7100
5921
-8148
-9715
-1816
-1549
-984
-2547
-3024
-3835
-12260
265
-12048
-4063
-7160
201
-16352
3857
-6104
6913
-10196
-1265
-16132
3581
-6088
-6387
-4092
2040
-15320
2050
-9196
-225
-2004
-9511
-9192
14369
32
-5612
-17364
4343
-10188
3842
-5892
5633
-3060
-3547
-6112
266
-988
-7148
-18400
789
-940
2815
-12272
13557
-8144
-10235
16
-777
20
-6687
-10216
-1790
-13288
-4368
2056
3053
-8164
-7929
5144
786
-11244
-3310
-10236
5140
-2028
4846
-6080
4623
-14280
-5111
-7140
4159
-12244
-7738
-19424
8696
-3048
5884
-6084
2050
-7164
-3067
-13288
8716
-9216
230
-5068
4336
-6116
8967
-10216
5121
-15344
-9453
-4072
3312
-16340
-509
-8148
-1237
-5072
256
-2992
494
-4048
-4081
-8184
-7157
-3016
-14352
-8124
2294
-1008
-3580
-6112
2581
-9176
1801
-2024
-3071
-16356
5375
-13280
481
-11244
-2784
1024
4598
-16360
-3864
-5116
3064
2056
4869
1048
3854
-13248
7192
-8136
9998
-3024
-7384
-1020
-4297
2068
7450
-8172
1274
-3040
-5650
-4084
997
-2012
774
-7108
12815
-8188
4670
-14292
4884
-2044
-5389
-13276
2813
-9160
3857
-19380
-539
4100
4087
-4040
-11022
-14092
-2281
-9200
4368
-776
762
-20440
7687
-4016
244
-10228
-5652
-10196
3067
-12264
254
-6924
-20766
-8168
1515
60
5342
-3016
270
-8168
-13976
-11192
27556
-19424
-6924
-1020
1290
3100
7420
-6104
1518
-8976
5112
-2020
512
-7128
5129
-968
-5859
6172
-9962
-4072
1009
-18384
-3318
-8132
739
-16316
-2076
-5100
6132
-4064
514
-10212
-7888
-9192
-10749
-2012
1551
-6920
6638
-15300
-1285
-7120
5162
-3020
5345
-4092
20
-18400
-5635
-3064
-5149
-12248
4572
-9160
-5372
2084
-2837
-4092
-1774
-14336
-3609
2076
-4333
-7124
-6665
-9192
5352
-5060
-2544
-5060
5116
-12224
1540
-2028
3774
1028
-5385
-4048
-6127
-12108
-4859
40
-1018
-5104
-5863
-11208
2568
-8144
3827
-2032
1521
-13236
770
-3028
2333
-5060
-7938
-8964
2059
-17372
-7445
2092
4095
4136
3822
-15348
-14103
-10200
3561
-11264
-4382
-12252
-287
-6096
3861
-4048
2301
-13308
1080
-12260
6150
-5072
9974
-4080
2861
-9184
-6140
-13308
-2850
-12256
9709
-8168
-12296
-5904
4585
-10176
-1544
-4876
2039
-3044
6139
-3060
7183
-4888
2307
-15344
-9962
-2036
-2884
-8144
3099
-15292
-1774
4
3366
-17364
8972
-6084
796
-980
-1285
-2004
2567
-15316
1238
-4020
-252
-12036
-553
-5052
-2801
-14324
4358
-16340
-2567
-17396
-4303
-6128
-1569
-12264
745
32
5880
-8176
745
6196
4335
-10212
-2045
-9204
-6142
-21440
1282
-11228
14316
-6080
3310
-15348
4074
-9996
7
-6140
-10234
-14280
2367
-5900
2809
-8172
-752
-4048
-2016
-14308
-1800
-8180
7718
-9156
-512
-13060
8476
-1800
-4111
-2008
-4362
1040
3064
-9208
-9225
-4064
-5130
-8144
3342
-15332
-1308
-1984
-10809
-780
-2057
-11240
1531
-8968
-4877
-6116
1544
-4068
-8200
2100
-7150
-13068
-2026
-16368
-10029
-6116
8464
44
-1790
-12208
-7190
-7128
7130
-11012
-2822
-6136
-9727
-9184
-6380
-14336
-4371
-2048
-4633
-4044
1515
-4060
-4344
-2020
2558
-14324
-3853
-14304
4586
-8148
-2767
-12224
1797
3128
2034
-7136
-5860
-13080
2303
-9988
-4130
-4868
4078
1072
-1003
-5100
-5114
-18188
8465
1044
-5356
1072
12027
-4056
-1799
-5892
3580
-16376
-3310
-13280
5704
-3036
-4111
36
-7192
-9180
-2325
-9168
1550
-10236
2775
-12264
3858
-8160
3081
-16348
-8944
-7116
-1549
-2004
8450
-7148
3854
-8176
-10739
-5092
2092
-11200
-9223
-6100
-4112
-5112
-241
-11224
-3826
-11244
-1020
-3016
6904
-12252
-4069
12308
6413
-21456
-1273
-6108
8184
1084
6889
-10188
-7655
-11240
-1327
-4072
-6908
-8164
5876
-4088
-6901
-5072
-2314
3072
523
-6128
1013
-13288
9218
-10224
10512
-7136
-9701
-6924
1798
2080
-1018
-7128
6922
8444
-6169
-3052
1497
-8152
-6171
-11236
-768
252
5144
-5080
6425
5148
8456
-14316
2809
-9160
-4367
-7144
-1042
-8192
4594
5156
-784
-3844
6658
11280
-755
-6092
-2551
-6108
1521
-2012
6140
-14320
5340
-3852
-6889
7412
3074
-26348
-7945
-2844
2587
-4060
-3074
-6112
737
-12256
-1769
-11252
-8728
-3052
-995
-1808
3614
-7164
3342
-19412
-7157
2276
214
3124
-801
-992
-20463
-9180
751
-7164
-4883
-5048
1269
-9200
2282
-8097
-5371
1028
-476
-7128
-3630
-15356
-2035
-6104
4345
-11252
-248
-13280
5854
-6136
-12817
-7132
-5
-6124
-6136
-4876
5628
10284
-2048
-800
-9980
-1816
-265
-6084
-3635
-8152
765
-9196
-778
-2020
4066
-6116
-500
64
-7963
-6108
-4060
-9988
1042
2068
13292
-8180
-1297
-10200
539
-8144
5144
-8160
4074
-10204
-1826
6168
-4871
-7156
-8432
-17380
-2836
-13296
-6915
-784
6917
-18420
-278
2048
-12513
-984
3327
-23288
8409
-7160
2565
24
2352
-17400
9750
-4896
2296
-20456
-3078
-968
-16386
-18376
11249
-5084
8453
-2044
1807
-13280
1018
-12276
-4330
-7164
6649
-5100
3342
40
-1546
-7160
-5633
-11240
-1786
-15108
3309
-4080
4560
-2040
-11767
-15324
4628
-16273
1073
-3024
8715
-3860
468
-4040
2317
-11012
5408
-4064
-4866
-8184
-279
-5060
31
-4068
7921
-4092
12044
-22220
-7964
-20464
-5126
-14332
2013
-6108
-1005
-12268
-4627
-13308
2004
-3860
-4612
-12224
2803
-2828
5631
-10220
7430
-8164
3309
-3028
-2267
-4076
-4123
-11240
-3288
-7124
11222
-13268
2788
-10220
-10725
-2012
4865
-17372
788
-15324
-3349
-7144
6650
-2020
-12027
-12272
6654
-14300
-7178
-9204
-9181
-4868
-6898
-5084
4580
-11016
-5860
-8972
753
2080
6880
-6108
-10559
-4044
-2024
-2820
-1786
-5076
-3847
-11240
-5114
-996
-5656
-4060
3357
-12248
-5139
-12040
-2074
-25272
8441
-3020
2812
-9196
-2837
-22236
-2805
-12272
4861
-996
-1510
-2012
2582
-7132
4380
-6140
-4122
-11196
1523
60
6696
-8120
-15082
-13288
-268
-9168
2082
-6132
-6671
-18396
6374
-4064
-3819
-13068
2331
4136
-2553
-22024
2298
-14308
-2784
-6104
-5589
-4020
3855
-13256
8740
-10220
2058
-3008
-3120
-6076
1527
-5064
-1546
12
11777
-12232
5878
-8000
-6130
-4048
8676
-5912
1303
3292
-2830
-9168
2322
-4052
3074
-17384
-2276
-13280
2324
-1008
-12033
-11208
4602
-10224
7931
-10184
-3334
-3024
-756
-11248
3548
-9180
4370
-14316
-2815
-9216
8966
-4072
12031
-12240
-1540
-12264
1527
-10208
-7713
-5096
492
-1004
-6394
-8168
6389
-3048
-24295
-5892
28601
7176
-2549
-9180
-27538
-4064
5358
-11236
-10276
-980
-276
-14292
-9498
-7156
-7192
-3048
7888
-5112
-2564
-6112
-4113
-6080
-255
-9992
12804
-8176
5904
2084
-2064
6168
2294
-9176
1288
-12185
8
-1004
-4156
-2040
-7965
-13288
5124
-9216
2519
-10220
-7402
-972
1519
1048
-4375
-7124
-10454
-9196
-5404
7172
-8977
-1004
-4850
-12260
-2565
-5900
-995
-10200
9743
-8136
2567
-12276
4370
-7952
1520
-8164
2588
-6116
3355
-9168
-3092
-6116
7686
-13060
1290
-12244
-7184
-25276
-7159
-4088
3304
-7160
-2289
-13244
-10453
8232
2827
-10180
506
-13268
5115
-13300
-9211
-7128
14029
-4064
1555
2076
498
32
2040
36
10240
32
-3858
-9180
-6145
-796
-1768
-5064
-5073
-5900
-2824
-4076
1790
-10184
-6370
-14092
12832
-18380
758
-8140
1286
-14092
-28
-7140
11002
-984
-2039
-2008
-4867
-6096
-6420
-4052
-8230
-6140
3068
1036
1542
-10232
2294
-7128
1543
-8132
1507
-9204
-4365
-14308
-4894
-9184
-3074
-12220
4860
-16364
-3574
-10216
5655
-9172
-744
-11020
-7427
-4084
10532
-3056
-2005
-4076
3077
-17388
5632
-2044
-8185
-12284
-1795
2060
-4868
-2040
492
-6136
3309
-8976
7404
-3052
-3572
-14316
2316
-1796
-1284
-6116
7932
-18180
776
-5116
-1005
-12272
4354
-7120
-7420
-4076
10992
-9180
6145
-12236
1005
16
-5900
-6144
3075
-14312
-8693
-3052
2549
1264
3878
-1024
-759
-9196
2788
-10192
-6127
-7168
9474
-6100
3596
1084
243
-6124
-280
20
35
-12252
5397
-12284
2289
-8172
503
-7164
3059
-6140
6897
-16380
-4612
-16348
2074
-772
-3114
-11260
-6125
-12272
967
-8160
-543
-6140
2282
-5092
-6409
-21476
11249
6160
3799
-6124
-3307
-9168
4618
-2820
-770
-5112
2818
-17376
264
-20476
-2313
-4092
5646
-8156
745
-5072
-10206
-9204
-1291
-16352
3551
-11212
6921
-3012
13110
-4096
-1256
-5892
-11987
-5076
7934
-14320
-7455
-2016
4871
-4044
-7937
-9180
10028
-9188
11264
-7112
-7403
-5092
-6892
-11196
8978
-14280
3578
-984
4603
-9196
-7160
-10224
-8157
-14312
2815
-1020
16
-15108
2564
-9176
-5886
-17364
-3866
-5112
-2548
-12288
6395
-9188
10990
-7948
-805
252
-2061
-3056
7192
-6128
-2025
-2004
4842
-10224
-5093
-18392
5897
3316
-753
-7956
3815
-2048
1777
-14312
3320
-15352
-4095
-4044
-2275
-6112
3570
-5088
-2307
-7136
-5917
-11228
5361
-1024
-2791
5164
7940
-5072
2832
-8176
-4108
-12248
6643
-14280
7444
-7160
-9743
-6932
-28
-984
4655
-13252
-8194
-10172
-7437
3084
1843
-8148
10473
-9200
-4092
-1984
2774
-4072
-2347
-10212
11291
-12044
-5900
-16376
-2281
-4044
2064
-4052
-6668
-8156
1249
-8132
-1523
1052
-4589
-16360
-2058
-3052
-6135
-9160
-755
-9164
-5115
-7132
-2562
-7140
4344
-10220
3597
-12272
-2289
-4056
3303
-8964
3321
6192
10249
-9204
10512
-8152
-6683
-7132
-1055
-8980
-790
-6100
-1774
-3064
8943
-6140
6389
-11200
-4616
-6920
4393
-5072
-4904
-3040
-3815
-9196
9954
-9125
-503
6184
-2314
-6128
-5655
-7148
8428
-9184
-6417
-4872
2787
1028
4116
-4088
-3575
-10200
1308
-11228
-9190
-6096
-7929
-8156
9723
3112
-784
-11184
-6908
-5092
8716
-9168
1265
52
4581
-14308
-1801
-4032
-4867
-988
-1789
-4064
2824
-17380
10732
-7120
1774
-2044
8486
-13276
-5643
-8152
1291
-15128
476
-5068
534
-5108
6667
-12216
11032
-5104
14126
-7124
-3094
-3028
4128
-11236
-4642
-2028
-1519
-11216
-552
1072
-2600
-15320
-1822
7196
-3576
-15344
-1545
-13276
-3326
-8184
7433
-14292
2315
-2000
5115
-5056
-2295
-12248
-5877
-5080
1264
-3997
-11254
-12236
1275
-9192
1274
-10160
-1763
-6116
759
-6100
-1557
-10180
3050
-16352
476
-5120
-6647
-11248
-1542
-5048
2828
-20432
-751
-16360
-3839
-15328
-10513
-26352
7881
1052
-2309
1064
1521
1052
3085
-12256
-1273
-8172
-1257
-1996
-484
1052
511
-14300
1812
-5080
5638
-4001
3067
-11252
-3849
-4092
8423
4164
-5622
-13296
1266
-6080
-7954
-10000
-6405
-3048
5390
-13304
-1788
-11252
1520
-6132
-5357
-2028
5877
-7148
4620
3100
-12
-1008
4868
-10204
-756
-8176
-4101
-15340
1022
-16372
-2813
-12228
-7699
2068
-487
12288
2297
-10212
-1552
-9200
-11003
-17372
-796
-3044
7379
-7132
-2497
-11169
-2038
-15108
5910
-11256
3347
-18404
-5671
-10204
4088
-12244
-8707
-7124
12776
-7140
-529
-6088
8464
3088
3103
-17388
-5088
-6092
-243
3084
-2033
-9204
-1562
-4084
-1287
-4056
2322
-16384
5629
76
-785
2068
6138
-2008
-3074
-10208
3105
-9180
-3365
-10204
4603
-11236
1292
-5088
4088
-9188
-6873
-7116
2285
1072
-5114
-7152
-270
-980
6369
-19444
-8183
-4088
-1816
-12256
-4578
-5116
-256
-3880
5101
-7092
-6683
1076
-7396
-8156
-2856
-16360
-512
-960
-4358
-8132
-2817
3136
2287
-11244
1002
-9160
-1045
-10240
-16142
-9172
-8204
-8136
-758
-12244
-787
-17313
2821
-7116
-2571
-15116
-1553
-7124
-6157
-6128
6401
-6132
3838
-14328
-5592
-18388
3849
-10232
7203
-1012
-3315
-11256
11473
1024
-12039
20
10015
-8164
4078
-6136
-8424
-9992
8694
-11236
7157
-5060
-13068
-6124
-11020
-5916
-4082
-9996
-1009
-11028
-5122
4128
3068
6160
-2569
-6096
-7659
-15316
521
-4068
-256
-16144
-525
248
2090
-20472
-2075
-4092
-2560
-8160
-5353
-8180
2288
-9200
-15116
-6124
-6879
-12264
-5908
-6112
-526
-976
783
-9192
-1327
-11260
7170
-11228
-6946
-8160
3823
-9992
2065
-2036
743
-6124
-7692
-7128
8482
-13300
6645
-7156
-4852
-9200
7642
-4048
6931
-5064
749
-5104
4134
-9192
9182
-19436
4837
-13068
3085
20
-3330
-3060
-530
-5060
-3581
-4020
-8188
-11236
14092
-3064
3599
-5084
6920
-11208
10764
248
-2593
-10228
10274
-7136
-5893
-7132
-1527
-9200
-1759
-6092
5633
-6116
-5384
-9180
4879
-8168
-3834
-2024
-7643
-17380
-12282
-8176
9966
-16360
5664
-7120
-9729
-14304
-1541
4132
2039
-6124
-972
-6100
-6083
2084
2057
-2008
-4872
-7112
3332
-13304
-5900
-9164
782
-11196
-7697
-8180
5132
-11256
1295
-5068
-9459
-16328
-233
-3052
5354
-16356
2571
3324
2344
-4064
3583
-5916
1510
-9180
-3035
-5120
7403
-14284
-12796
-8168
4104
-4048
-1546
-12248
-5401
-6124
-2519
-7948
9468
-8128
553
2108
-232
3072
5916
-13296
-1773
-3052
3828
-1804
-4343
-2028
-4362
-2004
-4592
-7152
-3344
-15320
4364
-10240
5639
32
-8203
-7120
31
-3060
6660
-2040
-535
-14316
-1273
-4060
-2621
-7148
-6435
-7152
3544
-8160
-9970
-996
4587
-13280
7450
-5072
292
-2028
6910
-12228
-1759
-11232
2007
-7156
-5881
-12232
8969
44
5401
60
-7929
-14280
-1291
-776
1544
-3044
4377
8256
11258
-8972
3327
-15300
8490
-1020
4616
-6932
-26
-6124
-471
-14092
6926
-8180
3830
-7148
-502
-19208
-797
-10200
278
-15332
2795
8212
-6674
-10204
-4916
-4044
-1773
-14336
8973
-9192
7713
-12228
4087
-7116
3329
-4868
-1025
-996
-15590
-8188
14333
-12272
-774
1068
-2046
-12240
6656
-1980
-4352
-7132
-11492
-12044
5092
3080
9992
-18416
-20773
-6100
-10732
-11012
3061
28
-3850
-6096
-1775
-18412
3590
-5088
8942
-9172
2060
-8160
8968
-8172
513
-8172
2824
64
2554
-11224
7952
-996
10771
-13288
11532
-20236
-2276
4148
-4597
-6104
8205
-12260
2813
-17360
-10549
12332
-1511
1088
987
-1937
-5647
9232
-1800
-13308
1287
-9192
2528
-5096
4872
-8176
255
-14284
2542
-10192
1263
-8140
-252
-9188
-3083
-7128
-3092
-5060
-7172
-1020
2820
-12256
8699
-10180
-7383
-5096
-2835
-15304
1283
-4040
-3112
0
-11799
-11212
-6391
-2028
-4633
-960
-2781
-9156
544
-11232
-4377
-8156
-293
-13312
5138
-13308
-4624
-6128
-5158
-15360
-2018
-776
2804
-7144
6947
-5092
-8447
-7164
-3080
-7136
-2797
252
3058
-12236
2316
-10020
518
-12264
7917
-12036
6111
-3032
1015
-15116
-4368
-18428
-3814
-1004
1783
-18408
-9981
-12040
-254
-9164
6641
3124
-2583
-11016
12
-11252
-4394
-7132
1808
1056
1360
-14252
6934
11272
1298
-4072
7422
-7124
-11814
-12284
14365
-2020
-4832
-6100
547
-6112
-7693
-6120
-3829
5364
6642
-17388
-14
-12268
8464
-11232
1294
20
-2036
-7100
1281
-14296
-2055
-16384
-1018
-8172
2805
-3028
4867
-19408
4145
-9192
3571
-15296
4398
-7152
-2043
-9196
-768
-8172
7709
-7112
6673
-1024
11537
-3056
7652
-16364
4077
-9188
1343
-2048
8458
-4052
518
-5120
4860
-10208
4076
-16340
1274
-10216
4091
-11200
-4363
-3856
8452
-3016
3349
1048
5626
-7096
-7914
-4072
3361
-14316
1042
-3040
-1794
2092
-7950
-17364
-5342
-980
7700
-14332
2510
-7164
-2024
-10212
1802
-17380
-218
4116
11014
-6136
11015
-6120
1527
-12264
-3036
1080
-14319
-7112
4858
-16136
4888
-4092
526
-17364
-6889
-1000
3289
7168
2318
-16132
-8200
-8136
-4319
-8172
10
-4868
-267
-5052
-6144
-7124
2327
-7944
-4865
2108
-1300
-6136
-3320
-10220
-288
-11248
1534
-4068
-10764
-8168
7131
-11220
4610
-5092
7410
-6088
2533
-14328
-4588
-6092
4080
-5052
4593
-3036
-232
-10224
8709
-7116
5137
-1996
7725
-12252
3583
-8972
2285
-3844
-995
-5072
-9228
-13268
4843
-8136
-9467
-2000
-2794
-16316
6711
-2004
2818
-3056
4333
6144
10489
-11248
-6150
-2028
10240
4
733
-13288
8199
-4872
-3309
-16368
-5339
-12284
-518
-9172
9206
-17384
1790
-5104
-11319
-16348
13547
-2040
-4854
-3040
-1538
-9152
-6368
1040
8976
-18420
9513
-9196
-7958
-9168
-1501
-13276
554
-8184
-4871
-7132
-15
-10228
765
-12284
-1764
-12276
5623
-2020
-282
-12232
5652
-12288
3384
-9192
-1521
-6116
530
25384
2790
-3020
-7942
-5060
4126
-10240
3317
-16344
-1290
3100
-1273
-10216
480
-7152
272
-13060
4881
-8172
6889
-6124
10524
-996
-772
-1988
5115
-11224
3095
-8180
-17936
-1008
-4077
-15356
1526
-11228
12014
-5088
-2300
-7136
-4609
-7084
-3582
-7108
-1248
-6088
-2065
-3848
-4075
-9204
7942
-6088
-4352
2064
2066
-13296
6136
-7144
-3085
-13288
1026
-10236
-12547
-4096
-5130
-6128
-5130
36
-8419
-2000
3076
2096
5620
-18400
2050
-3044
-4643
-11016
5895
-9188
-2049
-10180
-3374
-10220
2314
-3024
-3592
-10224
3312
-14316
2301
-20428
-4097
-11220
10786
-12280
3565
2048
-8418
-7144
1253
-17160
3097
-996
6889
-8180
-4077
-7168
-8205
-8156
-4889
-6144
-3312
-16344
522
-4060
-3347
-7144
1049
-8168
-7658
2056
4633
-4096
2052
-3052
3850
-11220
-1283
-7132
-5100
-7156
3577
-8160
2064
-5076
-5371
-4072
2519
-13260
7914
-8156
-5878
-9160
-7429
-5896
-5128
-2024
-5141
-11208
-1508
-16348
8974
-18420
233
-8164
7719
-7108
-5822
4164
772
-9184
-5139
-11020
1522
-17360
1831
-8168
7415
-4080
-5868
-5108
-1039
-7084
1052
-15356
5613
-11024
-6887
-8168
-2817
-7160
-4866
-3048
496
-7144
4354
-7128
-4816
-10228
-3083
-9180
804
-8148
1537
-16156
-787
-1988
-2309
-10184
4050
-12236
759
-6108
2054
-10208
3619
-12236
-988
-5084
-6664
-9212
-8439
-960
3565
-2820
1038
10284
-1015
-13272
256
-5060
-5383
-3060
4618
-2004
-3070
-4088
3571
-1024
759
-22264
-236
-9164
246
-3044
1029
-6084
-2322
-10216
750
-2040
790
-14312
1254
-6064
-10720
-12284
-2302
2052
-7921
-6080
-1790
-17380
4595
-8140
2550
-18388
8715
-10200
3895
6204
-3036
-9192
-10234
2076
-6675
-5084
-10986
-4068
14870
-992
-7129
-15316
-244
-788
5138
-5116
-4093
-4880
4
-13276
-274
-4884
-1022
-6060
-2033
-7120
-2027
-11240
-8992
-5088
5635
-10240
-2826
-3052
5905
-1012
3077
-4044
-3107
-7108
3880
-8168
-457
-3072
2544
-2044
1288
56
6907
3124
-3338
-1008
-10277
-9176
-4645
-6068
-6675
-9168
-1338
-15300
4369
-3852
9991
-9988
-1024
-10172
1015
4
-14587
-4868
-16
-6060
3090
-11236
-515
-12280
3612
-18396
8697
-7152
-4105
-5052
-247
28
-9726
-10216
782
-9208
4352
-10208
-7413
-8152
-9178
-9192
-2852
-9132
-11255
-23248
1772
-10212
-3106
-13256
-507
-14312
-6416
2052
1553
-11244
2807
52
7719
-16352
-239
-972
-240
-7136
6958
-8160
-7453
-9200
3316
-17368
1534
-8160
-6907
-7148
-525
-5100
19
-13276
-4064
-10236
6903
-8081
767
20
-3068
-7168
490
-11228
-1568
-19404
2550
-10212
-2561
-10208
4059
-14308
515
-7120
2327
-15328
-7149
12332
6624
-13268
-6667
-3044
-4080
-13276
-4583
-7136
264
-15332
2560
-10196
-504
-4060
746
-6124
-3590
-12248
3102
6176
-3049
-4084
-5654
-15273
1559
2116
788
1068
-4586
-8112
-4851
-16380
-7678
-18364
3815
-2012
4878
-12248
3827
-15316
-3111
-5064
-5367
3072
9713
-5116
1001
-10220
-4117
-6140
2070
-12252
-4837
-6096
5899
-6104
5856
2100
10511
-5084
-8207
-3028
996
-8148
5907
-11188
4870
-10204
-1291
-23248
4629
-9188
-4143
-11232
-7138
-11256
-4865
-6928
-6672
-2836
253
-4032
4060
-7948
1785
-8144
-3311
-4064
-2044
-4072
8973
-8164
2819
1048
-769
-16328
8452
-8180
-3080
-14288
-46
-2024
-6932
-16336
-4100
3132
-3842
-15108
-7436
-11188
-5625
-1992
276
-6104
-1270
-5928
-10263
-4084
-5384
1044
5134
-20468
9242
-6120
3340
-11220
4352
5160
-11
-4064
3091
-16348
5096
-11264
4643
-11220
-5421
-8148
-5369
-13284
-2069
-772
7437
-10180
2339
-13272
-7152
-13268
-4112
-6120
4099
48
5110
-2012
2039
-7164
1835
-9204
1538
-13268
-7170
-4052
2291
2048
-4122
-10176
3566
-18396
-502
-9204
-1281
-12236
-11770
-18388
2535
64
-1775
-2040
15356
-10220
-7141
-2012
3798
64
3545
-11232
6652
-3036
-3832
-2024
-1788
-2828
4098
-4076
1515
-18384
-2059
-9176
2539
-6116
-3333
-4044
3066
-996
5394
-11252
5901
-8108
-7168
-7948
11285
-4036
-1804
-5116
3622
-3040
-2293
-10240
-6876
1024
4831
-6112
12339
-4064
775
-7156
-3584
-7940
-8437
-15344
3330
-11028
-1289
-13060
5104
-8148
-3072
-10208
-5358
-16372
-10496
-6136
-2829
-3052
4872
-15316
-5139
-4036
4349
-5064
-2823
-5084
4845
-10204
16158
-12244
-8218
-6924
4112
-9204
-1524
-21468
213
-21260
5863
-7160
-4336
-3060
2027
3112
14635
-9164
-11565
-8160
-5096
-7124
-3872
-5900
795
-21472
761
-2836
3569
-11264
-2080
-8176
-5393
-3036
7214
-4072
10747
-8168
-1976
-9188
5149
-12036
-1321
-11256
11285
-4096
1053
-5116
-2077
-2008
-747
-5076
1000
-9192
-1272
-15316
1765
44
-3070
-18392
4115
-788
10263
1052
-3560
-4092
-4872
-8128
-2337
-4040
-4824
-11244
8455
-8168
4366
-8164
-4077
3088
-1766
-25336
-764
-5116
242
-14256
-8935
-18396
-2799
-8152
13061
-15348
-7682
-8992
2843
-6120
-5627
1028
9228
-18432
3808
-10240
-3864
3144
1792
-9000
-236
-8148
-4865
-12264
-6907
-9156
-2822
3092
8456
-11236
1776
2096
4163
-9216
12302
-2016
3315
-7136
767
-13064
-7936
-9172
1791
-16360
-1279
-5048
-5896
-7136
1809
-996
1286
-9148
8194
20
-7413
-3036
-2814
-8188
-11511
-10180
-7646
-7140
-13572
-15356
5151
-14304
1059
-9180
-6908
-6088
2798
-6088
1022
-9188
239
-11236
11511
-984
2568
-13280
-5374
-1004
7698
-5060
-527
-9160
-7687
-7128
2833
-13296
-257
-6092
5362
-14304
-3057
-11196
-1534
-9188
-3079
-2024
-5623
-10240
-2582
