-5100
-3070
-8172
6400
-8156
3095
-6104
10767
-7124
-13320
-2000
3851
-7948
-4330
-12264
5364
-12256
-4352
-7104
3326
-4080
11266
-5033
-6165
-13308
-4388
2068
-2294
-8124
-4085
-4084
-266
-7128
-216
-2020
9
-8184
-9182
-6112
-1309
-12276
1741
-10232
1799
-11208
3585
-7148
-3867
-14316
-7138
-9196
2820
1044
-4611
-11252
10244
-4060
-7922
-19416
-4079
-7140
8461
16
-4606
-8184
5869
1060
-6939
-9196
759
-19420
4370
-3068
-991
-9196
-551
-9160
-5103
16
4578
-7168
-4611
24
1788
-996
-4089
-9168
2037
-15316
-7952
-11236
6127
-15288
-248
-12260
3801
-11252
-265
-14276
1015
-8132
-3322
-4068
-6390
-6140
-9728
-14320
5884
-6104
1512
244
7661
-5116
2065
-13288
1535
-14316
13800
-16336
-1018
-8148
-768
-4060
-4088
-5088
-3348
-1012
4097
48
481
-11252
-6914
-1796
-8673
-8152
-3334
56
-2069
-5096
-11802
-8172
2537
-2000
1542
1056
6386
-4060
-7
-19424
-1535
-7136
-2067
-6124
-11038
4340
746
-8160
-6647
-2036
10476
-2024
-243
-7148
-10523
-5076
6154
-2036
-2562
-13252
-1497
-10240
-4079
-11252
1820
-5100
-4374
-8972
1560
4124
-519
-4072
9224
-3068
-4121
6152
-1272
-9992
-1545
-6100
7674
-10236
2290
-14312
-1507
-12248
2572
3088
7417
-1016
230
-10012
-4621
-7144
-2808
-7944
3095
-9176
2041
-17364
-12310
-4052
8206
-12264
-5602
-2832
-8179
-4088
6897
-1016
-6623
-1008
6412
-12060
11535
-7160
-10765
-19408
-14079
-12252
-7194
-6136
4088
-976
-2041
5336
9188
-13280
-246
-7948
5105
-1988
10804
-9176
-13544
-8144
-1755
-14264
-3829
-8188
-5126
-10212
-505
28
-7459
-16380
2275
-4884
8954
10248
1503
-4072
7707
-4060
1044
-6116
-1000
1052
-10027
4
2053
-10004
9453
-6916
3589
-8188
1819
24
-1030
-7164
-6413
-17396
-2804
-5056
-7444
-4872
7975
-12260
6113
2080
-2797
-976
4106
-988
-3826
-1004
-2614
-1832
-534
-17396
269
-6100
-753
-6084
-1532
-14328
-1539
-3052
7463
-6108
4361
-1004
4128
-5112
-2032
-7124
5859
-20480
3346
-16344
-764
-4080
-1041
-8176
-1546
-8148
-2581
-12284
9493
-6116
-1756
-1992
5589
-1016
-11778
-4084
-295
-2016
-6403
-1020
522
5176
4103
-10208
4622
-8132
7461
-9172
3064
-4076
-5614
-8168
-1276
-12264
-5644
-10200
-1783
2080
3813
-7940
-2334
-9152
-4632
-3056
-6388
-5120
-6893
2060
-4353
-9192
-4338
-7136
-9763
-3068
6892
-5104
1575
3324
1019
-5052
-1794
-3064
5326
-10220
1521
-13252
9205
1052
4110
-11240
-496
-3068
-257
-14332
-5612
-7128
4860
-2992
-1000
-12272
-499
-11256
-6416
2052
-2567
-13288
-5896
24
4386
-7136
5870
-1984
-2828
-3868
3328
-9208
8187
-7128
-1814
20
13534
-4920
2061
-7136
-5881
-7124
-5379
-17360
-8194
-12280
12777
-7136
-2555
-7132
-6408
-6108
5906
-5060
8407
3072
-765
-9200
-6648
-6916
3342
-5120
-5831
-5084
6146
-3872
4624
-15292
2572
-12276
-10225
-6132
-5903
-12280
-2036
3316
1539
-8192
-4877
-3020
6166
-4036
-11270
-7164
-518
-3064
17
-7148
9993
-10236
4869
-15348
-3558
1052
4850
-6116
4595
-988
10239
-4056
3350
-1016
-2283
-8156
6392
-2988
-2036
-12244
3590
-5064
-5397
-1024
5861
-12280
4370
-4076
278
-9192
-3864
-6116
8691
-13268
4408
-9192
3558
2280
-4628
-2820
-7163
2296
7717
-8188
5381
-5116
-14072
-4052
-18
1044
-532
-11117
2315
-3072
1337
-984
-2550
-7164
2544
-6068
-10229
-10188
16107
-20396
-15872
-11236
8195
7204
-8954
-2024
-10226
-5088
-1016
2088
-2578
248
6646
-10188
1798
-6108
-3849
-9196
-4
-6120
-4111
-8164
2817
-15304
4882
-3024
-2835
-14268
-537
-14260
7145
252
11552
-6104
2557
-8184
-6386
-11240
2082
-13304
5386
-8976
-4595
-4024
3856
-3064
3840
3108
-7404
-5096
9625
-5064
6385
-13272
-2534
-8156
4088
6148
-4617
-7128
1273
252
-4078
-14304
2799
-3000
-3348
-5104
-2057
-12248
-504
-7108
-6150
-4068
1515
-5116
-10757
-11256
-4884
-9192
-4347
-5096
-2076
-2024
768
-16136
2536
-9184
3104
-4076
-2572
-13308
1533
-8184
-2576
-10208
-10741
-10180
2027
-6104
3334
-9156
-2784
3076
-2566
-9204
6113
-4060
800
-3032
-4630
-7140
7499
1052
-3352
-18420
6661
-13068
-1525
-7132
5645
-6088
-1844
-10200
1023
-10200
-769
-6112
-3875
2068
-1538
-11212
7930
-5120
1258
44
-11532
-9192
5626
36
-3565
-2004
5106
-5900
493
5148
-3824
-15348
-3850
-10208
-7936
-7976
5883
-5120
4838
4
-7642
-1872
4859
-3020
-254
-9992
4039
-7140
-4333
-9180
1034
-12276
-2033
-13280
13321
-9992
-1781
-2012
-3336
-5096
990
-14292
8185
-13248
-5909
-1800
-7709
-8184
1277
-6084
5135
-1012
-5376
-17392
14328
-10232
-1787
-9992
1568
56
-7940
-4092
12795
-5088
-265
-13292
3815
-5060
-6887
-5104
6649
-15300
7944
4116
5108
-8156
-11795
-14316
2579
-6136
-5887
-4064
-2513
-7132
6908
-8172
5636
-14328
-6425
-12280
6929
-4068
-1803
-12244
-1824
40
-9751
-6120
-3590
-7144
9502
-992
-4093
-2028
-2312
-12248
4600
-5060
-1281
7184
-7185
10240
1779
-5096
5361
-10176
3296
-10224
9987
36
-3324
-10196
-3599
-7160
-3859
-5084
-1811
-9208
-4107
-14292
2572
-19404
3569
-17352
1002
-1992
-3081
-9216
-2835
-5060
3334
-13292
-3342
2272
-1551
-16352
1021
-9208
-5106
-5088
723
-10204
2022
-4064
1316
-8140
4339
-8156
3300
-2016
-6960
-10232
-1292
91
-530
-5076
-10222
-8144
1276
-3040
-6918
2104
1790
-7148
-9440
-14320
283
-6920
3580
-2016
237
-3848
-2304
-8964
3582
-9192
4376
7184
-4081
-10220
3312
-4088
-4610
-6116
278
-10232
13786
-14324
-7933
-7168
-2567
-15356
3060
-1016
10248
-10192
-3302
-11216
6649
-5068
-6613
1072
5090
-8160
-783
-4048
2064
-3016
25953
-13268
-5880
-19212
6132
-8152
-3546
-3052
9254
-8120
-757
-984
-5384
-5904
2815
-13288
-1808
-3848
-6406
1076
-3059
-10232
-6933
-2004
-2041
-14304
-4098
-9188
2327
-5096
743
-8140
-780
-17344
-1034
-9200
-6388
-9208
7704
-9200
7449
16
1787
-5092
-1032
-9192
787
1084
-11743
1064
1043
-12236
-794
-4876
-4832
-13076
-4830
4128
-2083
-4068
-8688
-11244
4376
-3044
-5682
-4076
12030
-5092
5087
-6124
1021
1056
9731
-2032
-5650
-5120
3098
-9184
6687
-1000
5434
56
-6143
-13268
226
-9188
12547
-18392
-15339
-4080
-2330
-7128
1044
-4032
8952
-12272
-2535
-13272
2778
-14276
-2262
-12236
4851
-1984
9194
-11036
6108
-9216
3359
-3848
-2557
-992
-4572
-3056
510
-996
-743
-20464
-509
-8168
-3054
-972
-466
-3844
5113
1072
-6658
3096
1293
-7160
-7410
-8124
-6410
-4064
1535
-8152
3596
-11232
-2810
-8160
-1322
-1988
-14854
-17340
1785
-12201
7644
2092
-2030
-1796
8185
-17392
3340
1028
1007
-16356
-2830
-10184
4369
-16336
-1552
-16352
-12579
-19424
5363
-12256
5659
-9144
12264
-9180
-6655
-1020
-6362
-17400
5905
-8192
-5894
-8160
5440
-988
2576
-3844
5925
1276
2571
-9180
-15362
-11208
1014
-8148
2576
-10228
-4098
-12272
8224
-9156
-1489
-8160
2841
-5092
6157
-9172
-1523
-3052
6389
-11232
525
7200
785
-3016
-5913
1064
-4346
-7112
-2556
-2008
-5903
-7152
-2029
-7164
-502
-4080
-7687
-10160
2334
-8132
-560
-16348
5642
-3020
12791
-16324
4606
1060
6153
-4904
9221
-4048
-2274
-4056
-3304
-9184
-6171
-6096
9213
-5084
-5617
-9140
-3847
-6132
-8949
-9172
2890
-2016
-16
-6116
257
-5100
-6140
-6092
2785
-12040
5629
-4056
-7456
-13288
-752
-4064
-2600
11272
-6133
1052
3572
-17360
-1770
-8188
-9723
-16380
5866
-19400
-5646
-21436
2804
-6124
-8945
-22252
-3278
76
1796
16
-8484
-25312
-5904
-13260
2858
-11236
8732
-6120
-2814
-11204
-5369
-17364
-2574
-15340
-1532
-2004
10509
-12260
-4845
-8168
-2042
-15352
8709
-6124
2820
-3052
-9972
-7148
-295
-3008
-207
-12252
502
-7104
-5328
-9172
-3841
-8188
2542
-13060
-1262
48
-6908
-12276
-1825
-11264
-9736
2056
6673
-3020
4063
-6128
2825
-8180
-2352
-10236
4076
-10212
-270
-14088
501
-9200
1250
-1008
-10266
-22256
2
-5056
-1231
-10208
3073
1076
6368
-5100
-2816
-14300
-5907
-5084
-6160
-17376
-789
-9164
-6657
-16352
-5356
-13280
6131
-13264
-11223
-3036
-2313
-5080
-1058
-13256
-4337
-4080
3291
-8160
-7675
-5092
2807
2096
-17908
-1016
11795
-8184
7983
-16136
-9490
-13272
2856
-11232
-5872
-4080
-7962
-10176
-4629
-3064
-5611
-9168
7691
-2988
2025
-16332
4084
1032
-277
8244
1247
-26320
-2779
-3064
-1799
-3068
997
-6116
-3311
-8164
3350
-3060
-1004
-16340
3823
-7128
-5106
-9168
3831
-23240
-2034
-8156
-11560
-9192
-1013
-12248
3853
-9164
-6642
-1000
-5152
-6128
-1274
-7132
-1557
-7144
-798
-8164
8440
-12264
-1560
-11232
1030
-8172
7432
-8128
-5432
-9180
-3359
-2020
2043
-5080
-536
-992
3300
-9996
-6650
-6080
468
-16300
-6653
-11228
-2016
-13296
734
-13248
-266
-12208
-5658
-8180
765
9260
7676
-9196
-509
-6128
-2068
-6116
-14
-3020
4818
-13280
4362
-4072
1744
-7128
-4616
-14304
-3039
-7124
4892
-7168
41
-992
-7954
-15332
986
32
3844
-1024
515
-15324
-9255
-6132
3888
6204
-5363
-7136
768
-12272
2796
1052
244
-2048
-7905
-4056
-6941
-6120
7891
4136
256
-14288
-4609
-10208
8715
-4044
5120
236
-4364
-19448
2560
-13280
1807
1084
-10246
-10180
3817
6156
12365
-5096
-2570
-16352
2821
-14284
1271
-4012
-12055
-14296
781
-10212
-11273
-7136
8469
-3032
4325
28
-4306
-22220
-1540
-1024
-6116
-10192
5128
-11244
-4591
-10224
1301
-8180
6130
-8184
-6157
-12228
-12555
-7168
-14593
-10212
-4364
-16380
-247
-6112
5865
24
-5622
-11224
5637
-9192
1572
-3044
-8206
-15332
4130
-8168
10241
-18408
1538
-10212
-4867
-12268
747
-3056
5635
-14092
-3364
-14304
-1015
-4084
-788
-15320
-5898
-16356
-3314
-6092
238
2048
-10252
-12276
-225
-8964
-12831
-12208
2555
-8184
-748
-3848
1257
1052
3360
-1012
8180
-9168
-4836
-9216
3066
3124
4857
-6112
493
-8176
-3560
-13252
-8963
-6100
5605
-14296
-2554
-10216
5623
-8120
2568
-15296
1291
-12040
-2036
-10224
-8197
-18180
8680
-8156
-11539
-6104
3356
-14280
-5899
-10216
4605
-16332
3538
-6116
1524
-3044
3814
-9184
11309
252
-3818
-988
6935
-2008
3885
-6144
-1764
1276
3344
-7116
1040
-17172
-7686
-2024
1768
-4076
5593
1044
-248
-6080
-10532
1040
7674
-11196
-3821
-15360
8202
-4076
1810
-11224
-4100
-6944
4053
-6128
1023
-1992
-759
-1016
3810
1268
3042
1036
2808
-12252
2573
-9200
279
-12264
6153
36
-5365
-1968
-6435
-6104
-12050
-7156
-1778
-13292
273
-9184
-272
-17384
1772
-11224
-8441
-8148
-2539
-9156
4609
-11216
515
-4028
-4130
1056
-6654
-16308
8727
-5088
1032
-11224
12290
-6080
-4376
-10180
507
-7168
-6383
-3024
5406
-18372
-6926
-1891
2582
-10224
3583
2288
1276
-10188
-4611
-14292
5607
-8152
3625
-9216
-2568
-12212
5136
-7156
-1524
-17356
1550
68
-503
-8184
4056
-17388
-4099
3088
1322
-13072
2793
-4060
3342
-5088
-236
-8148
9447
-14320
3046
-7124
11531
-4868
-5107
-12240
5634
-1004
6182
-18392
3087
2048
5126
-10208
3085
-10204
11487
4112
-2228
-8164
2743
1064
493
-4876
777
-7148
6630
-11220
-4355
-8144
-1263
-4052
3
-11220
-5638
-11220
-3871
-8168
-1551
-12232
-253
-8160
-8973
-3032
1310
-984
-1578
-7940
1019
-15316
-3569
-7100
3067
-4060
-7662
-2000
2022
-7152
-4610
-16328
5588
-2024
4368
-17392
262
-8148
5910
-988
-2567
-11236
-4881
-12248
-1549
-5048
2768
-16348
6147
-6128
-4382
-8148
-2039
-13088
3106
-7152
5647
-7100
-1495
-9212
7954
-3048
13
-6100
8217
-4064
-8217
-14288
1265
-16324
8410
-6108
3831
-5088
-2537
-12272
-2810
-1968
-210
-13260
3342
-8964
7937
-3052
7972
-10212
-3611
-10188
1277
-9196
6915
-4092
10465
-11224
-8460
-9168
1560
-8180
-3067
-1012
-4342
-7132
1821
-16336
7943
-8156
-4085
-5096
-1274
-11204
-3331
-13264
-6915
-10228
9723
-7140
3076
-17336
-2320
-6104
5351
1056
-6399
-16356
-223
-11220
-5392
-15292
-5861
-4052
2063
6368
2049
-9208
-5611
-2016
762
-6932
11267
2288
-26
-9180
5631
-18416
-8696
2088
2573
-12260
-9
-10228
-6399
-12236
-2837
-16336
-2051
-14320
4877
-6128
8989
-8176
3340
-5088
-2800
-10240
-3052
-11224
-1543
-8984
3563
-16384
787
-5096
-2045
-5108
-1287
-11264
7438
-3044
-4111
-10168
9282
-780
-5875
-6108
-1849
-13288
-1287
-3056
-3325
-10192
5886
-5088
-7670
-2820
4092
-6972
-503
-8160
-1032
-6112
546
-30448
5371
-10212
-4087
-4068
-2313
2108
-2564
-17372
-7136
-9176
734
-9204
9976
-9216
-249
-6068
-9717
-9200
-3073
-956
-9227
-6108
-5115
-7132
3312
-5044
1525
4344
19172
-12244
-2031
-10168
-11482
-9196
2314
-11240
-6649
-10220
766
-15356
6164
-4068
4090
-7156
-10469
-10196
-2347
20
-2568
-14296
-2578
7216
3806
-15288
495
-12048
-5385
-22212
-9251
-9180
1294
-10204
-296
-7948
8705
-19424
7424
-7132
-7155
-8164
-9476
-8188
-10538
-9208
1508
-4060
-4309
-3056
10503
-9212
2523
-3020
-511
-11220
2068
-2004
-1042
-13284
-1529
9228
-3087
-11236
-2816
-10216
776
-11252
14319
-9196
-5345
-6928
-3824
-792
236
-5068
7190
8
8672
-6116
-7675
-8160
2296
-7152
-6
-6116
-5626
-8192
-5
-11248
-4588
-7156
-3585
-14324
-257
-4020
-2576
-11220
-2530
-7116
11501
-13308
1806
68
-5374
-8152
7652
-15340
488
-7124
6108
-6116
-14389
-14280
4569
-8140
-755
-14296
-7132
-12264
4596
2092
8970
-3056
-2837
-10220
8422
-8160
-2023
-2012
4099
-18412
8178
3324
8726
-3012
3049
-13288
4337
-10192
12834
-6132
-766
40
3357
-4872
3799
-12060
4348
-7168
-11802
-4064
-2792
-6136
-3056
-7160
497
-2036
2035
-4068
1791
-2024
277
-11224
2796
40
-7673
-9180
2813
-8144
758
-2032
4085
-6100
1025
-21460
763
-12284
1038
-7144
1293
-9168
13521
-7120
-11002
-7168
-3336
-21496
6403
-12264
-11539
-2012
2556
-6104
-536
-4072
-4369
-9168
2851
-18424
4797
9268
1051
-14308
-4635
-4056
10221
-10224
4338
1024
-5618
-11220
284
-8164
2071
-17408
5636
-13292
-4622
-3060
3853
-976
-2
2116
-10499
-9200
6170
-9216
2540
-4080
-2869
-4068
2298
-20428
975
-8140
1517
-20424
2581
-4080
2058
4
11776
32
-6114
-984
1551
-7168
3546
-16356
-3311
-7160
-1265
-3044
6950
-8152
3578
-2040
8732
-11208
11559
-11240
3566
-9168
-5624
-12216
3844
-8152
504
-11232
1508
-6116
-9203
-952
511
-12280
-8186
-2048
10232
-6116
50
-13300
-3599
-4048
-9213
-7116
7458
-12252
2288
-2004
-7925
-1820
-5402
-3040
5374
-3032
2329
-8968
-3640
-15344
9453
-9180
3067
-15356
10253
-16348
3593
-5088
2032
-12264
3823
-4876
-9696
-10240
-7424
-13276
996
-10232
-10513
20
741
-3864
-1788
8232
1567
-11248
2808
-6112
5351
28
-8667
-11224
5130
-2008
-2095
-4036
1565
-4044
-10253
-10204
3623
-5080
5885
-3052
-3069
2068
9723
-6128
-6341
-6920
-3114
-5088
2079
4128
4381
-9180
-3819
-7128
-1780
-984
5094
-12272
5169
2048
5635
-9204
-4854
-10216
5115
-17396
-8683
-6128
2056
-9176
3567
-8184
-4595
32
-2812
-16360
-3044
-7112
8228
-4088
7395
-6104
9700
248
2568
1056
4356
3324
771
-12212
11496
-7128
721
-5076
-791
-2012
-2314
-4064
-4861
-16352
4603
3104
6680
7196
-5387
-10224
4092
-6140
757
-12248
-3058
-5084
-3870
-15324
-5600
-5068
-3052
-9180
-537
-6124
10240
-8152
3062
-4068
-1531
-6092
3093
4116
16933
-19376
-6342
-10188
-1596
-12232
-10733
-17388
7980
-1024
4859
-15336
4877
-13064
5361
-8148
-8924
-5892
-1274
1276
-2040
-3848
-8231
-14308
3845
-972
6664
44
1289
-3016
-1772
-2032
-3801
-10228
2314
2048
9466
-11256
1812
-12272
2826
-6112
7427
-13312
-5641
-19396
17379
4128
2550
-7156
-4083
-976
-512
-18372
3793
-21452
5119
-3872
-239
12
-3332
-3864
-1567
-9216
-2768
-7940
6156
-17368
-4357
-8156
-4884
-20480
6443
-5108
-9230
-18416
-5367
-11244
-3331
-2048
-2301
-4068
2806
-6128
6938
-2036
-6642
-3040
5609
-6116
11995
-6108
-6655
6208
-7937
-3040
-233
-2008
-1242
-4064
-2040
-9176
1258
-8176
-3843
-7144
-6127
-7952
5396
-5072
-9775
-9172
-5358
-10228
-3086
-11220
-6370
-8176
2786
-12244
-3047
-8968
1286
-3060
-242
-11216
2799
-12256
4089
2080
-3858
-5100
-1751
-6128
5910
-9200
-302
-1980
-1286
-11248
-10473
-9184
-1242
-15324
-9464
-7084
6382
-11212
1310
-9180
-11
-7140
-10196
-2040
3317
-18376
-1009
-2008
9698
-4076
-5406
-6072
-1791
-3040
-10735
-10168
-10011
-8128
-2549
-16364
-1035
-4064
2809
-8128
6916
-11232
-2076
-10216
1753
-6084
3600
-3060
-7937
-4052
9465
-8144
-536
-8156
-2782
-4048
-6659
-7160
-303
-15280
11241
-14324
-4851
-10212
789
-4060
-1048
-976
239
-3048
-2314
-16352
-294
-2024
-2804
-14268
4096
-2032
-7969
-2820
6393
-7124
-9485
-7120
5877
-8160
-4622
-9192
-775
-9156
4615
-17392
-7957
3324
4868
-6112
4625
-13284
-4119
-10188
-1777
-11256
-5349
-9168
-2846
-3048
8707
-4044
-1546
7196
-61
-6084
-6681
-6916
7444
-16380
-8412
-6132
-4359
-13256
7669
-8128
-6358
-11248
14069
-11248
-5402
-7152
-2052
-9152
3080
-8116
-8220
-1024
-4360
-5080
-3366
-5092
-242
-6124
1524
-7144
-3089
-6920
1044
-7120
1557
-11184
-4379
-16344
2549
-2000
-4358
-10220
3585
-10216
-6142
-5080
-3592
-8180
3093
-6128
-476
-9180
4831
-8136
-5652
-4876
1524
-6124
-3055
-992
-511
-992
6666
-3044
-1028
3120
-248
8436
-4341
-7152
-4374
-13217
-5353
-15320
2838
228
-6385
-15360
2566
-11260
9463
-5072
5640
-10232
1572
-12268
7451
5172
9166
-5896
-772
-18333
4339
-3048
-239
-3064
3092
-11240
-4082
-3024
-4090
-20396
-5402
-8188
2339
4124
2329
-17376
472
-8148
-2027
-4076
-1555
2076
-44
-7152
1029
-2020
-5397
-6136
-10512
-8168
3548
-7144
-1241
-9160
-4117
-6116
3822
-9192
-7469
-12276
748
-9172
6120
-5068
2306
-13312
11538
-5092
-6410
-7132
-3577
-3004
-2047
-20440
11768
-14308
2078
-14328
2305
-8172
-1283
-9184
-3847
-10236
9003
-11224
799
-8184
4882
-5084
-7941
-18376
-256
-2820
-11738
1040
-4591
-12248
-521
-10216
1784
32
5127
-8108
-2574
-9192
-6881
-6116
9239
-11248
-6661
-9160
3052
-8172
-6143
-9152
-547
-15324
5840
-18428
4077
1080
-1560
1044
6902
-2048
761
-5092
-2802
-4088
-4329
-17348
7948
32
255
-14312
-5366
-2000
15099
-10164
-12036
-13308
3084
-7112
4624
48
4889
-3068
-3618
-16360
1549
-7168
-3840
-15336
-1524
-11232
-3078
-8156
-2061
2096
-4600
-15332
-2559
3116
-12308
-14300
-5905
-13288
8973
252
2038
-5092
-24
-11236
-5113
-15328
-298
-8140
-6943
28
2332
-8180
2851
-9136
992
-7104
12332
-6100
4632
-6124
-8431
-8164
-3584
-1984
-1517
-10216
2045
-6112
-3845
-12256
11528
-8160
-6644
-968
-5663
-10208
-500
-13236
7928
-3032
2559
-3052
2556
7200
9236
-18424
4069
-13260
-2808
-984
1283
-17396
2335
-12228
492
32
-1272
-4048
6635
-15120
-472
-14272
7439
-5080
7399
20
-6917
-2020
7951
-10208
-2568
-10192
-259
-5092
4606
-6112
-2052
-10164
2552
-7940
4617
-10228
1271
-8164
3065
-6096
2337
-2000
14321
3088
-15
-5084
3313
6180
5880
-4064
-768
1040
-2305
-22232
6371
-22236
-8458
-1020
-5870
5164
794
-14104
-2281
-22264
-3860
-7100
-1555
-15356
-37
-1008
-3622
-13280
5343
-13296
26
-13260
-1826
-6108
8169
-15300
1551
-9192
-3575
-1008
-3355
-8168
11503
-24280
-6133
-17368
2516
-7168
10905
-12252
-5087
-6100
5637
1276
-3564
9248
-9730
-11228
-4080
-5116
4372
-10172
1786
-8152
-8425
-10232
2536
-10208
2039
-9208
778
-9188
5373
-12268
2787
-9204
-503
-8140
-6933
-11256
6429
-9192
2863
-13272
759
0
-9219
-12268
261
-5084
4637
-5084
-1294
-1012
-17163
-17348
-1031
60
4600
-8164
-1270
-5100
-4374
-3040
1811
-16372
-5119
1036
8969
-1996
741
-12272
2340
-5892
5625
-9204
780
-8136
-249
3104
3267
-1012
3323
-11236
1295
-17388
3563
-10228
-5395
-2000
-1263
-17340
-486
-13252
-4349
4
-526
-6128
3084
32
-5621
-3040
8711
-5052
-1513
-7096
2295
-10236
3314
-25308
-3317
-9172
4607
-14288
-269
-8136
1794
-9136
-492
-9164
226
-3056
7932
-14268
5181
-3844
-464
-5052
-35
2096
-2326
-16320
-5637
-9196
-9213
-5064
4047
-1000
-11768
-11012
2809
-8152
-3586
-12248
6432
-17392
7925
-8180
4349
-20464
5392
-14084
6430
-1012
9749
-11200
-510
-11260
5108
-17344
3026
-12052
6173
2080
3819
-16376
-3616
-11212
2317
3108
-1781
-8152
-1027
-3044
-502
-11252
1558
52
8970
-11236
3317
-5068
-1742
-20232
3601
36
11264
-8140
4339
-18380
246
-3032
1064
-1992
-1281
-11196
3585
-8152
2842
-10204
-994
-4020
-2579
-4040
4086
-3040
10230
-10192
278
-3008
-1269
-14284
4331
-5092
2307
-9176
-2054
-6136
7677
-6104
-4789
-19436
4110
-18404
12286
-9192
8976
-1996
524
28
-5400
-8164
3331
-12232
8196
-8168
-522
-10168
1319
-8152
1013
-32500
-10773
-8124
-2322
-9164
5145
-3068
-9657
-10224
-8190
-17404
7185
-10224
2064
-6136
-1776
-22272
-232
-8156
-8414
-5084
4874
-2000
-2332
-4064
3352
-4048
5387
3108
4612
-7940
2319
3124
3552
-10224
495
11300
-5345
-18408
-3563
-7116
-6436
-9192
-1068
-9136
5642
-1004
262
-15352
505
-7140
-4363
-8168
-4853
-7152
530
-9160
-1568
-5100
-3595
-4048
-4083
-8168
-3329
-15324
7703
-4092
-7694
-10200
5404
-8964
-3596
-8132
4557
-8168
-12838
5128
-4121
-5908
1758
-6144
-3049
-5084
-9743
-12268
-10233
-4092
-4327
-15340
-9456
10252
1805
-8176
4587
-14296
-256
-18204
-1027
-6124
-7902
-8132
-2278
-7132
3290
-16376
-2805
-14296
9223
-18416
521
-8160
-10739
-1008
-6443
-5072
7151
-11244
-1496
-10236
-3810
-7136
-1515
-4040
2815
-9192
-3075
-8164
-4578
-9192
1019
-7152
-3839
-3052
514
-3072
11247
-7156
-4062
-2008
4881
-3048
7679
-7168
-1277
-4028
1779
-8964
5614
-17380
-2825
2060
-4610
-7152
7644
-7132
2049
-10208
4863
-10204
-15601
-5084
2564
-7948
7176
-984
-9725
-3068
3082
9232
-993
-16380
8702
-16376
3543
-9208
-5637
-3036
-5362
-3040
-1569
-9180
2059
-2836
-10494
-7940
4859
-12252
1017
-12236
8687
-4060
-8185
-5892
4095
-14316
2806
-9156
-2040
60
3855
-996
-7409
-6140
6644
-13284
-4347
-8180
8444
-9164
6907
-6092
-734
-6068
1763
-5064
-1070
-18376
-781
-7148
-3835
-19388
-8677
3120
7161
-9172
-5425
-4072
-2549
-6092
1775
8432
527
-8152
4310
-7112
-2293
-3024
5639
-6120
7958
-6060
-5668
-11264
-2823
3088
2816
56
7444
-6916
-1278
-20432
-776
44
1028
-12060
2056
-6096
-6429
4112
-6387
-19412
4567
-11244
4117
-13312
-2858
-12212
-255
-6124
3082
-2836
-5897
-7160
4875
-2044
5621
2280
1794
-13068
-1283
-4884
-1535
-11252
-776
-16380
-19469
-11236
-1781
-14280
7162
2088
4911
-4032
-6676
-4060
-2056
-5092
4080
-8172
-9941
-17384
-2553
-3844
1002
-20440
510
-8184
22
-996
2811
-13284
-5904
3116
-2082
-12268
-5621
28
-791
-7136
1305
-9192
1057
2068
-7943
-9212
44
-13268
-17762
-13272
286
-16384
8436
-9196
-231
-11248
-7432
-20432
3088
-9200
-4058
-13280
519
-5068
-3306
-16368
10254
-13276
5651
28
7400
-15336
2308
-7144
-11030
-3072
5613
-5072
249
1044
2571
3136
-4607
-16356
-1250
4156
776
-2012
3622
7180
-2593
-9180
-8424
6156
1776
-8144
1289
-9164
19467
-11244
4637
-4072
-3818
-15324
-6929
-3024
-256
-9176
-4872
-4036
1538
-11232
3335
-6128
-283
-1004
9694
-12268
-1507
-7116
6664
-7140
5886
1064
-6386
-8156
-1809
-8180
7152
-6112
-11497
3124
993
-3056
3071
-9188
-4115
-7092
-6647
-988
2347
-7952
-6903
-6096
6931
-5108
1279
-9200
500
-2016
4104
-14308
-6128
-8160
-16919
-3028
1759
48
-218
-9160
-2824
-7940
-4077
-10200
-4380
-4076
-1291
-13084
-6401
6176
-4090
-13264
1037
-13312
1270
-7152
-2804
-13300
8766
-5116
984
-6096
-6889
-5072
1541
-7116
2035
1264
-1782
28
-7897
-13292
-4058
-13260
2826
5132
2818
-12244
3096
-9200
-1031
-13288
2315
-984
-3560
-14328
1540
-7152
7955
-992
4111
-6092
1028
-9164
8188
-9200
-6663
-5116
4618
-6140
3580
-2824
-8976
-13296
1512
-9168
-4327
-7100
-6652
-18424
-8913
-6100
-792
-15344
1026
-4092
-6411
2056
6881
-12236
-2584
2060
-4870
-7168
-3843
-13276
3309
-6120
2788
-9208
-7677
-9156
-4
-7140
1785
-8176
2306
-10212
3316
-12260
-3048
3116
2294
-4048
5890
-14296
2814
-4060
-4074
-9172
755
-15316
-2574
1044
-2818
-12236
-283
-2024
-1568
-996
7434
-6084
6658
-8144
-7931
-14312
8737
-5064
3563
-4056
-5634
-5076
-2335
-10232
-17139
-3844
-2819
-11228
3337
-9216
5097
-17376
-5632
-5892
8912
-16348
7138
-7128
464
-2044
1279
-3060
-2327
-11044
4587
-12036
4360
-11252
504
-14292
-8695
-11220
-1803
-11236
-2061
-15348
8179
1080
-755
48
5686
-18380
1015
-5096
5071
-980
2340
-4056
7941
2300
3028
-10240
-5622
-4080
4620
-10228
8175
-1016
1283
2076
5628
-8148
-6921
-5096
-9430
-13248
-1274
-14324
-1811
-10208
3332
-6108
-9451
-13292
219
-18412
-1547
-6120
-1314
-12228
-3627
-12228
746
-12256
2045
-3040
-2839
-9212
-776
-7084
-3073
-16340
2585
-9200
5926
-6108
-9170
1088
-1282
-6128
-1552
-5072
3065
-6112
-1768
-8176
7925
-15340
-3309
-3044
6178
-2824
4838
0
-11503
-11240
6433
-14288
-5390
-14088
-530
-13288
2280
-7108
2055
-7152
4624
-7073
-2040
-25340
5363
-788
-3815
-15324
-4870
-6112
4123
-12236
6937
-6084
7915
-1004
-3327
-2024
-1293
-3060
-5666
-14304
-3598
-4796
4062
-15352
-9191
-10188
-17
-3052
-5370
-16344
3842
-14300
-6639
-9188
259
-3036
1552
-13292
-7980
-12232
-1311
27424
-3600
-12272
-8167
1048
3091
-6112
4608
-3044
1770
-12260
-2513
-16324
10542
-14292
2275
-6924
-1347
-984
-3347
-5072
4075
-8192
4914
-17368
2316
-7148
8706
-3852
-5863
-8964
-776
-13296
4846
24
1780
-10180
-6154
-3052
5627
-4872
-3336
-6068
3048
-13268
14
-11252
-6887
-6140
4088
-5056
5871
-6084
25
-6092
1055
2088
3838
-5052
2295
-9168
-2282
3104
8686
-8168
34
-11232
3876
-6132
4590
-7156
-5365
-11236
1055
-5068
-2543
-14308
2537
-13304
-2766
-3036
-5116
-996
7223
-1004
508
-13256
-1041
-23252
-8922
-5056
3335
-4048
-4127
-4076
-3547
-15112
2822
4152
-2025
