-10228
-1787
-8136
-2856
-6108
-7180
-7132
2807
1032
-9
-7124
-6394
-2004
513
-16332
5371
20
-2541
-18396
16371
-5120
-8680
-4060
1567
1064
-6392
-24308
-5900
-4068
2841
-9176
-4609
-7116
-4380
-6920
-2577
8192
-1018
-968
-4567
-972
5127
-9200
-9005
-7140
2526
-976
-8974
-2824
1772
7404
-11010
-1996
993
5156
-4068
-6120
8704
-11216
-498
-11012
-277
-7944
-7911
-10208
1283
-15280
-6648
-2840
4621
-3036
3836
-2820
-2300
-11228
-3850
-2028
-4836
-6037
6381
-8148
4875
-7116
6176
-7160
-1531
-15308
-725
-10200
-4832
2096
7913
-13232
-2007
-1984
7669
-7160
-11033
-5104
13310
-5044
4880
-992
6164
-11240
-8432
-11224
5856
-4040
-4076
60
-1852
-7168
3842
-15324
2583
-7096
6441
-13228
2575
4128
-5886
5156
-2830
-18428
3581
-12240
-1780
-8172
-5375
-1004
5121
-12260
3845
-14276
-230
-960
6132
-988
540
5176
9963
-20436
2792
-13276
8722
-14284
3356
-2032
2066
-12248
-1506
3112
-518
-12228
-1519
-5096
3621
-9176
3325
-12256
7441
-14332
3341
-6144
-9194
-7132
-2595
-8152
-4116
-18368
1017
1028
-4636
-14316
20551
-6916
-1047
-14336
-4624
-12252
-5930
4108
3833
-1024
-2265
-5900
6890
-20448
757
-10216
6390
-14308
2818
-8176
-7146
-5084
-1044
-9996
10286
28
5152
-13288
1272
-2000
1523
-13248
-1790
-10208
-2288
-3060
-5393
-10184
-762
-3040
5336
-11244
534
-11224
7402
-6068
-2524
2076
15632
-8180
-1309
-13292
3072
-3036
-11750
-2844
5385
-3028
-3074
-6116
2073
-7164
-2306
-12220
13
-2012
4073
2080
-3561
-2832
-1278
-3028
5102
-9992
14374
-3036
-4585
-4068
7191
-6128
-1812
1024
-20715
-6108
-7185
-5100
9442
-8172
3842
-9196
5159
1036
7131
-9168
8455
-3012
-2823
-2004
23
-19432
5154
-5068
-3829
-17360
-7139
-10200
7171
-2008
-5388
1084
-1257
-14312
7176
13356
4076
36
-2061
-6080
3062
-4056
1294
-18396
2553
-9192
1562
-5100
7685
-11252
-9729
-6144
-3857
-11216
2830
-12276
-1287
36
-2289
3312
1541
24
8697
-9196
6916
-772
524
-4056
3325
-13064
2843
-3004
-6927
-12244
-2562
-6088
-6930
-11244
-3065
-16372
-2583
-6112
-7910
-10204
-2553
-14284
-3852
-4024
11279
-5100
2323
-6088
1527
-20420
728
4120
520
-9172
-6411
-976
999
-16340
521
-7944
-309
-944
766
-11220
4106
-16364
-5148
-12244
-280
-6136
-1
-9184
-5109
-6092
-2038
-8152
3593
-13296
-1807
-4076
-1018
-5112
-5144
-5088
-2070
-16368
-4587
-10220
6141
-7120
6390
-3008
-8749
-12264
-2579
4120
8155
-3032
4653
-10212
11772
-12284
-499
-972
2322
-6108
495
-9176
2301
-9188
5087
-988
3084
-11228
-8456
-8160
4861
-8144
-4345
-17392
1294
-6920
-1276
-10000
246
-5120
5383
-9196
-1540
-7948
9426
-5080
5882
-15312
-4059
-6100
544
-9188
4584
28
3102
-13264
-3058
-4076
3048
-19412
8972
-1024
1301
-3024
3349
16
6919
-12272
-503
-7124
-4336
-5072
17935
-2016
-7667
-972
2325
-19392
-9460
-11188
-8220
-6100
-1031
-10216
5
-10196
2852
-1812
-2812
-2044
7185
4096
751
-2828
-6424
-8968
-5874
-12236
-5107
-6128
3062
-7148
-2052
-8160
5591
-11220
266
-3060
-3869
-8184
-6133
-7124
536
-8184
-9974
-8156
16111
-4060
-8984
-8176
-4638
-12060
-4127
2288
4117
-13276
778
-5084
549
-9172
-524
-17404
2796
-1808
-7669
-7120
3326
-10212
1296
-3032
-4593
-7120
1290
-5100
216
-12244
-11498
-14288
13042
-5092
2522
-9192
-3076
-12264
5117
-5080
7439
-6120
3097
5168
5094
-5080
-3054
-3040
1258
-17400
5133
-772
5098
-4052
-1753
-7156
3267
-19440
2818
-4096
6152
1088
-7159
-7164
5380
1036
2035
5144
3331
36
4598
-2004
-2837
1076
759
-7156
6144
-8164
769
-6108
3301
-21452
-1530
-5036
-10746
-9176
1498
-9204
6644
-9192
-7689
-9136
-3585
-10232
3321
-8156
2594
-6136
-4865
-18184
-3867
-11228
744
-1020
7672
-14296
505
-5096
508
-7116
-3827
-10232
-9973
-6088
-5357
-8176
8170
-8964
-5132
-14320
-6154
-4052
-4644
-4068
2818
-12224
-217
-9152
-5378
-3052
3365
-16340
3347
-2048
5694
-12288
1769
-5100
-6857
-5100
1023
-2012
-2292
-11256
2276
-6120
-6656
-8164
-7462
-7128
-2581
-8144
-11256
-12280
-258
-1816
-231
-10200
-1047
-8168
-3600
-10224
-1524
-4868
-5635
-12236
3848
-996
2298
-6104
3816
-24276
-6410
-2012
3598
-16368
1788
-992
-515
-12224
18943
-6080
-10981
-3048
8934
-780
-4145
-10196
-3270
-1012
2784
0
5128
-7148
7178
-5068
2349
-5088
6143
-11240
2604
-12268
-7193
-12260
6870
-8156
-4342
-12236
1050
-5084
-4378
-6120
6675
-11260
-1813
-6100
1281
-5108
-5380
7200
-2795
-10232
3338
-8188
7928
-18384
11011
-9204
4899
-10200
5116
-5096
1304
-16384
9218
-3056
1028
-7160
9694
-7144
-5614
-9204
2351
-21496
2816
-12264
2048
-4088
-228
3096
-507
-5080
6164
-2020
-2080
-784
3867
-8152
3357
-13300
6395
-9988
7191
-11244
-6934
-5060
-3884
-2048
-7166
-17336
9206
-11196
-522
-9204
-5648
-3028
-8716
-8140
-1785
-8192
5105
-20416
-7671
-2000
-1776
-4048
-6898
-16332
6631
-10216
-2556
252
-1544
-8188
-1533
-4068
-2086
-9192
-8170
-6108
732
-14112
9711
-17364
-1801
-4868
-309
-8172
778
-9192
5379
-11244
-521
-4056
1005
-8984
7699
-4068
816
-10212
1023
-6124
228
-8976
6670
-9172
7670
-9156
2058
-5080
-8707
-7140
3084
-2832
-483
-7136
-3808
-13304
-6143
4340
6126
-7152
2068
-13300
-2331
-6068
8466
-5080
5620
-4064
-2572
-6120
-6119
-2020
-1020
-14304
-1293
4116
-7431
-4052
-1302
-9144
-1807
1040
6888
-15324
10995
-4048
257
-12264
-9745
-4040
6384
3296
2301
-3060
5141
-7156
5624
-11256
-3054
-8188
-3598
-22232
-768
-5060
-754
-2000
2033
-11240
-10508
-5056
6939
-14300
-7678
-21464
1551
1052
-3293
-6116
-4373
-10204
-10260
-6140
-5374
1064
6890
-13284
-5111
-4084
-5645
-8172
3351
-6100
1273
-11248
-24134
-7168
2590
-18392
505
-10224
6179
-13264
6650
-7160
-4621
-5100
257
-10188
3301
-9996
-2044
-988
-8442
-9208
7179
-12036
765
-3056
-2072
-6108
1014
-18372
-1763
-12240
-519
-5112
-6360
-21468
2268
-7096
6391
7180
10510
-7148
-4858
-3048
7147
-14324
-2559
-7120
5121
3096
746
-8972
-10728
7180
-6876
-11228
4080
-16320
-1249
-5044
3582
-2028
-1771
-7136
769
-9164
2288
3092
-5391
-5116
4873
-976
3059
5164
-6153
44
-3066
-6029
-260
-14324
-4384
-4084
6682
-9172
-2558
-4068
-1771
-7152
-2052
-7140
2565
1024
1525
-9192
7429
-12256
499
-992
-5130
-6116
4351
-4092
-5107
-984
1570
-3048
9432
-13060
-3061
-7132
-7930
2080
6645
-4064
4889
-12224
-4656
-10212
10245
-17396
4611
-8160
3825
-13100
997
-14308
-7165
-3052
1228
-5100
3572
1272
4890
-15356
-2072
-3032
-484
-2016
-4851
-10216
5361
-12036
-8174
-2016
-3576
-16332
2562
-8140
-525
-8176
-249
10335
10235
-17364
2312
-11236
-513
-11244
-7052
-7132
-2574
-12272
4354
2284
1757
-9200
-4335
-9192
1547
-6136
4106
-2008
3305
-992
-5337
-9192
3833
-7156
9242
-11228
-6943
-11212
-9478
-7124
-5132
-13284
-6409
-12208
-1289
-4084
-3855
-13272
-2016
-6136
-504
-4060
-5377
-6096
11270
-1804
6443
-4064
11258
1032
-8695
-11244
2807
-8176
-12835
-5088
-4347
-6132
1535
-8132
-3068
-7160
-3561
-12252
-3827
-6124
4393
-1796
12520
-6108
244
-4028
-2574
11340
528
-9012
5886
-6140
-1789
-15308
4124
-5112
-190
-5088
2821
-3040
724
-8156
-7433
-5080
232
-4056
-2588
-5088
22
-6084
-2268
-15300
-1291
-6108
10734
-11020
-760
-13292
241
1088
6126
-12260
3344
-6112
2036
-9125
-15102
-13276
1522
-6136
6138
-14088
-7169
-6108
-1027
-23284
-7422
-6136
-5131
-6112
-1297
-7136
1797
-12248
-3296
-20436
-3566
-12272
1777
-13260
2051
-9196
1289
-2036
7682
2060
3354
-3028
8171
1064
8203
-12232
-6883
-7116
-13102
2068
6928
-10180
-5392
-984
-14091
-14276
2795
-13284
-5874
-10008
1252
-8168
-8735
-14324
-14846
-5096
522
-13232
-5112
-4080
1785
-6088
1816
-8152
-4341
-15332
-10000
2088
3338
-11212
3610
-7112
-3550
-12216
739
-9168
-6158
-8168
-14331
-3036
2023
-13308
-4845
3076
8967
-6108
-766
-1008
8962
-6084
-4104
24
2356
-9188
-3572
-12244
2285
-3032
5902
1068
1542
-8184
2555
-12240
-3380
-7144
12543
2120
540
-6100
5653
-5892
-1805
-4072
-975
16
-8196
-10240
-6161
-19448
759
-14308
-3069
-10220
-11792
-15328
-12
-5892
3090
-11016
4336
-9208
-481
-9184
4875
-5088
-2288
-6088
-5630
-11200
4594
-8160
6617
1024
-7408
48
787
-8148
1764
-12228
14894
-8156
-9222
-5104
-1547
-11256
-6432
-3036
-5597
-8192
6396
-12280
3568
-13236
-6109
-15324
4891
-4080
7434
-5108
4384
4176
-7203
0
9476
-8164
-4360
-7136
-3068
1048
-1249
-14324
-4643
-9160
-7140
-8188
3072
-12280
-5128
-12248
-7128
-10192
-6973
-17408
-5363
-13280
1246
-11240
-21281
-1004
4099
-4076
-8222
-4060
1530
-6112
-1733
-15324
4621
-8156
56
-20460
6156
-780
-2068
-5092
-3830
-16360
10739
-14324
-2756
-6092
6894
-9176
-8692
-13300
2808
-5116
-5126
-9129
-3091
-7112
2544
-4092
9509
-5092
-6626
-4068
-1043
-5048
2565
-5104
1534
-12048
-7436
1044
-4866
-2824
1290
-21448
4613
-13072
3328
-6140
3603
-10196
-1270
-14300
283
-20236
-2808
-7148
758
25376
770
-984
-2804
-15336
9499
-12272
11998
-8116
1266
-1004
5650
3080
-8920
-780
-5114
-19404
-6689
-9164
14590
-11192
-1819
7192
1549
-8156
-7443
36
-2294
-11244
6673
-12060
-5
-11228
-8712
-11248
-1526
-2840
-6622
-9180
499
-7120
-1240
32
249
-6108
7889
-12212
-10486
-14296
-3357
-6124
7695
-4076
-2042
-7148
-5348
-6120
-3066
-12236
-6116
-3052
10259
-16344
-4631
-1824
-4317
-964
532
-10200
537
-8980
4026
-3072
-1794
-6116
6655
-15324
1786
-1800
7433
-7168
-1293
2084
773
-11240
-1269
-11028
4123
-2012
4366
-7128
3570
-4096
3614
-7164
-2298
-15316
12292
-14320
6638
-15324
3845
-7144
-4337
-6132
2276
-5104
1812
1064
1782
-12236
5116
44
-5624
-980
-1077
-12060
471
4116
252
1036
-7896
-4068
5115
-17364
8471
-13248
6925
-14304
9750
-1020
-4105
-10188
4628
2060
2341
-8172
12062
28
-5387
-18428
4605
-14292
-17171
-9188
-3858
-9196
-2288
-4044
-8200
-11224
1057
-10200
4345
-1008
-5108
-3072
9184
-7132
-531
-8164
-9735
-1004
2533
5176
467
-4060
7927
2056
1017
-6100
12535
2072
2551
-6108
-1533
-14304
9727
-1796
-1221
-8156
-1808
-11240
2340
-11188
-542
-2000
9193
-10208
-2536
-6916
8693
2072
-2020
-13256
3590
-8176
-542
-14300
-3835
28
-5131
8212
-7929
-4048
256
-19396
-4851
2088
2079
-11252
-7711
-8140
5673
-7164
-2296
-6112
2306
-4076
12066
5160
10771
-14324
1291
-4080
4604
-10232
538
-3052
-5611
28
1529
-4040
-254
-4060
5123
4124
544
-7128
-3589
-10224
-295
-8172
5373
-10192
12034
-10236
-268
-7168
1256
-20436
-2028
-15356
13053
-11244
6619
-11236
-1015
-4036
-22
-3060
-8193
-4088
-2335
-8172
-13802
-4064
-3085
-5896
6424
32
3090
-5060
4383
-1004
2317
-11228
-7659
-9164
-8
-8184
-8438
-22232
-762
-8148
-4579
-8180
-9717
-17392
2786
-6124
-3570
-5108
21
-3056
8444
-8156
-261
-3032
-245
-7112
4842
-10228
3843
-2024
5157
-1004
-3586
-9196
-510
-6920
-3571
-2048
3566
-4036
-1773
-5908
-2265
-10200
7148
-3844
-10222
-4036
6176
4120
-7910
12
-2310
-15112
3604
-7140
7131
-13064
-7157
-7144
5913
-5100
-1526
-8168
7153
-7096
2039
-5112
-7681
-4088
4583
-16344
1280
-9184
3852
-6116
3325
-20460
4065
-5904
-5375
-4056
-3821
-12288
11252
-13240
-1997
-5120
2594
-19432
-4375
-11252
-3822
-3044
10508
-4076
-485
-3056
-4350
-10224
-3833
1028
3365
-6092
-3072
2084
-5421
-6136
278
-1000
-4329
-4068
4080
-8112
-2034
-11228
11262
-7132
498
-6084
9216
-18396
1056
-12272
1765
-8152
-7940
-4052
5840
-4064
1272
-11224
-1813
-11224
-5615
-1996
6391
-11244
-4840
-780
8421
-4068
-1258
-12060
-8971
-11016
-4575
-9200
-1566
-7980
6391
-3060
7428
-10200
1322
-5060
2798
-15324
7154
-7164
-3856
-8128
-3065
-11260
-2588
-6072
2040
-2040
-10004
-12244
-997
-6120
13092
-10196
3326
-972
-1069
-14296
243
-3032
-12043
-15300
-11021
-8116
-1836
-4088
2256
2112
-2827
-11020
-12801
-6140
1030
-8156
-1266
-16356
-36
-5092
505
2100
11
-2004
7919
-15304
-9456
-13284
5630
-12236
-2806
-11200
-8686
-6128
1033
-9164
1573
-12264
-9722
-12268
10454
-10184
-3304
-8984
3600
-4056
-4860
-3052
4112
1104
4566
-3064
-5839
-12280
532
-16348
-12754
-4040
1518
-9168
5896
-11180
4833
-7128
-4364
-21472
-4372
-15312
-12288
-3044
-1507
-3048
-19
1056
-10489
-9200
-2289
-16372
3279
-5108
2548
-8188
-8440
-10220
2544
3080
-11249
-1016
5864
-11240
1560
-8128
6151
-7077
1542
7212
4099
-7116
3300
-11012
-2589
-13264
1576
-10232
-5625
8
3072
-13296
-9723
20
3322
-10180
-267
-8184
-2838
-1004
1803
-4080
482
-4064
254
-3032
2325
-13288
-288
-6120
10984
-8144
-3067
-7124
-4612
-12288
3599
2060
-4114
-14300
-4853
-976
7158
-15300
-517
3092
4595
-4056
-1523
-980
2074
-6108
1278
3080
-2026
-3052
1008
-10200
-1546
7188
-234
-9184
-4123
-8168
546
2100
6660
-10236
1297
-3056
2307
-18424
-7163
-10208
2325
24
5891
-5052
-2066
-11256
1030
-10180
-3345
-10236
-3052
-5068
-29
-17364
19
-13268
-4633
13392
-4598
-5068
-3845
-14288
-5668
-4068
5362
-15304
-502
-3844
2564
-9188
3590
-15304
-12042
-9216
3593
-11244
-25
-8176
-3847
-11260
9485
-9172
-2065
-16348
-6420
-4064
6636
-13296
-6129
-18408
11242
-6076
-2082
-11252
-2042
4128
-1258
-4876
5626
-2000
-4875
-7136
3075
-13288
4861
-6112
-6171
3096
-536
-3000
-9742
1036
2814
-10216
3797
-13264
-11488
-6104
-2029
28
-6652
-7120
2064
-16368
5108
-8164
5116
-9188
-10974
-6128
-1077
-2016
-757
7412
-5362
2108
777
-6128
-550
-9192
32
-6916
8448
-13304
-5097
-3048
4111
-6136
770
-3064
-4883
-12280
-7157
-13288
2279
-2836
-1798
-9164
-2357
-16364
5365
-5084
5649
-11192
5346
-7964
2342
-9144
4634
-6112
2533
-8968
1017
-4044
-6145
-9180
1264
-12288
250
-7104
1280
-9208
1293
-6084
2321
-10208
-14361
-9200
-3047
3104
3338
-3056
-6174
-10196
-509
-15316
-4339
-4872
3092
-10212
-1039
-15332
-1025
-4080
44
-4088
1790
-11200
2322
-14300
1291
-7148
-2265
-19424
-8999
-16340
11505
-4068
3316
6200
-2017
-5116
-545
-12260
-3583
-9196
1572
-1796
1557
-5068
-1549
-10184
-4841
-12256
-752
-12260
-7653
-15328
6160
-13076
1276
1072
-2569
-10224
-3805
-8140
4347
-12232
-12824
-776
4327
200
513
-5068
6651
-1012
-234
-11200
9
8
3345
10288
-4623
-6092
14075
1052
6674
-16144
6404
-8192
-1752
-4068
2293
-4060
-3360
-4072
4380
-7136
-1509
-4064
-4356
-12240
3350
-14320
-254
-12256
1031
-9180
-2576
-11220
-13567
-10212
1330
-2008
-6647
-5072
-9216
-4056
3364
5156
6891
-4876
-1569
1028
2038
-9192
8488
-10196
7928
-12268
-2860
-16348
2287
-12264
1010
-11028
6934
-11236
9969
-4092
2060
1028
-2829
-15304
-13074
-5068
3059
-6092
3095
-9208
-7144
-1968
4369
-5084
-9702
-5060
4108
-18420
-3841
-14084
-3576
-3052
-2320
-7140
-8443
1072
2806
4120
6144
-5088
1076
-2020
8175
-13260
1299
-4048
-7184
-9152
-11009
-9180
-2830
-7132
-5383
-12280
15350
-5052
4120
3076
1767
-11232
-2320
-5076
1311
-3052
3584
-7144
3298
-4052
-784
-11204
12525
16
-242
-6112
3322
2084
4097
1044
-6670
-19224
6124
60
2078
-7148
8439
-9164
-3065
-10232
6634
-8140
4322
-8180
-2790
-9192
2532
-3044
1027
1044
-741
-17156
-4641
-16380
3560
-12052
-6909
-11256
7154
-12048
-1028
-12260
6145
-19408
4341
2300
-2019
-8184
5870
52
-508
-7160
4348
-10180
2069
-11228
4086
-8184
-2286
12
5079
-4076
-7688
-9200
-2291
-4052
-5900
-11236
4347
-5056
3055
-9200
-1298
-15344
-4844
-7136
-265
-3064
4850
-9988
997
-6080
12315
-8176
4635
-996
535
-8160
1259
4108
-5365
-5100
8954
-8188
2792
-12244
-5370
-8160
-2816
-2024
-755
1048
-760
-5096
6624
-17364
-2299
-14252
8976
-5100
-9461
1260
9724
-9184
4852
-11012
-1543
-1016
6160
1064
-1296
-3044
4605
-9988
7660
-13072
-3851
-5088
251
-6136
3854
-11264
5887
-4076
4864
-3052
-4859
-4052
757
-6132
4092
-984
1292
-7144
2801
-4080
5385
-8968
11041
-20480
777
4340
10738
-10216
-250
-2012
6164
-7980
-3031
6392
4640
-7152
4131
-6916
-5112
-8120
-4379
-12252
-1313
1040
3333
-12240
8696
-976
-267
-9212
-266
-4068
2079
-10000
4350
-9180
3083
-5896
14850
2088
3879
-13292
-4881
-9204
-6431
-16348
-751
-12272
519
-11264
-737
-5092
4
-984
-5622
6160
-4600
-3856
-8685
2300
1773
2072
-986
9236
1776
-10236
7708
-4060
4368
248
-6398
248
-530
-13268
-231
-15336
-4377
-5120
3838
-10000
-3803
-9204
230
-3056
9682
3108
-3866
-8964
-7411
-8152
-2839
-3056
-1522
40
2800
-12264
-3341
-7164
1551
-996
5097
-13276
5136
-3036
-4859
-10232
-1528
-2000
4605
-5076
-5904
2284
1065
-16384
4349
-3036
-4875
-4068
-7414
-2008
6182
-6092
10738
-5108
-4609
5352
-739
-988
234
-11232
-6133
-5080
-3810
2068
3098
-2012
-1812
-8192
-6676
20
9688
-4064
-8722
-14320
7139
32
51
-6084
772
-1024
-4096
-13296
14283
-15332
2600
4348
8177
-4068
1047
-984
3113
-3848
-3840
-10212
3811
-11204
-8202
-4064
235
-5912
2034
-17388
4598
-996
494
-6100
-10215
-8180
-764
-6144
1808
-13080
4579
-5064
279
-12060
1007
-5896
-1223
-16360
-6911
-4872
16645
-11256
-733
-6100
-783
-12288
782
1044
-1263
-2028
-2059
-12272
-1025
-12048
1268
-3000
2597
-12244
-7641
-13256
5651
-2032
4090
-8972
1030
-10228
-1267
-8152
1047
-6108
-1552
-4084
-3574
-22236
-6177
4120
-5342
9216
-9479
-1996
3132
-16332
7651
-12276
-3344
3312
6128
-6116
-2053
-2848
-2535
8
1251
-9196
-1810
-15112
-6415
-1012
1528
-7136
4329
-10208
3107
-4052
-3607
-6120
-757
-14304
-528
-7128
-6107
-10208
-1516
-14304
1791
-9196
-6411
-4056
10033
3096
1259
11308
30
-7152
-2328
-6132
2540
-13268
4098
-4068
-1021
-10204
1064
-4872
6640
-3056
-2798
-11161
1517
-7120
-533
-6932
9707
-12256
-1279
-17344
-4862
-7116
-6152
-1984
-6401
-12276
-3855
-3032
8494
-10216
6376
-10216
9930
-6088
-1807
-6132
3287
-4072
5385
-5088
-2270
-9188
5108
32
13090
-3052
-4317
-10208
3842
-21456
-784
-7144
-6645
8
8227
2064
2584
-15344
3851
-10196
5876
-11240
-1818
-10004
-538
-2824
-6936
-12260
6685
-7160
-3588
-4072
-6122
-2024
-3830
1060
-789
-2016
4127
-8148
-982
-15120
7174
-7164
-5359
3088
-5945
4100
3878
-8152
-9727
-5908
4339
-4068
5415
3300
1779
-14316
-13051
-3848
526
-8184
-12072
-11216
-5117
-6132
-19
6156
-1252
1072
4603
-18420
1278
-996
-7419
2096
5140
-5108
9972
-9192
200
3100
2058
-10216
6145
-7136
-2550
-13276
-3558
-9184
-3608
-12256
-7656
-2048
-4636
-6132
2286
-13248
764
-14308
-8190
-3020
-515
-2032
4062
-2000
2831
-9184
9711
1056
-2063
-4064
5621
-9184
2053
-3060
-6680
3104
23
-10236
1803
-4872
10
-10176
-7934
-10200
-2825
2056
4330
-7128
5633
-15308
-1
-3024
284
-15320
7698
-15292
-1570
-11216
-26
-1800
8705
32056
-11024
-2036
1039
-2024
-817
-10212
-5119
-8168
-261
-1000
-245
-7164
-3343
-8164
-8222
-7132
-10261
-11024
6407
-3048
1518
-776
1520
-7077
-4623
1064
-538
-7144
-9497
-5096
-1775
-2048
-12842
-11260
-5073
2100
-10755
-6120
-1299
-5084
-1769
-3028
5349
-11240
2314
-11248
1506
-9184
-252
1044
1534
-5096
-799
-7144
-6657
-13292
10775
-2044
-807
-2032
3851
-16132
-9249
-2028
-3842
-12260
-5895
-13228
-8210
-11244
3848
-7120
-2328
-7116
-3060
-1996
-1041
20
-3833
-10204
5630
-10216
-3829
-4064
2014
-8192
-2328
-6128
-1002
-3860
-3313
-12280
-736
-11220
4883
-6124
-5104
-12272
521
-8176
-280
-9212
1544
2300
264
-12252
2549
-9196
-1543
1264
3839
0
-11233
-9200
-5644
-9196
507
29996
5125
6192
-6622
-10188
11249
-6112
-2053
-1000
-4878
-13264
-12820
-11204
11038
-11220
-15631
-8148
-2289
-9180
-7429
-9180
4343
-2836
-3053
-15324
4879
-4056
-2008
-19204
1049
-5068
6651
-7128
511
-10232
-3329
8
3861
-8172
4365
-4040
3347
-7144
7704
-7128
-10746
-1008
-7140
-15332
-6403
-2028
2052
4120
-5369
-5092
-273
-13308
-1804
7220
1313
-5104
5612
-3028
-3591
-11248
-13067
-7140
7445
-9192
1299
-10156
1003
-16356
248
-12280
-253
-14276
-1783
-9176
4344
-13280
1475
-15328
-9729
6148
5373
-10220
4586
-5088
3072
-8144
7943
-1016
-4346
-5092
14104
-4052
4590
-11256
-3597
-5116
-3085
-2016
-2522
-13304
-10513
-6936
-7465
-2016
-12068
-11236
737
-2832
-2281
-18396
7198
-5068
-6123
-2016
-10729
-7168
1546
-18380
-986
-1000
-4071
3112
3320
-8140
5384
-10224
2294
-3056
4080
-5100
-4355
-12244
-1521
-8172
3053
-19404
-8706
-8152
5623
-14120
-5367
-7148
-3076
-8148
5868
-9204
-1545
-6108
4853
-6132
4069
-6124
-207
32
2279
-5096
-4086
-13276
-6931
-10188
8991
-17404
1753
-7124
-5146
-8144
3611
-3040
-6141
-13076
4863
-5904
-6660
-7152
-6155
-6108
231
-4096
-2837
20
1261
-8188
1268
-2016
8945
-9136
-2571
-6100
-3037
-6096
-2567
-984
-3335
-5116
3858
-5088
5124
5132
-3101
-9184
9459
-2008
-1794
-7124
-782
-11240
7456
-5088
3816
-11248
-6910
-13264
11027
-18372
2313
3128
-1819
-4064
2789
-8176
-513
-10228
-5164
4124
5626
-21464
-8732
-4048
12804
-5116
-776
-8152
-7210
-8180
3557
-6092
-6174
-6092
7678
2100
-5367
-3048
2334
-4044
-2565
-5104
-6152
-8168
-244
-7144
-1833
-4884
-5139
-10200
-1814
-9192
6434
-15332
6942
-15344
-7431
-2036
3827
-15316
2842
-10240
4579
-9196
-5335
-5088
-1574
-6092
-2803
1056
-1240
-11260
4357
2064
523
-6116
-4348
-11236
-9437
-17380
-2356
-10228
-4374
-13064
4076
-17372
-11032
-7120
4866
-4088
5343
-8192
-511
8
2055
-964
12016
-11020
2314
1036
-4360
-4044
-9479
-16372
4117
-9164
-8465
-17356
2564
-14328
13811
2088
1523
-8172
6397
-3036
1755
-14300
3585
-8172
5676
-10228
9494
-17160
-2341
-11220
-4883
-17360
-8717
-10184
3304
-12268
-1293
-9184
-2042
3300
16630
-4084
-238
-10196
577
-15344
-5641
-20456
5879
-8996
-1276
-11228
5905
-5104
3830
-7081
1064
-13280
-6
-16348
3854
-13280
7907
-10188
2312
-7120
-5159
-6108
1492
-13221
252
-12240
-5861
-9160
-5377
-940
-3057
-13292
6428
-7128
-2786
-14304
5368
-11204
2605
-1804
-10007
-6088
-9209
-14284
-5874
2048
9702
-8164
5615
-8172
-3085
-6136
2295
-3052
7228
-18404
-5351
-11256
-3340
-11228
-8187
-9196
-3035
-3036
-3821
-5108
-3811
-2036
7912
-7144
1042
-17372
5376
19760
-6610
-12256
11246
-17368
-505
-9200
773
2292
10524
-12268
4573
-14288
-12043
-6112
-7412
-1016
784
2256
10498
-6100
-2810
-12236
995
-12248
5634
-13252
-11758
-5900
8
-17356
-6453
-6108
-3340
-17384
-6895
16
2270
-16368
-2082
-2824
1554
-13300
-4849
-5096
-1253
-6136
1818
-8172
5641
-11216
-2552
-4092
-1078
-4088
-6112
-3016
-4890
-8148
-3056
-3024
-17403
-10188
2043
-11244
2821
-5104
2343
-10196
-6611
-8172
6631
-12276
7674
-984
749
-9132
-11795
-4072
-3835
-5076
5925
-1992
5114
-13292
9748
-9176
1036
-3036
-3316
-12244
-1022
-7156
-2533
-11240
-768
-3032
-226
-11240
4333
-1004
-2821
-6124
-251
-5084
-2278
-976
2041
-12044
-489
-10220
6135
-8152
-2302
-8176
-2065
-7164
-6665
-11012
4088
-3056
2064
-11252
-6925
-2024
-1276
-17340
-1266
-6108
251
-9180
-7934
3084
-5368
-8184
-3326
-13260
1801
-16336
-523
-10192
978
-11260
-756
-6108
993
-15360
-3563
-15340
-4
-3040
-7957
-6112
-771
-10204
2034
-2032
3116
-11236
1017
-7152
2314
-14320
3320
-11248
10250
-8164
3351
-11224
-4337
-1004
-6665
-5096
-4361
-6100
6371
-5120
4
2092
-2534
-2016
-9967
-4060
4355
-10204
-5630
-7112
4384
-14332
2028
-2020
2291
-13264
-3817
-3068
-2295
-11228
-1773
3116
10
-9208
-4340
-12036
-5081
-5084
-4383
-12260
3577
-13280
7658
-8164
3864
-7152
-5902
-11244
3319
-10008
-10495
-8140
-1795
-9996
-497
-6916
10479
-13288
-2811
-12276
4116
-3024
-2857
1084
3582
-14300
-3324
1040
3036
-16376
-2583
-3036
-6677
-15332
2817
-17380
-2297
-8156
-4092
4
8445
-9212
1283
-5100
-4371
-19424
-2796
-5108
5890
-3056
1258
-8176
4364
-6132
1765
-2836
-1275
-6916
3848
-8968
-270
1068
-13565
-7136
11255
-6924
-6644
-3016
-4632
4348
-1004
248
5376
-16356
-1564
-1812
-8670
-996
-4109
60
-4598
-15312
-10503
-1812
10718
1272
-1532
-5076
-2528
3100
1310
-10204
4345
-7148
5918
-6112
-9193
-11236
1021
-7148
-1279
-11192
-2534
-2016
7653
-14268
-11771
-3072
-2050
-8128
16693
-8160
785
-10228
8707
-7128
497
-2044
-11
-3056
-1526
-3044
10224
-14268
-5108
-2000
3851
-16316
4069
-1988
-484
-1008
-8701
-10196
-2060
-3068
-4340
244
3579
56
1555
-15328
9224
-2020
25
-5112
-3585
-4084
-3588
-8184
3569
-1796
-2351
-9196
-4597
-11196
-5135
20
3577
-12260
-4098
-8972
-3065
-6100
6931
-19412
6390
-14320
5139
-12040
6166
-14312
6428
-8140
1248
-12232
3059
-10176
3340
-11040
-1286
-7148
5373
-6120
-5097
-2000
-4876
-10240
13341
-6124
-2556
-4060
-1009
-3072
7160
-984
-10224
-15316
-236
1084
2570
1044
-2281
-7960
5112
-6124
2298
20
-24
-8160
-7974
-11232
6150
-3068
3580
5132
1256
-14276
1852
-5100
-6153
-4076
-4080
-6136
6906
-14324
-16898
44
-9464
-7104
2310
-16344
4385
-4072
-3359
-10212
7182
-13304
6356
-968
-2287
8204
-2554
-14316
3015
-9204
-3579
-3024
3830
7208
-1012
-12284
-1548
-18416
9434
-7152
-3813
-12284
7137
-10196
780
-11244
-8962
-5064
-2563
-8176
26
-8188
269
-13284
-8223
-4872
-4903
-12260
3094
-10212
5388
-12256
4861
-12244
8209
-4064
5928
1052
-742
-6140
2613
-13272
3829
-5120
7445
-11236
2301
-18416
5
-17380
2049
-8184
6414
-15312
2785
-9188
-1816
-14112
5115
-10172
4049
1048
4355
-10200
2067
-13256
4091
-9188
7188
-7120
-2841
-9988
192
-11232
-3072
-5088
2065
4348
1770
-6104
9497
-7112
3871
-7136
6157
-15336
-6902
-3040
-4839
-7104
2561
