-17384
5163
-7132
2293
-8192
3341
-19424
-6376
6176
-799
-5104
5400
-8152
513
-6928
5896
-4076
5378
6212
-1764
-7160
-4862
-9192
1307
-1996
-7138
-8132
-2835
-7940
-3824
3316
2777
-15316
-2772
-4872
-2549
-9156
780
-6128
-1520
-4060
-1269
-1004
3325
-16324
-4882
-7136
-1551
-9200
7133
-3056
-8131
-4096
-11274
-9216
4860
-9172
-6647
60
-749
24
-251
-15316
2777
-4056
-14856
-8180
-14650
-6096
-4080
-7116
-3119
-3024
-4122
-6124
-2807
-10192
-8952
-3856
2798
-10228
2304
-6112
-1320
-12268
8172
-13308
3600
-8184
-7682
-8180
772
-18408
-7935
-5120
-779
-2820
2556
-9188
-3318
-10176
2564
-4072
3024
-7152
5157
-9204
-8184
-5060
-8449
-2008
9243
-3060
1808
-3012
1302
-8168
-766
-8160
-5095
-10204
2307
-15352
-3844
-10208
1519
2300
-244
-5112
498
-9192
3582
-7148
-3578
-1000
-1790
-4040
2559
-1020
-4887
-13276
-2807
-6108
-10245
-10212
6154
-8964
-5142
-22248
-5634
-15320
3591
-22260
3101
-5092
2791
3316
6907
-8124
1297
-12280
-774
-2012
-2060
-11196
4852
-2024
-253
-2040
6933
-960
8201
-13260
-1311
-19412
2564
-3068
3048
-18180
-749
-10216
-4671
-25292
-1537
-12260
1527
-2024
2846
-22232
-4853
-15308
8477
2092
-2054
-2048
805
-10184
2552
-3032
2044
-5112
-2783
-17344
-3362
-4024
-5624
-8968
-7930
-9168
10973
-3032
-6418
-12244
-4364
-17392
-2292
-13244
514
-2044
2803
-9208
244
-11244
1247
-3040
7194
-14280
-8218
-4056
-4057
-7100
-498
-17360
-3321
-7152
-3101
-9172
6906
-16352
4108
-12264
-1265
-4076
5106
-10204
-11
8
-1550
-4080
-4617
2048
-2825
-8160
5386
-7164
-2546
-13272
-995
-22264
-3594
-4040
10513
-22204
-9181
-14336
-791
-13292
2299
-9192
1016
-15336
249
-5096
-4119
-12280
-1809
-11236
-1299
-3072
-5350
-9216
-1285
-15332
4376
-4052
-6656
-11260
-4605
-16376
776
-4068
-2809
-9140
1513
-21468
8186
-2008
1027
-8156
-9
-11180
809
-12260
-2558
-10172
-1241
-6144
4
-16300
264
-6136
6137
-6112
524
-12284
3326
-11224
5379
-13292
7928
-8168
4371
-11252
-511
-14272
-6688
-5044
1553
-4048
784
-4868
-3073
-9192
3598
-25320
-3324
-11020
-9965
-9148
1267
-3056
-8460
-5100
7915
-9168
4874
-16304
-3315
-8132
11276
-10184
7402
-16380
204
-16352
-1503
-13296
6651
-9184
-5138
-20236
4341
-11220
-5891
3092
-1309
-7952
9203
-12272
9230
-21468
6909
-6136
-2821
-13264
-7399
-15324
229
-11244
-5161
-16380
254
-6100
-14069
-19412
-273
-10224
2048
-12256
2817
-1020
-6900
2088
5658
-1980
-2542
-19388
7423
-9168
-4585
-976
-4081
-6076
1270
-7128
-6135
-13209
12275
3156
3102
-11232
-7635
-7136
2787
-20468
1540
-3000
2298
-6136
11526
-9212
-7929
-13264
-5876
-10196
-4351
1028
-3046
-4880
797
3128
785
-7120
-2795
-1004
-8170
-4064
-4368
-5088
2304
-9212
-1794
-11228
1017
-6096
1811
-11228
-1050
-5096
-3587
-13064
8945
-7088
2531
1088
-4846
-10180
5836
-7144
8984
-8140
8987
-12240
-1528
-10220
-8173
-13296
18940
-6116
-8702
-4036
-2801
3128
-7675
-8192
-3350
-6920
1826
-7120
5857
-20452
2572
-10232
6909
-1988
2817
1076
-10757
-6128
-519
-9212
2292
2088
4607
-4036
-6115
12
9960
-12280
4336
-4080
2071
-7140
3591
-5100
6189
-5092
6929
-16297
7695
-11232
4086
-3844
-6114
-6124
4377
-11248
-4375
-5080
1544
-2824
3590
-5076
757
2080
-8443
-5096
-2045
-11252
-3552
-2024
-6165
-11204
4096
-15124
-2545
-5100
8687
-7120
1803
-9172
3585
-14328
3328
16
1781
-3044
3064
-5104
-11265
-5104
-1585
-6104
-4885
-14084
-1003
-13288
-7172
-9212
-3067
-15296
-3605
-14316
3597
-4064
-1507
-13256
5611
-5072
3623
-3856
4879
-7116
2808
-11244
-1300
-6140
1798
-7108
2822
-15280
3595
-7160
9490
-11232
4608
-7140
7667
-1020
10500
-14284
758
-9200
8206
-13252
-6931
1044
-1283
-13268
-791
-8168
1016
-18416
-1554
-6088
1005
-5900
4060
-6124
-5121
-3028
-2310
-2020
-5113
6372
3086
-13268
1792
-3020
-12303
4136
2050
-7128
1540
-7124
-9218
-7136
7692
-5072
-2009
-8968
7439
-10220
2587
-2008
1551
-11240
-481
-8176
3317
-11200
7679
-17376
-7946
-6124
-1508
-1012
3617
-984
-1307
-5900
-2607
-8152
781
-9204
8959
-5116
-239
-12236
7630
-5096
-4599
-4868
3072
-3048
-8975
2104
2819
-5072
2025
-6112
7953
-13276
8964
-11012
-467
-6120
-2056
1264
4341
-3008
-12279
-10232
-6903
4160
1768
-6116
-7679
-3028
2309
-14088
-2574
-3048
-7428
4116
-7715
-14296
-263
-14288
5888
-3060
-6427
-17384
7456
-9204
-6369
-10192
-12571
-7940
5883
-13260
4086
-8176
-537
-2004
2029
-8172
-3820
-15336
7679
-13256
-4160
-7108
-5392
-8184
-2816
-5104
-5647
-14308
2599
-11020
-4104
-6096
2006
248
-2330
-17156
-3024
40
5617
-14320
2550
-16356
248
-10204
5868
-14260
-7676
-7168
8466
-9180
2823
-11220
-7151
-3052
7156
-6116
-5137
-7136
3079
-9216
-5882
-11216
6170
-8136
1277
-988
-5890
-10224
-3828
-17360
-2070
-7124
-5900
-5068
-272
-4052
-4574
-3044
2289
-2836
4376
-3052
-2553
-12252
-5086
-10224
3079
-7124
1539
-10192
8184
-18408
-2802
-3028
-4879
-5892
6145
5156
-8764
-3044
3091
-4020
-4827
1076
804
-8132
-6144
-11232
3827
-8176
6921
-7116
14881
-5100
-319
-16368
11518
-8172
3605
-6144
4328
4328
1803
-13060
-6416
-6100
-2304
5328
-2049
-5108
-4116
-3068
1782
-17392
-1546
-5092
2015
-4084
-4621
-3848
4863
-13272
10257
-6916
1821
1044
-2883
-11256
3082
-7120
3575
-7140
-2025
-2004
7142
-12248
1297
-6100
6910
-9172
256
-5104
2536
-7108
-3330
-9192
6133
-5048
-10714
-12260
-4898
-8972
-4587
-9192
-5421
-5064
6376
-11228
-767
-2016
-6962
-10200
261
-7116
987
-12240
2311
-15344
-6380
-19448
1806
-9200
-11777
-10204
4350
2088
-8407
-10220
2801
36
-31
4
-4862
-2036
-6909
-7164
-3
-5112
-3061
-11024
6407
-6128
4573
-13312
-1522
-9176
1001
-14300
3805
1056
-3593
-2004
-1803
-14296
-4854
-20452
-4366
-14312
4133
2108
-3068
-16356
1044
-6116
-1759
-4096
6662
76
-13050
-14316
4365
1044
6156
-14320
-6380
-11036
-777
5196
-10031
-12232
3070
-13252
12773
-10204
-6139
-12244
-10719
-15336
-4604
-6084
2040
-14284
-8945
-7144
-518
-13288
-3352
-11236
5609
-988
-10
-5912
8996
-14312
3558
4140
-1
-5116
-1776
-8160
12288
6180
13302
-16340
2561
-15336
-1257
-1008
-4587
-6916
7435
-8168
2534
-12260
1815
-14316
-4103
-11236
12831
-3016
-9229
-6100
-13011
-12268
9217
2080
-6145
-17380
-7144
-11200
5612
-988
6421
-4068
1026
4144
-5654
-5080
-6910
-8992
8408
-8144
1322
-10224
2324
-8160
6418
-11216
-2020
-1024
7937
-11260
-7660
28
7929
5364
5637
4132
4587
-792
5665
-6124
5101
-7100
-4588
1028
-5390
-6108
-13830
-6112
-1542
-6100
12055
-9200
7432
2076
-1
-12256
-4884
-10212
1276
-1016
1069
7196
-3834
1268
-2298
-9152
3850
-15328
8969
-1020
6392
-11244
-2567
-8168
-7695
-6088
-4339
-11260
4390
2068
-7951
-976
-6655
-10204
-770
-15120
-1259
-10220
249
-7160
2580
-7940
-514
-7164
-5392
-1804
-8435
-15124
-1796
-10208
-4080
2088
9719
-2020
1524
-15304
2823
-6144
1743
-5108
9246
-9996
2832
-4092
-1292
-2044
-2311
-956
-5142
-11224
2532
2092
1541
-13264
1010
-3024
-758
-6108
4113
-12252
1798
-6124
-3334
-13280
12032
-3032
-10973
-4056
5346
-6084
2826
-16336
1525
-11220
1793
-12240
5
-12280
3842
-6064
4073
-5100
-5859
-6096
-7171
-5068
5904
-9192
4109
-7160
3831
-11016
2535
-14324
-13
-10200
-4375
6396
-1533
-10216
-4605
3088
-4844
-18384
-6170
-5100
4366
-5912
-2571
-13248
7150
-10200
7673
-9160
-758
-7124
7387
-3024
522
28
3564
52
-2554
-14312
-3338
-13280
2038
-8136
-2565
-13268
-1783
-2032
2586
-13304
-6917
-10236
-5123
-5088
-3321
-5084
-4365
-21468
529
-10224
2310
-13292
-4924
-15312
-518
-6108
-4856
-10196
-515
-8144
-1233
-7148
-4105
4
12042
-15320
5398
-10196
9240
-5104
2547
-13284
-2055
-30460
4368
-6132
479
-5088
3544
-1016
-3586
-4868
2817
5140
513
-16348
1540
-5096
-2301
-17404
13039
-1000
-3830
-8172
5899
-3004
-3902
6160
2282
-4080
-1476
-4032
4868
-996
-4616
-11224
-2046
-7120
1805
-4052
1545
-12268
-501
-11020
7909
-996
3854
-5892
-475
-6120
8452
-7116
-2566
-11216
4850
-16352
-8667
2072
8133
-11177
-7407
-8184
-5885
-5072
2811
-6096
-5905
-8160
-1288
12
-5362
-9188
1310
-18368
4360
-12264
-4339
-7944
6173
-4068
-4095
-21476
-5912
-7152
2588
-16364
9467
-14308
-4378
-4060
-12042
-15332
-7408
-12040
-5103
2088
-1045
2088
-500
4172
-4858
-15324
-11009
-10200
6658
-7152
1760
-11192
29556
-10212
-1062
-12212
4858
-16324
-4623
-18388
-15075
-17356
3031
2052
-5884
-7164
-489
-9180
-3817
-5120
-4093
-10196
-14625
-8136
194
2068
-1009
-8188
3061
-6104
-12264
44
1525
-9188
-1799
-13060
1005
-9208
-4599
-4056
-4609
-18400
282
-1988
-4850
64
-6650
-14308
6654
-4036
542
-6108
-3578
-6144
4100
-5116
6421
-18372
-8684
-9184
2043
-7136
7742
-16364
-1786
-11240
11276
-6116
-2557
-6972
-3042
-6096
1014
-4024
1022
-14332
5126
-12256
10227
-7156
-7905
-5896
1736
-7124
4119
-12256
-6154
-8160
9479
-11260
6676
-14300
11037
68
-7448
-10224
-5118
-8160
-3843
1064
760
-9204
-11234
-6120
8700
-8176
10496
3112
4836
1048
-6406
-4060
9482
2108
-11018
-18384
-992
-2036
-5125
-1000
-246
-6100
-747
-3052
-6634
-4052
-3592
-7092
-276
-3032
-14840
-17156
-3591
-8164
-10757
-7152
-3817
-3036
3041
-12244
6389
-4048
788
-6076
9222
-15336
-10
-9200
5632
-3016
-2306
-12036
-1797
-4072
-6133
-7120
-2832
-11228
3306
-3072
-2815
-22264
-4871
-15320
-2558
8204
5585
-23256
-3575
-11012
5364
-9196
-2065
-5100
-1524
-4080
1295
-10236
4612
-1968
2550
-12244
3830
-15300
3825
-10192
-759
3104
-10301
-5104
4351
5160
-4832
-1000
4107
-13232
-1550
-17364
-525
-8140
774
-5092
6425
-2836
1003
1052
-6137
-17376
6100
-10216
-2855
2076
2316
-13300
2299
-16136
5656
-3064
6886
-10168
-3545
-11260
2287
-1828
3593
-11028
525
-7152
-2808
-7152
-799
8244
-5365
-10188
-5342
-5056
4316
-3068
-3573
-10204
-2297
-8124
-1537
-12036
14321
-10212
-1549
2116
-7423
2084
4597
-14284
1517
-10192
7183
-11016
11548
-6116
3866
-968
-1044
-2044
-269
-13292
4621
3120
-3329
-11256
-3072
-12244
4347
-10212
-2258
-7948
1261
-15112
4311
-6108
-4324
-10228
-3861
-6916
-520
-19416
1286
-1996
8672
-3028
-5412
-4092
-9160
-4080
250
3120
20
-5952
5668
-10240
235
-10212
-3083
-11016
-3841
3112
4097
-8152
-9227
-11240
3368
-8160
-4614
-4888
-253
-8168
7430
-3048
808
-5892
-4080
-7096
-2572
-1992
260
-3844
-3117
-14304
-4603
-6108
-1249
-2028
-283
-9180
-7938
-1976
259
-3856
-5101
-12036
2557
-11252
-2566
-9180
-3865
-18420
-1550
-5080
-4090
-13088
-2581
-10196
-6413
-4016
-4598
-7140
-7407
-5092
4073
7188
2329
-3020
5901
-14316
-2320
-12256
5886
-4048
6937
-18428
-11527
4168
-2829
-20424
1753
-16348
-1523
-13252
7189
-11228
3318
-9172
8710
-10180
-1792
-10228
3613
-14304
9495
-7120
5098
-992
-8957
-6128
2815
-11016
-11539
-8168
6622
-7128
-1565
3136
8740
-996
525
52
-4335
-7160
-5662
-4084
-8493
248
3313
-4884
6946
-17396
4378
-2016
5426
-9188
-3803
-4048
-2595
-4060
4833
-17392
-3327
1032
1027
4108
3859
-6104
-2535
-5896
4865
-7132
-3851
-7128
-7400
-8968
13303
-15332
2066
-6100
-5125
-4072
-4577
-7140
4032
-14284
2588
-1012
10
-2832
-263
-8144
2811
-9196
3803
-6120
-7675
3092
-520
-3032
2314
-8156
5886
-15340
-9723
-16332
-6139
-11232
1311
2072
12286
-8144
1042
-7160
-6905
-3028
-782
-6112
-8944
-12264
2316
-16368
-1535
3092
2557
-5052
-1540
-1961
-5364
-16364
6412
-5116
6131
-8160
533
6180
2336
-12256
3575
-15316
4632
-996
-1046
-3028
-4109
-8128
-7640
-7144
6426
-14300
-2568
-10220
-4628
-8160
1545
-3848
-4627
-9168
7952
-5052
-3314
-2004
-990
-13284
-12072
-6124
15668
-12268
2820
-13288
-9239
-4092
2537
-13060
1804
1024
-3582
-10220
5118
7196
-7447
-9156
-1819
-12040
3848
-8144
3332
-12248
-8477
-4080
-7664
-21484
-3110
-3056
-1251
-5088
-1522
-6116
-6160
-16368
2301
-6088
-1526
-6084
-2545
-13272
-9993
-7948
1062
3120
-1817
-17404
4103
-10168
-7674
0
-4556
40
-33
-19436
-2566
-1016
3614
2064
3321
-8144
-7167
-10216
3321
-6120
5110
-3993
511
-16380
2319
-3844
16411
1068
3300
-992
4336
-1984
17104
-2004
-5897
-2044
5667
-6104
-5676
-5104
5644
-5892
256
-19432
-15
2080
5076
-9172
-5103
-16360
-15876
-12284
-6646
4136
3581
-9208
4616
1276
3
-15108
1281
4116
-1041
-11264
5617
-3844
7921
1044
1789
-8172
-4097
-5060
-33
-12256
772
-5096
4612
-7148
-3072
-2024
-1552
1044
16615
-16360
1027
-8172
3814
-2040
-5668
-4044
-1781
-11216
-3575
-9192
3579
3084
3114
-14108
1031
-6088
4872
-13296
5858
-8152
14330
36
1007
-6108
-9759
2084
5397
-7124
2813
-7168
5384
-4888
2804
-6088
-4630
-12248
-4613
-4044
3296
-1992
-9753
-15320
7946
-10192
-990
-7124
496
-7112
3098
-6104
-4308
-988
15403
-3048
7670
-6916
7922
3324
5912
-10228
289
-968
236
-6088
-1782
-10228
-5131
-4868
-6906
-4032
-2547
-10156
2064
-15284
-2587
5184
4859
-4068
-6420
2072
-11480
-11232
4362
-2012
-6911
-16348
240
-6100
6657
-8152
4841
-13064
-5594
-17384
8702
-14324
6153
-5076
-515
-6144
-1573
-8168
3349
-11220
1527
-9200
1320
-7124
516
-9184
-798
-10228
-267
-1984
-1580
-1000
-275
-3040
1544
-12252
-8699
-16241
4134
-14308
-2029
-3020
-248
-11192
1099
-1020
-1536
12
-4872
-4088
-6134
-3056
-2058
-1996
2823
-18404
-11275
-17384
8759
-7152
6621
2084
2817
-4040
-6367
-2820
-3852
-16340
-2845
-7108
2012
-12252
8940
-18396
-8679
-12288
-4100
-21428
-9963
-8112
3593
-11236
-4340
-8152
7445
-14316
-3580
-7168
6401
-6920
3343
-15124
3322
-6112
-767
-14308
2282
-13268
-6377
6152
-1301
-12268
2060
-3060
4858
-5068
-6111
-5080
-2053
-13288
2025
-2004
-1526
-11248
2303
-12276
-33
-17352
-12787
-1000
3313
-1796
-1058
-796
2039
-2012
1799
-12040
4333
-960
570
-7116
5615
-9188
-2038
-4064
-8185
-1992
7188
-5064
6909
-10196
241
-6108
2571
-10200
-3842
-11256
-311
-6088
1286
-13096
-9469
-15360
1777
-13268
980
-10224
282
-5104
-1299
4108
235
-5072
4643
-9168
6649
2048
8197
-7152
3317
-3056
2060
-7124
-2835
-7152
1000
-5068
-2578
-14296
-1009
-3844
4618
-2000
-1810
-20440
-1754
-8116
3858
-1024
-1017
-6132
2072
-13284
3354
-8160
2802
-10228
16627
-3044
7691
4164
-6612
8
1042
-8188
11011
-12260
-1803
20
764
-4084
5396
2096
16917
-5112
-227
-8168
-6652
1060
11489
-9172
3843
-3068
6393
-4080
-3066
-4060
-2341
-10232
5155
-7124
813
-13256
-6924
-2032
-4365
-4096
14840
-8152
-823
-9196
-8960
-7124
1536
-5116
-3848
-15320
2321
-7156
11307
-18192
8457
-9204
-1007
-10216
-2317
-14296
5666
-16348
1806
-7952
3583
-15332
501
5184
6662
-15340
-1291
-8152
-9439
-11224
13339
-11200
7923
-2020
-8944
-5080
-6634
-12044
231
-7156
6885
-6128
-241
-17384
8721
3100
-464
-4056
1289
-12268
3084
-7956
264
-8164
1042
-14308
2041
-10192
-2792
-14320
-35
3100
498
-10200
4402
-12240
511
-6100
2063
5164
2271
-4072
-1024
-10236
-1532
-6140
3072
-9176
4590
-7120
3301
-20472
-4585
-10204
-1506
-2024
4379
-12272
-10996
-2036
3072
-5092
-3600
-13288
-3340
-9156
-8738
-9121
-5884
-3016
3880
-3044
6650
-16336
5358
-15324
-7410
-4072
-5888
-4068
4603
4124
-1572
-3056
3863
-12244
-5117
-6124
-754
-8136
-3831
3124
-2324
-2028
5623
-15344
-3883
-1988
-4365
-9204
2820
-2036
-1287
-11200
8939
24
-3340
248
4857
3076
3606
-19448
-5887
9276
1538
-6088
-6653
-4048
6129
-9196
11055
7180
-2280
-6116
-3336
-4076
-6389
-15308
-2793
-788
1499
-8172
-11252
-6128
-14327
-3036
9728
-8148
-4361
-10200
2802
-2016
1531
-7120
-9710
-18348
784
-1804
-4869
-4084
-4370
-8120
3
-5092
-2801
-772
-8930
-1988
786
-8156
1517
1044
-5875
-9176
29
5148
-2569
-14316
3078
-9208
-5605
-1796
-9947
-6124
6646
-960
3070
11296
-5104
-4088
-8707
-3008
-6612
-14304
7414
-17360
-1028
-3016
9251
-8160
10725
-15328
278
-9988
3847
-6120
-1743
-11248
-2314
-2044
-779
-6088
-3564
1248
1534
-4084
-1792
-15336
-3057
2076
8444
-2028
2797
-13300
4585
-984
-4614
-6120
-8985
-3032
-530
-9200
-9445
-9184
-5881
-5104
4879
-12204
-2563
-8128
5871
-4092
-4883
-11208
-5147
-6104
-733
-9200
-1271
-7160
-9464
-10172
6161
-6088
-3624
40
-1534
-4060
7434
-14292
-738
1056
1061
-12260
-2046
-15340
-12549
-5096
1061
-10196
5629
-12272
-4070
-10180
-8214
-7148
-4601
-9148
5924
-7112
-2059
-9172
6391
-8156
1813
-14312
-1777
-12240
-5919
-14324
-1019
-19436
-8729
-7164
3320
-20456
-1538
20
-4119
-8156
2027
48
-1544
-4052
-1010
-6088
-2312
-2024
5592
-17392
-9442
4104
-1318
12
-2051
-17368
5647
7220
12507
-4056
-1549
-13272
1766
-4040
3317
-11232
4568
-3028
-11771
-18400
6
1088
4605
-10212
757
-10236
1514
-13308
1299
-980
1533
-10232
1808
-12280
1299
-14308
-3848
-15304
1271
-2040
1279
-7104
-1275
-7120
1794
-6136
1782
-3044
-5865
-10192
-6900
-10200
-1565
-2020
-4615
-11012
2036
-10172
-3824
-2012
2827
-10192
-7925
-8160
3312
-2824
-7685
-16344
-2327
-9188
9
4176
2258
-8172
791
-12260
517
-14320
1542
-17364
12043
-16332
-1034
-12284
9196
-2044
-7145
-7132
4862
-2024
10778
-7120
233
-15300
9750
-14324
-6127
-6104
-7828
-9160
2808
-9208
5671
-17368
4579
-5080
11522
-4084
3331
-10208
-9192
-4096
222
-11248
1291
-10204
62
-14092
3609
-10000
2294
-10160
-1055
-8120
2049
4344
-2305
-11248
-5655
-9196
-3330
5372
-11235
-6108
-1550
-14332
-2065
-12036
3294
-8144
-2035
-8132
2042
-9148
14
2060
-1243
-16376
6141
-10212
-286
-4052
-3582
-8136
-6429
-19420
-3578
-11228
2772
-3868
-6615
-9204
5659
-14288
5605
-8140
6388
-8156
-2031
-960
4868
-9216
-802
-5088
2302
-16368
3547
-4064
277
-4024
2569
-9992
5366
-11256
4
-5084
-5397
56
-5917
-10188
-5645
-5092
-2301
-8180
-8189
-6072
13026
-7132
-3068
4132
-780
-12248
2273
-7148
2856
-10236
3826
-17396
2875
-11220
-506
-2020
4600
-972
2056
-13280
6097
-4056
-3312
-14280
16619
-10216
-254
-8172
-719
4
-4333
-2008
8426
-9148
7666
-17344
-1823
-3052
11816
-11244
-6383
-11256
4101
3108
11763
-5120
5345
-11236
-5361
-18428
-1278
-3068
5377
-4052
-14359
2048
-987
-4072
1802
-10212
2825
-4092
-4542
-9160
-1803
-6104
-2557
-3036
-1001
-2036
13070
-11188
-2062
-11248
-4352
-17408
-761
-11184
3835
-2016
-5630
-8160
-4326
-14320
3058
-12228
3566
-8160
2358
-10216
5914
-9988
4336
12
3625
-13284
2574
-5072
9467
-2000
4887
-13068
-1507
-5096
-525
-7160
-70
-11012
8726
-6136
-7690
3092
10260
-11224
-6925
-11212
6171
-2008
-1810
-6932
479
-6984
-7167
-2016
-6149
-972
3328
-11228
-2338
-4048
4348
-17164
-5927
-10153
516
-9200
2023
-19452
-5095
-17384
9478
-9188
2575
-7128
-6660
-14300
3316
-2012
11553
-9196
-7933
-4060
5339
-4064
2061
-16324
8175
-11248
3324
-4044
-4293
-5112
3313
-3064
4881
-10192
-3056
-5108
-1271
-6096
5110
-2036
7187
-10208
-5598
-9188
4830
-17172
10761
-12240
3302
-2000
255
-14312
-4121
-4048
-6872
-7156
-6405
-12252
229
-7136
-4334
-2028
-4084
-11220
-6894
-14264
1779
-4044
4651
-10192
13061
91
-5921
-984
-9972
-11240
-795
-14308
-2293
7168
4067
-11212
-2302
2084
-2294
-9160
6373
-22232
-253
4116
-14644
-6072
519
-9180
273
-11016
4340
-9188
-5613
-15360
-6409
-3060
-2057
-7140
-3562
-13276
-5125
-8152
-1292
-15344
3363
-1000
8662
-9180
-4852
-18400
523
-1000
3346
-3048
-6643
-9192
-3863
-6924
10987
-4048
-5147
-7144
3313
-8180
3067
-13256
-1016
5164
-2290
-6108
6148
-5100
4084
-18392
-728
-7940
5357
-14284
-763
1064
285
-17384
3306
-9200
6387
-7096
-2806
-8188
7442
-5100
1805
-6924
3844
-11212
3845
-11212
-10720
-7104
-3312
-5052
11011
-16352
-2258
-6104
-3835
-8152
5882
-14332
13591
1048
-4104
-6120
228
-15360
4370
-3036
1019
-3028
-3300
-18400
-4618
-8176
8187
-9168
499
-12264
3348
-10204
-1585
-12276
521
-12236
264
-3036
1316
-7096
-7166
-6104
-3323
-13296
6150
-5080
1828
-996
-490
-13260
4352
-15112
-4833
-14304
-5395
-5080
44
-13296
-6399
-15340
6890
-15316
2527
-4032
718
-14280
-529
-11212
754
-9188
-2325
1032
5344
-4064
2049
-7940
-3800
-7948
5874
-15324
7953
-12280
-320
4128
2787
-12252
-3621
-5900
2065
-13288
-1286
-12056
-6655
-6104
-3066
232
-4301
-6140
-4355
-7168
1834
-10232
-259
-12036
-11029
-9160
-8955
-3044
-5132
-2040
-556
-14336
-802
-10216
-4887
-15276
-4610
5184
-6134
-3012
-4356
-5060
-5899
-8128
5612
-9148
1287
-22185
-9678
-9184
6678
3128
492
-10216
-3309
-6104
3039
-1988
4381
-6140
1031
-14276
4604
-3844
-233
-10196
-4615
-8160
2843
-8168
-6152
-3024
-272
-9192
2824
-2012
-4603
3112
1028
-6124
5625
-4020
-777
-5060
3576
-2032
13581
-6116
-7435
-6132
12537
-12036
6956
-3056
-16119
1068
-3093
-19440
6944
-19444
7181
-7116
-772
-6132
-4349
-1004
13075
-1812
5368
-11264
-5602
2100
-8752
-11240
6137
-18188
-5653
76
-2542
-6108
261
-17392
2598
-3040
-3832
-2856
-243
-5896
-502
-20456
12791
-5100
-6140
-996
-2825
-14292
5650
-3040
-9215
-6120
-3323
-13288
7687
-6120
510
-3032
7441
-9172
-2556
5156
-260
-9200
-2365
-4060
274
2100
-9010
-16356
2096
-7148
-3087
-13300
5123
-4056
-4617
-12256
1774
-3032
3839
44
-4117
-13292
-15386
-8184
1545
-5088
-9228
-15116
2291
-6116
4090
-11236
-5106
-13304
-5645
-4092
-1776
-5896
-1022
-6112
-3323
-8124
1001
-15348
2276
-1796
-10495
-11188
2039
-13276
-254
-6132
3050
-13284
-3590
-12252
10020
-16328
2551
-10232
529
2104
2566
-1008
3056
1028
2511
-972
-1280
-7120
-758
-5096
-5894
-16372
254
-7132
4121
-13260
-5667
-10240
-3292
8204
5399
40
11026
-7148
-1785
-4084
6924
6176
-5884
-9192
2050
-8160
-4323
-9204
3333
-6944
2
-12216
6922
-7164
-8658
-5080
1787
-7104
-263
-9200
-5357
-1972
11749
-7100
-538
-11180
5141
-8144
-2817
-6936
-4109
-992
-3104
-9172
-480
-8968
7702
-13260
3357
-17400
3842
-8148
6152
-16324
-1741
-14296
11296
-8116
-1816
-9208
1802
-21476
1774
-12280
-31335
-11264
-751
-18404
1299
-10232
-729
-3056
-4579
-10188
15375
-6920
10264
-11220
1554
-15336
1032
-14324
10514
2080
13318
24
7932
-14276
1008
-10200
830
-14320
-758
-10204
-9717
-5052
-2539
-12036
-2301
-10188
10250
-5088
2840
-15352
-6625
-7140
-3304
-10228
-3601
-11028
7693
-4876
2014
-2008
-771
-14292
3082
-14320
-4101
-7940
4358
-21476
764
-4064
3346
-14249
6919
-11252
6365
-4064
1027
-18384
771
-8172
-3609
-5096
262
-10192
2782
-13272
-3068
-7112
-4343
-9188
-4633
-8980
6386
-10184
12282
-6104
-9459
-5064
-7469
-10216
7128
-5044
-245
-8176
1543
-3016
-7152
40
3570
-3024
5072
-8172
-3319
-5120
5629
-20456
3083
-3844
-1499
-8112
2035
-7112
8190
-3048
-6638
-16352
3063
-3844
-762
-10232
-9217
-6920
3593
-8148
-1
-7140
3835
-15336
-498
-13304
4356
-5104
2847
2064
-5364
-10216
2330
-8188
5918
-5080
6393
-7160
9250
-11252
265
-6124
3826
-6140
520
-12232
14094
-8144
-1783
-16376
-9700
24
8444
-1984
3585
-17400
-1030
-8152
2801
-16320
-2024
-10224
11750
-10008
6439
-5064
5899
-9188
3079
-8136
6410
-15352
-10224
-11232
4853
-10212
2055
-13260
4093
-4064
-251
20
-5638
-3048
-4622
-12252
-741
-11228
779
-15320
-258
-8188
-1554
4128
-14861
-13260
2858
-9196
4839
-15360
5119
-12276
-3867
-9208
2057
-7136
529
1040
-237
-9184
4366
-5892
5153
-7116
1774
-12240
4879
-3044
-2056
-8172
-3605
-15344
5129
-9168
5661
-12276
801
-8156
-2334
-15312
-5645
-15348
6915
-9192
762
-984
-4069
-8156
6149
-7156
7414
-9148
-15895
-10204
1525
-20448
-8411
-4092
7880
-13296
265
-6936
7177
-10232
-2058
-3036
3841
-5096
-5401
-2016
1305
-6120
7433
-12244
6446
76
1568
-15324
-5381
-10204
7680
-2824
1787
-8164
3598
-992
-3856
-8992
8484
-16376
-5851
-9180
6390
-992
-10731
-8144
-9725
-3068
-2545
-9172
4113
-14320
-14090
-8180
1254
-19384
-13304
-6120
9998
-8148
760
-11016
-14586
-13276
-2049
3320
-269
-2036
-1252
-5064
-1800
-12044
4850
-15316
2805
-13312
1794
-7148
-3289
16
9489
-9172
-3087
-18380
1288
-4056
4330
-13268
3126
-9204
-2300
-7144
-7
-5096
8712
-13268
-526
-9188
4609
-13280
-8463
23316
2575
-14328
-3314
-2824
7697
-21484
-5388
-6120
-3872
-2044
2052
-3040
2306
-6092
8734
3076
-510
-15336
14318
4152
-5896
-11228
-1012
4140
3570
-10240
6614
-6084
-531
-8164
5360
-6104
18
-10216
1770
-12260
-560
2092
-7697
8252
-2100
-17384
-10768
-2004
-262
-8176
3089
-18420
-2033
-9184
-509
-3020
-5373
-9164
-4366
-24296
5346
-14312
759
-12240
-6674
-10192
8725
1076
37
-13280
-4844
-11196
-4870
-5080
1321
-13276
-10755
-8192
-3013
-7116
6172
-7144
3851
-6096
6707
-11236
11241
-2820
-2027
-9196
6152
-15328
-3564
-24312
9731
-5092
-3031
-10220
-1041
-11208
-3050
-9180
-24
-5120
-278
-20232
475
1032
-1566
-4092
780
-13221
1275
11288
-10518
-2012
-5377
-8168
8708
-5068
-9211
-9184
-4841
-10240
3820
44
3815
-12288
-1302
-16364
2579
-8140
-4908
-11244
5640
-10184
3103
-6932
5150
-6096
2285
-6092
-8691
-11016
3762
-10208
6146
-7132
6934
-8192
-491
-5120
7140
-1996
-1530
-8136
-512
2064
5410
-7112
244
-4064
-4571
-4060
-3586
-18388
765
-6136
-8199
-6100
-2570
6392
4137
-3064
-2048
-4084
6917
-4092
-6412
2068
2510
2084
-11005
-7148
-2792
-5900
3092
-8160
293
-17372
-1282
-3848
-2019
-3044
-2801
-12272
-5408
-4036
3331
-14284
-757
-17368
1308
-2024
-3560
-8124
-1512
-11232
-517
-7148
-8666
-19444
-258
-20412
-999
1028
-2307
1080
2316
-4032
-6908
-7144
-1554
-7164
-8948
-4052
-6113
-12280
6940
3124
-11800
-4044
3309
-7152
-2062
-9188
3082
