-12260
-3337
1040
7953
-12236
-484
-14308
-3352
-12228
-4384
-7156
-2275
-13292
-759
-2012
-11000
4144
-8481
-25292
1589
2296
-3321
-17156
11235
-11228
4386
6392
-7656
-7160
2045
2060
-1827
-12228
-3366
2100
-4356
-6100
-3308
-13064
10956
-16332
-756
-10172
-1006
-5092
4044
-14320
2825
56
8173
-2008
477
-6116
-13046
-5116
-249
236
-1578
-1796
527
-1008
2564
-10204
6661
-9204
-2581
-12208
8181
-13288
-1289
-6112
5880
-13272
-11003
-6128
-4087
-7148
-1317
36
2823
-8184
-785
-12272
-9994
-13280
-235
-6108
489
-8968
1517
-3036
510
-17360
2560
-8152
1341
-10220
-6142
-20400
3845
-8192
-2814
-18420
5591
-1961
815
-3864
4627
-10204
-12812
-17392
9704
-12280
-769
-15340
9951
-17372
2337
-2044
3848
-16336
-3863
-8168
-13004
2088
256
-9160
31165
1036
6123
-7144
3576
-7120
-243
-7140
6376
-11208
4640
-10192
-7641
-10204
5873
-5092
7164
-7092
3303
-2996
4142
-10208
-2571
1048
4325
-11204
4637
-16356
1256
-6136
5657
-6124
551
-3060
15632
-7124
1044
-14272
2546
3108
-3070
-9200
784
7212
1749
3100
-10796
1052
-7711
-13288
-247
7208
-991
-3044
3585
-12220
-767
-1972
10738
-2036
-3602
-12036
-4620
-17368
-3043
-7128
4863
-11256
2324
-3052
5408
-792
-2529
-10220
7430
-8148
4856
3112
-1811
-9196
2808
-10240
-7668
2064
2825
-17368
-2300
3080
-1575
2072
-10487
-3844
7426
-12228
-2313
-784
-5879
-8128
12
-9144
11579
-13260
-3542
-11208
-14
36
11248
252
3381
-10184
5391
-24296
-16125
-5056
3039
-12240
-7175
-11212
2526
-3044
290
-16364
-4353
-1808
4378
-11248
-8730
-13252
-2065
-3052
1818
-8152
-3667
3116
-491
-9176
1276
-16356
2564
-8188
-8954
-10172
-3589
-4044
-3062
-19444
-2031
-10192
2042
-6916
2027
-11244
-3311
-7104
2805
-21464
-2265
-10212
-2049
4116
-5637
-7140
-9732
-1800
7443
-6116
-781
2060
5153
-12252
-1050
-8976
1003
-4024
-1282
-17352
-1300
-2000
9726
-13072
4109
3128
4586
-7124
-4851
3104
6619
-13280
1783
-7128
-3067
-10196
6652
-16320
806
-7152
3094
-7160
5423
-9988
5362
-13248
6690
-9168
4851
-1024
33
4140
-2062
-16376
1549
-7128
5634
-11264
5644
-5092
-13
-11216
-9503
-11184
7180
-6080
-2030
-3024
-3320
248
-1564
1064
-271
-13284
6687
2088
3578
-11256
-6396
1048
6161
-7108
-3069
-8148
-5888
-22204
5602
-11200
4618
-4084
1272
-19380
4374
-19369
-771
4104
265
3112
505
-4060
1800
-5080
-238
-5080
6929
24
3847
-13280
1556
-13312
-7931
-7164
-6124
-9196
-3288
-15312
7668
-6088
-572
-20432
4322
-13288
-4344
-13292
2814
-3872
5135
-5076
-8971
-7140
-5586
4100
8218
5372
-8977
-16364
10740
-7128
-2303
-13252
4855
-6104
4088
-12044
-3083
-11212
-3314
8
-466
-5100
1823
-13264
10512
-15356
10756
-8136
9259
-8192
6182
-11236
-3115
-9188
-1043
-8148
8918
-13300
8176
-8184
-5593
-6936
-5624
-10200
-4125
1268
-6133
-1016
-1550
-12260
-5370
-8136
13588
-24308
1759
-16360
752
-7148
-5133
1048
-5900
-11244
2818
2084
-6389
-5116
1284
-12240
-6140
-2820
-1033
1240
-7409
-3068
13272
-12056
2041
-7132
5626
-11256
-7160
-15336
-2063
-4068
-4870
-6124
6620
3112
7929
-16136
-13844
28
797
-6124
12808
-3032
-3592
-6140
-4569
4108
6900
-9996
-3090
-5096
3040
-5080
-9958
-6108
1778
-9992
7184
-9196
505
-14296
-5615
-12244
-7670
-13280
-7651
-12240
-7960
-10208
-14864
-2824
9437
3104
-8217
-7160
-3837
-5104
3564
-9180
3577
-6128
-6676
-7144
7688
-8148
-6401
-5080
-3343
-5072
-6680
-5092
2811
-15108
8443
-13292
5626
-5092
3863
-14312
1562
-2824
-2290
-10216
3108
-1976
-4613
-13264
6158
-15344
5374
-8160
-3841
-8168
-5662
-5072
1296
-992
-14377
-4060
215
-4056
4080
-7136
7660
-6120
11517
-3040
-9985
-12189
14042
-5076
2065
-10240
-7954
-9204
1537
-10236
6365
-10216
6910
-2016
-2569
-9164
-3331
-8964
-270
-18420
510
-19444
-4084
-11264
2275
-17400
1792
40
-8926
-7120
-1329
-14288
1537
-11256
538
-5092
3023
-17372
-6659
-5072
4629
-9184
5636
-12252
2555
-11240
-1266
-9200
3607
28
-1814
-7112
-3842
-10184
-6912
-17352
3872
-5064
226
5168
-2293
-4052
-5389
-8156
509
-9184
-4354
-16336
-7437
-3040
7403
-10184
-2582
-12248
-3602
-16384
7434
-9164
-12746
-11200
1788
-9196
-2768
-3024
4114
-10196
-4905
-14308
-1295
-8144
-9454
-10196
-9203
-11256
2577
-10204
7714
-7940
1529
-8136
5657
-8124
1885
-13244
3301
-13260
-477
-6084
-2563
-15344
-2814
-11020
-269
8200
3585
-984
4859
-3032
-5130
-8160
-2270
-12036
5348
-7132
-5400
-10196
-3594
-12256
4857
-10184
-7172
-13308
-1282
-4056
-760
-11228
-788
-7168
-7
-992
785
-13060
-6151
-11256
-1257
-4072
9499
-7148
9976
-5104
8439
28
6666
-12248
-1781
-9176
8706
-1988
6401
-12236
-8179
-3068
9458
-1004
-5112
-9164
-2045
-5108
-7679
-19376
-6901
60
-8719
-13268
9965
-6084
3843
-3064
-3079
-8172
-3348
-16332
1224
-4072
15637
-11212
-1268
-12280
1529
-9208
-1002
-9216
7468
-14304
-6896
-9212
2066
-13260
8705
-992
2799
-2836
-994
-13288
-289
-1004
-4340
-9192
-7451
-4872
283
5172
-3820
-9168
-14089
-16336
-4317
-7940
-708
-3856
5369
-11192
-2264
-17380
7708
20
5663
-7140
-1270
-8188
5664
-23224
-5119
-10204
-2045
-5096
-7393
2080
-5132
-3060
5923
1092
-506
-20460
-3588
4344
10491
-13292
-996
-12256
2313
-5108
6401
-16344
2854
-4040
-3564
-6112
-3077
-992
-1746
-4092
5629
-11012
11524
2076
-2064
-8164
7172
-10156
-2275
-6136
-3569
2076
3093
-11220
-5877
-9996
10268
-9164
6937
-5892
1026
-9212
-2522
-8132
1037
-1868
3337
-12232
-490
-14316
-2832
-9176
-999
-6104
4852
-980
-5642
-5088
4099
-14280
-6897
-3064
-2811
2116
-2584
-8144
2047
-4076
5383
-4036
1020
-6124
11758
-8160
-5630
-6112
-532
-9196
-1757
-6924
4877
-14108
-2319
-3048
-66
-8188
-4090
1096
-5867
-13260
2262
-14336
2038
-7112
4400
-976
-1787
5172
-769
-9192
-734
-15312
16388
-8160
3308
-7124
-2873
-9176
272
-9196
-3074
-2016
-7669
-14084
1525
-5092
-798
-19436
4069
-10212
-4348
-3852
-1515
-10216
-4611
-10212
-4123
-13240
-9962
-5900
5141
5192
-2074
-7128
-8174
-14292
1816
-8140
2831
-7148
-504
-7160
240
-7140
4624
-4036
8474
-7144
1786
-1968
-2317
3100
2291
-6124
3582
-11256
-26
-8172
-3607
-2024
5371
1096
6657
-10232
-1536
-6116
-550
-12272
4888
-2004
10733
-16336
-1033
-1004
-214
-4064
-3570
-4084
-2028
5168
-8189
-8176
-509
-4088
7689
-12260
-4870
-2032
-2571
-8164
257
-1020
-6886
-17368
-9232
1048
-531
-8132
-3090
-2020
-2809
56
8733
-12256
-7171
-1992
-1794
-5080
-3072
-15352
10477
-20436
4113
-7124
9793
-1004
1832
-10212
-197
-4056
-7936
36
4362
-21472
-7934
-1000
-1281
-14296
4355
-8992
4113
-8192
-2775
-964
-7688
-8144
-2319
-5072
7440
-8168
5398
-13284
-6132
-988
-1045
-4084
-4362
-8156
6630
-9184
3818
-3044
-537
-7136
278
-9196
3846
-9172
6909
-12272
3581
-12252
5901
-1004
-8422
-19424
-3063
-13300
-6121
5160
-3601
-2020
-4081
-6100
222
-6144
-7968
-18368
1574
-8136
-4575
-10196
-1269
-15324
-9234
-17364
805
2104
-4090
-15352
-762
-9196
2530
-10200
-4877
-3008
-6961
-11020
-4868
-8968
-2294
-6096
9236
2088
8457
-7156
4339
-11228
2811
-7116
-2299
-10200
-213
-3048
4607
-11244
-6365
-10232
-778
-10184
518
-3016
1793
-7144
-2839
1264
5622
-7144
-6394
-9192
1023
1072
3826
-980
-1534
-11216
3080
-4056
5375
-3036
4333
-3040
1812
-12048
1759
-4084
3601
-11204
4575
-7144
5381
6192
2338
-2820
-5144
-9192
12834
-12280
1229
-4048
-3300
28
-5668
-13296
1254
-13300
1545
-7108
-9704
-10204
2064
3080
-3324
-8124
270
-992
2557
-11236
3056
-18396
-247
-988
-1293
-7120
-9197
-18376
-3840
2076
8445
-17380
-1542
-7120
11025
2092
-4088
-9208
5431
-9188
-1997
-14312
1806
0
-293
-14092
7714
-21452
-6873
-5084
3049
-8124
6893
-4040
-5110
-3000
-1039
-3064
11500
-13300
3601
-7116
-6921
-2032
-2554
-6140
-1010
-9168
790
2084
4084
-2824
4634
-11252
-7910
-4064
1024
-9184
-5878
-4084
2312
-18384
2820
5124
6154
-11196
-515
-984
-3318
-5064
-10262
-11012
-16
4128
282
-2012
528
-9204
-1015
-14324
5844
8
-4588
-7944
4372
-7132
7156
-16376
4349
2092
1049
-18428
-17661
-7144
5393
-10176
4632
-17356
-499
16
11820
-7156
1029
3092
993
-6084
3613
-11224
7424
-10224
-4068
-25300
6425
-3040
2310
-7136
1036
-15340
-4872
-992
-3109
-12256
-1780
-964
9461
-8132
-8451
5120
-1787
-6132
11542
1052
1024
-11264
-13572
-2028
7197
-16356
7166
-10192
2322
-2048
-2037
-8144
-11046
-6108
13805
-9196
-6907
-14304
-2555
-10212
-8188
-11244
11782
-13292
3091
-5084
-13594
5152
-1283
2080
18
-13068
-5880
-8160
38
-7124
6630
-1980
-1258
2076
-2295
-8140
-8212
-8140
2022
-8140
5910
-6936
-4598
-13244
1525
-8176
1802
-6924
-7705
-13308
12752
-16152
4889
-14256
12543
-11228
-3307
-14316
-780
-6112
8438
-3068
-3313
-9180
-4874
3136
535
-4060
-15909
-11220
-15611
-8156
-6404
-15360
5098
-10180
1562
-9192
-2795
-7164
-789
-6128
4373
-7144
2829
-3860
2574
-13276
5892
-6116
2567
-17356
9220
24
2269
-13300
-2576
-10208
9198
-2044
983
-12260
1275
-12220
765
-8148
3302
-19436
-5659
-4040
5368
-10208
-1018
-9164
-2807
2112
7170
-16160
4384
-7156
-5117
-16344
5909
-16360
-502
-5108
250
-10192
14593
-9212
-1546
-21468
-3346
-7148
-7967
-5120
7382
-16360
-7655
-15324
-3849
-4048
-792
-5084
-3839
-12288
-3600
-20236
1558
-17344
-1321
-6084
-219
-8124
-11012
-12220
-1295
1177
-3823
-988
7396
-4044
-1042
-6104
6117
2092
-2263
-2004
-3817
-13264
-3625
-3052
4640
-8128
-6169
-8148
-2516
-7104
4613
-9164
1542
-12240
6395
-2000
-3806
-4072
3364
-4076
-2824
-20456
-778
-10188
1288
-9196
7943
-3056
8469
-11177
2321
-7112
-1032
-4888
-2814
-11216
12525
-12240
-509
-8144
-7658
-8168
6402
56
-3805
4112
-1048
-1004
-1529
-7128
1767
-4048
-4337
-4056
-4586
-10192
-2076
-3884
-796
44
-3314
-14308
-785
2084
-3603
-10236
-1504
-3068
-4120
5156
518
-18412
1026
-7152
-5399
-1012
2566
-1004
-4338
-11236
2805
3100
-9992
11316
-519
-13280
5617
-5048
1789
-5100
3341
-11248
-1005
-8968
10753
-3036
4099
-6124
7172
-10192
-5376
-12248
1778
-10192
-9231
3076
9687
-12252
-5591
-8160
-6116
-3032
14100
-7168
15103
-11212
1563
-2832
281
-8136
1239
-10212
1016
-11232
-501
-8152
9481
-8112
5358
-9160
-6662
-16356
11997
-16356
1004
-10188
5862
-13280
515
-17376
1513
-5104
-8449
-13228
-6160
-2012
3056
1044
7166
-22244
-5624
36
13
-7168
5614
-15284
2334
7188
-4062
-4052
-7677
2108
3856
-7136
-5644
8
5902
-15332
6148
-10192
-4351
-5084
-4326
-14296
-2051
-6116
-10510
-12256
3333
-1996
-1062
-5112
-3574
-992
5380
-13076
6164
-18416
-2079
-8168
1795
-13276
3320
-6104
-3865
-5116
-1025
-7156
-5648
-5120
2039
-12264
-4592
-10220
-11560
5144
-1805
4108
6911
-4064
-4053
36
6636
-4072
1767
-10216
-5378
-4056
-3374
-984
3116
-9200
8200
-5092
6648
-13272
2334
1036
471
-5096
5894
-18376
-745
-12236
-1583
-5092
1790
-8136
4341
-9172
7949
-3040
-2562
-2024
-3555
-18404
-8188
-2048
8419
-12040
3833
-10196
9480
64
-1551
-12272
235
-5072
-5615
-2032
1290
-2008
-2564
32
5124
-13304
-4870
-13248
3850
-15324
-5384
-8160
-3295
-5080
3058
-13272
2318
-992
-1275
-8988
484
-1024
8213
44
283
-12268
-2560
-7940
-10021
-13292
1512
-9176
248
-1004
4089
-3016
8964
-7148
2819
-7112
-6150
-13272
-2860
40
10244
-992
11505
-1992
-798
1028
-6165
-9992
-2583
-8160
1044
-3004
8704
-6140
-1816
-8132
-2283
-22236
-4369
-1020
-1031
-8972
9701
-23228
-5860
-16356
-3306
-9184
3347
1092
-1300
-12252
-7949
-15340
3095
28
-2028
-9204
1539
-19436
2265
-10188
4379
-15312
1291
-8172
8200
-16344
-9232
-17396
2060
-11252
578
-9176
-15868
-5120
4578
-8164
4573
-12228
-9470
-6132
7416
-10236
-2280
-9160
4380
-11236
-1294
-11236
-3293
-7116
1783
-2996
2796
-6088
-738
-7956
-2058
-6088
4605
-15340
1794
-16316
1283
20
6648
-12276
-1289
-12264
3858
-9196
3824
-17360
9461
-14320
2018
-8968
4344
-12280
292
-23296
-10451
-5060
-3877
-3004
6690
-7136
6616
-8148
-9229
-18412
6667
-5116
3329
-8964
-5924
-1012
-9161
-11236
17911
-11240
1524
-5096
3554
-1800
6122
-12244
2049
1028
9999
-4092
546
3084
8713
-5076
5142
-996
6402
244
8236
-12268
-3072
-12284
728
-5100
8935
1068
-17643
-10180
1017
-9184
-13067
-12224
-249
-5060
-519
-17356
6882
-13060
522
1032
-6922
-4096
2574
-11200
4336
-12044
1330
-3028
5877
-18424
13528
-24244
-296
-16368
-9482
-15261
1773
-11252
-7206
-9204
-1003
-9212
-1501
36
-258
-6108
-7711
-7128
-6646
-7160
-1294
-6124
-10982
-9188
8717
-4060
3834
-6096
-18945
-7144
3861
-8184
-3562
-16324
9444
-19400
769
-7116
-1276
-13232
3069
-6100
5392
-12252
5612
-11220
-6653
-16356
10264
-2000
7451
-4048
-4649
-4096
214
-11232
-7220
-13300
8720
-24284
-6147
-12264
3317
-11200
-1565
-15312
-8197
-3040
-4856
-1992
1542
-10172
533
-16376
-3845
-12048
-7690
-13288
-10216
-996
-8676
-14284
-772
-5088
529
-1004
1045
-4052
-4129
-3052
11515
-9196
5884
-960
4106
-8972
-8465
0
-2037
-8160
5364
-12236
2542
-3032
6125
-14316
246
-6041
1760
-6128
1819
-13264
-2036
-4052
3597
-7940
1762
-21468
-6654
-4072
-12523
-5080
8713
-10220
-6943
-3060
-1801
-5096
-2815
-10208
6161
-16344
2286
-8180
10257
-7960
-503
-5084
-6923
-3028
1290
-7112
-13085
-6104
-4130
-3040
-3068
-12248
-6376
-10220
18183
-1984
-1754
-18400
4025
-988
-7135
-8184
-1541
-11212
7175
-9180
2841
-4096
-3062
-17388
-8954
-984
2557
-7156
1564
-6132
5095
-7168
-795
-17408
-491
-8156
758
-7120
-7958
-9988
3336
-6088
-8692
-6092
1294
-4092
10481
-3056
-3336
-14304
-9457
-15296
1800
-9196
-4399
-15348
7669
-5084
9738
-9992
-7158
-19440
0
-11248
-2265
1048
-44
-14288
-3818
-2008
6160
-12252
1298
-12248
-3315
-4044
-2603
-5072
8193
4156
5383
-2008
3057
-2832
-1278
-10196
-787
-5892
-1025
-10188
-1330
-4896
-7506
-11016
2584
-13272
-268
-7164
9215
-11228
8160
-7144
-5348
-5064
-789
-11264
7200
28
-1289
-8148
-11022
-21488
-5119
1060
6906
-2032
3054
-19452
5371
-5088
-1281
-4096
8723
-12272
-1528
-11024
-2547
-2044
3054
-9160
-2841
2088
1580
-18396
-261
-12244
-491
-18404
7147
3104
1025
-6924
-5132
-10216
-1297
-1004
-738
1060
6680
-7136
-280
-5116
1544
-9192
2559
-10224
11032
-16356
9764
-2020
-5889
-9188
5410
-13072
3604
-9204
6435
-13260
7205
-3020
238
-13252
4871
-12256
-15100
-11248
5126
-5080
-16148
-6057
5893
-2012
2228
-13284
3060
-4084
-1002
-10200
496
-29416
3573
-12264
-5370
-13284
2336
-7128
-1548
-6144
4335
-7116
516
4136
259
-18404
-3856
-11220
-1261
-10180
4622
-8116
-2517
-12256
2289
7248
236
-6128
-3587
1028
979
-8124
1547
-4088
2271
-13288
2548
-5116
8974
-9176
-1245
-13296
-3572
6156
2073
-5076
2053
24
5124
-13300
-523
-5072
2290
-3864
16637
-11216
-1031
-3048
3043
-14308
10754
-2004
-3868
-1992
-1516
-4076
-4607
-13240
10487
-11032
-3043
-9188
1025
-3056
-1733
-968
1057
-10020
1803
-960
7428
1056
13567
-980
10505
-4997
4868
-9996
249
-15124
5369
-15320
-3829
1068
2787
-11024
-223
-780
2838
-13240
-12009
-13304
1045
-2048
-774
-8168
-4368
-20444
-798
-14088
-4105
-16332
-2321
-31436
5652
-14324
7688
-10220
-2058
-8164
-804
36
-5356
1060
7677
7212
-1267
-9192
1005
-9172
238
1080
2056
-11252
-2843
-18380
7442
-7140
248
-14316
-3053
-4080
1024
-7136
6391
-12044
1827
-8140
-5648
-6100
261
-13304
257
-8172
-1296
2100
1528
-10232
-4615
-9196
-982
-2008
-5863
-7116
496
2264
780
-2040
-4877
-780
761
-11236
-6895
-9180
2552
-14328
2815
-8168
539
-8148
-7935
-10228
-8148
-8160
6939
-2040
-1491
-7116
5651
-11208
-3879
3096
-12605
-13260
4908
2092
5932
-10196
9984
-8112
-274
-6108
-10502
-6112
9716
-11204
3819
-8160
-4103
-5088
8226
-11256
3863
-3040
-3888
-11248
2824
-16332
-2836
-8156
-7944
-1984
3579
-988
-19
-6116
-1308
-11240
4348
-5076
5128
-4052
9473
-4072
-6930
-14308
-277
-12208
-3824
-11196
-9710
-5060
2088
-6112
-1311
-18400
-2072
-9188
3064
-10204
-2355
-7156
2558
-6124
479
-11216
-4577
-6116
-5357
-14092
7665
1036
-1764
-10184
-6936
2088
7651
1064
-8221
-15116
7172
-8148
6641
-6096
1522
-5112
5671
-18404
761
-8180
-4606
-10220
8400
4340
-6136
-9152
-7161
-12256
-4
-8172
3308
1036
-471
-12252
-2061
-8160
-3856
-12248
-6407
-12248
511
-6916
2514
-8101
6869
-5092
527
-2828
6916
-2024
-3821
-9156
-496
-9180
-1270
-13284
-3828
-4080
2042
-5104
-2526
-12260
-1796
-2040
-4865
-3056
1050
-11244
9980
-7112
-1574
-3052
-1032
-16380
3063
-12260
5861
-6116
-4116
-4052
1789
-9164
3549
-12276
-1275
-8164
-3325
-12040
2562
-12236
1501
-13256
-1542
-4884
8917
-11228
1278
-18404
1277
-5104
-1511
-13268
1257
-16372
6405
-8160
5637
-5080
-12787
3100
2814
-13284
-1776
-9204
-2823
-11228
3090
-3020
515
-13260
-25
-5088
9232
-8124
-2049
-10208
-3787
-1992
8709
-20456
235
-2000
500
-7940
-1776
-12272
12311
-6132
-9447
-1988
2544
-14288
2307
0
7930
-12268
-4849
-3044
-2335
-10236
-4095
-6140
6672
-8124
-1023
-3036
-4603
-6108
-537
-5056
3370
-4052
-9493
-17313
-2300
-16380
3834
-12216
-5364
2096
-1528
16
3851
1060
2811
-17408
6903
-21480
-2327
2056
1791
-4092
5858
-14300
-1534
-16348
-5616
-13236
-4615
-9172
269
-6092
7407
-13256
6895
-15316
517
-1008
6146
-8116
-5371
-9156
4624
-988
1005
1040
-6166
-15320
-1257
-4048
271
-13284
12260
-6132
-6423
-18376
9447
-15348
-4095
-9152
1287
-6100
7151
-15352
-5894
-5900
6685
-7132
5388
-13312
7437
-5088
1014
-4048
7679
2072
-2837
1268
1564
-9188
3589
-14312
-10767
-5100
-1793
-8188
3371
-6928
1545
-3040
-2811
-11244
8458
-15308
-1005
-11236
-3099
-6116
-4874
-9176
-1520
-16340
-12
-5108
6918
-1008
1785
-6128
-5131
-7140
543
-9188
1790
-5104
2562
2056
5893
-1996
-7667
12532
-4880
24
5114
-11180
-15331
-6116
1281
-5104
-6918
-13308
1268
-2008
-5630
-9184
5636
-12208
3344
-7096
-1012
7212
-1813
-6112
2537
-16324
3310
-15284
2293
-6916
5385
56
11516
-11252
-6884
-7116
2328
20
10482
-948
2577
-21464
-1030
-8156
-749
-10228
-247
-13288
-3857
-13068
987
-17380
-3834
-8128
4099
-7128
-8966
-7128
-3591
-10200
2296
-11240
229
2068
-5913
-7156
-4852
-11200
5621
-18432
1287
-9184
-2857
-20424
-1533
-11204
7634
-16348
-10470
-10168
6934
-3020
-7662
-15352
3337
-8164
7187
-7128
3576
-13272
-7435
-13284
-1517
2104
3569
-5100
12029
5176
-13
-13256
7405
-11244
-4101
-1976
2314
-5108
1539
-6112
2602
-13260
13844
-9208
-1540
-11012
3066
-3052
-6155
-992
3564
-11260
2092
-11248
2570
-7156
5614
-6916
12050
-18388
8462
-6140
-2302
-4080
-757
-5064
-501
-8172
2303
-4028
-1296
-11212
1271
-9188
7427
-8144
12
-4056
6177
-1008
-4087
-2020
752
-1992
8214
-9184
-2580
-16372
3335
-7140
-3857
-5076
2061
-4084
1783
20
1005
-6128
782
-5108
-1474
-12228
5894
-5096
2030
-6104
1263
1072
-4339
-3048
-2263
-2012
3585
-7160
-4634
-6112
2578
-10220
6880
-13276
8958
-13276
-2320
-9184
15101
-12248
-4160
-4056
-503
-7140
-7952
4340
-2264
-10000
9991
-5100
771
-8160
4391
-6108
741
-14304
2018
-2000
-1543
-3048
-4859
-20448
-274
-11196
1266
3080
-4084
-31416
-3344
-7140
-1801
-11224
1520
-4048
-1782
-6108
4071
-12040
-3082
-14084
-6422
-6120
2357
-13244
-5107
-8164
4372
-15324
3821
-3036
-10511
-1941
2334
36
765
-20436
996
-3012
-1553
1040
-6951
-8988
-1312
-776
-3340
-12244
-248
-7940
-4101
-4072
4110
-9996
4637
-4072
292
1040
-5095
248
1531
5132
-5859
-21480
14326
-8156
4833
-2028
-4857
-8152
-1526
-13296
-5625
-15328
-1524
1056
7649
-16348
10773
-6092
1791
-5104
3325
-15344
278
-8144
750
-11012
-6893
-8128
1761
32
-502
-8192
-214
-15320
-5671
-12212
1316
-2028
-5907
-10212
10214
-11232
2576
-16372
5137
-17384
10040
-15348
7414
-7104
-4585
-12248
-779
-3032
2047
-9212
1770
-980
-3577
-7148
266
-6132
2525
1032
-6135
-13268
-1771
-14312
6395
-15300
-4590
-10236
12033
28
-6436
-17160
-797
-2004
3043
-11212
-6130
-5100
1268
-20420
3348
-5072
-760
-13256
-4332
-7144
5869
-16356
1285
-11212
1255
-15328
-7677
-12276
2018
-4096
4607
-6096
-752
-6144
-2840
-14304
2574
-5112
-4085
-3028
1005
-12252
-5104
-14256
6117
-6144
-5645
-3060
2028
-10240
-2045
-20472
6672
-13232
-1532
-7136
3338
-7136
-2520
-11188
9706
-7944
2850
-14300
-2069
-10196
4102
1064
-2834
-5088
-1793
-11244
-3845
-2032
-8984
-6120
3590
-4060
6692
-10164
-1515
-3040
1051
-7148
-2806
-12260
-2077
-1992
-11257
-10212
-3889
2112
-4816
-7116
-5403
-16372
6669
-19416
10206
-17156
1550
-9192
-13
-20420
7422
-11256
-260
8
233
-10232
-3556
7196
5629
-11240
-7148
-13252
2597
-11240
5636
-10228
-1291
-4056
-1804
-3052
-6890
-5100
1038
-968
4636
-9144
-5377
-4068
10222
-18416
6140
-8168
-8170
-7120
7187
-12036
7651
-7168
4621
-16360
-8740
-8180
-2286
-6108
-1534
-18400
-514
-12268
1222
-8160
-794
-10232
-7942
-5084
2320
-9172
-6935
-11216
-1020
-19436
-5357
-8120
786
-6956
518
-6128
11783
-14280
-2584
-6108
-3
1040
-5661
-20440
-5629
-13060
-503
-11036
-1294
-6112
505
-4048
-5642
-5072
3078
3128
4348
-4072
-3829
-17180
-4089
-6120
281
-7120
-4331
-9196
1299
-1000
6902
-8184
-3589
-5084
-5884
-1972
3076
-19456
10255
-4052
-5920
-8136
-3089
-25296
-1066
-18392
-5346
-13292
4602
-8144
6391
-10172
4868
-9168
-3589
-7116
-753
-11220
7427
-9180
1252
-9168
-3827
-10232
-782
-8964
1312
-16364
1247
-7960
12000
3096
10012
-1996
-1251
-7120
8216
-7128
-2828
-5084
3575
-11196
-8881
-8148
11799
-12224
-4363
-7152
-6140
-16344
-1044
-5112
-1023
-9172
5649
-10224
-4317
-10232
-4086
-16348
-538
-22236
-1300
-5108
5377
-14300
-2866
-10220
-739
-3036
10485
16
1545
-10220
9447
-16132
-3305
-15312
5119
-18384
-3336
-9212
-6167
-4024
510
-20232
-12042
-2028
-6375
-16320
-6450
-784
3847
-6124
-3355
-12264
-480
-18428
3
28
11275
-10176
-1283
-6124
-2820
-19444
5882
-1016
-2072
-11192
-1029
12
-7897
-7104
8168
-3020
-4107
-14328
5093
-3048
4087
-8192
-12245
-7140
-1286
-6112
3103
-10156
3834
-9216
-2059
-15340
-5607
-5080
774
-16340
2280
-20412
3865
-18400
-4881
-9168
-5625
-11232
4849
-6092
-8394
-9172
4827
-11244
2035
-7148
-2040
-5076
-2328
-8152
4369
-2820
5862
-7088
-2809
-3012
-1535
-12064
3593
-1012
-5613
-10188
4337
-12244
4852
-5116
-2057
-4096
-5619
-9172
-3835
-14316
-15
-6096
-262
-3844
766
2060
-12259
-14324
5353
-7124
-6184
-4052
-19716
-5100
7678
-944
-232
-8168
-10469
-3024
-1547
-6144
7411
-7168
-5894
-3012
6657
28
6887
-6916
1067
-8176
-2070
-11236
-504
-7096
-11784
-4020
2840
-20408
3848
-4068
-8675
-13240
-541
-1800
3863
2064
12271
-26312
-1559
28
6125
-1004
-2030
-9176
-8692
-2012
6913
-11212
5920
-21452
-795
-6108
-3544
-12264
2834
-20232
8467
-10220
2874
-4080
-3061
-1004
-520
-5096
-7935
-4032
5368
-3024
1007
-7164
1283
2048
-11492
-3060
3619
-9160
-10236
-4084
3064
-4068
-748
-3052
7960
-11204
12056
-5108
-515
-14304
6649
-4056
-3607
-6100
-6393
-15324
-2827
-12264
-1033
-12232
-766
-15348
-772
-7940
17671
-3036
-6411
-8160
8946
-5104
8480
-2836
6169
-6076
-1007
-15312
-259
-4052
-11783
-8156
-2801
-6116
2786
-5116
7655
-2828
-6130
-11228
244
-9180
-1048
-5088
-15111
-17388
-273
-10228
7415
3124
-3814
-7124
-6916
-10224
2058
-5900
-6652
-13292
3813
-12272
-7969
-17388
-4343
-2020
-3582
-15360
2818
-18396
-6149
-23256
-2033
-4076
-8965
-10204
6398
6208
-785
-1980
7689
-15340
-7711
-11208
-1776
-9172
3844
-7168
-1768
-2004
1491
-20476
2077
-7152
3081
4348
-7201
-7108
7958
-13292
5105
-16285
-6160
-13300
5381
-23252
2855
-16364
-8990
-3052
-6895
-3044
1811
-4040
7205
-17392
-1013
-3012
-1522
-10236
1986
-10212
4355
-14312
-6165
-7120
-532
-6112
7952
-7144
1266
-15308
-251
-6928
-5416
-8976
-1830
-12252
1307
-12256
5837
40
6100
-16356
257
-10232
3074
-14312
-758
-18424
3840
-14264
-1293
-9192
-16683
2076
4078
-6088
-5084
-3024
-3317
-968
5142
-9184
3562
-14288
6409
-14324
5622
-2020
-5105
-14324
9207
-7940
-7102
-10224
-12056
36
481
-15356
517
3096
8982
-7132
7167
-2012
-1787
-8184
5130
-9164
-2289
-4040
11553
-1016
5145
-9200
-9963
-10240
521
-3032
-1268
-7132
-8718
-8152
3576
-1836
2327
-3052
-2519
-3012
6913
-6104
-2571
-10228
10504
-8140
-4339
-2012
17931
-8184
-282
-6076
-4618
-772
-6394
-11216
10797
-4060
-9213
-9196
-6410
-6916
2816
-10240
516
-9188
-2541
-7152
8440
-988
-3325
-9196
-481
-1008
-5358
-5100
248
-14296
1794
-8180
9222
-8964
3855
-4044
-7179
1048
2562
-10236
3344
-10172
274
2072
-761
-11248
2012
-7136
9965
-12252
1757
-6120
-8990
-11232
8488
-6136
-3058
-16348
13808
-11256
-8168
-976
3052
-7944
-2800
-10208
3064
-7124
-1278
2072
4354
-11240
8186
-8160
-3846
-9164
3582
-16144
3847
-7132
13054
-3036
-2804
-12256
-3577
-2048
1005
-5076
-3069
-6100
-5107
-4072
5122
-11228
-11007
-11200
3598
-13272
18454
-14320
-13547
24
5331
-7077
-264
-5896
-4366
-4068
1040
-5076
-3610
-11204
6420
-4056
-6644
-6116
3097
-6136
3305
-8152
7186
-13264
-733
-14316
2578
-18348
-494
-7168
2041
-8188
-10461
-984
5388
-7956
-1278
4096
-2819
-7108
2564
-13272
3834
-9216
-470
-22020
-3829
-17400
-2553
60
1526
68
-9723
-12248
1306
-9188
-1550
60
3344
-8156
4596
-2000
2836
-3036
3089
-4064
-2298
-10212
-7148
-5076
1810
-7136
-1256
-996
-10015
-3044
24
-5064
4080
-15356
3586
-11248
282
-6108
-7953
-6104
11006
-10184
-521
