-11216
3073
-3016
2320
-7132
1560
-8184
3335
-6112
3814
-9160
-771
-4052
2065
-13304
2308
-14332
8450
-15296
3585
-15328
2581
-11244
1033
-13068
-8982
-11256
-3611
-2024
2060
-15344
4594
-7152
7697
-2012
-821
36
-5121
-18384
4613
-13276
1804
-1016
-14333
-14092
-9236
-6096
2807
-9184
-8988
-3048
-3818
-10184
220
3088
4119
1036
5132
-4060
3597
-9172
-7408
-1004
-9456
-10196
-2839
-6136
-2818
-10184
-5359
-11256
-5114
-9184
2056
2076
-5646
-5021
-2548
1028
5135
-13292
-1245
-5080
-998
-15336
-3330
-9192
-6106
-14276
7435
-996
-8199
-12244
1275
7232
8968
-7148
-4104
-17372
6141
-5116
3106
-7944
-7202
-8184
1241
1076
-5632
-11228
2845
1084
-5355
-3040
9229
-7144
-2340
-960
2816
-10212
2805
-23244
2321
-14308
5403
-1004
-2563
-8964
19982
5124
-2058
-5112
7181
7240
5381
-5088
2559
-11260
-2287
-7140
3081
-12264
-5903
-6144
-4641
-11256
1510
-8976
12528
52
1291
-4009
7973
-18408
1034
-7092
-6411
-12284
3825
-15304
-2767
-11236
-242
-2036
10511
-2028
-2788
-12244
-1520
-3036
2309
-15336
-5121
1076
-740
-8116
2086
-10168
6141
-10188
283
1052
-5124
-11188
9209
-6120
-17130
-7140
4082
-11180
-5130
-7128
-5140
-18428
12548
-15316
-1016
-10168
8427
-17156
-1564
-7132
13595
-11248
-5110
-7144
-500
-14272
-3837
-988
-6207
-7136
4350
-6116
-3845
-11260
-5631
-15332
5636
-14284
-740
-16356
523
-7140
3328
-2032
-10750
-15316
-4092
-4068
1783
-6124
3322
-8112
-4835
-1008
-8191
-16368
1523
-5064
-4627
-6080
-4086
-4076
-276
-12272
9762
-7136
1
-4032
-3593
2124
-5847
-11244
4896
-5092
-2844
-10000
-2788
-3844
-266
-2004
-2583
-10228
4624
-12276
-1999
-3000
6374
-18392
-733
-3036
-529
-6080
-7208
-4092
783
-8156
3025
-16360
5923
-7140
4576
-1008
4073
-9196
-1009
-14296
2019
-18416
-1538
-9184
-1028
-2012
-1561
3104
1805
-16132
6137
-6072
-6390
-5116
9993
-10220
-1013
-1020
3084
-9212
766
-8972
-526
-14300
6683
-2032
-1022
-9184
9192
-2020
2295
-5033
6669
-7164
1257
-8164
-7919
-14336
3307
-10192
798
-12244
-3592
-12228
-2318
-12240
5382
-5096
-1755
-5096
6384
-6916
14348
-9160
-1538
-8168
-792
-12240
1588
-14320
1529
-19444
-5651
-12244
-4366
-9156
-10245
-2012
-2797
-8184
10723
-6112
-2295
4156
6150
-8160
-267
-16356
-5615
-9176
471
-10208
-1244
-3048
-9432
-11260
-4632
-7128
1552
-4080
-3806
-11212
1545
-7132
-1033
-6140
5903
-2044
-3044
-6140
-231
-3052
-4358
2060
-7705
-3068
3313
-8168
7173
-16356
-23
-4068
1291
2068
-5131
-2000
-11010
-4084
-3328
10292
-3082
-10184
1005
-6136
-5085
-9164
513
-19408
5400
-15348
1514
2064
1234
-3024
-4650
32
10973
-10212
-3569
-2032
3602
-14312
-19219
-7144
-521
-11252
7693
-14312
-11766
-16368
17884
-9172
2010
-16384
-8429
-8176
3623
-14280
2813
-1000
-1739
-3844
2548
4144
764
-18412
-5141
-9208
797
-10204
2797
-6128
4895
-7144
4653
-5092
5888
-6920
-1237
-6104
-4068
-18388
-5104
-8184
810
-4076
8459
-6092
6681
-5084
1027
-10236
2031
-4052
-1578
-5120
4104
-7108
-3839
-2044
-12790
-10200
7405
-984
-5424
2088
-5632
-2012
8172
-17384
-3343
-14280
-771
-972
7145
-15340
-25
-996
525
2088
-1786
-13264
-6351
-11220
-1298
-4052
5113
-2020
7937
36
3879
-11212
-1781
-15320
-748
-13288
5141
-14320
-3090
-10224
-4857
-12252
6877
-4028
3040
-4012
-4882
-4092
6159
-3004
-522
2048
7185
-11244
1272
-10216
-5609
-17392
5861
-6088
5598
-9184
2053
-16328
-4615
-8964
-3562
76
473
-4016
-8681
-8156
1285
-17352
2084
-13276
11037
44
10247
-8972
-3324
-18396
-1269
-2000
3071
-9172
-763
-5076
792
-13304
12824
-5116
238
-9212
-2327
4132
-4357
-12232
-4858
-3848
-5105
-6100
-231
-4092
1812
-12232
4105
-11216
-13311
-972
-3588
1036
752
2080
-4614
-2012
-1511
-3020
-5609
-8172
1279
-16312
2515
-8164
-215
-2836
-11249
-12256
-1761
5164
7979
-8168
12567
-4044
-5127
-13308
-3085
-6104
8966
-13240
-3591
-5056
1276
-8148
-7396
-3032
-1045
-10164
18
-9172
-6957
-12236
-5918
-988
-982
-23260
-6414
-15356
5633
-2008
8204
-11224
-7666
-12252
-6655
-13304
-4623
-12268
-13774
-6924
5156
-10228
12557
1064
-4852
-7132
-1270
-3040
-7427
-10172
6663
-6132
2575
12
2290
6188
2534
-7140
-2269
-12228
2831
-6124
-7137
5180
-3074
-8136
5146
-9156
-2827
-13288
7410
-13304
-3599
-12264
4624
4140
-263
-21468
3580
-18420
-4108
-6100
6139
-9212
-277
-968
752
-11236
3582
-13292
4080
-13276
774
-11036
-7400
-5120
1039
-11232
-2009
-9180
-5118
-12248
-498
-10216
511
1052
-1269
-7124
7946
-4056
5119
-8160
2037
-5920
13864
1032
4127
-7132
9497
-19412
-4832
-8156
-785
1068
-2563
-6132
485
-10196
-1556
-8176
-3077
-6072
-4091
-15336
-710
-11220
2069
-14300
2320
-15320
-509
-10212
1589
-10240
1037
-10232
2055
-11232
7194
-14284
498
-9160
2831
-11224
1009
-6120
4870
-6140
-10707
-6104
15839
-17368
-4095
-3052
-6651
-6057
1794
-7152
-2074
1276
2029
-1000
-1556
2292
5379
-12268
8191
2056
1556
-8964
6931
-12272
265
-7168
787
-16376
-2816
-8172
12545
-21472
-1270
-7940
-3824
-5100
1045
5372
2816
-7096
24
-10192
-4089
-4036
-5891
5160
4328
-10212
5384
-5100
8932
-16352
-6152
-10208
-2581
-11216
-4373
-9184
-8159
-5100
4378
12
2068
36
527
-5084
-9733
-4044
-1502
-9172
5671
-9196
-5891
-9200
3
-7124
9479
-13244
-1803
-3040
-9511
-12256
2555
-11240
1571
3100
3319
-15328
-4844
-14300
6916
-16348
-5155
2068
-11999
-1840
-245
-7148
-2563
4348
285
-5092
1006
-9176
2076
8260
-2299
-8152
2779
-10204
497
-11244
-6135
-3056
4381
-883
-4881
-9160
5900
-8184
-5130
-7940
4343
-2820
4374
-9176
-7166
-15340
-523
-5108
10475
-19400
-254
-8976
773
-11240
21509
-10228
11497
3088
6135
1072
-1284
-5076
4626
-1008
-6134
-8180
4366
-8964
-5355
-15332
-15657
-964
3351
-5096
2582
-9164
-3573
-18400
11544
24
262
-5080
4059
-4076
7916
-7124
-998
-10240
5878
-11228
4881
-16340
5358
-12248
-3560
0
-3071
-6116
2818
-11236
-13827
-5104
4053
-2836
-6957
2052
-4600
-18396
1820
-1008
7217
-12272
6643
-5088
6146
-12268
-1279
-7132
-2852
-4040
1545
-1024
5878
-3048
5126
2084
-3594
-15328
7
4108
1020
-6140
4889
-10200
-8707
3080
1276
-9200
-1530
-13308
6453
-6136
3605
-9176
507
-2008
2324
-9168
-6921
-7132
2851
24
1009
-8156
9718
-6116
-3319
-6112
12027
2076
-7653
-7168
-7421
-9180
-9197
-10196
2544
-960
1273
-6120
511
-5076
5387
6208
-1063
-12056
7718
7208
9214
-9152
-2341
-18412
1275
-7132
-255
-12240
-2796
60
-278
-6140
-7156
-9992
-5380
-12240
-7955
-6128
-13332
-14284
4284
-5084
4090
-8168
7680
-10204
2845
-6140
39
-9168
1267
-7168
-1257
-13292
-3079
-7132
4127
-7132
-772
-11220
-4613
-5096
-4569
-9196
-2305
-5080
3055
-13084
-5133
2060
1548
6144
-13302
-15273
754
-19452
-8693
12
12781
-17356
7409
-4072
-9478
-14316
11767
-9160
-4352
-8168
-12808
-5112
-4105
-2832
2070
-7124
3569
240
-1022
3100
754
-7160
-11007
-6080
1508
-13292
-6383
-5076
10463
-9200
-7922
-3040
-1505
-8164
2002
-12236
-2050
-6096
-3062
-11228
-1271
-3048
9205
2084
1281
-6144
-8688
-2840
782
-11256
-263
-6124
8733
-8144
-222
-1016
-462
-15344
495
-5104
7969
-5080
2541
-8156
6658
-8168
1259
-4068
1775
2104
13566
-5108
1540
-7940
-4599
-10188
-9985
-6104
2770
-9200
7714
-7108
7202
-4084
-7180
52
-4866
-13308
13318
1256
-12812
-7096
-6903
-6136
6954
-12244
-2828
1104
-8456
-9172
4883
-16356
-9208
-7132
-259
16
-7135
-5892
-6923
-17364
-15666
-6132
3073
-4060
-3355
-16380
6123
-10196
14059
-6132
-4602
-8964
8429
-14336
-230
-9188
9972
-14296
-4384
-8152
14329
-10164
7921
-10220
-6939
-4064
51
-10204
1806
-3060
2078
-12284
-1043
-1016
-5877
-5088
5131
5156
-5400
2076
-1253
-11232
-7145
-5896
-3079
-12212
-4625
-5056
-5150
-1000
4376
-13096
-8196
-7132
-981
-19204
-8701
-984
7423
-9188
5089
-4080
-3883
-13252
1288
-9180
2591
1040
-7705
-1968
991
-16352
5654
4100
5642
-4048
-4121
-11188
-8686
2080
11262
-4088
-2806
-12248
4382
-7092
-10
-12240
792
-7160
-22765
-3068
4855
-988
6678
-3052
-3057
32
776
-17380
-2300
-6088
8716
-5064
-2788
-11204
1781
-17360
4373
5144
3325
-14300
-7157
-9156
-974
-2824
-8936
-12284
4105
-3036
-3087
-6924
-8454
-17380
-3871
1040
-3574
-11228
2052
-3036
3364
-7120
6120
-4088
-4566
-11220
2564
-1008
5123
-13268
5883
-9200
290
-7152
-2032
-5116
-4318
-8144
6929
-10200
1294
-10220
15122
-13068
-4088
-9176
5082
-3020
-1800
-6116
4898
-10184
-1548
-4088
8189
-8176
-12536
-6116
1786
-3044
7660
-16380
-232
-6124
-2824
-5088
-2303
-18388
5101
-11256
1314
-6108
9962
28
7980
-13272
3075
-15292
9489
-5096
1770
-11228
996
-22216
-3847
-1008
-8719
-11216
6381
44
6414
3072
-3586
-5108
5648
-24300
-5093
-12288
-7702
-11212
2031
-17251
-2549
-10204
-6702
-5100
1296
-3052
3870
-13300
773
232
-2787
-6116
7719
-13272
782
-7132
-2545
-8144
2077
-2036
-993
-8164
-6122
-14336
5357
-7124
-747
-13308
724
-13276
5
-6112
5915
-6144
7412
-9216
-1265
-18356
13068
-11240
-9482
-10216
-5379
-8140
-3597
-11252
-8745
-4092
2280
-22020
-4872
-6100
2344
-3040
-1032
2080
-1547
2076
3076
-3044
-5092
-6100
11747
-7124
-7408
-10232
-2852
-13236
9230
-17156
-534
-6132
-3320
-3036
-4148
1264
4336
-6136
-3863
-2000
-11039
-8140
3104
-10184
5879
-11208
-4851
-12264
9212
-15332
-2294
-18376
236
-20432
-3825
-8176
246
-4052
11569
-16376
3080
-13284
9207
-16356
-2340
-13276
-9979
-1816
10760
-9164
2582
-14284
506
-9164
8199
-2016
6159
-9196
-5892
-7132
-12046
-8148
255
-9988
235
-9172
-14306
-17396
4632
-3052
3083
-10156
8990
-13284
-14589
-5096
4890
-10220
6388
3112
2586
-15344
-1249
-11232
283
-16320
-2841
-984
519
-3844
-4345
-12276
13814
4116
1775
-7140
-6632
2068
2568
-2024
-4635
-7940
-1467
-10184
-28
-22220
5108
-7144
-8686
2100
5870
-17368
4062
-9140
-5903
3088
-3859
48
6382
-12224
242
-9212
9182
-6116
-5406
-3036
-4331
-4088
4100
7192
-8446
-5112
3815
16
-8459
-11212
2338
-13292
-5910
-2008
15347
-15344
6390
-7164
-8466
-4048
-530
-16356
-3076
-7152
-4121
-6100
3583
-2008
-222
-6136
-2333
-4052
-4862
-13232
2551
-12288
9732
-13308
-16140
-16376
1538
-13256
5360
-984
1778
-3072
5421
-16340
732
-4060
4593
-11220
-6414
-4040
10236
-11248
3854
-12268
-1541
-10212
-4099
-15120
7419
-1996
3793
-5076
8177
44
11024
2296
7452
-17372
-1287
16
-241
-4044
-3053
-4056
-6139
32
-1310
-2824
-15901
-10220
-3584
-8168
4379
2088
-2839
-7132
-3800
-13252
-993
-4068
-8952
-5120
2564
-12240
-13090
-2028
-2328
-11012
3612
-2024
-1558
-5088
-1811
-11200
-537
3092
-8718
252
-11
5192
6149
1032
1755
-11260
-748
-9212
-11811
-14288
-1543
-6092
499
-7148
-1273
-6144
4844
-8160
4315
-3052
-9732
-9184
-7414
-10192
9753
2076
255
-2016
-9737
-2004
-1025
-9192
-4107
-1996
-6911
1068
-6887
-12232
-5354
-13248
-3880
-5104
-8972
-12280
-5356
-10232
9735
-7144
-6678
-8140
6172
-1816
7173
-11216
-4592
-4044
-1981
-10008
24506
-11252
-2560
-7124
-6907
-3052
6923
-5104
-3306
-3068
9510
-11224
-2824
-9180
6398
-4092
-4598
6396
-11265
-10192
3044
-7164
7173
-13292
-1806
-2844
-3814
-12256
8730
-5108
-2030
-7940
3840
-9200
6677
-4092
4118
-9196
-7675
-8164
8952
-10224
-2801
-5060
531
1068
-2589
-2020
4602
-1004
3287
-6112
-3309
-5076
3097
-6916
12533
-16340
3583
-11248
-776
-5112
7151
-3072
3308
-5076
-3837
-5096
995
-8184
2550
-8136
-2034
-968
225
-16324
-3839
-12220
4826
-10228
1280
-9172
3306
-10200
-3080
-5100
7409
-8148
3335
-7116
-8226
-11208
-8918
-12284
-2797
56
8968
-6116
-1039
-3032
-2035
1076
4634
-8156
-2054
-5892
-16908
-5068
-4116
-10200
-259
-4056
4080
-15112
-4848
-5904
1809
-11212
7434
-6120
4116
-8136
-7448
-14296
-3613
2084
2343
-17376
9720
-20480
-13339
-13256
-9215
8232
-275
-8128
4858
-13292
-240
-9192
-3341
-10180
-16
-10188
262
-9172
-7691
-8136
4108
-7128
-3549
1024
-6901
-4064
-4857
-3064
-2559
-5108
3309
-14288
10009
-9204
32
-9196
-2286
4148
6398
2292
-510
-4868
-2537
-5900
-6149
-5088
-3039
-7132
3592
-12064
-7196
-16356
1521
-10208
-7438
-6124
-1542
2068
12015
-10220
270
-9184
-4388
-3064
6413
-3040
8179
-7944
6669
-10220
13323
4116
1273
-988
750
-18392
486
-5900
4573
-11236
9215
-5940
2590
-11224
-3576
-11204
-4897
-17360
-3581
-11260
1015
-8128
6411
-21480
-8436
-3036
-2816
-8148
1270
6188
-3294
-9992
5606
64
4349
-14284
-3843
-3056
495
-5088
-5867
-7116
3842
-10208
6657
-6088
-5357
-3016
-6140
-2016
-3616
4108
-3840
-15324
-3574
-20432
-744
-11200
1317
-29412
29
2096
-5644
-5084
1002
1032
4392
-8172
-812
-7152
8978
-10208
301
-3044
3571
-9172
6143
-4076
2040
-4064
6597
7404
-7689
-11252
-6184
-4048
-6140
-9180
6676
-16332
-3844
-10192
-3073
-11220
-5397
-10200
-2305
-2028
2801
-8156
3107
-11012
-6141
-11256
-9768
-12240
511
-7152
2601
-11248
9202
-15296
1582
-7128
-4366
-17360
1255
-8172
516
-3008
10751
-5108
4592
-9196
6655
2080
7425
-6132
3357
-2008
7681
-9200
7183
-14268
-7912
-15300
-5886
-6120
12022
-10164
-3328
-14264
-2548
-3032
-5912
-1024
762
-17372
521
-5892
-1809
-2044
6374
-7120
8206
-6120
-3290
-15324
11017
-12268
3091
-6112
1579
-4068
-4903
-4036
2303
2088
4852
-9148
-10768
-7112
-12303
1084
8656
-14260
-7392
-8184
4839
-12256
-750
-12220
507
-13284
1284
-5104
779
-5080
1782
-6092
256
2084
1522
3128
-1275
3132
-4386
-5080
15099
-992
-246
-800
-13566
-16344
-13
-6132
9205
-6136
8967
-16380
-1288
2052
-5392
-10208
-1023
2064
3583
1048
7182
-11244
-4604
-772
6376
-3052
-245
-3028
-6900
-3072
2602
-5096
2587
-10220
-2532
-12272
2062
-6916
-5659
-10172
-8431
-15312
-2557
-12036
9183
-17404
-2560
-2032
3655
-8972
-7695
2116
-6155
-6092
-11521
-6092
7441
-11232
-8454
-980
257
-6120
10509
-6096
3786
-6092
-12522
232
-3342
-7148
3574
-2028
8705
-17392
270
4112
-9724
-17352
-6402
-5064
2065
1080
-13566
-13260
1787
-2008
-3334
-2024
4929
-2020
4345
-13300
-9479
-1008
6925
-5084
226
-976
-17683
-9204
1069
-10212
736
-7164
-265
1040
-4822
-15124
3098
-16332
753
-14316
5123
-5060
-245
-12256
7939
-17360
9202
-7084
-5602
-4044
3563
-5080
2801
-6100
-6696
5140
-3560
-8136
1032
-6108
-12283
-10180
5641
-12252
-3325
-8156
-2828
-5896
-9481
52
7934
-12248
-6148
-5092
1547
-15344
-3058
-8152
-2014
-8152
7665
-980
6686
-10216
-2558
-2048
-2813
-8168
4314
-9200
-6906
-2828
-5339
-12232
-5908
-15292
-5834
-3036
5074
-9168
-4608
-11232
7723
-7112
2358
-10196
523
-18388
3830
-17376
3886
-12280
-7
-16200
-502
-9164
12786
-10200
-8697
-5908
1079
-7140
3838
-11240
6649
-6084
-4354
-11052
5115
-8140
7378
-15328
769
-4052
5103
-7136
243
-11208
2312
-8140
2309
-5088
-8988
2072
-3606
-13288
1511
1040
-1536
-8188
-3576
-2000
7413
-14280
7670
-2020
-1780
-4080
1546
-5924
5878
-15300
-1503
-9172
7467
-9208
6117
-6132
5913
-19444
-3059
-976
-2562
-7144
-1296
-2020
-2518
-3064
-3829
-20464
7186
4100
-9938
-13260
4131
-10216
3072
-3036
-1281
-12264
1542
-10196
-3591
-11252
3850
-4048
-1000
-12240
8495
-5092
-2851
-4068
-1785
2112
2805
-16356
3316
-16336
5621
-8164
7188
-10224
-1532
-16136
2552
56
-1035
-7116
-2819
-14292
-4870
-4064
11760
-11204
-8423
-19400
-227
-8136
-256
-1992
-6392
-21468
4105
-27324
-2810
-11240
-8955
-8144
4823
-1976
-5630
48
1286
-7140
2854
-3036
11249
-12224
4097
-12244
5344
-10200
1509
-16297
-14591
-992
-4112
-7156
8142
-8172
-5898
-12240
2816
0
6214
-8168
7679
-13060
5111
-12048
3349
-5088
-11217
-10220
2558
-2012
-2063
-12228
3861
-7168
-3802
-14316
-11541
-8144
5146
-9168
2540
-7168
2572
-6932
2797
-9172
1793
-10200
2512
-13244
5934
1044
11253
-12264
2602
-5080
-5646
-3056
-3051
-18388
4385
-5096
-2540
-7116
-3878
-8152
7446
-9196
-4882
-3036
-9460
-11220
-6650
-13312
5654
-11248
2858
-4084
2312
1080
-1259
-1992
-254
-2048
1520
-7124
-6644
-1988
-9479
-4040
-6427
-3844
-4893
-5108
-1021
-10204
2558
-18184
2815
-7136
-1526
5128
-4123
-10236
-9713
-6132
1570
-19456
1291
-17400
1006
-4080
1805
-12236
7184
-3032
2073
1072
-1794
-18372
1284
-9188
4835
-10172
3070
-9180
4093
-5108
5399
16
4343
-11208
-5372
-11244
6920
-17388
2068
-11232
-6934
-11252
261
-9117
-15641
-12264
6136
-13264
-6106
-14300
-1494
-972
5135
-7120
1830
-9188
-1012
-7940
11549
-9192
2000
2080
-1790
-4048
5867
-11216
-9463
-13256
5858
-11260
7408
-11264
-7454
4108
-6912
-4084
1752
-8188
-4079
-9204
-802
5156
3105
12
4128
-21452
5384
-4060
1550
1072
-5146
-4092
2586
-15348
-5644
4156
6371
-4064
2007
-3844
1536
-9168
-6417
-11165
-302
248
-10751
-9204
13556
-15284
-7192
-9168
3824
-5064
1225
2060
-1771
-11252
-999
-12276
1037
-3068
6126
2056
-4881
-10232
498
-7148
5902
1048
7948
-14300
-514
-972
8979
-15312
-6400
-16340
-4846
-16340
9487
-4868
-1035
-14292
-780
-16352
4349
-17356
10
-7092
4331
-10228
1259
-5116
3828
-4060
1297
-8136
5369
-11216
-1310
-2016
3071
-4056
-236
-4096
8436
1040
-1036
-7156
5351
-9152
1000
-6124
-1520
-13256
1257
-14280
-3040
-9184
7892
-17340
-4590
-5048
2340
1068
4888
-8148
8209
-976
2349
1052
-6652
5132
-7159
-13288
-2833
-7128
-2032
-7144
-3086
-10212
-1036
-6132
1818
-8976
4605
-6116
1803
-16352
9504
-5084
759
-10208
6659
-8156
-7689
-8160
-4862
-16132
11516
-10188
5904
-13260
10515
-14320
3300
-10184
-7948
-6120
-6405
-11232
477
-12232
1792
-4088
752
48
-3022
-12244
1038
3120
3314
-12244
1275
-16360
3296
-4044
-5924
-6108
-305
-10228
4047
-4068
830
-14284
-11
-7160
-5615
-1020
2261
-16328
-5651
-4060
-1539
-4036
-15110
2104
13526
-19388
3588
-19420
6167
-6136
5139
-5084
1012
-17372
-4065
-11204
7393
-15308
-22
-8128
3616
-5076
1027
-13248
6155
-10208
-1771
-13252
-9478
-9152
-5637
-9180
6143
-4060
8732
-1004
8956
-3048
-2050
-11224
1543
-2040
2815
-10208
-6902
-3040
1805
-7160
-1290
-2036
-2792
-9172
3843
-12236
-1802
40
779
-16368
-12023
1032
-6175
-9192
-5882
-9180
-509
-13244
-6146
-6108
-7
-13308
4083
-7144
462
-10200
-3569
-8980
5654
-12280
-10489
-9200
3840
-5080
-2310
-5080
-289
-4048
-9712
91
-1054
-972
-9423
3108
491
-11224
-10275
-22236
3350
-2012
-249
-17388
-11
-6112
-7901
-6132
-1027
-984
-520
-3020
272
-5040
14640
-2012
755
-1808
10476
20
-2816
1056
-11252
-21492
12512
-3052
-1271
-5088
6139
-10200
-7126
-14308
-1024
1060
501
-6088
-1059
-8144
-1778
-9180
518
-12268
-514
-18424
-7697
-5092
3561
-937
1538
-5108
-258
-6924
-1782
-4056
8179
-7140
-230
-11248
3083
1040
252
-4888
4095
-8188
-2803
-14336
-4866
-11208
-1573
-4096
2795
-2008
-10757
-11220
-2055
-5072
3821
-10184
1018
-5108
1506
-13280
-5139
-3052
-2300
-9200
-4112
-7148
273
-6120
1291
-20444
5355
-19412
8955
-12252
8242
-9164
-5890
-15308
-7415
-2004
-4824
-23256
-6652
-12236
-3069
-9208
-11760
-10220
2561
-7132
726
-11232
-1800
-8140
4352
5136
9239
-9168
7182
20
-2529
-8148
-6384
-17340
-6982
-9176
-558
-20228
1543
-12248
-6124
-9204
-5093
-5108
4355
-11212
-529
2072
4857
2092
1800
-16368
6647
-11264
-239
-10192
-4638
-23232
-740
-22244
2785
-10224
766
-3060
-2046
2092
-2787
-10204
-254
-11240
-3
-7124
-3299
-13300
-3559
-4064
-1031
-10168
-6669
-7124
7405
-9200
563
-3024
-1305
-12256
-5873
-4044
-7945
-7108
7450
-10216
-2293
-20444
6419
-11228
-2839
-5104
2843
-12276
4855
7208
5615
-13280
2580
-968
9725
-8168
-5884
-2028
2831
3080
-12313
-14332
10542
-13060
8719
-4048
11819
-15300
12025
-6100
226
-10212
-13505
-8192
4868
-15312
3356
-17404
-1264
-1000
-3088
-8120
-3821
87
-2092
-17376
-5881
32
1771
-11252
-3073
-11248
-3008
-17408
-464
-6128
2295
-1988
3328
-7144
-10716
1056
-8996
-15316
4855
-15360
9738
5160
2557
-16344
-10556
-14308
-8691
-8964
8465
-9212
1026
-9204
6657
-10180
-526
-11220
5123
-6128
-2006
-8192
-1025
-9176
-3057
-5892
-9993
-8152
6895
-1008
559
-3052
3571
-8168
-4643
-5080
-4343
-16348
6901
-13068
-4897
-4892
-4859
-7164
-792
-7168
244
-10204
4616
-1804
-1786
32
2112
-14292
10241
2292
-7166
-11216
498
-1004
7453
-12036
7394
-4096
-7945
-4044
1291
-10232
15125
-13268
-7417
-7120
3606
-10220
7946
4
-5653
-11260
3580
-9148
2041
-14280
-1541
4128
1562
-7128
3350
-7152
-771
-13288
-9212
-8184
-793
-12284
-3824
13560
7417
-9188
2015
5148
5388
4144
-9764
12308
-2792
-4048
6635
-4064
6630
-5068
-3815
-13292
-16213
-4052
-4359
-22256
2344
-9180
-3343
-15288
9447
-6092
2554
-5084
4602
-4052
-2544
-5096
-293
-6076
1792
-2000
2799
3084
2842
-16356
-8930
-7156
-8482
-12288
1561
-11220
-10767
-16324
4873
-8152
-4884
-8136
-1545
-21468
-7657
-5100
5867
-13268
-2041
-3052
-10223
-13260
-1244
-6132
-2289
-5080
-267
-9180
4316
-11228
780
-18388
-1567
-7160
-15643
-15316
2556
-5080
1528
2072
-1784
1080
7675
2096
4867
-13244
5373
-4056
-767
2076
-2063
-9180
-6391
-14320
1796
-20464
6694
-14300
3830
44
4349
-6124
-1272
-14316
-9976
-3044
28
-11220
-2854
-7940
5361
-2008
-3873
-7136
6139
-13288
-267
-980
-6140
-4072
2069
-14280
-9247
-14288
-1296
-7073
2529
-8156
6622
-10200
-7393
-3052
-6686
-9180
2829
-5080
1789
-13300
-244
-11240
4874
-16356
9226
-20440
-13843
-8192
1031
-3036
5144
-7972
10750
-4036
-789
-8140
-2553
-7116
2077
-3072
2082
-9208
-9681
-6124
8940
-10224
-7707
-8168
2545
-7156
5121
2096
6647
-12280
-7157
-8140
-10002
-16140
2312
-13248
3818
-11244
5110
-7136
2329
-2020
3579
-5068
1805
-15340
1029
-13260
-3113
-6116
4369
-5080
-4647
-8140
6646
-16344
4344
-5084
6417
-7156
-1489
-3064
4855
-13260
-7436
-5076
-7684
-7152
-5136
-20472
5652
-8176
1252
-13268
-2537
-2020
-5908
-5104
-4368
-984
9470
-6084
-4370
-2044
754
-5092
-2029
-12268
4850
-12240
257
4136
-723
-5900
6640
-12264
-14003
2076
8184
-10220
562
60
-7717
-10196
5406
-10200
-12290
-1024
-6123
-9192
-1288
-9196
6883
-13288
3818
-14336
-3345
-18396
6417
-4088
-11773
-10192
526
-2000
5112
-11224
-6407
-11188
-724
-17388
-749
-3024
3584
-15288
4844
-12236
4609
-956
6398
-7140
-2542
-6120
294
-12240
11236
-12256
-5623
4100
-1293
-4072
-5110
-4080
-1496
-1976
-2056
-972
8472
-11020
-3828
-5064
1546
-8136
5120
6152
-3549
-1008
-1012
-3052
2338
-16352
-5093
-4060
-10739
-6096
5852
-5924
-4075
-4088
3858
-8184
-2553
-6092
-998
-3868
-512
-9156
536
-4064
2309
1048
-4611
-14308
1503
-3028
-3314
-3048
990
-3860
3108
-13304
-2821
-2000
-2822
-972
4375
-9164
-6909
-1988
1522
-6084
-5912
6184
5844
-10184
526
-8180
5385
-18380
6902
-5100
-3605
-14292
-2819
-14328
-25
-4092
8451
-13248
-2781
1052
5864
-5036
271
-1000
4359
-8984
4618
-9196
-1009
-10168
6862
-17348
-7166
-10224
-2565
-4080
4343
1060
2808
-6104
5147
-6100
3875
-13080
2047
-7148
7702
-9176
-12078
-13264
10751
-3052
-6160
-15344
6182
-11240
4089
-948
505
5120
-8972
-8124
-523
-5104
-3037
-964
-1291
-7124
1020
-11228
-4883
-12288
3596
-10228
7689
-13276
12
-9156
-1002
-4088
-7705
-3048
-774
-16356
-1771
-1004
-3602
-18420
-3074
-10204
1545
-3036
-4630
-11204
267
-6068
2079
3080
5185
-1800
-6918
-4068
-509
-8172
-6866
4136
5127
9244
-2041
-12280
-6610
6164
9736
-8152
-9936
-4048
-10216
-9212
-6680
-6120
5919
-6100
3587
-8148
4614
-992
-6919
-1996
-258
-7160
5873
-4896
8983
-4052
-4084
-16344
6371
-10196
-6163
-2992
15119
-7156
292
-11260
3068
-1976
-8964
-8160
12566
-14280
8961
-8160
1549
-11220
8685
-1004
2822
-8192
-533
-13240
2553
-5100
-7430
20
4075
-7152
-8461
-4060
5329
-6924
3081
-7144
-1516
-2024
1280
-7136
4342
-4040
-1317
-7112
6398
-13292
-2566
-17388
528
1036
3077
-10216
16486
-10228
5413
-12228
-2796
-10228
493
4120
6118
-11236
4846
-4064
1812
-12268
9731
-8172
-6390
-8180
240
16
-1707
-6080
-4337
-19424
-45
-6128
-787
-10180
-5663
-6116
-1000
-1976
1035
-3844
-2518
-9172
1521
-4068
-3312
-4068
-5645
-7148
-248
-7120
-5372
-20452
-3587
-17176
2552
-6116
-6650
-7136
-3851
-10192
-1495
-8168
-4350
-7136
5093
-11236
-4626
-15324
-8705
-9204
4094
-7148
4093
-9192
-15123
-8180
11732
-8168
-6437
-6108
-3120
-7140
-2552
6184
12262
-8172
1292
-8172
-6889
-6924
10722
-12288
490
-10208
-2309
-18416
6130
-5088
-5360
-10220
1298
-6096
-9513
-4080
5380
-6100
9199
2088
-790
1092
-1798
40
-3575
3104
7914
24
2535
-10188
-4632
-1992
3599
-14292
-1271
1068
-4089
-5116
-2539
-17348
496
-9156
-1751
-4064
-2831
3124
-228
-996
4849
-8156
-1241
-4072
5399
-5088
2803
-11036
6175
3140
-753
-6100
-4599
-14328
7158
-9152
-3063
-15336
993
-6140
1585
-13252
-10253
-19412
10497
-5084
-519
-8180
-9207
-20472
-1757
-18428
-2549
-14316
484
-20444
-1789
-4060
-22
-14268
-8439
-2028
4358
-12244
9745
-4056
-3602
-2985
3307
-13284
1525
-14320
-1531
-14304
5369
-7136
-2060
-13280
-2837
-14276
1540
-7144
-9751
-5092
-779
-9196
3571
-7108
1555
-6096
5853
-8152
-4089
-6112
-3295
-8136
11272
-3024
778
-4024
5087
-6920
-1248
2088
9718
-988
-4581
-11264
5117
-6076
3829
2084
5875
-14320
-511
-6096
7164
-12040
-4336
-6132
5656
-988
6905
-3000
-2572
-4060
-2016
-9204
-6947
-2036
-3603
-4060
3317
-5104
10536
-7116
2044
3100
-2334
-12284
739
8
-9698
-11248
4587
-6128
-3105
-5080
6884
-12216
4861
-9208
-3069
-15300
-7691
-2032
-1527
-7088
-8206
