-10224
-8216
-4060
-6627
1028
-8223
16
266
-6120
6398
-6092
7934
4116
4073
-5092
7708
-2024
233
-12232
-772
-11240
-8694
-10240
-2810
-7116
-1288
-4076
17414
-4020
1284
1052
2227
-16332
1246
-8144
-2549
-14316
4894
-12236
-4365
-14288
4365
-7100
-9462
-9180
264
5156
-3306
-6080
16101
-13276
1516
-10129
474
-5096
9217
-12256
-6653
-13280
-10779
-18380
-4884
-18384
1343
3124
-7174
24
-2548
-7128
-4080
-9200
3856
-21488
2286
-8180
-3871
-6920
5367
-9196
1088
-11228
-2643
-4024
2
-7132
-3612
2080
2078
-15292
5098
-13240
13351
-10232
-5906
44
11270
-13225
6606
-9164
4363
-4092
1010
-9180
1550
-8160
-2855
-3064
-2560
-3028
-1233
-9168
7441
-11216
-2814
-10224
6392
-10196
793
-10224
-6144
-7124
2058
-2020
2837
-5120
-771
-12220
-5871
-10204
-1539
-4048
-3321
-11240
508
-5076
3313
-6132
13296
-9176
1534
-14300
2325
-10180
1585
-8192
-3553
-7160
-2065
-1016
-4871
-3048
-7426
-8980
-4348
-8180
3565
-7152
7939
-14320
-6125
-12272
-5888
-2036
-3320
12
-1825
2084
7662
-5100
4621
-9144
-7159
-12272
1803
20
-6118
-13288
-10254
-10208
9227
3076
-200
24
-17
-5084
-231
-16132
2034
-17384
2325
-15360
1813
2068
4861
-12220
11225
-7108
-1842
-5072
4370
5192
-3837
-9216
10561
-7088
2284
-5104
-8188
-7152
-2309
-12284
2803
-10200
-4333
-5092
6637
-15292
4596
-1008
-5143
-5100
-290
-1024
-3849
-3032
11043
-11248
2566
-10212
-3320
-15336
-1539
-7136
-5884
-17360
536
-3040
3850
-14280
-1542
-10200
8455
-17384
-6924
-3072
5118
-2016
-2313
-14296
4090
-14296
-1269
-4048
2786
3100
-1305
-9200
523
-6084
8446
-9196
5419
-7136
-11762
-9216
-515
-13248
245
-5076
5906
-9204
3546
-14316
-5920
-3040
-7434
-5088
-11257
-9152
-3809
-14296
-2321
-12236
-2321
-14328
3566
-6128
6660
-4036
-8933
-8164
4863
-8172
2549
-4044
2028
-1000
-996
-5084
2054
-5112
-6660
-18416
-3562
-7144
-531
-4080
-2033
-13296
-2319
48
-6146
-6112
7664
-10192
5873
-8192
554
-5120
-5119
-19444
-789
-13296
-5635
-18428
2309
-5088
-6652
-2992
-6909
-5916
-9160
-12208
6122
40
-998
-3032
3379
-12248
2996
40
-6918
-6128
-750
-5104
8461
-2040
-13037
-18384
280
-14280
-2845
-7960
-3582
-4092
-17173
-6116
1819
-11228
1265
-7160
-8966
-17380
-9716
2060
-2
-3040
-6909
-15316
-3594
-12040
-3324
-15328
8695
-4084
-2034
-10240
3062
3092
-510
-8176
-3071
-11228
3833
-5052
769
-9204
-1292
-7136
1274
-8172
-6655
2068
-2534
-8176
-4614
1060
-477
-14328
6121
-9176
-4105
-2040
235
-3024
6653
-10188
3304
-12276
-3581
-9192
-2294
-14288
-520
-11224
1525
-9172
489
-10180
7943
-7164
-1805
-3064
-8948
-14276
-1284
-11028
-1538
-2020
-6399
-12264
3076
2060
-7685
-15304
-4052
-5072
-5355
-6088
5628
-3040
9453
5136
-3845
-8172
15382
-8192
3317
-4092
-4844
-6124
7171
-11240
999
-8188
7700
-5924
-14850
-6096
-1278
-16352
-5094
-8168
-2306
-3068
6187
-5084
-2092
3092
-558
-13276
-289
-16344
994
-7132
-1794
-9176
-2048
7200
-2562
-18380
-1294
2088
5647
-10204
-10746
-15332
4592
5180
1053
-14312
-10508
-7944
5866
-9184
-737
3116
4838
-11232
-4592
-17384
2814
28
2054
-11212
256
-12224
3827
-9192
-2570
-12228
13807
1044
-7148
-9992
-2310
-2012
-261
-9176
7964
1276
3092
-4060
2582
-13288
1028
-9196
7684
-5068
805
-8136
-772
-2004
506
-2024
-3096
-22216
4130
52
9975
-17340
3097
-10204
4381
2052
2558
-8172
487
-6132
-5614
-8980
2830
-15340
5602
-5084
-4868
-1008
2814
-12260
-3302
-14320
-11001
-13312
-4617
-8176
-30
-8132
-2554
52
-10447
-9200
220
-12236
-3555
-8144
-8706
-3028
271
1056
-1552
-10192
3307
-11256
-4861
-17372
-9976
9468
-2323
2100
783
8
-1538
-7120
9269
3120
-5629
-10196
11243
-5072
3595
-9204
531
-4044
253
-11224
6
-5112
3558
-2848
-1288
-4052
-4117
-1964
-6156
-3844
-4626
-4092
-245
24
4867
-9188
-2819
-17400
2309
-2020
-276
-9184
-3060
-3052
-780
-18333
1547
-14088
5394
-7940
-13321
1032
-7920
-24312
-267
-15328
-5342
-8164
-2298
-10208
-5146
-17352
3835
-8172
-10776
-14316
-11261
-11256
11002
-9988
6381
28
3854
-15316
-1815
6168
-3605
-11188
1527
-14336
-7925
-3052
-7451
-15336
-2326
-4052
-1030
-5892
2549
-4080
1053
-6104
-4113
-14284
7386
-15324
-3823
-5900
5136
-16364
-4863
-13304
-4569
2072
-9212
-21484
4615
-16380
-8413
-992
4606
-13312
4878
-1008
-1530
-9208
1277
-7136
5893
-11224
9462
-5120
-734
-6108
-198
-13276
2805
-992
7160
-12288
7928
-4064
-3881
-14284
-1034
-3060
3829
-7112
2515
-17388
490
-984
2589
-9212
-2563
-1961
6424
-1000
2813
-15320
4885
-11252
5649
-1004
5429
-14304
2072
-13256
5651
3124
-7656
-19432
7170
6164
-6918
-5072
2289
-8160
6132
-992
-5635
-12284
-2044
-7128
-3360
-15292
-3061
-8168
4053
-3060
1299
-10208
-6662
-14272
-1318
-9212
5370
-8976
-755
-9204
7938
-7069
2836
-2032
-233
-4044
-4614
-6132
-68
-8168
2065
-10204
4588
-9164
760
-9180
-1559
-5096
3590
2096
10229
-9184
-12274
-11228
2299
-3044
-11
-7940
-4600
-8964
4605
-10172
-9233
-3012
-1532
-9148
2014
-4876
-9005
-4084
-5596
-11232
-3352
-6088
-2529
-7136
2296
-6096
1055
-15344
2308
-7116
-3578
-11224
-4863
-13300
10812
-17400
-2294
-19428
3065
-4052
1526
-1996
-777
-7100
1009
-7116
3057
-10168
1032
-12244
-3550
-8192
-5147
-10212
-1019
-11244
5914
-12280
2299
-12276
-6116
-13252
3605
-14336
2529
-11248
2080
-14292
-4345
8204
-7197
-6120
-6673
-7124
1779
3092
-767
-2040
3339
-9992
2775
-13252
-1520
-4068
-5129
-13280
1557
-10208
-7169
-11252
3105
-812
278
-10196
-1315
-1992
10773
-2036
2585
-3060
5105
-14312
2518
-5084
8687
-8152
-5383
-11224
-4631
-24284
-4853
1024
2336
-7140
-1806
-960
-6952
-11212
-1989
-4068
-4071
-10176
-251
-15324
-7953
-15320
-10997
-988
9218
-13292
-11796
-6108
-5927
-5084
260
-7944
-245
-15344
-1022
-11200
3795
-6088
9235
2052
-6669
-4032
9447
2072
-8688
-8160
-4362
-12260
-509
-13260
-1010
3120
-2787
-9204
16128
-6116
8945
-5112
2066
-3024
261
-14312
5368
-5104
-8715
-16360
8677
-1808
-2821
-6136
5099
-12228
1540
-1000
7207
-5112
-9238
-15316
6395
-10224
2334
2064
-15134
-9196
495
-8168
-540
-4072
-2560
-6920
-744
-4064
3852
-9184
4868
3124
2826
-15340
3850
-14324
13
-14284
-20
-6132
-12755
-14300
-3578
-12260
-5906
-18204
8143
-6080
-5639
-8168
793
-2036
-2070
-18396
-1022
-6940
3587
-5064
2087
-6092
-2822
-7160
1797
-10212
-6885
-1012
-469
-4084
-2636
-10188
9242
-9204
1255
1052
6937
-6928
18
-9176
1027
-5084
-10222
-4052
-561
2088
-7204
-10004
3831
1040
-5126
-20404
545
-11264
-7657
-14296
-8965
-2040
4856
-6104
3560
-4068
-1549
-7073
-1250
3108
5941
-17368
10233
-5076
-1264
-7164
7181
-6120
5118
-11248
-7174
-15356
6662
-7128
1806
-10192
731
-2008
-260
-16364
-1022
-3024
5870
-7944
1779
-1984
-4895
-4080
7928
-9996
3365
-18420
5368
-1008
537
28
989
-992
1561
-5104
4623
2135
9203
-11192
6142
-12276
-2318
-19408
2577
8
7176
220
-1257
-7096
14594
-8168
4882
-6084
-3575
-9188
-9219
-10216
3550
-11236
5649
-2008
2308
7220
-7444
-14312
-3813
-996
-3850
-4052
-13296
-3072
-5111
-15296
2840
-5116
7157
-5084
5658
-7120
2050
-10228
-2280
-21456
11788
-12268
27
4120
-5908
-5060
-4592
1048
512
-15292
-1779
-6124
-4838
-10220
-2083
1252
6199
-6100
2537
-13284
-7938
16
-5126
5120
-1020
-9184
-6123
-5104
6946
-5088
-2561
-13284
-2820
5160
265
-9196
-10246
-14312
1042
-8152
-1556
-8164
3038
-9160
-5640
-9196
-1769
-14280
292
-10196
768
-5112
-2503
-4088
4588
3120
7941
-5116
-3031
-8152
534
-7124
5142
-7156
-2521
-14312
1271
-9168
-3825
-13280
4358
-17388
1
-5084
-4112
1040
3866
-10216
2788
-10212
5109
-7112
10786
-1020
-2287
12
-4353
9220
1535
-6132
5394
-6916
-7403
-8176
1028
-8192
1532
3308
-2272
-16316
6137
-6140
9755
-5092
-2840
-8156
-5092
16
5652
-15300
-5923
1044
-8977
-8152
1508
-6116
-808
-13228
515
32
-2802
-17376
5601
-5108
2073
-5068
-242
6168
-4087
4156
7421
-4056
-5401
20
3342
-988
-7693
-11024
11016
-13252
3087
-4076
1252
-6128
-7419
-10220
7953
-9192
5404
2064
503
-9208
-4332
-2024
6131
-17364
-7148
-7160
-1044
-6140
-2795
-3020
-7420
-6096
-1811
-7132
-238
-13276
-8951
-4068
-6368
-4048
-9739
-7140
3329
-10216
9458
-8164
-5635
-12248
-5368
-16372
-13041
-9212
4862
5132
2317
-16344
4150
-4044
-1029
-12268
-765
-5060
2294
-6092
5152
-4868
821
-6120
2297
-6084
3839
-18404
-12558
-12280
-3056
-7124
3065
-8124
-9733
-16372
-7437
-3064
-524
1268
-4607
-16356
1273
-1016
8718
-15340
-16217
-8132
3562
-6116
214
-4052
8474
-8081
3823
-11204
2054
-12224
4341
-7140
-2563
-2016
-7909
-11244
4609
-15360
-12019
-3072
-6638
-16332
7703
-16364
3040
-10145
-7165
-21492
2536
-6136
-1543
-7136
-983
-14252
4564
-12252
9240
-3028
786
-6136
1263
-6128
6418
-3040
7118
-13284
4107
-5100
-2796
-11184
-14085
-8129
-1262
-14100
-11281
-16312
4100
5192
-6861
1056
-5130
-9144
-4599
1056
8687
2088
5891
-1968
-6156
-9156
14
-14316
-1044
-7952
-4094
-12264
306
-964
-1006
-988
-1058
-8192
1775
-11228
6168
-10220
-10730
-7104
-2315
-8152
7946
-14292
4910
-10188
-218
-5084
-5399
-4048
-3337
4140
-3334
-3044
1
-7160
15368
-10000
-4864
-5096
1277
-7112
10735
-5092
3595
-14320
-6415
-13280
1030
-3028
-498
-16360
-7168
-4052
-1543
-2012
-2555
-11056
4618
-8160
-2324
-8120
4101
-5104
-2825
-10220
-16381
-9192
3039
-6136
2817
-4068
-8166
-7120
-1832
-3068
-12044
-2036
2551
-10224
6918
-9196
1003
-8144
4630
-10216
-10743
36
3598
-4048
7667
-6116
-476
-12256
1023
2060
-2800
3076
4339
-15304
-3569
-11220
-272
-8168
-7166
-6120
-1300
-16368
-1541
-6124
-3578
-8164
3049
-17160
-4871
-4052
-4632
5136
3097
1036
9199
5200
-1813
-14312
-2313
-4048
2854
-9200
-6672
-4060
526
-6124
-2814
-4084
-3368
-6057
6129
-4068
-3562
-10232
5868
-11244
6419
-11256
9701
-9188
-5398
-6132
4092
-16340
-2532
1048
-1293
-6128
-4641
-16144
7921
-6132
-2543
-16328
-3325
-16304
-10483
-21460
16911
-7148
2568
-13268
-1059
-2820
-747
-6096
9180
-8160
-1299
-7124
18135
-17368
-10511
-2012
3557
-10196
-5892
-4056
13070
-12268
-5885
11288
-256
3136
-5365
-9188
29664
-13260
8445
-10212
-11014
-8168
7424
-3068
-2808
-13264
-3789
-5108
3580
-7140
4850
4136
1542
-11256
9190
-14292
6147
-19404
4107
-1000
1019
-12240
5103
-5092
6929
-18408
796
-2828
3593
-2016
4574
-3044
794
-16356
3591
-16348
516
1048
-3303
1060
9438
-976
-5851
56
-7148
-11060
-3570
-12236
2781
-7132
1556
-11240
-3806
-9176
13550
-4032
-2838
-6076
-3601
-7112
-2571
-5084
9718
-8101
-2294
-13288
1538
-8176
4114
-12284
1332
-8184
5893
1052
3831
-17368
-11247
-992
-1309
-12260
-4102
-5072
-1001
-21460
-4368
-3044
-5135
-9192
4837
-10228
-1538
-8168
-6436
-14276
-4098
-10212
2812
-10220
3286
-9184
-206
-21440
4378
-14292
8448
-10224
-3575
-4080
-16631
-3008
-9225
-11244
-1250
8
2059
-9188
-5086
-12252
3286
-7152
-6655
-11220
-5922
-6104
-302
-7168
-4345
7392
-6678
-6092
243
-12252
7202
-5076
-3015
-10204
-8466
-9184
7438
-7144
-1293
-7160
4899
1052
-533
20
7723
-14308
6678
-11260
8223
-7156
229
-9196
-479
-10224
7955
-9196
1290
-12276
-1044
-19404
3805
-9196
-2295
1040
-4365
-22256
5101
3112
-3585
-4056
4858
-5100
-5889
-8184
-2565
-3012
-11188
-6132
6133
-1004
-6647
-15356
1007
-5092
4879
-17392
6402
52
6679
-9196
-5363
-10228
3833
-5116
7430
-6100
-753
-11208
2811
-7144
-5146
-15312
1534
-7120
-13016
-16340
-2806
-2024
7225
-4032
7416
-9136
-5415
-3040
992
-5084
-748
-7160
6141
-8188
-7669
-12284
473
-5108
-1298
1032
-9711
3076
5440
-10236
10521
-12240
-7220
-7944
-4862
-14292
4897
4124
-4662
-10228
2570
-15356
-8995
-13288
1293
-4060
-742
-12284
-3613
-9188
737
-8180
-5347
-7104
2062
-12216
-2065
-17392
6404
-9180
-976
-7128
-6146
-6084
4600
-5076
7921
-3060
-2598
-10156
-5627
-12284
2828
-6132
9989
-4040
-6416
-5904
-2822
-7160
3585
-4092
-1269
-9160
3824
-5052
5900
-19424
-749
64
-10487
-5036
-4862
-11220
-780
-12252
1822
-8168
973
-16308
2055
-14292
-4915
-6112
-6157
-23264
7145
4136
-4887
1072
-4881
-10232
-12045
-1012
2523
-4040
-1015
-5104
-4613
-1984
7411
-8172
4865
-12212
1792
-5076
-7147
-13280
283
-1008
-1814
-10216
-1285
-9184
-4136
-9152
-246
-1024
991
-14328
5895
-6096
1499
-6104
2055
-6128
-5882
-12280
14585
-10212
6648
-7116
3611
-11248
-7673
-15336
1787
-5104
-266
-10204
2314
-18372
4604
-9208
-8943
-12264
1773
-12264
-3567
-16348
1014
-10220
-489
-11028
2549
-11208
9007
-11208
7707
-6104
6644
1052
288
-8156
-810
-10212
-278
-5072
9253
2296
2068
-13296
-5124
-12244
-4110
-7144
4361
-7136
1767
-12276
-8707
-9208
4589
-3024
-1531
-4064
5920
-8184
5632
-11228
-12780
-9208
-267
-12264
5118
84
2299
-11244
-3803
-3036
4578
-6100
-1551
-12252
-3812
-996
9213
-13280
13613
-10220
-7158
-3048
-16159
-8136
-267
-15344
-4860
-10200
-1259
-12068
-3616
-2012
-4085
-5056
3604
-10216
-12056
68
-742
-12268
-5374
-9204
2309
-6084
2551
-10212
-3845
-6092
2806
-12240
1540
5356
7663
-2828
7952
2084
7954
-12252
1013
16
2347
-10188
1286
-3024
7944
-964
-7699
-3004
11
-7148
-8456
-19404
5634
2296
-1530
-6104
-1563
-11220
-2270
-14320
4091
-11200
4365
-19404
-6179
-4092
289
-12260
8206
5156
-514
-4068
-4907
-12256
-4893
20
507
-15344
1041
32
-2572
-14316
4616
-10224
-2291
-15336
5594
-9176
2832
-14288
-5635
-16372
5383
-980
-5594
-15328
-8424
-6116
-1796
68
-3862
-17388
2806
-7168
-16
-5072
3095
-2036
-6931
-7144
1076
-7164
-9474
-9152
-1819
-1004
-2004
72
-11764
1040
-1549
-8172
16
-10212
752
-5076
7442
-5096
-11273
-6116
-3058
4128
3586
-13284
1789
-8160
8163
20
6651
-7120
3049
-5080
516
-15304
1063
-972
777
-5084
2809
-8164
-3343
-12244
-1802
-8148
3846
-6112
-6199
-11232
7906
-13300
-5895
-9168
-7937
-7100
-730
-6132
3302
-6144
-1253
-9152
-1781
-9192
-3598
-14296
4075
1048
-5405
-1988
6137
-12240
3349
-3032
2829
-12276
-5363
-8176
6888
-19396
-4351
-8164
11294
-6100
5914
-9192
-9222
-1004
-5376
-9164
-10473
-10200
-6932
-6092
6138
-9188
2541
2076
-4813
-9988
251
-11016
8423
-4076
-6126
-9180
-4349
-10184
-10765
-8172
6667
-8128
-6178
5152
-4114
-4068
1285
-13252
-6646
-3020
1272
-5088
4856
-17356
-1542
-8176
-6672
-14312
-13329
-15320
-2585
-4068
-2030
-5068
5390
-14276
-5366
5140
2838
-18400
-4389
-3036
1748
-10220
-4348
-8144
1561
-3060
9974
-17352
-1273
-9160
5095
-984
-10987
-11248
8988
-13268
2300
-7156
-4350
-12288
-5403
1084
273
-10172
-2572
-9196
-3108
-4076
-249
-6112
6659
-8156
1792
-2020
1520
-1988
-1015
-12212
3101
-18360
-1549
-9188
7158
-1816
-13328
12
1505
-2008
-3818
-8180
-8192
-11256
-3336
-10164
-10513
-2836
-5120
-11232
-9505
1052
-2576
56
2796
-4036
3605
-3040
-4072
-8172
-5149
-12252
2791
-8120
-1023
-7132
-1263
-7136
-3095
-8144
4386
-15328
11021
-2024
6366
-8968
-10491
-7081
-5844
-8168
12824
-6116
10259
-9216
3046
5160
-6648
-20452
7414
-13276
-4592
-1992
-6656
-9164
-7153
-984
4593
-8152
5366
-14284
2301
-9172
-1808
-8148
5404
-3016
-4366
-9152
-2079
-6140
5632
-18408
1003
-2000
-254
-15112
-2023
-984
11781
240
3062
-12276
2034
-3016
9213
4120
-1234
4112
7187
1068
10236
20
-5163
2060
5839
-18412
-523
-16348
4825
4348
4875
-17408
-3331
-8140
3824
-6124
270
-9168
-5909
48
272
-5104
19234
-12256
11
-3016
-6113
-10204
1293
-7124
-3849
-10220
-2569
-4072
-4581
-16368
4864
-13264
-5141
-20436
-2049
-8156
7202
-16136
724
-9156
-4072
-968
-13
-12280
1287
-8148
4614
-6096
-7680
-17356
4153
-11240
7646
-12232
5870
-3052
-6916
2056
3846
-4096
-12515
24
2548
-10164
5645
-1980
-6638
-7108
1776
-24276
1247
-5080
6634
-11224
-2055
-9216
2067
-4048
-1802
-11012
-9492
-17356
1525
-5068
-4352
-13288
10784
-14100
-2295
-9200
-757
-10188
2032
-7108
5640
-26344
-7939
-2824
9717
-12244
-10717
-14312
10219
-22252
-3069
-5060
5900
-13256
-7938
-20468
-3620
-10200
-7699
-9200
6123
-7148
10988
-14336
-5886
-6076
-5635
-14312
6922
-6120
-483
-8164
2816
-3036
-3024
-6128
-1790
-11212
-7980
-6092
5648
-2012
-1540
-6116
2302
-8172
-4091
-7140
-1022
-11244
-7463
-12264
-3334
-1008
-2334
-3032
8931
-1004
-4128
-11248
-2040
-19376
-16108
8228
-498
-11236
-6405
-9184
8930
-5080
-2572
4124
-6632
4
7170
-8180
-6651
-11024
2806
-8160
-2056
-1796
7701
-14324
10739
-13272
-6636
-10236
1753
-5112
2312
-10240
-2800
-1996
-9191
-6116
-7177
-8132
-497
-8148
2313
-11244
8186
-2048
780
-5080
3363
-4040
11009
-4876
2316
7196
-3046
-11228
9010
-13256
-1015
-6120
-1263
-8164
5378
-5080
7461
76
-2825
-1992
515
-12220
-5885
-15356
-4620
-3028
-7925
-2008
-802
-12288
3345
-6116
3054
-14316
-3305
-1996
-2805
-4072
1284
-9156
6165
-968
-4360
4132
2805
-5029
5598
-9176
7699
-15328
9486
-9184
3077
5168
-5359
-3036
-3841
-4096
-12348
-13276
7942
-7088
-6663
2064
-4084
1096
2774
-4096
-5108
16
3872
-3016
2772
-19424
-1811
-5092
-1319
-9200
1272
-8152
-4882
-12264
3072
-15296
9469
-8172
-5849
-23288
5614
-14320
-5349
-6124
-2031
-18392
-9725
3076
-523
-5104
-1560
28
5879
-3004
-2314
-9192
-4100
-5096
-8444
9460
12260
-6092
-5369
-988
2338
-9192
-3084
3320
-9225
-6920
10003
-1800
1572
6160
1002
-21252
2327
-2036
-3097
-3044
-3854
-7152
-9512
-6108
5162
-8176
-11
-18424
9249
-13276
4118
-3040
-2555
-5076
492
-12216
3619
-5092
3039
-5068
-1314
-7944
-5619
-8148
6649
-11180
3802
7172
7472
-5092
-4619
-4072
-763
-3032
4354
-12252
-2296
-6112
-2044
-4072
-1274
-8144
8191
-5100
1538
-3848
1288
-9188
4817
-8156
2307
1048
-6888
-4096
535
-4060
-3315
-9204
-4111
1064
-5118
-15340
1545
-10204
4317
-16156
2307
-8192
-301
-7144
-5084
-1828
987
-9992
3575
-772
3870
-7140
3836
-9184
-6948
3092
-1812
-14088
2284
28
10510
-976
-5369
-6140
2294
2072
-5371
-13296
24
-12280
-7438
-4088
-1281
-4032
2030
-772
4090
-10220
5889
-2032
1304
-1796
3320
6164
1265
-15276
507
3104
-1016
-13272
5887
-12240
-1528
-9188
283
-4060
-4360
-13268
-2569
-9200
-3312
-9160
4867
-11236
3866
-6116
5876
-8164
-5369
-8156
11788
-9204
-3571
-21484
-22
-3056
1542
-8192
6136
2092
1552
-7124
-262
-5068
-1568
-6108
2296
-7132
-4604
5120
6158
-8097
-4832
-1004
-4850
-8148
7661
-9184
-4852
-4072
14086
-11016
5377
-13288
-4073
-2024
2033
-15284
-1243
-9188
2817
-7140
12812
-15300
1270
-12220
3313
-10200
3623
1036
9945
-2048
-2526
-13268
-6426
8232
-3074
-18180
1050
16
8432
-7128
-2333
-10220
5171
-9172
9254
1092
-770
-3036
-5101
6160
-4056
-11204
8185
-10240
1816
-11216
1775
-3024
760
-16360
-7948
48
3092
-7049
-3356
-19428
-3542
-13280
5168
-4080
14604
-15320
-1793
-3056
-7967
-9156
-2027
-16356
5142
-8124
2322
-7100
-1259
-8132
-1269
-7116
-2804
-14276
1278
-12280
-14
1044
5133
-8148
1513
-12252
1272
-4876
-8935
-988
8
-3032
-3053
-6116
-1533
-10212
2065
-2020
-1504
-12244
5112
-19416
253
-11012
2321
4348
-5873
-13292
-2290
-12232
5401
3072
-12799
-3028
4125
13328
-1779
44
4872
-9188
-3567
-13312
-513
-13312
-2035
-8148
1021
-12276
-12542
-9992
3050
-2036
7952
4136
10500
1040
-9210
-12220
-5613
-6144
3046
-11248
-1768
-18400
260
-20460
7175
-16332
1282
-14288
3341
-6136
4099
-7096
-9737
-1024
4855
-11244
7673
-6916
11570
252
-2809
-968
-7
-12284
-6
-4080
-7475
-8136
-4644
-7956
1800
-4064
2572
5132
-3320
-19436
4083
36
4339
-10212
-1568
-7144
-6399
-10236
-6127
-6140
3318
-3024
3568
-3016
1572
-9200
-7945
-4880
2038
-9160
6430
-9168
2827
-2016
-10281
-6116
5892
-12220
-815
-4076
-7945
-4028
8196
-11244
762
-11204
-5906
-6116
244
-10212
-5375
-8172
9514
-22232
-272
-1020
1042
-12236
9234
5140
-3291
-4072
-5883
-3044
-9501
-6120
1213
-4028
295
48
-1041
-11012
-1553
-972
8205
1048
11276
-5080
3862
-5104
782
-8156
-2827
-7116
-2547
-6104
-1016
-5120
-740
-6104
4867
2300
1043
-2012
-9488
-10220
-2303
3108
-2819
-14312
3583
4100
6433
-3036
-292
-18412
-234
-13060
9739
-3032
4083
-6100
-5884
-9144
2030
-996
-2825
-12260
-4065
5192
7402
-10232
-3841
-14332
-10459
-16380
14081
-7112
1037
-21476
6885
-1961
13074
-10212
-9490
-17388
3851
-8184
2584
-3864
1769
-992
2088
-1796
1010
-9204
13782
-11252
7440
-18408
5882
-11220
-5373
-5104
2047
-16316
-9210
-6068
4856
-10228
4866
-5084
-4122
-5092
248
-6132
5904
-15340
1796
-25344
-254
-7120
-1526
-11252
2304
-9168
4078
-9192
1257
-5108
247
-2028
-1576
-10196
12244
-4020
-5353
-14324
1013
-11220
-6197
4136
6918
-7164
7923
-15360
-1009
-6108
5135
48
1570
6168
-2297
-10176
4099
-8124
-3825
-12264
2322
-13272
4851
-2828
3297
-3060
806
-3056
-515
-16340
3096
-14332
-496
-8180
4070
-14316
8465
-15292
4374
-9168
-4861
-10240
7665
7184
-264
-7168
12
-9152
3287
2080
3850
-3044
-542
-12276
-9201
-5076
-9710
-4060
3829
-1980
-6214
-5076
-758
-20420
-3619
-7116
8711
-13088
-8432
-7136
-8442
40
10485
-18188
-259
-15316
-3097
-11252
5638
-4056
7408
-10220
3569
-4052
-1782
-16364
2026
-10180
9966
-4072
-2303
-7140
10987
-6092
-5345
-8192
-4371
-5048
-5852
-8172
-2585
-11240
-9746
-6932
14873
-3056
-3304
-5076
-2534
4124
3842
-11236
1522
-7944
-5925
-14252
-3558
-5084
-10003
-4092
-7958
-3048
9998
-7164
1810
-2020
-6128
-964
22
-12264
-266
-3060
1832
-3040
-4117
-10200
-1278
-2012
-240
6208
795
-11220
7430
-8192
7179
-8168
3287
-3044
-4877
-4068
-3864
-12268
285
-1000
5848
0
-4337
-5080
9226
-7136
-1497
-23224
2835
-6928
-1020
-4076
4579
-4064
2301
-5116
752
-6124
-2573
-6124
-2306
-14308
5143
-3012
6444
-12272
3359
-6124
2088
-8160
266
-4064
4107
-5112
3543
-8188
4870
-10216
-7421
-5896
-495
-6112
6878
-11252
4834
-3028
-12799
-23288
3837
6216
-4863
-20448
2803
-4056
4087
-2032
2544
-14272
3580
-14312
5115
-11196
4648
-3052
247
-4876
2044
-1808
-6153
-5092
6153
-3852
3880
-5100
-1031
-6136
2028
-3048
2826
2064
-2794
-15296
-3362
-10228
2811
-984
-1781
-6124
-8944
-17408
8726
-6112
-2833
-9204
-5096
-12248
2312
3100
8190
-5076
-3053
-9188
2542
-8172
989
2076
-12802
-992
10739
-15336
2815
-12252
5624
-14300
-11519
-12252
4530
3112
4365
2052
-2057
-11240
2560
-17348
-2292
-4052
-8677
-15304
3064
-13288
-721
1048
-3062
4132
-8688
-11012
9727
-12244
-1046
-11260
-2812
-4040
-3835
-9204
-2305
-9216
231
-4044
5890
-12244
1763
-7108
-1013
-13264
-8466
-11224
-1250
-5096
5102
-12232
-3579
-11252
2262
-1000
1820
-2028
-1781
48
-538
-11240
10483
5140
-19420
-8140
7450
-11240
3601
-10224
-4
-9184
2539
-16360
5112
-5104
-15709
-6104
-1789
-4064
-1289
-7116
-3070
-15352
2300
-14312
2551
-6120
-1792
-15348
220
-3048
2527
-5088
2560
-984
4578
-996
8434
-988
-4089
-14336
531
-10176
2072
-14260
6643
-980
-6662
-8180
-5446
2060
2842
-9196
1556
-988
-11262
1040
9728
-8152
7420
-5100
1774
6168
-7652
-8184
1543
2080
-1039
-9160
2019
-14320
-9439
-7148
-5361
-9184
9486
-1016
-250
32
-3322
-23220
1251
-4060
12050
-12240
-239
-3016
6164
-14272
3093
-9180
-5649
-6132
5876
-5088
1530
-5892
11268
-13296
-537
-18392
778
-11228
2066
-10236
8710
-3032
-3053
-4052
4329
-10200
-7136
-3012
771
-2000
-5633
-2020
3557
-8160
10234
-8152
-8712
-8164
3332
-4072
9722
-14292
5381
-13312
-5596
-17384
3842
-9172
6391
-6128
1814
-8152
-7144
-17404
-3602
-16344
-4860
-8160
-1766
-4012
5874
-3036
2066
-7108
2
-16356
-9973
-13312
-1804
-2832
-2309
3100
-519
20
-1565
3120
-5133
-1984
-8967
-6104
1302
-8160
-3834
-5064
2583
1060
17912
-12212
3090
-2040
-4082
-23284
254
-18428
-3575
-2032
732
-12284
4643
-5108
6647
-14276
-3835
-6136
1799
-3064
-511
-3072
3583
-3056
-18170
-16132
3828
-6108
1008
-18404
4618
-13284
-4610
-14312
-5635
44
-2306
-14264
-544
-3008
3340
-9140
4395
-10204
-1281
-10208
-1828
-8148
-11768
-996
2535
-5092
-730
-10232
15111
-3068
-1785
-5080
-3064
-14304
11538
-15273
989
-1816
4613
-8140
-6164
-4048
-5882
-17392
773
-16324
246
-8184
-3824
-980
1524
-9180
2290
-4096
6641
-18360
-1773
-8164
-1053
-7100
10765
-16348
2074
-7160
498
-1016
7681
-13312
3812
-9192
-4845
-10224
1311
-14296
4640
-9144
-7684
-7120
-764
8
-2340
-7940
1535
-7136
2583
-20444
4612
-11184
5884
-5044
-6157
-4040
8189
-2032
-4875
-8176
486
1127
-7440
-2012
-3555
-3040
-2295
-988
6115
-9164
-3809
-11216
-530
-3040
-4882
-14276
-1777
-8128
-3591
-6084
4088
-6080
4113
16
3050
-12232
-6888
6156
-2525
-13280
-1539
-13272
-5410
1040
-2606
-16344
3048
-5072
-1299
-5072
2316
-9004
-6910
-12252
1505
-7108
4596
-6136
-5369
-772
9466
-5084
10240
-3848
-10722
-15112
7198
-12288
4333
-12248
-4372
4156
-1274
-15316
4096
-8144
5116
-13288
4605
-9164
13026
-9180
-1020
-5112
4866
-992
13060
-3068
-10229
-2024
-8404
-12252
3084
-15308
-7739
1080
-2334
-17348
-5128
-6112
6872
-10184
-516
-8140
3319
-4884
2050
-19432
-514
-3040
780
52
538
-5100
-1787
-9160
-5600
-3036
5647
-7124
6885
-9204
-4897
-6140
-3592
-10212
-3640
2060
-6383
-7140
-3605
-16372
758
-14296
2254
-4872
-9235
-6120
5877
-4088
7644
-5072
-2538
-4036
5133
-7108
2354
-17396
1823
-13296
-520
-5096
-495
-9200
1256
-6104
-3044
-11244
-486
1060
-1292
-21252
1289
-7144
-2073
-9180
-5369
