-14100
7166
4128
7179
-1988
-1002
-7132
-5112
-14084
3847
-3072
7172
-10172
-3836
-11264
-1818
-1016
3821
11268
1024
-13060
3798
-13288
-10714
-2828
-244
-9148
-4349
-16352
2808
36
5116
-5088
-6388
-972
-4850
-6128
-3061
-3028
-5338
-2000
530
3088
-7189
1052
-2576
-7124
11256
-960
-2288
-12256
1786
2092
-5365
-15116
1270
-11256
521
-23276
4381
-2824
-7907
-5064
11540
-6132
6145
-10212
6648
1040
6321
-9208
-14539
-14316
2554
-13060
7666
-2044
17216
3100
8488
16
-4614
-10200
-4312
-6920
6125
-8976
-4339
-8184
-3349
-11016
-9703
-9192
-3327
-5056
-9998
-3072
-751
-9180
-8196
-20452
-7692
-12048
10967
-9168
-9711
-12040
263
-6096
4121
-8164
5391
-8156
5648
-21488
6101
-6064
1311
-3044
-3585
3076
-528
-5096
-4834
-4028
-11
-17356
7632
-3028
-6909
-4036
-1531
2056
-6380
-14276
-228
-9188
-6
-15344
-6098
-7144
1794
-4052
14347
-11236
-2762
-1988
2789
-1020
-7389
-11256
-2069
-9216
7166
-11165
3095
1052
-3545
-9996
10251
-3044
-2327
-6088
-272
-11244
-4886
-9172
-5901
-18384
-9768
8204
-3107
-3032
3059
-16304
-3093
-24296
-9482
-2004
777
-9204
-3345
-4068
-490
-3036
-7677
-6120
-11008
-10188
2024
-10216
-6657
-8164
-2837
4140
15061
-7120
-3062
-12280
-5109
-4876
6088
-11248
-7400
-9176
-4371
-2040
7432
-4060
229
-15360
8685
-11244
7695
-15336
6179
-8152
6395
7188
-521
-9164
5339
-6064
-4353
-6140
-3848
-13288
1270
-14276
10982
-6120
3841
2096
-8434
-3032
6908
-18388
2316
-2008
5096
-3012
-234
-9196
13331
-11224
-4841
-19408
2594
-17400
5610
60
3811
-10212
-3814
-9160
288
-5100
2295
-6112
-766
-13292
-7661
-19440
3105
-4064
3076
-17376
-2808
-3048
-1788
-6132
-2812
-15336
2785
-3044
-1024
-15356
785
-9200
1293
-1004
4111
-11264
-1776
1028
529
-18380
-532
-8164
-5626
1060
1769
-6116
-4368
-16320
-770
-4088
-4875
-2032
-1508
-13280
272
-5060
-10987
-3064
-3082
-17356
7926
-10200
-12555
-8184
504
-12244
-1260
-4064
518
-8160
-4895
-6112
-2029
-9204
9723
-12260
4613
-5116
2348
-2020
3581
-15348
-2063
-18368
-1008
28
-9737
-12208
7658
-15308
2292
-3032
-10774
-6128
242
-10184
-10252
-8140
234
-6124
-2302
232
-993
-8164
2316
-11236
-1766
-11248
-1022
-12248
-2069
-8192
781
-4088
-2340
-7128
-512
-7144
-5892
-12276
-7158
5368
3094
-8176
-11810
-2012
-2552
1032
1800
-9156
-277
-5896
-764
-15320
1048
2072
-2570
-9200
11783
3120
769
7224
502
-4068
4155
-9988
263
-9188
-761
-12228
4113
-8164
4084
44
5602
-2044
-2033
-8180
-3072
1060
-8434
-6100
-7217
-3060
2323
1060
-10736
-12284
13
-6128
6647
-6124
12573
-3012
-7650
-5108
-1270
-4868
4600
-6140
1558
-12044
7166
5176
249
-7124
-9468
-8160
-1822
-15352
11524
-9188
-9203
-8192
-3849
-9152
3329
-6104
4878
-7140
2559
-11028
3589
-3012
5869
-19448
-1040
-12268
5122
-6084
12016
5136
-14565
-12252
-3314
-9176
5126
-13308
-5620
-7148
7921
-7132
3118
-6936
-1549
-14336
-5864
3100
-1051
-7136
-4870
-4044
-4366
-8148
-2536
-11248
2314
2296
-1282
-13276
-11257
-10220
-2091
-3012
725
-15336
6667
-11200
-8168
36
1252
-988
3317
-7156
-5655
-2024
-2293
-10236
792
-6084
4358
-16328
-10283
-3056
7409
-10212
-9703
-17380
5388
-4868
-3536
3316
1527
-10216
7893
-6092
530
-4060
-2315
-4088
5370
-14332
3574
-5904
-1520
-9180
-3319
-15336
-482
-13284
-2088
-7144
5912
-10212
2124
-10172
2022
-10200
14871
-13304
-6132
-13260
-5
-7940
4342
-3072
-11252
-11228
2837
-19424
11006
-11260
3074
-5892
-1808
2268
-1795
-8124
2835
-17372
4630
-4096
2278
-992
-755
-3044
9216
3120
-5402
-3036
-4867
-3068
2293
-5112
3806
-6140
-4111
-9196
3317
-12252
-2039
-17380
-1269
-3044
265
-11244
-7968
-15348
-14851
-10204
3585
-5080
-7902
-14328
2312
-15108
9244
-13264
5357
-2040
-3090
4
-7933
4108
5662
31496
1238
-13264
-4358
1040
-10959
-3052
6909
-8160
-1798
-8164
5650
-13256
-8428
-9168
-2073
-12244
-5890
-6132
-1814
-12036
-2799
-18180
-1790
4148
-4590
-5092
-1022
3124
763
-3072
-2290
-972
-3569
-8180
4360
-15328
6386
-11208
3095
-12064
-1798
-5060
5
4316
-3
-8148
5640
-4052
6920
-1004
2299
-18400
4086
1060
-3305
-5068
-527
1096
2279
-5096
-1037
-6132
-1265
-9196
9226
-22020
-2303
-5088
510
2072
-1270
-10200
-6628
-8152
-1032
-6104
5122
-6088
-4074
-2008
-3854
28
7729
16
-1301
-7156
-14095
4120
4064
-17392
-3563
-5920
-4630
-1000
6109
-3844
3580
-3044
-232
-7124
5638
-6920
-518
-5900
-6669
1032
6862
-9204
4155
24
-2072
-12256
761
-6116
-5872
2288
2814
-9216
-6448
-4032
5881
-776
4373
-2000
-747
-10204
-1567
-5892
2840
-10224
3546
-1024
-734
-10232
750
-13064
4130
-6096
3854
-11260
1541
-9216
-3584
-5088
4148
-6144
7932
244
2842
-8148
1546
-9216
-3061
-10208
5892
4
-1052
-2040
775
-5104
-13854
-9196
18940
-4056
-1290
-20448
-4851
-12264
-792
-6088
2323
-3036
11507
-1024
6410
-6104
-2551
-4088
2282
-992
5094
2076
-5146
5136
-2823
-8156
5889
5372
-6670
8232
2030
-12264
-8443
4108
742
-13292
-6884
-10212
2563
-4868
3045
-7164
3808
15368
3101
-5064
-10725
-5104
-1260
3072
2013
-11228
-1257
-4880
3860
-11204
4595
-7144
2020
-4868
-2020
-19404
-15887
-11200
11506
-10204
-281
-17356
4605
-8156
-3361
7196
-8960
3316
1271
-5100
521
4096
6131
-11244
-9495
-6124
-5128
-10071
1015
-15316
-4594
-1992
9717
-10196
5876
-8156
3820
-12264
5112
-10188
-8166
-11256
7686
-12268
11007
-7156
1803
-9168
-4356
-9216
-501
-9176
6383
-8105
-2839
-12264
-1069
-18184
-4114
-5112
2026
-16368
-10240
-10228
-1319
-11252
3620
1060
6421
-9192
-5128
-7112
-3342
2076
-4085
-14284
6412
-16365
-3536
-3020
1787
-10212
5859
-14316
-2035
3112
-2797
-10236
8454
-4060
1538
-15308
1009
48
-8173
-9204
1555
-8184
-2254
-12272
3281
-8980
-2295
-8140
-763
-12260
6410
-10220
-2011
-8184
2013
-12276
507
-988
-2834
-8156
5119
-13300
3592
-12248
-3298
-3064
2562
4312
-497
-1004
3338
-11224
-4598
-5096
1841
-5112
-7421
-4088
9698
-6124
-1525
-5116
-1274
-13300
-1527
-11248
2072
-11248
-2046
-7148
-9478
-3060
1035
-20448
-7451
-3048
2553
-972
-9226
-3856
-1763
-8168
4085
-7164
5385
-9192
-6877
-9204
4325
-1012
-4318
-8160
4594
-3044
5874
16
-2307
-8140
-1768
-19380
3556
-18420
-6383
-10220
-1008
-3048
9726
-8144
-30
-7088
-1816
-14312
-7167
-5892
12053
-3056
-13067
-6096
8703
-10228
3831
-9200
6395
-12252
5121
-1012
-2573
-13280
-3570
252
9756
-11224
-5355
-17360
-987
-3848
10968
-3016
3311
-4876
8967
-6128
-1813
20
-8704
-11252
1035
-9148
-2565
-948
-9719
-3060
4870
-11204
4879
-6112
3087
-3048
1813
-12272
5123
-10216
5365
2052
1556
2068
-3309
-6060
-1793
-976
10746
1056
-3579
-4084
9202
-18384
3613
-6136
2
-11012
6689
-12048
237
-13256
-3600
-980
-6678
-6140
-5620
-17336
3570
20
236
-1012
-6918
-12260
-527
44
4620
-3032
10478
-3052
-6389
-7132
-5880
-13288
4092
-6064
1003
-8188
-2038
-6140
511
-1020
8193
36
6659
-17360
-1278
-12256
6883
-14276
-786
1052
-1271
-10180
-6638
-5116
483
1032
4371
-12248
-27
-9196
-2063
-13308
-5915
-12256
-3865
-8156
-10229
3092
11020
-2985
-2042
-9172
4117
-4076
-2018
5156
-2549
-9172
1535
1068
-3613
-15352
3063
-7140
-8167
3072
-6426
-9192
12255
20
277
-4072
4344
-5108
-798
1060
4087
-4040
1528
-14328
6158
-6144
-1537
-3060
2076
-11240
-3839
-14320
764
-6096
7469
-10228
3572
-7940
2303
-3040
-5891
-14280
8186
-14312
-3555
-2012
-6655
-17164
2616
-2016
1313
-13312
9214
-15324
-524
-8192
2545
-8172
521
-10000
-5862
-9176
4856
-4048
2251
-7124
14851
-7164
5108
-7128
-8961
248
4362
-11228
-6404
-3860
-2573
-4068
2835
-6132
2582
-5088
7178
-4080
-2003
-2820
8196
-9160
2051
-5092
11029
2072
8192
-7156
-5650
-14312
-767
-6132
6648
4108
-6884
-8156
6658
-16376
6887
-14092
-5839
-7100
5869
-7140
-6882
-7160
12002
-8144
-780
-8180
-4092
-13292
-4354
-18400
-501
-4064
9702
-8964
-1021
-3032
-758
-5080
-3356
-8172
-5116
-13260
768
-9996
1318
1088
1771
-10160
-4669
-9200
-7958
-14312
3333
-5108
-14588
-10232
-4620
1276
4078
-6088
-1529
-6112
1845
-13256
-10516
-11216
-4097
-1008
-505
-12220
-4337
-5076
11276
-11248
2814
-5044
6364
-12236
-5361
-10212
6691
-2028
-2297
3108
-5379
2072
-2015
-13280
-2583
-6088
-3076
-12288
1533
-8168
-7733
-2004
2569
-7120
-4069
1060
10756
-9188
11
-4064
4575
-4056
-3310
-9180
-1263
-1000
-8713
-13292
-7948
-7116
-10
-9196
4887
-10204
-5601
5132
1005
-8152
3097
3120
-549
-1808
-4108
-9168
-1268
-4056
1783
-2048
8952
-9176
-13559
-5108
242
-15360
-6410
-4072
-12053
-972
787
-21413
-3309
-9192
-4608
-6100
5353
-11216
3837
-7132
518
-7140
1030
-19428
4623
-9196
-5370
-14304
-2581
-10240
4147
-16308
-1531
-10220
-9465
-5084
479
-14088
1525
-3848
-9212
2092
-5652
-10216
-7414
-12244
-6660
2084
23006
-15312
-5088
-7168
755
-11248
-5881
-7100
-1030
-7944
8458
5368
-1829
-6092
-209
-4064
2267
-11264
-2028
-7136
5620
-980
983
-10220
-6398
-8180
4617
-5116
522
1088
2792
-9192
1538
5148
13566
-12256
-21
-7944
4604
-1020
6663
-5029
3071
-9992
-6127
-2820
-6384
-8156
-1806
-9184
11776
-7944
-10468
-14316
5151
-8144
8200
-7112
736
-6132
7415
-5060
-1249
1068
5166
-14316
30
2080
3869
-10208
3084
-3048
7647
-5092
-2803
5215
-5083
-13280
10472
-10200
1049
-10000
258
6392
-815
-4084
-9486
-18404
5863
-6112
-6155
-8160
-242
-14264
4880
6152
4368
-10196
6921
-3056
-4357
-11264
-791
-6920
798
-18388
-16130
-6140
2032
1028
-1281
-14308
6892
-2032
6908
-6144
-8157
1104
-7967
-3068
2065
-15352
-2239
5144
-561
-4880
2534
-6092
-2839
-5092
13109
-15108
-3600
-8160
-2782
-10204
227
-15348
-2023
-17384
-4362
-7144
765
-4052
8181
-7120
5630
-2008
2569
-4064
-4364
-9192
6405
-6120
-3610
1044
-3336
-9992
5
-12272
214
-10000
-6149
-6136
3345
-13288
4073
-5064
2319
-6920
-3316
-7164
-9744
-2016
-3593
1068
3071
7184
4130
-14280
-7664
240
260
8
-993
-6140
-1008
-6124
-6944
-8968
1021
-3052
5108
3096
-8680
-8144
5373
-13284
12311
-11236
2087
16
11750
-16344
7415
-5100
3070
-2824
-1824
-7140
-1024
-16136
-2313
-948
-7949
-12288
14043
-5108
4376
-5084
-2299
4128
-2810
-2844
7435
-9208
-7685
-7152
-1044
-11256
-3057
-9192
-2079
3124
-2595
-13244
9243
3308
-14584
10244
3335
-3064
-5106
-1024
7441
2072
7940
-1024
764
-8132
6658
-3044
-8209
-7160
6106
-6124
8251
1032
2321
-11188
2308
-17404
5619
-4068
-8166
-6128
11248
-16348
1824
-2036
3357
3080
1775
-3044
-5367
-4044
6637
-8128
1266
-17164
1528
244
-1021
-21448
-2800
-7152
5389
-15348
525
-12276
-241
-15340
6134
-7136
2053
-13248
1804
-7128
4627
-3864
-11525
-11232
971
36
-4623
-4868
4919
-14288
7936
-6096
275
-6136
-4580
-6100
5647
-4884
-2003
-1800
-1772
-7156
1752
4096
-4612
4156
-264
-7132
1038
-2828
-1272
-5104
-5141
-8152
-5
-2008
-2270
-6120
285
-8168
-26791
-6084
28085
-7152
9717
-5100
-1258
-13308
-5117
-3032
-2063
-6124
-4085
-988
8196
-12224
1815
-12268
3604
-3052
1282
-9200
5648
-16324
966
-8156
-8448
-9180
-3064
2068
1799
-12248
6900
-12288
4879
25376
6640
-12288
6899
-9188
-9227
-2036
-2100
-6140
-2032
-12232
-5341
-2012
-4362
-4056
7188
-5120
13032
-5092
-8712
-8176
2773
-7168
-6658
-11220
5140
-12284
12581
1072
3315
-2828
-1515
-22216
-5383
3084
-13319
-3036
6903
-11204
-1765
-7144
1317
1036
2295
-972
1778
-5088
753
-6096
4097
-5080
3858
-8160
-4885
-11204
1540
2068
-11262
-15328
518
-5100
2814
-14292
-1001
-2012
-307
-11212
-1541
-8184
7152
-6104
4332
-9200
5617
-15284
-4055
-8136
5122
-4872
-2576
-10020
-1808
-8164
-5415
-5076
2300
1036
-4856
-988
5372
-9168
10779
-10192
-6636
-8144
-1258
-13288
4871
-7136
-8685
-11020
-3784
-8164
8473
-6132
-4628
-15308
-5404
-2020
1576
0
6637
-6140
-3062
-12268
-1052
-5068
-1822
-19440
-1277
-20416
6415
-7132
1538
-9216
-5100
-3044
-515
-5112
-1525
5136
3858
-14324
4617
-22020
1265
-3028
7177
-7104
4657
-4880
-8203
-5116
1569
-2824
4056
-3040
4599
28
-3093
-988
-1281
-11028
-10288
4
3066
-10220
3811
-13308
-3055
-5100
1535
-11264
3545
-9156
-2052
252
3090
-17336
-733
-9180
1540
-8168
-18176
-9184
-2285
1072
2042
-4092
2576
-7956
-5117
1092
-5360
-1984
6137
-7156
4565
-2040
2054
-3032
-9742
-2996
-1321
-1984
-7409
-15348
1511
252
-11504
-11212
6
4176
-244
-7160
3309
-992
2802
-12264
-4336
-5900
4087
-6104
-5
-4056
4070
-2040
-5875
-980
5400
-18388
1042
7184
-3841
-1996
-5115
-8124
-2827
-10180
12512
-14320
-1060
-12232
9190
-2020
4906
-2044
733
-8180
4599
-6932
4145
-6136
4851
-12248
6637
-8188
-7924
28
3582
-1020
1776
-6924
-481
-12256
11
-4088
3825
-5908
4601
-4044
-10455
-14324
-1535
-14308
1766
-5064
6655
-2028
-2564
-3044
-2564
-14308
8126
4324
-8722
-15328
2555
-992
2575
-3848
-3866
-19216
2834
-14320
2807
-13284
10518
-9172
-10
-5072
-2037
-11196
3100
1028
258
-772
5649
4124
7691
-6104
4659
-1012
-5128
-6128
-785
2060
2572
-11256
2272
-4040
-5627
-13288
534
-6112
-1519
-10196
1042
1032
-4592
1060
-4080
-16279
-6410
-14316
-8437
-17368
-4071
-6932
-1777
5136
3352
-12204
-3868
-13284
-8999
-6108
-3847
-12228
-5362
-1996
-5880
-7112
2068
-13276
1518
-15300
-4877
40
-1804
16
5619
-6084
8400
-14316
1071
-5033
-1786
-19436
-5110
-8148
505
-8136
-3085
6168
-12247
40
1815
-12236
15097
-8148
5129
-11228
-7664
-14292
-5888
-13284
14597
-19452
8942
6384
3331
-12252
2309
-12244
0
-14300
-1561
-11012
6158
-10200
7174
-16340
6883
-11220
-7672
-5068
794
-11212
-4838
-17160
-5863
-8180
-6686
-11244
2826
-988
-1537
-4016
-4879
-7944
3091
-2004
-2796
-15340
5640
2292
3578
1040
-1307
-4072
-4338
-4060
3318
-6120
-3333
-2048
-2323
-7120
-767
-4056
-4867
-7156
-3836
-14084
5662
-18380
-2086
-6920
-5125
2064
-5117
-12220
-4059
-10196
3337
-7940
2043
-15336
6394
-9188
-8189
-11252
-6152
-17176
4595
-14324
-9429
1068
3335
-6140
7164
-13068
-1532
-7148
-4625
-11244
3805
-7144
2066
-8148
-4343
-14264
-4060
-8140
7701
-12232
-2542
-6096
4103
-14312
-4090
-6144
-1508
1056
-2319
-13284
2281
-11228
1522
-4084
516
-8188
-8705
-5068
248
-4064
-6193
-7164
-4100
-996
-3068
-3844
-1291
-5080
5383
-5096
-1031
3112
1294
-6120
11006
-1000
-2060
-6132
6149
-8124
-2063
-11228
-6411
1040
-5378
-1984
-7416
-13280
-4868
-12268
-1034
-2024
-8695
-5108
6637
3116
-10018
-5112
-477
-6108
-2777
-8128
6894
-11240
-4846
-3036
9456
-4076
-1302
-17368
6140
-19452
-170
-9204
-5654
-12224
-5386
-14280
-1531
-9188
18386
-10240
-2824
-11192
-233
-2016
-3584
-4096
7938
-3024
-9733
-12288
-9244
3092
1816
36
-248
-14320
-5389
-8176
-1292
-13300
-8697
-3060
3570
-10224
-4366
-10220
-4061
-6920
11757
-10208
253
-19204
4617
-3012
-7435
-12276
7193
36
-4846
-14268
2565
-7144
-2056
-12244
-5420
-14256
-2806
-10184
2753
-3860
777
-2012
-11053
-6124
6156
-3052
-2586
-7124
-515
-3036
-1547
-6128
-13838
-9168
-6920
-952
-2796
-10200
4
-9192
7381
-2832
4119
1276
9483
-10224
4848
-12284
-5372
-18392
14845
1048
-1
-4060
8207
-8152
-7915
-4092
-11049
-2012
25
-5092
-6173
3124
-2579
-5080
-7675
-12268
6668
-964
-3551
-6144
12024
-9172
-296
-6116
-9483
-2028
3576
-15328
-6131
-6112
491
-19428
2046
-5104
14
-3012
1266
-9176
-4358
-8164
773
-2016
-4126
48
-746
-15344
-13081
-11212
4581
-3068
-7706
-4080
4622
-4044
-3309
-4056
-4063
-9160
8394
-13292
-2293
-14328
-1792
1060
-777
-20432
-4863
2096
2569
-976
-1298
-4056
-9249
-12256
7391
-13296
-5375
-15108
-9495
-8184
1542
2088
3876
-10224
1277
-12268
-3856
-2020
1280
-5076
-8899
-11252
-2303
-14300
5073
-2032
-5071
-12244
1533
-13248
6889
-4052
-505
-4052
-3573
-21456
3806
-17396
4339
-8160
-7387
-20456
-4111
24
-5887
-13280
-257
1060
-11772
-9192
4367
-1004
3571
-10180
5097
-964
1796
3080
5375
-11248
1258
-1980
-14082
-7120
-5140
-12252
-7686
-10192
-6113
-5896
3601
-8160
-3603
-4044
-2051
-6120
4326
-8140
4883
-6084
-2343
-15116
5915
-11248
10290
-8172
3050
-5036
-14589
-7952
-262
-7140
-5123
-3048
-1301
-7164
8165
-776
8180
-8132
-1551
-6112
-2310
-3028
4889
-7168
-5376
-6112
815
-9172
-6369
-11212
-7951
-11208
2026
-1000
-506
-4084
-5648
-13284
502
-11236
-1549
-14308
-3618
-4068
-12310
-3048
-3298
-13280
-3080
-12276
7656
-5092
-5153
-996
-6132
5176
3305
-6112
288
-11252
-2808
-6092
4364
-1992
-10
-18416
-3622
-4064
5123
-10204
-8725
-952
-2810
-10220
1033
-7140
-5081
-5088
6883
-3052
-6885
24
-1285
-7940
-2569
-11220
-4601
-9164
-2333
-6144
-2546
-3036
773
-13284
2244
-3056
-7163
6180
2314
-2032
8697
-6124
-4321
-14332
-3092
-3036
263
-11192
-1022
-13280
-1512
-7156
-3257
-13244
-1039
5172
-506
-7140
3592
-2024
1527
-14320
1268
4160
3848
-5100
6421
-7120
-2841
-12236
7939
-7108
3103
-9180
1230
-13264
6357
-1004
-6150
-11264
4087
-15340
-768
-9144
-2828
-2828
245
3104
4845
1036
-3047
-10176
-7172
-10208
-997
-14324
-1547
2060
5386
-15292
-10241
-15316
-28
-11012
-4353
-10224
-2037
-19420
-5346
1088
-5120
-7132
2292
-8132
5130
-2012
-3600
1088
4083
-9192
-2332
-11184
4840
-6116
11526
-4888
1022
-10204
2556
-18408
3613
-15284
13337
-9208
-3842
-16356
1022
-10212
-8417
-9176
7408
-10208
-1544
-12208
-4865
-14312
-1039
-2020
-780
-12252
6652
1052
5894
-8144
-7706
-5084
-3061
-976
-2077
-13300
3311
-9188
-3607
-14304
222
-8136
-1291
-11012
5393
-10204
2064
-19212
-3560
-5052
8413
-3024
5618
-9196
4843
-12040
-4856
-964
7172
-17384
-2562
-2040
-10764
2072
4120
-9172
4883
-8148
4102
-5084
4100
-1004
-1300
-4072
10240
-12260
10236
-14092
1503
-15332
1308
3092
-10749
-7148
-2547
2108
7404
-5104
2336
6176
4065
-4076
-1292
-14292
2533
-11232
3819
-6092
3072
-9184
-1307
32
-2592
-18188
1024
-9148
2798
-11228
6640
-12260
4085
-3864
495
2072
15350
-5084
-1497
12
-3559
-2016
7441
-3032
-1802
-14328
4857
-14096
-2826
-8148
7142
-8132
2836
-12260
1276
-3060
-12798
-15316
10485
-17376
1541
-4868
5631
-5096
6129
-9180
-5389
-15296
3332
-10192
4630
-3044
2256
-14245
-3587
-992
3818
-8136
3337
-14260
-4069
-6136
-5382
-9144
5878
12340
5649
-14256
-13855
-10216
487
-2012
-2300
-3844
-7712
-2028
2317
-12236
-8445
-17364
-5623
-10200
-3595
-10216
-2319
-11212
-241
-8128
-1253
-4052
1297
-8152
4377
-4092
-3596
4284
-9749
1048
7451
1248
8417
-4072
1041
68
-7414
-1000
-8673
-11012
11523
-6120
1814
-6116
4600
-6924
4363
-10220
-12
-8152
4333
-17388
-2539
-10228
2557
-10212
4866
-7124
2862
5144
8678
-7148
-5373
-5084
-997
244
-8706
-5096
4087
-5076
6328
-19400
-3060
-10212
2844
6188
2302
3096
10762
36
-10494
56
281
-7132
-9974
1032
-2831
-12240
-5626
9248
535
-12264
4866
-10200
-3072
-776
8450
-14316
1299
-3040
1307
-5112
-508
1060
7154
-7132
1523
-14280
-4362
-2020
2324
-7168
785
-8188
-1527
-996
9174
-4084
6176
-14304
-1018
-7944
2558
-11232
-1016
-15316
-8707
1048
3845
-15288
5928
-8964
-10247
-8184
-7188
-5120
10490
3108
3329
1080
-998
-9204
-1066
-3064
4566
5152
12259
-3056
-11280
-7124
517
-12284
4871
-6120
-788
-7104
-11001
-10200
1550
-4048
4092
-19408
5854
-4084
-8734
-16344
-11271
-7096
-6656
-15304
-1510
-5064
-4633
-7164
-5094
-4092
12781
-6112
1314
72
-4892
-8172
761
-4048
-1765
-14320
1286
-3048
-1799
-11256
6650
-11252
-1527
-5088
-4613
-2000
6403
-11240
-2553
-3040
-2560
-6124
-7941
12
-2316
-792
-1286
-9992
-7150
-956
-6676
-5076
-6632
-10220
-8725
-23264
3542
-13268
-6107
-3040
5097
-6108
4368
-2020
8703
-7108
-11263
4116
-8188
-6120
-827
-2840
4117
-10228
-10245
4128
2818
-17396
3108
-7128
-3578
-10188
10765
-8984
-1018
-15340
9742
2130
-1563
-11224
-1782
-5100
784
-8116
-7181
-8152
3578
-4072
-6113
-19436
-2052
-2004
-7168
-9176
-20
-9196
-11258
-9200
-7431
-6112
1541
-16356
-3851
-11236
3033
-8172
6404
-14088
13829
-7088
-731
2060
-3612
-992
6661
-8152
-3602
-3020
-7422
-10240
4621
-12248
6927
-13276
2809
-7140
-7631
-9172
7929
-22252
-6385
-8140
-1795
-2840
-5365
-7144
3844
-5064
-1274
-3064
-2332
-6132
2834
-10176
-1502
-1812
-1016
-3024
9969
-14304
-7666
-6104
4346
-9188
-1544
-1796
-8437
32
4605
-14092
-3118
-9188
-2812
3128
-492
-4064
5915
-3040
3579
-10212
3885
-11252
-273
-13296
8451
-5076
1782
-6140
9999
-17352
-9722
-7140
5365
2096
-5868
-6124
-275
-22268
747
-7124
-3102
-1996
298
-6112
7186
-13292
3337
-15316
5361
1060
1035
-4868
782
-11216
3307
-8136
10488
-5896
762
-13060
5638
-4048
-11005
-5084
5364
-5076
-4106
-1988
10506
-6140
1517
-6132
-520
-12260
-10756
-2048
4879
-12240
2812
-6116
-5371
-12244
9693
-9992
-2076
6160
-4888
52
268
4348
-12306
-7148
-2847
-13272
7172
-6064
-7931
-11240
-12292
-23240
-1007
-9188
9445
-2028
-3298
-8152
-774
-14304
2830
6176
-2603
-15328
518
-7136
5095
-772
536
-16364
523
-7168
-994
-2024
773
-5088
-2014
2084
241
-1000
2340
2292
-2794
-7116
7126
-7124
-12333
-6120
-1008
-4052
-7181
-5108
-5650
-6068
-8195
-15108
12317
-15340
-510
-13300
4094
-976
-6145
-3016
-1563
-5096
4334
-6100
525
-7132
-4582
-7156
5886
-9184
9712
-3000
-1772
-9200
-1019
-16328
520
-5060
5893
-7952
3869
-7144
7454
13360
-2555
3112
-9730
-12268
525
-6112
1819
-10196
-5888
-2028
488
-13288
-6648
-7152
-12
-5096
5616
-17388
-741
-9216
-1267
-15336
2765
-14320
513
-14296
6888
68
2300
-12264
3855
-10212
1559
1032
-1791
-3016
-8941
-14316
3278
3096
249
-4080
-1274
-10224
-221
-9988
3364
-8972
795
-15348
10239
-10200
782
-4048
5117
-10200
-561
-9184
2277
-14308
-6400
-8176
-8696
-5088
1254
-10216
-4893
-4072
-792
-8160
-3325
-8172
16392
-11264
-5078
-9164
-6402
-6104
2796
-4044
1242
-18400
-3819
-10200
5121
-7160
-1559
-5096
-12270
-8176
12269
-9196
-4828
-7128
-15109
-2028
-3101
-11232
-1538
-9176
4356
-11028
8700
-10212
3323
-4048
-7927
-8168
-263
-6088
-506
-7140
282
-11248
1041
-5072
5125
-11204
8170
-12244
-8988
-9184
239
-12224
7433
-9176
-1268
6176
3556
-7144
1026
28
-3090
-10240
-230
4340
2059
-16380
-2309
-7120
5355
-6128
502
-4872
-3834
-5908
-1533
-5116
3333
-3040
11014
-8964
-2275
-2008
516
-3048
4556
-5084
4355
-10224
-8955
-9184
-7201
1072
-4599
-11224
-10745
-2836
5146
3128
-2337
-11224
-2023
-2836
4360
-996
-2300
-14300
-4828
-6128
1260
-10192
4083
-1804
-3060
-4064
-3046
-13300
4611
2096
-3052
-15336
3553
-7160
-494
-4072
5868
-8132
-2539
-19208
-3078
-9172
-6124
-2020
227
-11232
-5389
-9176
-10238
3096
8726
-11180
-2044
-8972
-9231
-22216
-5342
-19416
-2345
-7164
14101
-2024
8459
-10184
12022
-7140
5653
-2012
7418
-14324
2570
-7120
3071
8192
-4349
-5056
-1020
68
-3568
-11252
3036
-3024
4108
-1992
3566
-13244
-1786
-9188
3820
-8964
8520
-10232
-3058
4112
2016
-5048
4088
-4052
16655
-18424
-5361
-4052
-7960
-8188
1534
-11204
747
-8972
5645
-2016
13568
4108
-1020
-6116
1546
-8156
1518
-8188
-6892
-1000
-4580
-5033
-4846
24
13351
-10208
488
-9168
257
-6140
-6661
-1012
3643
-5116
-5616
-3864
-2044
-13284
-3351
-7152
2072
-2028
1032
-7152
-2800
-8176
-5148
-4072
-6918
-5116
2552
-17356
-2534
-4056
-5642
-1976
5920
-8184
-774
-5932
-251
-14296
-3889
-3068
-8177
-4064
7940
-14328
-1806
-8180
-8956
-6128
5376
-22236
14597
-3040
6420
-12044
-1550
-9196
-6146
-4064
-2825
-17400
-2105
-11165
-2524
-7120
1280
2100
-5110
-9188
4376
4
-2288
-7108
-3829
-2848
2549
-4072
-3577
-5076
2319
1076
-1514
-7096
-9718
-11240
-4914
-5084
-2299
-5084
3808
-8164
-2277
-2024
2543
-4088
5134
-9188
7652
-7164
-2011
-14300
-259
-5108
-5386
-7124
-6133
1088
-5386
-7164
6919
-15344
2550
-11228
-2021
-5096
4874
-9172
3088
-3032
-1804
-13264
-4850
-8148
5353
-18376
14103
-10004
5110
-5060
8433
-7112
760
-9196
5361
-5112
4
-3040
3607
-3032
7709
-5064
-2293
-3016
-1999
-964
8961
-9188
4083
-8964
-996
-3036
-4631
-4868
-8693
-18404
2279
-8160
-1501
-12288
1042
-5052
6881
-10168
530
-4868
-8188
-10240
3308
-15340
1804
-4060
-1289
-6128
-3062
-6140
4589
-3040
12802
-5072
-9198
-1988
-5662
1044
-4328
-5076
5644
-9188
3591
-7116
-7388
-6124
2586
-7144
-229
-7136
6676
3136
-9449
-10200
-4839
-5104
-10253
-13248
-3049
-6076
1013
-10216
3324
-11256
4602
-8976
18675
-6116
11503
-10228
-4110
-6136
-2836
-5080
-4099
-4080
2557
-6128
2519
-7132
2822
-7132
-265
-9180
-3569
-10224
-10021
10280
-5362
-6136
6628
-12252
-7671
2296
5875
32
4891
3128
7637
-21252
-8182
-4060
12046
-3004
-3
-18404
1036
-9180
5357
2076
8675
-7112
1783
-6120
2053
-12276
3300
-16372
-1521
2056
2555
5348
6939
-7140
6635
8
-10727
-7128
3576
-12236
5655
-6088
-10225
-7116
793
-5896
-1785
-4056
-4635
-3012
1528
8
2550
-9164
-1302
-12177
-1261
5128
-4876
-11228
3070
-11240
3567
5128
-3861
4104
270
-2004
-2001
-988
1524
-4068
-3069
-5096
-3565
-4096
4122
-9200
1277
-3064
-478
-11248
8
-3060
3074
-3020
2799
-11256
-1531
-11212
-4616
-7140
-5350
-5096
7185
-7948
745
-19408
290
-11232
-7
-5112
-1294
-10220
-2827
-4076
-1543
-5084
-3583
-16368
1291
-7144
-1055
-15312
2843
-14272
-6904
-5892
274
-988
-808
-7148
1534
-12248
1001
-10200
7666
-5092
-1794
-4064
2033
-4092
10750
-8176
2603
-3024
-13277
2048
-3611
-2004
-2808
