-10208
7164
-13268
1777
-5096
1512
-5052
6665
-14276
-4348
-9160
4371
-7136
6
-3060
-1016
-12232
-4631
-7140
-2550
1044
2070
1272
-5366
-12236
4062
2088
6
-10220
10254
36
-3837
-12256
-3344
-2820
-1032
-10212
7928
-7156
-9726
3312
3840
-5092
-5867
-11228
-5910
-10236
-3081
32
4600
-11228
2279
-6108
4117
-5112
-17195
-6120
-254
-5100
-4573
-12280
-4091
-13288
-2598
-8160
-2055
-10004
4863
-10172
8187
-18364
-760
-4048
3844
1096
4602
-17156
1068
-2040
-4117
-10200
-2586
-5060
11757
-7168
-2303
3148
-4112
-14308
3593
-9176
2271
-11244
-10017
-10196
-3335
-7132
-2319
-2000
-3813
-3064
-499
2100
-3813
4108
-4111
11316
-5110
-9204
-12279
-10188
9978
52
10251
-8152
6402
-10224
6152
-1016
-807
-19420
3331
2288
-6668
1056
-5868
-1984
1786
-6104
-1028
-980
-4
-11240
-6171
-6136
4106
-12288
-1305
-21464
-4601
-15356
-5116
-7148
6145
-17376
-2529
-7092
-6651
-2044
7441
-988
-10230
2076
-3317
-11236
-52
-15356
-9979
-12208
4402
-3040
-35
1052
2574
-976
1539
-9180
7140
-16316
-2787
-9168
12529
-7948
-5105
-5100
2326
-11224
2261
-9160
9459
-4036
-29142
-13248
2033
-8160
-3862
-3020
-3325
-13252
7937
-3052
-4613
-3072
-5122
-1984
3812
-2008
9736
-11220
-748
-4076
8960
-10232
-512
-6128
-6384
-11204
6405
-13300
6427
-6112
-534
-996
5356
5168
5907
-21436
-1804
-17368
2047
-17164
6631
-7948
-7161
-8176
8732
-5896
7447
-2008
785
5124
-3283
-16372
6135
-3048
19957
1040
477
-6100
2044
-7144
-7
-11216
3039
-15336
-8721
8
-1779
-11264
2573
-1796
-3605
-9148
-1332
-6084
787
-7940
5148
-25308
-2319
-8160
1767
-15296
12005
-11252
-5884
-11248
-5388
-16293
2056
-8168
-7911
-8156
6142
-13272
2797
-13272
5378
-9184
-7448
-11212
-2789
-4080
492
-16368
-3078
-3044
-7443
-7160
5382
-8176
793
-17380
2776
-11212
15360
-9212
2826
3124
3858
-16356
-3848
-780
-3052
-16340
4066
-2012
-10269
-13284
1290
3088
11514
-14296
-1797
-11232
771
-5068
2345
-2028
-7425
-3008
2069
-2012
11017
-10204
9465
4348
5123
-4076
4848
-13276
-1780
-6924
-4336
3100
1024
1040
-6129
-5900
-5893
-5072
-1259
-780
5891
-3844
5339
-19428
-518
-7940
-4626
-12256
-6907
-10220
6380
-3012
5336
-8152
280
-18348
-2272
-12072
5091
-10216
-8961
-19384
-5396
-8164
10999
-984
-5360
-6092
-5647
-7148
-12526
-15336
5628
-6124
-10241
-12224
-13315
-8184
5345
-6140
-4093
-11208
4884
-7120
6684
-12224
-6406
-10196
-777
-11216
-5901
-3052
-2834
-10180
1514
-15344
-9723
-11032
6145
-9184
-747
-10232
-2286
28
-1302
-6128
5683
-6112
-490
-8964
1810
-3052
-6180
-7128
1060
-12260
-1544
-4048
2542
-8156
-2028
-4064
13838
-9188
-13592
4120
-14673
-9204
6124
-10236
-6902
-9992
2543
-4868
3313
1040
-4869
-4052
1541
-6112
-1037
-8176
5642
-19436
-533
-22200
-478
-13296
-5902
-15328
4865
-2012
-8963
2064
3042
-12276
5125
4
4375
-7164
-3847
9468
-3331
12
2082
-8164
-4822
-6104
-765
-9148
-6930
-9208
-9001
4136
-6398
-4088
-16896
-11244
-1276
-3068
-8182
-7144
1287
-12264
4355
-3024
3055
-6108
6633
-9152
498
-13272
-24683
-19400
11022
-9184
2041
-11012
8193
-11216
2812
-17376
9493
-8160
-3057
-4088
5656
-17368
-1570
-14284
765
-18372
-8684
-7116
6418
-12268
-5888
-12232
2587
-5072
-1275
-12212
-7167
-10204
2305
-3044
-2549
-7944
-3086
-14276
5110
-5076
7671
-4080
10007
8216
-7635
-17352
499
-15312
3835
-7152
-1773
-5096
-2063
-8180
15
-6124
-8458
-2032
4331
-13284
5392
-14332
3829
-12256
-9220
-4092
-37
1024
-12283
-12040
-3111
-8176
2832
-10208
-2577
-4076
1783
-16360
-11012
-10196
-1059
-7152
7164
-7132
5857
-7136
7464
-5060
14
-12232
3845
-2044
-4835
-12248
-1049
-6084
-1524
-17384
-6664
4124
-2306
-12244
4115
-13068
4901
4100
-5108
-6924
2580
-13304
-3814
-11248
2063
-6057
254
-20460
3054
-12268
3822
-980
-8457
6148
3595
-6120
523
-11196
2576
-13256
-5882
5120
3860
1032
-7414
-11200
3340
-3060
-764
-2836
6915
5156
1083
-3060
10502
-15320
-5616
-6088
-756
-5080
-1794
-10204
2299
-12256
8729
-16352
9773
30252
-8473
-13276
3604
-8964
-4863
-6124
5650
-1004
39
-2028
-9470
-8192
-488
-3012
-5369
-14308
6391
-10216
-4087
-11236
-3609
-11012
4079
-10184
-5146
-9172
-2309
-7108
12
-2032
-1565
-5076
2814
-9988
-4614
-8152
-246
-8176
-3078
-10216
-4574
-9184
4337
-17396
13782
-7160
7672
-8140
3364
-12260
5653
-2028
-4083
-3852
1063
-2048
-12547
-15320
-5616
-3852
-516
-14324
2570
-5120
786
-6100
-4620
-5048
-2831
-7944
-12820
-1808
-245
-4072
3305
-16372
2808
-10220
-2585
-3008
-765
-3040
-1287
-5900
-4875
-4092
4084
-13232
1791
228
5617
-4056
10489
-2040
3069
-980
-10242
5168
-8699
-11196
-1592
-5072
6677
-5080
-11258
-21476
6658
-2844
-4326
-6092
-6635
-7108
1569
-3032
-6133
-5088
-5652
-5080
-6686
-10224
-9464
-13280
-8702
-1024
-4625
-1988
779
-2820
12027
-12244
-1010
-5108
-8174
-8156
9709
-5084
1320
-6096
5384
-17376
4602
-7128
4102
-26324
-768
-7952
1558
-12268
-2556
-18356
6433
-4052
2328
4
-249
-3036
1527
-7124
6932
-12044
773
-10188
11728
-19452
6177
-2016
7440
-8136
-750
-14304
3861
-3036
771
-17376
-4887
-6088
7938
-9160
-1262
-11236
-13300
-9192
4375
-12268
-1519
-9168
3826
-4092
-4874
4108
5666
-14300
-5636
-2036
1254
-11016
-4896
-8124
2035
-3044
1285
2092
-8
-19396
26
6224
4653
-9172
-2288
-6144
1024
-4088
-7474
-5072
6925
-5108
-262
-7164
-5624
-8976
1803
-2020
9719
-5912
-8722
-2020
-258
-9180
-1570
-16344
-1230
-10216
11027
2080
-3853
-16316
2797
-10240
-2776
-10228
8947
-8172
15342
-10200
-751
-18380
503
-6104
-1062
8
-13838
-11020
3315
-17400
7441
-776
-3075
-5056
5155
-7136
-10506
-5092
1539
-11244
2304
-9188
3549
-11224
7419
-5092
6165
-1996
1503
-16380
3317
-14284
-6924
1276
3363
-3032
5141
-14312
-6416
-15292
6178
-2048
293
-12268
2022
-10228
6409
-3024
-5121
-12244
-4358
-2000
-4393
-3024
-13853
-10180
-4624
-1012
2635
-9188
-7955
17408
1768
-20228
1031
-14280
10740
-976
-8709
-12228
3063
1028
1022
-10200
2042
-992
-8711
9464
-15337
-4092
-5886
-8968
6879
-10228
1803
-13276
-2050
1044
-2053
-988
6708
-13260
-770
-10232
6201
-4080
1543
-3056
-1810
-4088
8705
-2036
3046
-13296
-4100
-5096
-1300
8
3062
-11236
-5654
-10204
-3051
-1996
7156
-14332
8690
-16352
-3314
-12244
2562
-10196
6642
-5068
6114
10276
-1734
-12036
4580
-15284
3555
-5120
5164
-7152
2053
4116
-779
-988
11777
-992
-6099
-6100
4864
56
2331
-17364
-2563
-8148
4339
-2028
-6169
-5068
7690
-18428
-1036
-11240
-5608
-14320
6154
-18192
4371
-11020
-3841
-10204
-10028
-12260
4572
-6916
-3334
-8144
9958
-5088
6646
-3020
1785
-2044
-1535
-10196
7394
-6060
3349
-8184
10732
-5088
5892
-3060
-5832
-15348
-6165
-4068
3075
20
-4358
-20440
-3314
64
1016
-5104
-2068
8
-5371
-9208
-2836
-13296
263
-4868
-2504
-8136
-10236
-15296
-2051
-8128
1803
-14288
-8963
-5116
1526
-3844
-3076
-6928
-1831
-3024
4839
-6936
-1545
-3852
6687
-4076
-8182
-16356
-4605
-992
5157
-13276
-1039
-12228
9979
-6092
-5616
-8172
-1800
-3032
-4883
-14320
8225
-6100
6400
-3064
9702
-3860
258
-5056
5178
-7948
-16701
-21496
-3841
-13300
-3307
-6136
1538
-5084
3040
-9172
-4599
44
16
-5080
-9726
-14288
547
-10208
-2794
-1004
-7696
-9164
10753
-4064
7433
-17336
-258
-796
-5616
-8164
2294
-7152
-534
-8156
-5377
-7152
-774
-980
6960
-6928
4354
-10200
-2014
-11196
9446
-3048
741
-7104
533
-6144
-3868
-11220
4094
2296
-6901
-7164
-1785
-1804
9442
-10240
6875
-14284
-2311
-17360
-4317
-13312
-4122
-5896
9981
-3064
1782
-3864
-2271
-14304
-4395
-8156
-6641
3136
3565
-5068
-485
-8180
12764
-13308
4638
-9176
-4135
-14320
7902
-937
-4860
-11212
7962
-5068
8474
-8160
-5643
-4040
-11249
-9192
-5909
-15292
5652
-7148
-5345
-7140
1543
-6092
4872
-5025
2576
-11208
6682
-14292
11286
-5116
8942
-996
5385
-6108
-5120
-7136
-3337
-10212
-2577
-13272
2309
1036
-10999
-13272
-4604
-5044
6878
-5084
-3610
-1020
-1517
-1800
-1796
-2028
1277
-7148
4115
-3044
-5372
-16348
1047
-5088
-3568
-6140
765
-5088
-1530
-10228
9247
-7112
13556
-13276
281
-1804
-1265
-10212
-5390
-11220
4112
-5100
-6153
-8124
-3047
-10172
6666
-2836
-5385
-9212
6380
-12284
-3854
-7168
-3049
-13264
6390
-8101
-8206
-19440
2306
-8152
-3595
-18412
-5133
-2004
8936
-13276
-14070
1036
-2823
-10192
5346
-12244
23
-2824
4854
-6116
-13019
-12240
2027
-7152
17
-5064
2067
-2012
-3830
-8160
252
-7124
-5893
-10153
3598
-10212
496
-8192
1019
-26312
1049
-3032
9429
-9992
-3048
-11016
-4083
-2848
-3071
-10232
5645
-10200
6368
48
-4113
-5088
-1030
-3020
10755
-10232
-2839
-2036
-7397
-12248
5127
-9196
1519
-8152
-6657
-2008
6890
-14312
-1767
-13288
1529
-14304
-1027
-6092
-8205
-11256
16132
-14308
49
-7124
2786
-7096
-2539
-984
1282
-6080
-1041
-19452
-4123
-12224
-3302
-6112
-3576
-11240
12296
-15332
-7422
36
-4881
-19412
-1245
-8105
1524
-11216
-4595
-11252
-1261
-13312
738
-9200
-9504
-11196
5666
-16336
-1019
-7132
3349
-3036
10226
-16340
475
-12248
4405
2092
3067
-9180
-745
-18404
5647
-8156
8443
-2012
1282
-6120
6916
-9136
-4386
-1996
-3568
-6116
505
-8164
4865
-9176
-5610
-17156
2543
-8128
8461
-12280
-3606
-15356
-742
40
-19234
-17396
1038
-13308
4095
-6100
-1538
-4092
-1287
-16332
-2772
-21476
11543
-5064
-1808
-972
-5388
-6096
-4604
-23288
1278
-10224
2521
-13252
2515
-4052
42
-14276
1055
-9168
2531
2052
2836
-4064
-3329
-17340
2302
-8160
-5370
-12044
1561
4164
-12797
-988
5317
-4876
-8192
-8132
1560
-18364
-8200
-5096
-3335
-5084
-4616
-988
5360
-8164
6929
-13276
-5099
-12252
544
-7148
9988
-19420
7447
-996
-4333
-15344
-1782
-7956
-5617
-6112
-268
-12236
-1046
-16348
-9711
-11208
-2352
-9152
-1531
-11212
10213
-2036
1
-6916
7927
16
-4874
-6104
-2828
-7160
-9170
-10192
8
-6132
11534
-6100
1809
-2008
9726
-5060
3381
-8136
-1273
-4056
10230
-4064
-15351
-3060
746
-5100
288
-12252
8437
-11208
7369
-3052
-8170
-12272
3080
-4084
-4848
-10212
-5367
-16376
-3117
-1016
-5116
-3052
9989
-3060
-5103
-19444
-210
-14296
-6912
-10196
6414
-15116
-242
-5080
-3355
-12260
-4567
-3072
4059
-7120
-2273
-5056
10737
-11232
3530
-4036
5866
-968
-2069
-7140
215
-2036
-4084
-4080
519
4112
8478
-19384
-3585
6360
-3573
-4084
14088
-10200
2574
-19380
4383
-4044
-780
-11220
6403
-11244
3569
-3044
-1513
-14088
761
2080
-524
-23256
497
-8184
-15
-10192
-4592
-12248
2531
-1996
-2786
-3040
-3823
68
-6162
-17364
1843
-5916
7435
-24304
-6407
-12272
-11021
-15284
6904
-6112
467
-12280
-3825
-23244
6923
24
-5132
-13272
2283
-9196
744
-18400
-2320
-12240
-24394
-8132
-1273
-7116
10228
-26332
-5392
-11244
7182
-13272
3601
-4048
4629
-17372
-8174
-10204
-487
-11196
6152
-3036
3612
-14288
6658
-14312
9422
-1996
3571
-16364
-1231
-7124
9697
-9176
4122
-11228
-3087
20
3624
-2012
5355
-3032
9516
-6108
248
-19416
4858
-12268
531
-6124
2562
-9180
-4568
-13272
4380
-7136
-774
20
-519
-11224
4871
-4064
-1286
-3060
-1574
-11212
4349
-5096
2819
-11232
3
-3064
-7162
-5104
4116
-1964
4870
1068
-9445
-11220
-3305
1064
-5129
-20444
-2830
-1004
-5878
-964
9717
4104
-7678
-9180
-11808
-7132
-8714
-12264
-544
-9180
-5402
-16348
2550
-3012
1263
-8172
6931
-17372
4356
4128
-4597
3088
-1032
-14280
-2832
-15328
271
-10176
2040
-10228
-2061
-9188
-2806
-4052
3866
-10208
-1289
-6132
-2046
-16380
7216
-4044
1284
-16332
-2014
-4052
12518
-5088
-6418
-7112
2549
-7104
-6627
-12240
5883
-11252
-6905
9460
9748
-5108
-2035
-976
-5639
-9148
3309
-13272
494
-14320
-248
-5092
6682
-10192
8233
-28360
6396
-13232
-498
-10204
-1037
-8140
-2554
-9184
-7459
-19400
-2576
-9168
-4863
-960
3614
-8152
-9477
-8176
-10
-6068
549
-8132
-14
-12256
15103
-7132
-738
-9168
-3313
-9188
-6690
-15344
-8456
-14292
3561
-7156
-4079
-10196
8440
-14320
5914
-10216
-3031
32
-1289
-8184
1508
-11036
-4613
-6124
252
-9196
-3057
-4028
2330
4
-21
-4056
-1753
-6124
-2831
-13272
1545
-9180
-1299
-8180
-6633
48
-4108
-7144
8930
-8164
1769
56
-4350
-6120
8445
-11252
274
-9164
-8694
-13292
-2826
-10176
7953
-8180
4352
-984
4384
-11208
-517
-980
-2292
-13284
9202
-16352
6646
-5116
1015
-5100
-8964
-4072
6426
-5092
10474
-4076
5886
-4028
6658
-13284
789
-3020
-5426
-6104
-1029
4120
-5873
-9184
5368
-8156
-4095
-5120
-2039
-18404
5086
-5064
-4107
-6136
-5139
-8160
-3852
-6128
2052
-3036
-2051
-5080
8444
-9996
-2027
-10204
-10237
-14324
-3364
-1016
-2062
-6108
-7186
6392
5331
-11192
5154
48
2001
-10204
-13047
-10224
-5891
-7120
-1056
-6116
-10200
-15320
1777
-3064
725
-17368
-3339
2096
-3853
-7116
-5640
-8168
9699
-11224
-2834
2112
-11247
-6096
-1008
-7164
-9993
-6120
-5892
-9144
2296
-18388
-4107
-1808
570
-14332
9460
-7108
-7686
-4032
5113
-5100
2562
-17408
-3344
-6140
5616
-1024
7399
-15348
-15861
-10232
-7740
-7144
8713
-4868
-15102
-11204
-778
-19412
240
-11236
-735
244
-4568
-1000
1799
-8148
5378
-20432
16154
-7136
3843
-7144
-4114
-14292
-7686
-9996
1548
-14284
6139
-9176
-18
-12264
3816
-12064
-2021
-15316
1484
-7148
-3122
-6104
9
-12256
-11521
-16352
12529
-14332
-6133
-12248
7628
-5076
3615
-4868
5116
-12048
-2303
-10240
-4374
-12284
-6166
-10224
-7938
-8168
266
-7144
-2552
4140
-4102
-11224
2599
-15320
-2309
-9204
2573
-1976
1023
-11216
7911
-7140
-1520
-10204
11756
-11204
459
-10208
263
-13300
760
-9204
514
-10192
-13317
-6108
3052
-988
-241
-4060
474
-12288
-476
-16340
-3569
-11212
12301
-4080
-2299
-8184
-2786
-9184
3332
-12268
10230
-4096
2060
3116
1783
-5112
9788
-15324
-5875
12
1770
-14268
-3854
-16328
570
-2028
-7947
-6116
-5115
-5108
8199
-6916
16
-2824
2071
-1004
-1503
-5088
-1282
3076
3310
1040
-11056
-8164
16646
-14320
-7
-1004
-4095
-10012
-1004
2092
7429
-10204
-2834
-12260
582
-5092
8452
-18412
6152
-10208
3564
-1996
4088
-17392
-4835
44
3584
-6120
235
-2016
-2299
-6092
1305
-14304
2826
-11208
1291
-9176
4881
-968
-4592
-5033
1523
-8132
11032
-14292
1020
-1004
-1486
-3040
1035
-11264
3583
-9172
-759
-9160
-6397
-12288
2030
52
-3837
-11244
2308
-5092
-2028
-6144
-1004
-14316
-4356
-14324
6120
-11236
-5657
-9180
-8489
-14324
14071
-8160
530
-10228
-1547
4348
2541
-7944
-1292
-3032
1304
-12248
-521
-4092
498
-9196
2347
-3012
2078
-7132
1758
-12236
482
-6108
-4327
-5068
4869
-9988
4862
-12052
-5665
-6120
-4873
11284
-8455
-6116
-1538
-13292
5615
7192
-1533
-5068
-2585
-6092
-16344
-3064
2284
-988
-1265
-4092
783
-10172
-63
-13232
-784
-4880
8142
-6140
-1522
-7956
4315
-20460
-11026
-5080
-2275
-7148
3852
-7152
3070
-16316
-1803
-8192
4892
-2000
-8422
-16348
-10527
-8144
-1293
-21436
-11793
-1968
6142
3100
-4626
-7140
2296
-5092
3819
-12040
-2578
-3040
5427
-5092
8456
-9176
6917
-14336
-280
-5076
6898
3324
-7181
-15336
-8447
52
3581
10276
4337
-9176
-12255
-17380
-7712
-10192
1045
-14276
-6671
-11232
12015
-5088
247
-10232
-486
16
4868
-11224
-5615
2092
3588
72
2796
-17380
-1524
-5084
1781
-8168
2845
-1012
-10496
-4060
14856
-6104
3589
-7140
2555
-12220
-1536
-16376
-5396
-972
-519
-13264
-4618
-7144
-2829
-15320
-1525
3112
10262
-9180
-7226
-5088
-4091
-7140
5636
-6112
4068
8
-1536
-10188
-1789
-15348
-12296
-4096
7685
3116
-4074
-13288
3822
-13288
267
-5088
-4374
-8188
-1280
-14320
-5378
-7124
1526
2060
12026
-7104
-5365
-4084
-1549
-14320
-2309
-12268
-10496
-9188
-229
-6100
3559
-6116
-3588
-7944
-6188
1264
-266
-4076
-4599
-10212
6955
-3056
-3354
-3068
11290
-2044
-6164
-15332
-6889
-6076
478
-13260
-3871
1127
7443
-8124
-1530
-6108
7888
-3000
-1270
-12256
-1299
-2012
10727
-2024
2571
-13288
225
-7128
-10746
4096
-7682
-9196
-12809
-4064
9984
-7116
249
-6920
5106
-8184
3820
-14300
-11535
-3012
2798
-13252
5869
-15324
-10753
-15108
4083
-5072
-7159
-4088
11515
-8160
4858
2092
-3828
-3032
8196
-2832
-254
-5104
515
-7108
3567
-9188
3821
-10196
2523
-12224
3
-4076
3095
-17360
3298
-2024
2299
-6136
-4343
-772
-6170
-9200
2570
-9192
-5131
-11216
-4100
-17360
275
-13292
-223
-3040
8714
-16356
4378
1040
-7674
-7160
-9218
-7156
1589
-9136
4037
-5088
-5352
-10232
8134
-6096
-746
-7120
-12054
-12268
-13058
-16368
12317
-20412
-9239
-11256
-6647
-11224
4358
-9188
2305
-6108
2858
-7104
17396
-6144
3841
-9184
-9973
-8184
12833
-12256
785
-7148
1257
-9192
-5103
-6140
1528
-5088
2597
-9216
253
-9204
-3829
-11024
-1529
-10192
-485
-14276
-8969
-12260
-527
-6108
-6165
-7160
7910
-11200
-5355
2056
-4137
1108
-4088
-15108
6656
11288
3604
-2032
-2061
3116
10556
-5100
6376
-3068
783
-17332
-7389
2064
-9428
-6132
9738
-11224
9702
-11208
12810
-3048
9484
-14084
-1017
-2996
6182
-7128
4111
-2020
-5081
-8148
8955
8
9481
-16332
7137
-8120
11000
-3032
991
-11220
8453
-21492
7177
-972
774
-13240
-1775
-3040
-3071
-16372
5123
-13284
-752
-6116
9235
2064
-768
-11240
-4342
-15348
-2787
-16324
3833
-11228
-2280
-10240
15355
-6916
4588
-7140
-2262
-16360
-7133
-10208
-15
-9172
2850
-19400
762
28
-1762
-8988
4607
-6132
265
-6100
764
-11244
8958
-4084
2329
-2032
-3346
8
5630
244
8153
-10216
8942
-11228
8216
48
1018
-11224
-8964
-976
2812
-2040
4042
-18388
-2079
-17168
8182
-14336
3095
-1000
533
-13308
11013
-5892
-1273
-2020
15307
-8968
-783
-2044
-513
-7160
7405
-8180
806
-1840
1559
-1996
10726
-6124
1523
-12272
-5147
-5100
2064
-1984
7896
-6132
8201
-10240
-9759
-5088
991
-6057
792
-12272
-10241
-12256
-7404
-2000
2021
-9996
-9492
28
-2053
28
3592
4112
8727
-9144
-3075
-16364
-7391
-11224
-2298
-9200
761
-10208
-7420
-3064
-2060
-3052
-1511
-4056
253
-15328
-9990
1080
2798
1056
787
-2016
6909
-2012
4339
7172
508
-4060
-1777
-3056
5614
-5080
496
-11248
1001
-7128
-7631
-7124
995
-1804
2303
-8964
-9962
-4056
7396
-13284
4882
-17384
1032
-1820
5110
-9212
-5595
8
-1781
-10204
-7647
-9204
-5639
-23276
-2025
20
2830
-7136
-503
4340
5639
-4088
4085
-4080
3581
-5088
4596
-14316
-3840
-972
9728
-8184
536
-8148
8730
-3052
-5353
1048
3341
-14336
4604
-9216
3862
-15292
15606
-12240
3811
60
-1304
-6124
6644
-11244
2769
-3036
-1804
-937
6154
-7140
787
-8176
-9
-3036
8170
-8136
843
-8964
5876
-14084
-1262
-5104
4359
-5108
-1783
-16344
-8976
-12252
-3584
-20456
-3096
-1008
3061
-9204
-1039
-16332
-3057
2084
-4893
-10184
-776
-10172
-9485
-6920
1808
-11228
5125
-10188
7455
-2020
4099
-5112
5653
-8148
1760
4116
2059
7408
4645
-16376
5655
2060
-5146
-1000
-2556
-9204
4339
-11024
-1806
-11012
9715
-988
3097
-19428
5089
-11016
-3051
-3064
7174
-2832
-3577
-7132
3858
-11048
1031
-13304
-12813
-12252
2060
-7156
-282
3100
2075
-5100
-5145
-11012
1788
-11200
-9218
-11248
-12983
3080
13834
-5100
5136
-9212
-3816
-2028
-4841
-15344
-5352
-13100
-2030
-17352
5128
-5120
-251
-6092
3312
-3020
-273
-2032
-3827
-6928
-7392
-6104
3096
-11232
-282
60
5110
52
-1555
1052
-8173
-11248
-10
3080
5097
-5076
5151
-7160
-3073
-11012
782
-10192
-10473
-9176
7645
-14296
3589
-12248
-2290
-3056
-235
-6140
1785
-6136
-17660
-6120
7189
-996
-1548
-8152
-1269
-11228
5118
-7160
4106
-12256
-2800
-13280
8944
-11244
5368
-3040
269
-10192
4859
-8172
10780
-11256
5377
-7116
3586
-996
271
-4040
10524
-13268
-6135
-7140
770
-7116
-787
-14328
3840
-4020
-225
-988
2579
-2020
3558
-2012
3332
-7136
284
-18380
9469
-6924
-19427
-2040
-3843
-17360
6373
-5088
-4603
-10212
6159
-4072
-2337
-1004
5630
-14324
2350
-6132
1300
-19408
752
-7144
-769
-13308
-8975
-10240
2281
-3040
-4118
-8172
5630
-11228
-10244
-2028
2573
8
22772
-7148
6162
-3032
-4098
-3004
3558
-2020
239
-2024
1264
-12220
-2055
-5072
-1025
64
776
-1004
1021
-5100
7435
-15332
2047
-16136
-3834
-12272
8981
-8164
-5871
-10188
-8489
4
-7735
24
10225
-7156
-1540
4100
7712
-14260
6407
-8176
1309
-3040
-4083
-3016
-1011
3080
-4060
-5096
1779
-6128
3042
-2040
2818
-4056
-1006
-13276
3118
-16360
11285
-5076
-3369
-976
-9471
-11208
278
-11028
-1059
-4052
996
-18384
8
-5104
3563
-19420
-7955
-992
3065
-15360
9473
-4032
-27
-6104
3835
-9192
-2833
-8140
2295
-4084
-22
-8132
1020
-9188
-3348
-10208
2831
-12268
-2557
-7944
2301
-3024
546
-11208
5878
-7124
2313
20
522
-12240
-3569
-3056
6402
-13284
2536
1080
9483
-10236
-2318
-12256
4850
-5080
12555
-5112
-2302
-16328
-4609
-992
11007
-2008
9972
-2028
-3304
-11200
-1289
-9192
4883
-3044
785
1052
-9976
-1008
-6897
-17340
1495
-1972
-7937
-3052
263
-16344
-8966
3076
-797
-9192
268
-12256
3867
5148
-5609
3072
-3324
-14300
8970
-21480
-750
-3032
-5906
-1004
-728
-8124
-2066
-13280
-3060
-7124
2028
44
-3350
-7144
4864
-8148
-1041
-10216
-2367
-8996
-2831
-4080
4093
-12272
-516
-12248
-12034
-1012
-5868
-9196
8435
-5068
3830
44
1058
-988
-5127
-8184
10523
-960
-2039
20
-11575
-9136
-4335
6200
-11534
-4872
7404
-2820
8442
-7140
-4409
1068
1277
-2016
-15408
-15336
-4086
-2024
-4863
-7124
1275
-6128
-6616
-8144
-2050
-10228
2561
-1008
1282
-4040
286
-8144
4105
-11224
6928
-6136
-2
-15312
4359
-3064
3836
-6132
-5111
-3036
-4565
-2012
-2334
-2040
-1800
-7132
5646
-7164
5341
-2032
1011
-10224
-1039
-976
4376
32
-5122
44
5136
-7140
-13053
-6112
-239
-14084
-5151
-8160
-2292
-3052
-1801
-996
7127
-3024
-749
-7132
4622
-4048
-2075
-10232
3854
24
-2821
4348
779
-5084
-2550
-7104
7163
-9216
11038
-7136
-2023
-7132
2294
-2036
6929
-4092
5906
-7116
-3303
-4052
3301
-960
-4340
-7136
3097
-10212
790
4112
-6644
-23272
-2272
-12060
-6922
-9160
230
-9212
-8435
-11264
1260
-10220
757
-5084
9221
-9200
-3824
-788
4339
-8188
-1284
-14284
-8986
-8180
-2837
-8156
6154
-13268
-1806
4112
-5360
-14280
-1531
-11224
-6115
-8164
6363
-13288
-10501
-972
-7415
-9208
-3561
-11236
7170
0
-2030
-2020
5343
-5068
-6390
-12244
-10227
-4060
-5364
-7128
-5626
-10220
3087
-2824
1257
-14249
4624
-7152
770
-11224
-13594
6180
-6670
-9192
2339
-13292
11266
-4076
-6893
-10220
7680
-11208
1270
-12216
-9773
-8964
2546
-2020
6134
-976
-9212
-9180
3815
-30448
-12817
-10228
-487
-8172
753
-8136
-5405
-6128
-1051
56
-7453
-9156
981
-10176
7434
-5900
-4591
-14324
11046
-10180
-4628
-11232
-7931
-13268
2067
-10196
-2783
-11216
23
-11200
6157
-996
-4849
-14296
2537
-10180
8936
-14092
-1794
-11248
9766
-4040
-1043
-16376
9462
3096
-210
-5080
-13084
36
3064
-7144
9963
-14300
-9222
-8964
-11529
-1980
2062
-8168
-3853
-10204
-10215
-13284
-3587
-5120
1018
-8148
3610
-996
-2780
-10204
-769
-5096
2539
-7124
-3615
6172
7178
-9204
-196
-5092
-11242
1028
520
1264
-795
-12276
4328
-21476
-13039
-4868
1013
-7136
-512
-1804
1809
-6124
3103
-7168
-6653
-3020
4861
-5056
1788
-6144
515
5152
1553
-6132
-4611
-9216
3041
-10212
1533
1036
4355
-10196
-5380
-6144
10530
-7136
2547
-7944
1333
-3860
-9234
-16332
10234
-12256
8001
-10220
-23
-14304
3018
-4092
5644
-7148
-1264
-8980
7230
-13288
-3310
1048
536
-2016
-1031
2072
-12544
-4092
6681
-4060
-3297
-984
-3367
-8968
-11285
1052
-765
-4868
-990
-3008
13587
-8152
-8442
-4092
-3115
-13280
-10265
-15360
9456
-6104
3332
-19388
5867
-8160
-4075
-2024
-4324
-17396
14297
-7140
498
-8144
4372
-9204
-1019
2300
-6404
2088
1303
-14276
4607
-4052
4617
-6136
-9220
-10204
-4112
-2020
-4596
-7116
4348
-5088
2836
-13264
-5630
-3028
-3078
-6088
739
-12044
3586
-8156
-12540
-5072
-13834
-9164
5881
3088
-6906
-5092
-4102
-7952
9457
-5096
-3066
-7112
-714
-5112
-5099
5124
7914
-14308
475
1052
3570
6200
-4082
-4072
6411
-11208
-10739
-12248
3552
-9176
3559
12
17901
-3036
7437
-6916
-4344
-14300
11517
32
7194
-18424
-3092
11304
13
-16360
-4885
-7152
4612
-9176
2768
-16356
-5875
-9992
-773
-12044
-4106
-10004
-14319
-10208
8189
-6080
2561
-984
2048
-4096
-6961
-4088
-7157
-13300
6638
-6100
-8458
-3028
1809
-10212
4092
-18404
-3302
-6104
-1039
-3044
2541
-10184
3080
1052
6952
-18388
3040
-11220
240
-13280
1798
-10212
7965
3088
-6928
-12252
-1274
-10196
-1010
-8164
-1049
-9192
3077
0
3344
-2032
-3585
-11228
8208
-5044
-3310
-3056
5885
-10204
-4862
-14308
10486
-4080
-1059
-8188
-4112
-6096
2566
-8180
2080
-9184
4360
-9160
-10764
-9212
-9771
-6136
4
-5892
-2086
-24276
9233
-7136
-5083
-4068
-4321
-7120
4580
-7152
7707
-16340
-9203
-12260
1779
-6072
-3346
-12236
4398
-4060
4344
-2020
-742
-6084
4900
-5080
3853
8
-11512
9216
2544
-6144
8186
-13304
-240
1276
3070
-12216
-2035
-2036
-4605
-11252
-1813
-5076
-1825
-6128
-3580
-7108
4638
-12276
-2788
-9196
11014
4140
-11289
-10216
-1554
-10192
7421
-9172
-2302
-1020
-10516
-7156
11815
-14308
2563
-2008
-2777
-11232
10540
-14284
-254
-18420
9965
-11252
-5106
-11012
-4334
-9180
-26
-8156
1267
-21456
1558
-15336
-9453
-16360
-1549
-10236
9497
-10220
-2781
-14280
3582
-6092
9460
2120
-3867
-11228
7145
-13312
-3567
-8136
-2592
-9188
-3570
-3036
489
-19376
-2011
-9168
3589
-5096
2066
-7136
4588
1060
-14356
-7112
-1792
-21472
-2824
-16364
7138
-6100
9187
-5064
5366
-2020
1578
-16316
-5391
-11016
6103
-1996
5629
-9180
-1001
-9184
-508
6212
2062
-8148
6645
-8168
1553
