-996
8424
-7136
231
-5096
11250
-13288
-11217
-10188
262
-13292
-6914
-7136
-6923
-996
-1047
-9164
4889
2092
1802
-9212
1016
-11248
1060
-15356
7658
-17372
-3290
-6132
-6888
-8180
-517
-14088
3569
-11012
-2598
-5104
-727
-6116
-6134
-13280
2042
-9216
518
-7148
5160
-8180
1528
-3008
5109
-6128
2555
-8192
-3840
-10180
1806
-2820
-5152
-792
5731
-19456
1291
-8105
516
-9996
-2831
-12284
1546
-3032
2543
1064
3870
44
516
-9180
-8690
-3048
-8456
-7104
-5115
-3064
18714
-4044
762
-10196
-4082
-6120
-7448
-7088
271
-9172
-1309
2052
-6140
-16376
-767
-8188
7680
-4036
-4608
-11216
9725
-3056
-12
-4084
-4609
-776
-1012
-11204
-5642
-11240
5364
-11200
5904
-9204
4364
-12244
-2089
-996
-2273
-6124
-6894
-5120
9476
5164
-7927
-11204
-3073
-11208
-300
-3064
-4887
-16316
-6380
1060
-4072
-1000
4615
-6128
-5116
-13288
-3086
-1016
-1058
24
3854
-3056
10999
-6144
-1263
-18400
502
-988
1256
6180
8219
-5080
-2347
-6108
-9205
-13296
-5933
-1996
5913
-14296
-4834
-15340
-2033
-13264
-2544
3072
-288
-14308
10255
6380
-5913
8212
-4875
-18432
1773
-6132
7201
-4092
10229
-2820
-5882
-9208
-6433
-3012
-2300
-15360
1799
-15284
9752
-8184
-7415
-3072
-53
1044
-501
-4872
11529
-11012
-5924
-14292
3855
-6108
5624
-5900
-4373
-12248
-10741
-11228
2331
-992
-8701
-3056
-257
-18408
-2551
1024
-1802
-11240
6133
-16348
-743
-8156
-3287
-6104
10269
-16376
-7460
-16364
-2338
-17356
5378
-3028
-10498
-8176
7951
-4092
-1767
-10172
1792
-13264
-8183
-17372
7630
-17372
-2035
-1016
-4330
-11220
-3117
-15328
2045
-10168
-2062
-8132
-6134
-16132
-1790
-3848
-764
-1004
8178
3088
-278
-7944
6380
-4056
-3596
-14336
2827
-12232
243
-9192
-3845
-6916
10261
-12244
6409
-6132
7940
-8180
10232
-8984
4091
-5096
4595
-12212
5342
-5080
-3064
-972
-5094
-6096
-3818
-5088
281
-11248
-282
-10208
-3581
-16293
3825
-8984
-243
-6108
1544
-10168
511
-8184
-7153
-5088
3097
-1004
-5621
-7164
-5634
-11248
5640
-6116
3331
-14312
6666
-1992
-2263
-8176
3338
240
9464
1032
2086
3100
-5382
-11228
-1518
-14084
786
-6088
-4068
4144
1800
-12268
-4081
-16384
8937
-6112
-5102
-17372
3857
-9188
9985
-12268
-8970
2064
5426
-10188
5379
-6920
3349
-15292
-10226
-1800
3310
1024
10994
-13284
6932
-7144
-1556
-5084
-1528
-8156
5631
-3036
-3608
-6096
-9209
-17192
4618
-4868
4872
-9172
-4342
-8152
3038
1028
-3832
-15292
4666
-6136
-11524
2288
1242
-5068
1077
-10208
4088
-14332
-3838
5128
7680
-9204
3064
-4076
1811
-8152
-5101
-15336
-11543
-11088
5885
-12232
-8703
-11264
-1770
-7120
757
-5896
-3640
-996
-1824
-8148
2030
-5084
-8968
-8192
-1000
4100
7431
-5076
11024
-11212
2033
-25344
-3345
1060
-1253
-6068
5355
-772
-6125
-2024
-4
-19416
8205
-20420
4356
-1000
8453
-11216
6928
-3020
-1252
-6932
4593
-8180
4358
-7944
3071
-10212
2562
-12252
6650
-9172
-1814
-11228
-485
-4092
6647
-3040
-6151
-8176
5881
5372
4619
-13292
-3063
-7120
11530
-12268
-2075
-5096
3092
-14312
-7940
-15320
1498
-14332
-12765
-13280
10195
-6108
-2811
-9208
-4657
1248
1792
-9148
-3832
-11264
2055
-5072
-6157
-4048
-1072
-23252
-1576
-4048
-5617
-1980
-10727
-6088
-1285
-14304
-4858
-11212
8167
-5092
-517
-12232
1537
-12268
830
-5096
8928
-3068
240
-1012
-488
-5072
221
-11224
-12304
-4876
-3078
-5088
-3368
-9192
-14089
-9164
11549
3072
-11265
-5896
1528
-12244
-4888
-19452
-252
-12276
-2268
-8172
-1516
-9204
3879
-1812
-815
-8152
-3867
-15328
-14859
-9200
-7161
-6096
-5152
4108
3319
-12280
-4594
-4868
-5115
-1004
9217
-14288
4820
-6124
-15080
-1816
1561
3088
-301
-13268
5128
-12252
-8697
-20424
-4316
-6916
9721
-4056
7943
-9196
3062
-3044
5372
-11236
-6671
-5112
7676
-11252
530
-15308
-4886
-4092
1328
-3060
-3595
-6136
506
-2040
7667
-17400
-1021
-10232
-4845
-4040
-1298
-5104
8208
-5096
6179
-8968
-1790
-15320
9224
-13296
-13039
-2004
-5910
-7088
1020
-6112
3093
-8168
5670
-10228
4872
-15312
507
-5100
3856
-4048
468
-3036
-4112
-7100
-1827
20
-3297
-3056
3324
3108
4347
-9200
-9968
-9180
5116
-11012
4320
-948
1279
-9164
-13595
-9184
-8708
2088
-4857
-11016
11786
-16316
-7664
-4052
-4634
-3052
9442
-5080
-3323
-8160
-8448
-9188
7663
-14088
1297
-8176
22
-3052
-5878
-12228
4854
-13300
-13794
-7144
2286
-10196
3829
-8160
-6136
-10208
-3335
-3000
2064
-3032
-5889
-22248
10222
-11232
-3862
-4060
-1305
5132
-4567
-1004
2845
-8148
-3851
-8184
-5377
1056
2291
-3032
2027
-12272
2039
1032
3306
1068
-1755
-9196
-4851
-10204
5138
-12272
7413
-7144
4636
-10216
12013
3116
4089
2092
6382
-5080
-2056
-8180
9199
-4084
-2549
-11228
-5876
-4028
5110
-7120
-6647
-17352
4054
-14276
6937
-8160
4591
-9164
6695
1272
-2277
-6144
-3883
-5100
-1788
-2016
-9234
-16368
-4359
-4040
6140
-5072
4843
-6132
-1526
-5084
-489
-996
-3593
-5076
-6388
-7160
-3857
-2028
4083
-11220
-5344
12300
4312
-15348
2808
-980
7948
2068
-3603
-10236
-4105
2296
13054
-2004
-10992
-2020
4881
-3852
4080
-5100
-796
-8168
-7685
-11224
-24
-10220
8202
-13308
6183
-14332
-3062
3092
5388
-12252
-232
-9208
-6648
-2004
-11528
-992
5896
-996
-3589
-12224
-7690
7192
4870
-8964
-8194
-7140
8446
-6136
-1792
-7156
2564
-16320
9749
-14324
1481
-8180
-7458
-6116
-3845
28
-4603
-15344
4617
-7140
3855
-16340
-4836
-3028
3335
-15352
-1255
-10236
-755
-4052
7449
-9988
-6380
-3012
8239
-19448
6889
-10212
-12582
-6128
-3624
-9216
-245
-5048
7952
-5116
-2778
-6140
4604
-1996
-4365
-1024
-5388
-16340
-2549
-9156
-12
-1996
-280
-12248
-4332
2080
5119
-6096
-1281
-9188
2828
2100
11299
-4092
4122
-8968
1807
1040
3065
-5104
7688
1060
-6418
-10216
9461
-4056
-8960
-5064
-10505
-13296
-256
-19436
5394
-6120
-4878
-996
-11769
-19392
-5340
-11220
1534
-9204
1795
-11260
10770
-12268
-1784
-5048
-10751
-15336
2564
-16320
9212
-2032
-12531
-7148
7391
-6916
-8221
-16132
7918
-12252
548
-13276
1540
-2000
5648
-13296
-7182
-3068
1531
-11204
511
-2028
2550
-2028
1562
-10220
2300
-4072
1542
-7144
1779
-17368
8450
-11240
4915
-15312
6159
-10208
2557
-10176
-1754
-10224
-6
-10176
10768
-11224
-4324
-11020
-4073
-6124
5398
-9176
-515
-6132
-3873
-7940
2312
-14284
-3595
-9212
4355
-6108
7677
-15284
-3326
-10236
-1520
-9164
-247
-6096
6432
-13308
11795
-13288
1563
-13288
-1576
-5896
8961
-6100
5887
-3028
2553
-3028
-3317
-11216
2000
-7112
721
-18404
-11503
-18384
2560
-7116
-3854
-9188
276
-8160
5378
-12260
5129
-4076
3839
-1004
-4074
-3028
-2316
-3016
3587
-7128
-7951
-17364
-3348
-4056
-2332
-11236
-2051
-9156
1051
-4044
-1008
-11016
5355
-7124
-1301
-1996
-13039
-16372
4089
-9156
-6395
-6092
8449
20
-4604
-5076
-2806
8
248
-13260
998
-3052
-13054
-12284
-5135
-8160
-8961
-4048
13
-1968
-6892
-14280
3337
-13284
3824
-7120
-758
-9152
6182
24
3061
-4076
-4366
2056
2515
-12264
-1742
-12064
-2036
8216
6660
2080
3304
-1796
5648
3076
-4593
-16316
-1772
-9168
12763
8236
752
1072
1269
-9180
10242
-3000
-20
1072
4832
2068
-239
-8164
557
3088
2072
-8192
-4322
-976
5905
-6120
5656
-12228
-9218
-2000
-4885
-14316
1807
-5064
-7426
-11232
8966
2092
6938
28
-18
4096
-8668
-9196
-8757
-8132
-3582
-12260
1773
-7116
-1283
-1976
-2054
-5120
-3347
-2040
537
5152
2073
8
498
-9204
-3859
-6084
-5632
-6136
-5093
-4056
230
-2040
16122
4128
-4358
-8156
-1296
1076
-2334
-10204
-2568
-16380
4119
-10236
-1016
-11212
278
-11212
9490
-4052
-2589
-3852
523
-3856
4105
-9192
-6923
-9988
-8983
-2032
-7429
-1000
2804
-2040
5372
-5060
-785
-9192
-5861
-1796
-14345
-4076
-3603
-14268
7917
1040
-1828
-13288
5107
-7132
-3573
3112
11230
-9140
-753
-20452
1036
-5896
-2051
10256
3602
-5076
5117
-3008
-6141
-10184
-3
-8188
-14008
-3072
2046
-4080
6175
-7069
-1024
-5896
2042
-12248
4031
-7156
-17878
-8172
26
-3040
3305
1080
-9482
-6100
-1514
-7136
-1041
-10180
9970
-8180
-3077
-8172
-10753
-1972
4105
-7160
-3054
-14280
5668
1036
-750
-13260
-12540
2056
-3811
-4072
8176
-16332
-1517
-9180
7684
-2040
6940
-3028
-3079
-9200
2566
28
-1010
-9208
2565
20
-3077
-12052
-7686
-8140
4881
-14324
2587
-4884
-3059
-2004
4629
1048
11998
-10212
-3106
-8148
1807
-10016
-1013
-11264
4336
-16368
7126
-14332
-11748
3116
6904
-5092
3047
-9192
-2311
3076
3543
-7120
-2559
-1024
-2554
-17400
3563
-1024
1016
-14268
5913
-7108
-2823
-7164
3066
-5056
-4612
-8164
6893
-8168
12041
-12240
-5379
-15360
987
-15308
-11520
-1964
9263
-2020
-736
-956
-531
-2040
8466
8228
-1070
5120
-4354
-8156
-1536
-1008
1762
-9192
-2306
-5912
-1788
6148
11282
-9156
9227
-11228
8157
36
295
-19416
-4083
-15324
7140
-3856
-4607
-11240
12036
-4096
7678
3096
-6165
-3868
10504
-2832
-3531
2112
2052
-8156
-274
5223
-4832
-6072
5365
-12288
1054
-16340
-7416
-14308
-5113
-15332
-29
-4024
-1284
-4060
-12000
-9188
-4804
-12248
10735
-14312
3078
-13308
2556
-6120
5092
-11248
-2541
-3052
2562
32
-508
-13260
-9485
2072
-9681
-3068
-2306
-12264
-7171
-2840
4085
-2848
497
-12248
1529
-6116
6685
-5892
-3855
9252
8685
-804
-6931
-6144
8154
-4076
-1788
-11260
3878
4176
-6658
-7944
10716
-14272
5627
-8152
-5393
-13272
4310
-6096
-7696
-1980
-8978
4108
2553
-13284
-1811
-6104
-3051
-3068
-6892
-7136
4082
-9196
10283
-15312
8458
-15356
2044
2056
1287
-13060
-2316
1272
7430
-10196
-797
-9168
5595
-14264
-6414
1036
-1516
-14316
6677
-6124
-521
-3040
3846
36
11509
-5084
-3030
-9140
5950
-5092
-5614
-6112
-9769
-6136
-5148
-11240
-1488
-8140
-776
1248
272
-19456
1535
-12280
749
-3032
7172
-14328
1780
-6928
3098
-10236
-6930
-5112
-6145
-13072
2572
-5900
11276
-9200
-2561
-7112
-2817
-5088
6367
-6120
-11501
-8172
-4865
-10208
483
-10208
-5956
-10216
5085
-6096
-2536
-4096
2588
-1804
-4608
-10240
4579
5152
-3065
2068
10497
-5080
-2271
-2000
31116
-5096
6612
-13288
2841
-6120
-5353
4108
6656
-3020
1026
8224
-29
68
-7406
-6140
9976
-10220
502
-8184
1565
-10232
11518
-10236
-7484
-5080
2800
-1996
-5675
-7148
-7711
-15340
5894
3112
3556
-12256
-4339
1076
8990
-14308
-6638
-11244
-2339
-7160
3095
-8192
-10255
-6136
-2046
-7148
-1270
-6144
-3312
-7120
7172
-2012
7657
-18420
-10494
-976
1289
-11228
-17401
-1000
245
-6932
5084
4140
-2075
-3868
-1253
-12240
-6674
-2036
4079
-9988
-4093
-9208
262
-6916
-252
-11244
-2561
-9992
-9490
-1800
-4349
-12272
-3054
-2040
-2016
6188
3320
-9172
-6432
-1012
7659
-8144
4110
2072
-3586
-784
-3836
4108
1017
-1012
5372
-10012
-3853
-8132
-8689
-10240
-10723
-10236
2063
-6088
2299
-16356
-3627
-16376
10460
-10180
-10773
-16152
-4609
-6104
-487
-10180
5114
-11040
6438
-4064
-1305
-4076
1034
-7944
-2839
5368
-7390
-5116
-519
-3024
-3582
224
-3576
-5108
744
-4048
-1287
-15340
3006
-9196
3854
-1972
-1026
-11016
-246
-15336
-4623
8220
2342
-2020
-5683
-13272
4351
-21480
-2558
12320
-4846
-3024
238
-8184
7933
-10192
8208
-2016
-8693
-9184
-3856
-7104
-1567
-10236
-230
-2000
1517
-15356
8686
20
-1278
-2008
-8203
-14312
-281
-10220
-3558
-7108
2803
-9988
-8197
-3036
4074
-7132
2782
-11248
-1782
-8124
-2550
-12252
-3057
-9992
1812
-26296
524
-8152
-280
-13276
3832
-8160
4072
64
-800
-11244
3800
-2040
7431
-4068
-13551
-11020
2566
-4044
500
-3068
-7697
-11256
6632
-19384
4071
-3012
-5593
-8140
1782
-9200
2827
-21488
-3556
-10212
8433
-956
-1293
-12252
-3339
-20440
-6160
68
4374
-3040
3094
-10200
736
-10240
-7663
244
-6664
-18388
-6681
-6128
4806
-7140
1544
252
-4617
-7124
9730
-12201
-1564
-21448
2042
-12248
-15332
-4096
6145
-9188
-5652
-14332
-1048
-15336
3576
-6104
-2051
48
1544
-7164
-2830
-6132
7930
-9168
7962
-3856
4340
-5100
-10237
-996
2823
1252
-7929
-6100
509
-2988
3321
-3844
6641
-948
6939
-12272
4622
-2020
830
-4868
-8698
-9188
-509
-4068
-2555
3112
3319
-10232
-7934
-776
-9451
-3864
6379
1032
-4853
-8156
-2323
-8172
1049
-4868
-3072
-7136
3868
-3024
3117
-1016
14087
-7128
7912
-12048
-248
-1992
-6185
-11228
-2861
1092
8664
-14296
-8728
-3040
-29620
-9188
-2043
1076
6130
-7164
-4592
-4060
2835
-11228
2294
-12044
-4604
-6128
6408
-11236
12844
-13284
5371
-17380
-7183
-13308
5083
-11028
1290
-16336
2339
-9196
-5382
-4876
4887
-6144
-5131
-10220
5370
-6120
-3586
-12236
-803
-14284
-6673
-12272
-3297
-2828
9242
-8148
-1787
-3048
764
-3052
-6426
-4052
-537
-4048
-5113
-7168
-7445
-21472
-3055
-5072
12024
1064
-4592
4344
-820
-7140
9744
-9208
271
-11264
-520
-4880
10230
-14336
5118
12
1272
-11248
1038
-11024
1044
-7940
-515
-4028
3820
-18384
3833
-3028
-3600
20
4342
-8164
1015
-2012
-1016
-10208
-12302
1068
3590
-988
-785
-9188
-4335
-10224
-3823
-10220
551
-12260
1021
-8192
3584
-3028
-770
-6924
3848
1056
522
-16132
-3818
26416
5118
-2040
-9210
-2040
-2077
-17400
-1788
-12052
7692
-3856
10018
-1000
-2276
-9204
1318
-784
2814
-8148
-2066
-8184
4637
-5092
3335
4116
-5100
-1796
4867
-17356
-2056
-9996
-6671
3100
4622
-7940
-16393
-7152
-3101
-4040
-4841
-4868
-9244
-10196
4606
-3024
766
-11248
-507
-996
-516
-16140
-3095
-11252
-2074
-4876
-3575
-5116
3828
5120
-1784
-8168
4890
-8184
4073
-14316
-1809
-7960
-4116
-12056
-4079
-5056
-1552
-2020
793
-1980
4592
-8160
-1028
-5056
-8714
-6144
1547
-964
-16
-8184
4038
3100
-517
-9164
-3328
-18420
8664
-10236
5882
-5072
5615
-15348
-4405
-8156
-8447
-4084
-30
-10236
-753
-7160
15
-17160
2592
-2044
529
-1008
-4591
-15348
3083
-15324
4070
-5072
-1801
-7160
-6979
3312
490
-19400
5655
-2036
1260
-2840
9209
-2004
2063
-11252
-6915
-6112
2333
-14296
-5885
-1800
-21
-10004
12262
-3064
4356
-24288
-825
-4060
3349
-13304
6916
-2008
-6894
-2824
7177
-8164
-7935
-2820
6124
-14288
-521
-5076
7640
-7132
-4077
-12256
-7656
-13096
-5569
-1996
-2027
-12248
3112
-7136
2807
-2024
-8216
-9184
-4863
-6108
490
-7100
779
-6112
-1005
-11224
3071
-14292
1050
-15328
-2597
-6144
3309
-7148
4842
-976
-777
1268
7639
-15348
-1768
-7148
-3815
-7148
3577
-9152
-7
-5088
6932
-15328
4611
3308
-5897
-3856
-545
48
12279
-3856
1284
-9184
2081
24
-2838
-4064
-9247
6152
-3076
-5092
6646
-2000
-10492
-2000
12057
-13300
-3088
-9184
-3095
-6128
8198
-16320
-8680
-1796
747
3128
1009
4136
2287
-6092
-249
-10240
-2
-1008
7675
-2028
-801
5132
7175
-13288
-491
-2012
2304
-13252
-6938
-8184
15359
-5896
-12538
-1796
501
7192
2580
-5064
6401
-8192
-3312
-4904
287
-4072
2077
-7156
-2044
-5108
-521
1032
-3331
-16344
-2879
8244
1508
-13304
9219
-14292
-6414
-3048
-2319
-12280
3044
-12288
11272
-3024
-12527
-10212
14587
-12256
3588
-3020
-765
-4076
6424
-8172
-1044
-7092
3894
-12240
252
-5048
2296
-4080
525
-5076
5886
-10000
-3573
-11236
-5378
-5896
-13254
-3028
-999
-15348
4108
252
3061
-772
-3064
8232
-243
-4056
-5663
-16376
3303
2064
-4310
-9200
543
24
770
-8152
8159
-12240
2576
0
-14084
-7128
-4360
-10200
7965
-1996
5118
-10228
758
-3008
6641
-6144
-7429
-4056
-13040
-12276
-2020
-13308
-1022
-10204
-1275
-5100
4860
-10180
14080
-9204
-4071
-9152
-4087
-14316
7934
-12272
1510
-988
-1524
-14320
2824
-8148
3316
-5064
6136
-8132
-6667
-996
767
-4872
-1851
-16352
-2837
-12240
2284
-6112
-3073
-8168
-5883
-5064
6354
-12252
-3359
-1992
4610
1264
4098
10288
-8983
2072
-3344
-5892
4848
-11224
-6938
2052
4118
-8172
6103
-11204
-4611
-10220
-263
24
-1284
-14312
8698
-17168
5397
-2820
39
-1980
7444
-11216
6630
-976
7426
-964
2814
32
995
-11256
4104
-7136
5604
-7160
9200
-4092
-5357
2120
-2529
44
-5861
-12284
8428
-3056
-505
-8160
4059
1276
-2333
56
-4355
-4052
4
-6072
3310
-7152
-1513
236
-2311
-772
3320
-13284
-1754
-9204
752
-17368
3316
2080
1794
-968
-3591
-3036
8426
-5088
525
-8176
3355
-6096
-2278
-1980
-4600
-3048
1492
32
8180
-6112
8203
-3064
-12562
-11224
-2074
-11240
8439
-8184
-7393
-11012
15576
-7112
5116
-1796
3855
44
-998
32
12285
-18428
1474
-2860
-6614
-10196
-1315
-15348
4
-11244
2022
-6104
-7475
-16372
-2518
2112
745
44
-3086
-7100
-2314
-7120
2057
-17384
-2012
-10232
247
-8176
5123
8204
12795
3316
498
-5084
-2056
-6924
11770
-15360
-249
-10236
5147
-6144
-3055
52
7419
10264
-7179
-4060
-4836
-17336
-1774
-6132
296
-2020
2777
-4072
4883
-18384
8187
-8140
522
4140
-4601
-10200
2805
28
10240
-11200
-6412
-13280
3041
-10188
1528
-6120
-5630
-10180
-285
-10224
8707
-984
-7119
-3064
-5919
-3060
-776
-10180
-2273
-16360
-3597
-14332
-2574
-4032
-1817
-12276
4838
-7140
-3585
-3020
3321
-3000
-3345
3072
-5629
-10236
-7636
-10176
1039
-4892
-5886
-14276
2022
-9200
-2048
2092
7160
-8160
6146
-5908
-4600
-11244
474
-19448
-13318
-5080
270
40
-7469
-15352
10262
-6120
5930
2076
-767
-14304
-5634
1076
-2576
1052
-9973
-8176
-4622
3144
-2043
-1020
2786
-15316
3308
-8156
3838
1060
-2847
-19208
-3898
-9988
-995
-13288
1010
-8152
-1803
-14088
5103
-11196
-2782
-16152
11296
-11220
-8428
-6104
-7461
-2024
-6939
8204
4362
-11228
-3348
-6124
-1816
-12276
-269
-16340
-10263
-4076
2829
-18204
5615
-4052
-13074
-11248
-776
-14096
-3857
3088
7432
-14336
-1797
-12288
10487
-5092
217
-19436
7917
1036
2064
-2040
10239
-6116
3579
-6124
289
-10232
-11497
11276
-22
-13276
-4860
-6916
285
-17392
-4844
-8116
-6633
-8192
5380
-5068
10501
-9996
-10759
-984
-4105
-9200
1010
-4092
-9469
-6060
-781
-6080
-14363
-15108
-7697
6172
516
-12264
1785
-4888
7445
-6112
9224
-11012
-1521
-8180
-269
-6112
-761
-8160
-3031
-5096
3839
-9204
2606
0
-520
-22236
-5598
-4044
-2871
-15312
-1026
-12228
-3874
-6920
-771
-2040
6635
-16360
-12262
20
-8722
-6124
1043
-6104
2
-3072
-3841
-22020
250
-4080
-249
-9192
-5650
-7132
-2032
-11252
-2600
-16364
-1030
-4096
-9725
-8188
6612
-2036
-6384
-5112
-2780
-10232
2774
-7148
5365
-13060
1784
-7120
-227
-7120
5656
-15332
-5118
32
8201
-9200
493
-4088
5080
-3040
274
-13296
5112
-3056
-5404
-16368
7995
-12248
2045
-12256
-3825
24
4350
-10196
3835
4100
-2586
1064
10010
-9196
7454
-5088
2825
-9192
2613
-15316
-7413
-7140
12815
-18388
1799
-5076
10517
-4872
7638
-12244
-4897
-9172
7708
-10188
7386
-15352
-4323
-4080
2279
-11232
10251
2108
-12252
-8180
7397
-6140
255
-6136
-8963
-5072
1806
-10220
-9976
-2040
-1810
-7116
-5897
-4076
1317
-4092
1273
-7940
1788
-6104
-1759
-6924
-6423
-6136
-5089
-4876
5898
-15296
12544
-9160
-1283
-6144
-2285
-13300
-3562
-8180
7951
5144
502
-976
-3594
224
-4090
-10036
9232
-2048
2532
-4088
5835
-11208
-771
-15336
-4915
-7940
-15150
4164
1021
-11232
-1
-8184
1027
-11252
-5400
48
-1512
-2032
-1511
-17368
503
-9192
11020
-7168
-3044
-6116
-6679
6396
6661
-8188
4349
-3048
-8413
1032
4863
25380
-3829
-17388
255
-11204
555
-7168
-496
-2024
1804
-6124
-4112
-5104
245
-13280
-4610
-5108
5598
-5896
4092
2092
1279
-17364
-2329
-6112
799
-10016
1035
-9192
-2562
-4060
-3075
-10184
-513
-9184
5123
-2832
493
-8152
6639
-3044
-810
2072
-1279
-6140
3316
-17360
-2305
-14084
1491
-12056
-247
-1796
-1017
4
11788
-13240
-7134
-2028
3047
-4092
2803
-1008
-222
2068
6890
-4080
-267
-14336
9195
1032
4094
-9196
18929
-17368
-8707
-7136
6662
-14292
-7441
-12236
5371
9244
-7941
-10200
2313
-4084
-738
-1988
-9212
4096
-1004
-8188
3608
-7120
10540
236
-262
-9164
-2836
-7108
-3358
-18384
-8219
-4064
11
-10153
5116
-10200
-5127
2096
1299
3124
3060
-9204
15846
-12288
1013
-1000
1761
5188
-10730
-5892
-520
-12264
794
-8180
-1780
3300
510
-7152
-2309
-13272
-2056
5144
-7159
-2953
-8454
-2040
2292
-17164
-9198
-6120
251
12
3650
-9192
-2039
-4076
3332
-11224
3333
-20468
-11260
-5076
487
-988
-963
-3028
-7428
-6124
5127
-7112
-785
-11248
-3565
-15344
-1073
-6076
7438
-10228
-781
-1808
10262
-4056
-4308
-8964
6112
-7940
-3046
-7132
5610
-2032
-496
-8140
-12566
-11196
8711
-6924
-5903
-12240
-5118
-11224
-3555
-11208
-5864
-4080
6386
-16360
-4349
-12244
-258
-4056
-5648
-12272
-12284
-11228
-244
-9180
-6363
-13304
-1032
-12264
11765
-13284
246
2092
2308
-7124
-11504
-6116
6437
-11240
513
-4076
7411
-19404
-1760
-3044
7674
-8184
2835
-11192
-2053
-16384
9981
-3036
-8424
-3024
-40
-19412
6383
-7108
4346
1040
-2054
-6128
-6919
-5076
-4087
-7160
-7671
-8176
-8976
-22240
-2311
-15348
-3810
-5080
-5632
-4024
-3864
-8180
1288
-4092
-1526
4104
-7925
-8128
5627
-17408
-9982
-788
10735
-15108
1052
-7120
-3332
-8984
-4873
-13296
47
-4080
4592
-11232
-5340
-7132
11500
-3032
-514
-15104
8223
-8164
-5646
-7136
-780
-4084
-2811
-7148
2585
-7960
6393
-6112
9960
-9180
4102
-9152
1258
-7104
-2280
-6136
4351
-9184
3838
-16356
2820
-4036
-520
-7120
2043
-7128
-273
-14300
501
-988
5870
-7952
-3545
-9184
7958
-5068
1019
-18392
-3855
-10208
4333
-9172
-1813
-6120
-6
-15332
-5368
-8188
-6373
6144
-4122
-9176
6621
-9188
-5099
-11236
1286
-6084
-1780
-7136
-1775
24344
2537
-11236
4363
-2016
537
-1016
-2569
-8136
15064
-16312
3311
-8964
-7455
-7128
-14592
-5116
6674
4148
11242
-13280
-252
-9132
4133
-9172
6181
-8964
-205
-8144
-1538
4136
-5638
-3072
-6919
-10200
533
-3068
6112
-7120
3291
-6108
2321
3100
-2516
-9208
1254
-7124
2069
-7120
702
-11264
7690
-6116
-6925
-7144
-3549
-9168
-3610
-7136
8188
-14328
-2846
-8984
-1009
-7096
-7667
-12252
8461
8
-1762
-5892
-15344
-15340
10268
-14312
-4103
-10224
-8403
-6924
-4070
-11224
1552
-9208
-3084
-6128
-11035
-11216
493
1044
-6133
-1020
8961
6156
-4871
-13076
-5892
-5904
-1293
3132
5370
20
1264
-2048
-3826
-8136
208
-14308
-1293
-6104
5108
-4872
3312
6156
-1776
-3036
-755
-8188
-8742
-6100
-4366
-9192
8935
-6108
-989
-1980
498
12
33
3116
3093
-6096
1009
-8164
4600
-6076
9458
-10232
7690
-18416
-10482
-1808
-2052
-21492
-2553
24
7411
-2028
2530
-5088
2033
-14316
3580
-5096
2304
-5108
4828
32
-8943
-11264
3064
-11248
-2833
-12260
-1533
-4056
12043
232
1530
1248
-3900
-17380
3093
-12288
-3079
1024
-247
-8188
9246
-4096
508
-8148
-3053
1032
3816
-9188
-1815
4
2571
5152
5371
-14312
6398
-4880
-4888
-9160
6947
-15108
-5340
-4080
2024
-6128
-3343
-9188
-7681
-7148
4631
-6128
1007
-9188
-3328
-7164
781
-14292
17
-11216
-2283
-7160
5147
4148
5902
-5116
-11740
-1796
3565
-8156
-2792
1068
-23351
-11244
-9256
5144
3598
-12268
2556
-15308
2571
-5108
-4863
-30404
1816
-8156
-1284
-11244
-4607
-5920
-4067
-6120
-4607
-8192
526
-13276
4333
-996
-1034
-13284
6127
-8160
-1316
-9204
2043
-7120
1255
-15352
-12316
-19424
3314
-14088
4631
-10220
-1809
-15312
-1805
-8180
-7158
-1964
5585
-6108
-8925
-4080
3604
-11216
16913
-2020
9716
-8116
532
1068
-11014
-3068
5905
-1808
2317
6200
2851
-5896
4102
-16328
1800
1060
10
-14336
6923
-8968
-4890
-16368
5923
5132
10503
-10236
5590
-10204
-6663
-6932
-2793
-2032
1522
1048
-9700
-6136
9732
-6124
-2819
3132
6373
-2024
5386
-8184
-1255
-10204
6153
-1024
1293
-1996
-4614
-2020
-5392
1024
3533
-10228
-4831
-20464
-3077
-5108
1528
-7065
-6136
-10212
280
-8152
1766
-7124
-10283
-12268
9738
-3864
7178
-7152
3314
-14332
5131
-2040
3803
-8172
1819
-8176
754
1040
-1035
-5112
2029
-6092
-1001
-10220
-1576
-4084
-3072
-17372
5597
-3064
4361
-9184
-5872
-12252
1526
-9192
-768
-2032
249
-13076
2047
-21476
10502
-968
1297
-14300
6105
-12272
1811
-7160
-1532
-7148
281
-4060
-1042
40
-3549
-23256
3805
-10224
5914
-6916
-504
24
5128
-3064
-3774
-9996
3320
-11256
-7144
-8172
2801
6384
4587
-15348
1499
-13276
7181
-10200
4332
-11220
2090
-948
549
-3052
-6915
-12288
1283
-7156
-3315
-6136
9971
-17380
-3866
-964
-5121
-3028
3827
-15269
10255
2112
6634
-1976
-1799
24
-5589
5120
-7690
-12284
-6919
-18408
2045
-5076
-11014
-11244
2527
-4068
5876
-13232
-4360
1068
-4871
-8180
2348
-7108
-5132
-7140
-5411
-7132
-1765
-14320
9714
52
2062
-4060
21
-15320
3
-13284
-1814
-15332
-9200
-3024
-531
-11256
7938
5180
3096
-8144
1020
-13280
-10500
-2000
-11207
-6088
-11239
-26348
3109
-3052
-2061
36
-12552
-12232
1043
-5892
263
-9216
2597
-4060
1011
-10216
-5880
-4068
2304
-13252
12311
-5048
1299
44
-1045
-14324
2051
-3032
-4859
2084
5372
-10232
-10232
-6068
2559
-12260
-34
-14304
1261
-4080
-5104
-13288
-6647
-3068
8671
-9168
-7691
-8192
-11278
-9212
224
-4080
-3543
-8172
1804
-15324
4337
16
10254
9248
3839
-3008
-1047
-4080
-1231
-2012
3598
-5084
2316
-6076
-4596
-6916
5621
-10204
1521
-4056
-4129
3300
-2289
4148
-10473
-8156
-9951
-7964
15606
-6080
1531
-5080
7391
-1000
795
-13260
5104
68
-6119
-13280
233
-3024
8183
-10224
-4332
-2024
-1263
-10212
-1325
-3064
5127
-1000
3302
-5920
12003
2052
2821
-5100
-2802
-1992
4585
5140
-1017
1072
-5889
-3028
6145
-7148
1068
-8144
-4356
-8132
-6130
-5076
-1264
-15312
1009
-13260
6657
-3044
8441
-6076
248
-14304
3059
-19420
3091
-6088
2039
-8972
7676
-4044
1278
-9188
-753
-7156
-1789
2112
-2320
-8172
5385
-8120
-2050
-5060
5147
-6100
-5907
-7112
-3062
-9188
-739
-9168
-12787
-14280
-6633
-5088
9726
-16348
-10526
-796
4093
-11248
6378
-15328
-2301
