3100
5097
-6140
-5125
-16344
3823
-7104
-7396
-9164
-5403
-13288
3108
2080
7400
-17156
-1817
-8180
3843
-9196
-2047
-14284
-3056
3108
3528
-22185
-2537
5128
-4333
-4080
-1540
-1000
2792
-7104
2292
-4072
-732
-9192
4336
-9208
1555
2092
257
-9188
2299
-13272
3
-11232
3302
-5092
4352
-5112
-1803
-2020
3864
2300
-10260
-19424
-1524
-6104
-10483
-12228
1553
-10212
12002
-13088
3324
-3012
8978
-5092
-493
-11236
-4596
-12244
3064
6144
-4352
-5080
-6159
1052
9178
-8144
-4625
-4048
-4111
-9152
-11458
-11228
10239
-6104
1280
-6928
2052
-10196
-3581
-15328
-3341
1096
-271
-6104
6418
-12252
-4885
5148
3317
-7136
-4073
-960
-2552
-8152
11798
-7108
-9479
-1980
2306
-3048
1553
9240
-1008
-5072
-7707
-19392
-2289
-7116
-11763
-9188
-2823
-9200
-4641
-7136
6956
-10204
-8464
1056
5658
-7140
-3870
-14300
11545
3108
-2815
-6100
762
-6033
-4848
-9204
250
-12252
-1254
12288
3370
-15348
-2838
8200
7948
-7148
6137
36
2570
-5056
-12044
-10228
1031
-8152
-7682
-4088
11055
-2016
3050
-10220
4907
-11248
3552
32
4114
-16308
4358
-10196
473
-9196
-1281
-10012
2069
36
-4542
-11244
-5861
-11244
270
-10196
1754
-8968
990
-14304
788
6184
12041
-9184
3058
-14308
4317
-10168
-6865
-1992
-11755
-12260
-3077
-13300
-1038
-5108
3610
-5064
-3850
1048
1254
-6120
-2276
-988
8967
-3072
-3352
-5104
-6723
-10232
-7396
-1992
525
-11220
-9481
2064
7148
-7112
4588
-7108
-5900
-4056
-9457
-9172
1032
-11216
5599
-16201
6905
-11264
4814
-8184
1834
-16376
-16380
-10188
15117
-7140
977
-3032
-6164
9220
-3075
-11236
799
1052
2092
-992
16414
-19432
-4849
-7124
-5121
-4092
4374
-5096
-1013
-3060
-4122
-996
-1542
-12276
-7904
-2000
7688
3124
1782
-6104
2567
-6132
-6914
-5116
9976
-2008
3025
-12276
3618
-6136
4365
-9180
-812
-8164
-5890
-4084
1807
-9140
2820
-5084
-3027
-16384
229
-6076
11496
-11240
9760
3084
7692
-7128
3091
-11256
18
-14332
-542
-6100
6932
4132
508
7208
737
-12212
-8752
-3036
6374
-16316
769
-3068
3346
-12240
-3545
-8168
5102
-18420
-17169
-3044
-7914
44
-5382
-7128
-5109
-6092
6182
-8132
2312
-3072
-12
-4872
-11031
4120
-10253
-15348
9741
2072
-2050
-5092
4330
-17380
-9213
-1016
-5645
-7144
-9743
-4056
3356
-9216
-1809
-9204
-4096
-14272
5623
-10184
-771
-17408
-6641
-972
-6418
3100
-3823
-18180
-3848
-12228
-2296
-8156
3106
-7164
2801
-14284
-10225
-19436
3297
-9184
258
-1020
-3835
-14296
-9248
-5080
-1282
2088
-469
-5084
-9465
-4092
8462
-3068
-7160
2092
9978
-14332
-1808
-4064
-14068
-3036
4395
28
774
-8152
3561
12
6405
-4076
4331
-6124
-4610
-9184
-524
-9152
-264
-3004
-3064
-5092
-8710
-1004
13571
-10224
2052
-8152
-523
-19420
-1015
-5044
2056
-11260
2567
-6100
9470
-6128
2590
-5116
256
-11240
-6904
-5064
-11742
-17360
-267
-14288
773
-6080
5400
-13284
7935
7176
7714
1064
-4069
-9216
-1525
-10232
-224
-15308
17385
-9192
4625
-6064
7950
-8160
-15
-5080
2040
-10180
256
-13296
-1012
-7092
5636
-8144
-2824
-14288
4857
-9160
8440
-13272
-10006
-5044
-5610
-9156
14343
-5108
-2304
-11228
5849
2088
2832
-10200
499
1088
535
-5100
-5399
-9996
-2838
-14300
-1540
-11224
-4627
-1976
-9
-7104
3381
-7112
-6380
-13260
-235
-6112
-2821
-10204
-1532
-9992
10493
-11188
-759
-6076
2807
-3048
6151
-16356
2542
-5084
-8966
-12256
3578
-15356
-8214
-3064
-788
-12240
508
-13256
7423
-11012
1513
1052
-6406
-12248
-15
-8156
-783
-3028
1858
-9180
-2321
-18364
-271
-8168
12502
-10168
1557
-8128
4873
4
-553
-7148
10480
-4072
1244
32
-4100
-7120
-3084
-8172
-2070
-9188
-2560
-5096
-9995
-9204
3570
5148
-5614
-4084
3326
-6076
11518
24
4827
-7116
-14
-6124
780
24
9219
-10224
5162
-15340
-5396
-11212
1266
-3852
-6
1060
3846
-11244
1527
-16336
-4893
-11212
2814
-6920
5913
-3012
8985
-23292
-3791
-1012
-743
-10228
-3354
-5048
8433
5148
5651
-6124
-1260
-2820
2313
-3048
1017
-5116
4626
-9160
476
-7108
-3585
-8128
8435
-7112
-3329
-4056
9737
-7136
9995
-10224
-5368
-13244
-9964
-16328
5113
-14332
8183
-11236
-2820
-6960
-7947
-2028
-2841
-15336
-2802
-10200
816
-7152
-6418
32
-280
-4064
-781
-12252
5148
-3028
-1007
-4044
8445
-8132
-5118
-7112
4843
-8168
-6112
-8164
10266
-20420
-2295
-11232
5381
-16340
3579
-2020
6679
-6140
3340
-1972
-6916
-21452
-3348
-9176
-6400
-8972
4830
-11220
-10777
32
-5847
-15360
-4647
-13244
-3087
-15292
-6917
-976
12264
-9184
5623
2060
8192
-12256
12305
-10232
-7422
-12276
-1229
-3024
-4603
-8176
11777
-11016
1518
-3004
-9282
-10180
-1016
-11248
2587
-8184
-1749
-10204
14563
-2836
-1009
-8188
267
1060
6404
-15312
-5631
-7132
303
-10184
5148
-9192
2825
-15312
3859
-3016
19973
-14304
1794
-14316
-7441
-7132
-4070
-8168
2078
28
4627
-5096
3582
-3068
-773
-9152
4084
-12240
4126
-11220
-1534
-11224
-2331
-9148
-3837
-6116
2531
-6088
775
-8964
3595
-10164
-4571
-14308
-1300
36
-1755
3124
-27
-11244
-5400
-18396
14094
-8172
-501
-8152
3089
-16368
-4069
72
4364
-11264
-2783
-4068
-4360
-7108
-283
-1996
-8154
-21488
-1589
-17376
-1034
-12232
2538
5180
-1015
-13260
5633
-11240
-1294
-7124
-2309
-11012
-3077
-7116
-788
3316
1507
-8132
6659
-4040
2080
-772
-1539
-1984
-2044
-12272
-8958
-9180
6166
-9132
2580
-9172
-10003
-1812
-6661
-8156
-3875
-6928
3589
7204
2319
1080
-6906
-14304
-2782
-13245
-267
-4012
993
-11224
-6606
-5088
-7174
-12256
8493
-9204
-1798
-17348
53
-12224
520
-5092
4119
-8996
5403
-15352
3313
-13288
3819
-15324
6171
-2012
2838
-4056
9729
-5088
-8456
-8152
568
-16380
-1773
4172
-1012
-8172
-5867
-5092
5382
-12260
8438
-9204
8742
-14284
-1290
-2988
-1543
-13260
-4
-4080
3062
-7132
-5085
-13260
-11529
-6104
-1795
-9172
6125
-8128
-3585
-10220
765
-6140
-4621
-10200
5133
-9204
-4095
-6092
-3588
-15340
2293
-15332
1005
-7156
2574
-12268
8184
-16332
-10522
-9200
2544
-12268
-6889
1064
-6617
-6144
-2322
-3060
-6383
-8152
4651
-16352
-14376
-7160
2047
-7168
-2283
-3044
-8456
-15360
-4610
-9160
5138
1064
11004
-12284
-286
-12052
6648
-11252
6143
-13284
-1234
-6104
-1322
1064
1562
-11169
1045
3132
772
-13288
2583
-6092
8959
-4080
3111
28
-1275
-8164
-2548
-3016
1003
-14332
5134
-13284
-2308
-6124
8935
-8164
4884
-9156
2053
-12252
-5888
-3068
235
-10208
2258
-3048
6911
-10192
12527
2112
1786
-15328
-773
-6088
3327
-13256
3832
-18408
-8439
2124
5663
-8148
-2073
-11020
11767
-13280
2329
-7128
-1016
-24260
4317
-8964
6929
-12252
6205
-5108
535
-8136
-257
-9204
-232
-8164
-494
-9168
5345
3112
-12514
-16304
3324
-1024
-10250
-1972
9206
5152
3104
-13068
-3842
-8156
-1290
13364
714
-10224
-5665
-8172
1247
-7104
-8185
-20444
-749
-6072
3125
-11240
5821
-13288
5118
-13304
-10746
-3008
4355
3096
-9965
-4092
-1080
-3028
3559
-996
-243
-6108
-799
-6944
-234
-9184
8964
-17368
11020
-10224
-2832
-7140
-5915
-10212
4399
1076
7931
-2048
1540
-6140
-789
-6108
9456
-15312
-6673
-10212
-7701
-7152
-3862
1072
13095
-9180
3589
-13264
-11045
-9156
-15563
-11192
-7180
-9204
1039
5136
8683
-7120
-3846
-5064
-4377
-12197
-495
-11216
-4580
-12248
-1058
-6088
3836
-2012
-1816
-13288
2570
-4080
3088
-1996
-9469
12
1026
-2004
10000
-13292
-3041
-8144
764
-11236
8694
3108
15568
-11252
5910
-12264
-4879
1024
5627
-5084
-7938
-8168
-2291
-7116
-10494
-10212
11254
-11228
-4339
-7164
6123
-6132
6099
-11208
27
-6128
-3861
-11024
-7434
-8168
-9197
-14312
2039
-11244
490
-4092
-505
-7152
4572
-9184
-1803
-4080
-2551
244
7927
2084
10021
-4064
-9
-14308
-3340
-9208
5113
2056
8201
28
8728
-8156
8962
-12244
13047
1040
1301
-12224
-1802
-1824
1327
-4080
-7178
-14296
-1545
-14296
-3862
-10208
4333
6172
1296
3304
5620
1072
-2800
-11208
-34
-20460
-8170
-14272
4091
-9216
210
-13288
-15838
-6136
-2331
-8132
-2562
-2824
-1772
-2000
1532
-16356
-990
-2036
-13644
-5088
8
-12284
-11524
-4044
-2828
52
2016
-12276
12792
44
-5841
12
5083
-2824
6135
-7168
6892
-16372
2818
-13080
4384
-8132
-11509
-8164
3313
-3040
3354
-5100
-779
-13248
1013
-14288
1040
-14308
9705
-15356
9765
-4076
-1035
-8148
-2536
-14320
-969
-17408
-2067
-12244
-7922
-5100
-1527
248
-8420
-5116
1052
-7160
478
-2820
-7660
-9160
-4345
-6128
2346
-956
7944
-8148
15112
-6136
-5895
-18384
483
-6072
4900
-13288
319
-12256
-8182
-9180
3094
-12248
-5163
-12260
-4869
-6120
-3871
-14300
-3292
-6932
-4324
-16340
-2559
-3860
997
-12201
-8709
-7128
11797
4112
4855
-11208
6160
-10208
-4123
-8192
-3027
-7168
11506
-10208
1053
-11248
-761
-14276
3337
2056
3069
3108
4853
-5068
-7371
-10232
3797
-18412
1509
-6108
-1046
-3036
3821
-16356
-3804
-5104
8988
-19416
3595
-5036
-782
-1961
-6393
-11260
12005
-20464
-8186
-9192
-4379
-9208
-4867
-20444
2319
-984
-779
-15344
277
-11256
517
-20452
3076
-11020
55
-19424
6133
-9196
-10000
-2012
2047
-996
-4
-2820
-5850
32
-1259
-5080
2040
-4060
2050
6176
-1007
-17380
2815
-12244
-1250
-4052
2816
-5104
-732
6212
-5141
-10196
4360
-6112
518
-1016
-3609
-13284
-4871
-21492
-1318
-2044
1511
-11220
2059
-20476
-5373
-7108
10230
-11012
-10751
-6104
-4877
-8132
3831
-5100
-10226
-3004
3841
-6068
-262
-11244
-7209
-4088
1037
-3028
-40
-11228
-8945
-11232
-1052
-2036
10775
-2000
240
-13312
11761
1040
-4608
-6108
5602
-17372
-3841
-980
-1056
-2020
-536
-7164
2520
-17380
3040
-1012
10247
-15304
-10245
-4064
3872
-4056
-480
-13276
991
-2016
7932
-2032
3333
-17404
762
-11012
749
-2012
-6398
-9184
3332
-8176
-3575
-5068
2026
-19204
-11230
-3012
-3561
-10000
3566
-4068
-760
-5052
2320
-15352
4093
-14096
2299
-8152
-5106
-7132
12040
-6057
-4309
-3844
-2302
-8148
-9725
-13264
-5113
-5064
-1019
-3072
7699
-13264
-4569
-9156
2312
-9192
-527
-2036
3868
-20232
5146
-11236
4894
-5060
2041
-956
3093
-2004
-1581
-2004
-2299
-5100
4341
-10180
-2804
-15348
6378
-8164
763
-9208
1530
-14272
5644
-24300
-2837
-11208
-509
-9204
7124
-16324
-11278
-18368
-2058
-4080
-4087
-11220
-1778
-4040
3562
-6132
-2550
-2028
7182
20
-260
-17400
17429
-4084
-5927
-12264
3324
-8148
-3072
-1988
528
-6092
7429
-10232
-2827
-7156
1792
3100
-8197
-7128
5619
-7132
262
-13068
2580
-14328
2543
3072
-785
-8164
2037
-12236
-3342
-14084
-3056
-10236
-269
3320
-2338
-17404
3812
-5056
7386
-12244
-5380
-11232
-11485
-5072
6883
-16380
-6916
-13292
-2823
-14280
-12016
7184
9983
-4040
-3548
-8120
5391
-16360
3094
-11244
8400
-13276
4633
-10172
-2854
1111
-5899
1104
-9170
-3068
-7675
-13300
-13573
-8172
-3554
-13268
-1317
-3064
-3073
-9212
7429
-8172
-978
-5896
3827
-7140
-3054
-10208
1553
-15308
6401
1040
7951
-11244
-6905
1276
3317
2104
-3601
-11260
-3056
-12244
6618
2124
-4117
-8976
-7905
-15324
2309
-5092
2339
8228
1511
-2036
1059
-9144
-7427
-5896
6438
-7124
2573
-14280
-4602
-10224
267
-4060
1552
-20452
3349
-3068
-4583
2100
-1343
2096
-10272
-8164
763
-2820
6662
2072
3628
-7112
-4112
6220
-6116
-8988
2299
-9996
-266
2112
-3353
-12208
-2288
-10184
5363
-12264
5109
-4072
2774
-9164
2548
-16352
-4080
-6140
4592
-17376
272
-12208
-4098
-9188
-4592
-19396
-248
-6084
4114
-4060
2558
-13288
-4831
-7136
14287
-11224
4100
-11252
1282
-10196
-2581
-8144
1798
-956
-5087
-8152
5639
-8152
505
1096
-2819
-15328
6657
-13264
-13038
-5100
1
-10164
1766
-11184
2017
-12256
7181
2084
-4100
-10212
-3857
-13288
-3822
-8192
11784
-9168
982
-7124
-9513
-9196
794
-10216
6358
-9988
-5890
-10228
-8439
-14296
4106
-10212
-2566
-7120
6901
-1796
-2322
-968
4599
-7144
-2507
-7164
-8462
-17376
5890
-1980
-3610
-4068
10483
-8176
772
-996
2569
-8168
-6942
-1008
7699
-8156
8964
-8148
-13022
-5084
9476
-7128
16981
-18432
-9237
-19420
4884
-13260
-5384
-11204
-9215
-16348
5407
-5068
5149
-6136
5165
-20420
-5383
-9992
2828
-6104
4040
-6116
-771
0
7412
-12228
-9975
-5088
-807
-5064
1791
-10192
268
-11228
-1269
-2028
3580
-7140
-7939
-15112
-1564
-14312
-5377
-9188
-3060
-9184
3869
-5064
6451
-6140
-4357
-2012
-4606
-7120
14370
1068
-1274
-3868
-1021
-4068
-3062
-12264
-5913
-776
511
-2012
8
-5104
-2561
-6104
3609
-8132
-6161
1056
-10729
-10184
4373
-17384
-4589
-12236
-506
-3016
3848
-13304
3590
-7128
1042
-16332
8454
-9204
8746
-8152
-1
-13276
1271
-14300
239
-15324
-4366
-9164
5136
-7132
-755
-9216
-4840
-3068
14595
-12232
-5404
-8152
2826
-14280
2805
-10200
2795
-8172
1063
-17396
-6418
-2020
2005
-13280
-4596
-4064
-808
-13248
-2345
-9152
1027
-15340
-5096
-9180
-2280
-3028
2038
-5076
2262
-4052
-5093
-12260
-3345
-13256
2547
-9196
3305
-6124
779
1060
4088
-13284
-4839
-980
-532
-7144
-10764
28
-4653
-5084
7940
-4068
5095
1064
3096
-17204
-4340
-15312
-765
-15336
8447
-5104
-235
-14292
7445
-7096
-4587
3324
8705
-17376
-2793
-9196
-5608
-3068
-6149
32
-9760
-10228
-2330
-9136
-5859
-18188
-6897
-3052
-2037
-4060
-5594
-9212
-9478
-13268
-3042
-11204
-4927
-12260
-1774
-10220
-7185
-12244
-3570
28
-4849
-7164
10475
-12276
-1790
-2012
-6179
-13260
776
-8140
2015
26384
-7983
-7156
6374
1064
-5115
-6100
-4874
-5092
-5625
-18416
-8469
-1992
-9728
-7100
-2829
-10184
2030
-12036
-1016
-6132
2809
-7120
4081
-7152
254
-5108
-8695
-12260
-3071
-4056
1261
-6076
4116
2284
2029
-6100
-4063
-6128
10
-6920
2329
-3020
-544
-12264
2836
-12260
-3301
-18368
-22
-12236
-1525
-13292
6140
1064
-4098
-17160
-2534
-6124
-3553
-5908
6446
-9988
4624
-15328
-5858
-14268
1503
-7940
8947
-7104
-3369
-7128
-740
-16368
-264
-16316
-3576
-6120
7686
-12276
-3832
-7132
-2816
-4068
-6664
-17392
-254
-16332
-5622
-12256
-3621
-8184
1278
-3024
4108
-9188
1551
-996
5882
-9212
-7379
-7116
-5408
-10232
-3312
16
-7937
-16368
-1518
-14296
-1519
-996
227
-20440
5366
-7140
-5382
-968
-12019
-4076
-1026
-10196
3089
-8136
478
-13280
-1525
-988
-2853
-6080
487
-10208
-4603
-7120
2860
-6916
537
-18412
1822
-8144
-511
-7100
4863
-8120
5125
-5104
-1776
-10220
1816
-4868
-509
-8148
-1011
-15269
-5125
-13304
3865
-9184
-5137
-11240
7687
-4052
6944
-8140
-6348
-11240
6171
2060
-6966
5140
-4110
-12248
-5128
-21448
6139
-15320
6427
-5080
-3570
-1992
-10510
-12240
-6412
-15304
566
-9172
-8171
-5100
-1571
-8172
2028
-21472
-4061
-3848
-12067
-20452
14597
-10192
-2030
-9152
-4378
2060
-1293
-7136
-3048
-8168
4864
-9172
1505
-3848
-5622
-6120
-12249
-12240
9440
-8148
3069
-14336
2550
-10172
-777
-14308
1286
-2040
-5378
-15348
6661
-1988
570
-11216
-1560
-4068
-2820
-10220
8696
-13068
6105
-10208
4862
-10204
4
-5064
-12949
-4080
4598
28
-1056
-15128
-1555
-6108
-5359
-13252
2847
-8160
-1824
-11208
-5358
-11264
-1284
-13304
-1829
-16132
8961
-19392
-1792
-8168
-2798
-15344
-4089
-9196
-251
-7132
3036
-7136
-1271
-7136
-4096
-20444
6652
-8184
2891
-2024
-8222
-12264
539
-8976
-2852
-5104
4885
-5100
-1585
-17372
-2800
-7168
-789
-5068
-8170
-9188
5377
-9164
-2825
-16336
-1052
-15336
5115
-12232
-3829
-4064
263
-5060
2567
-9184
-5117
-13304
2059
-968
-11762
-5120
-1507
-5108
11288
-13272
504
-5092
-1823
-972
-7428
-12284
-1276
-11228
-8955
-18364
6389
-10200
529
-6116
3059
1268
505
-3864
3329
4124
-233
-1972
-7641
-6124
2824
-12288
2017
-6128
-2349
-15316
-11498
-14312
3059
-3020
3833
-6920
1317
-1008
4654
-10200
6129
-5064
4388
-4032
-7185
-3044
-237
-15360
4090
-4044
6909
-1008
-770
-5080
9957
-14336
-5113
2068
2539
24
-2073
-7128
3341
-8176
9504
-7124
-1531
-13296
1008
-7944
-3571
-6112
-5381
-7124
-10739
-14308
5882
-5116
2058
-996
19
-3072
-2561
-9176
763
-3008
5840
-2032
-1279
-15284
469
-5088
-6906
-3052
4642
-3012
5123
2108
-4595
-6096
-7694
-10228
5652
-5068
2041
-7168
-2032
-7140
7145
-18396
480
-18388
11514
-13292
-1010
-8148
-6
-7168
238
-3044
-14562
-11212
-6111
-9212
1302
-19208
4865
-7140
-8447
-8136
-4127
-10204
3827
-2012
-4322
-13244
4609
-4068
5921
-19408
5859
-12272
4089
-10224
2588
48
4869
-12256
-2280
-992
4891
-1984
-253
-2048
2553
-3056
-8697
-8132
-13299
-10232
7155
4164
1040
-7144
5118
-16352
8684
-7124
8974
-10196
-2793
-1992
5108
-11208
-11500
-9184
6673
-5068
2325
-9196
4092
-10224
-1314
-992
2575
-22224
-2549
-14324
-1806
-17392
-2548
-13284
2549
-15316
4083
16
2320
-4088
2790
-2992
-2552
-8140
-3049
-4072
2043
-8156
-2811
-15352
-5385
-6104
-7164
1072
6132
-5100
-4897
-8192
-15086
-18404
-4617
-6924
-3049
-11204
11007
-7144
783
-1800
3874
-7132
8220
-4084
2026
-13280
-1011
-4052
10244
-9212
-10028
-16332
-3877
-4056
-5381
-17396
-2841
-4068
3826
-11020
2088
-7136
1569
-984
2306
-11200
1567
-12248
5872
-16352
-1034
20
2088
-7144
-7152
-5056
3115
-980
-2300
-11216
-3082
-12276
502
-7168
5899
-14312
2814
-15340
3601
-10188
-6403
-8172
-4356
-3044
3848
-980
4146
-8156
7134
-6120
2024
-4084
-6894
44
-527
-19444
2534
-13288
-2062
-17156
-5136
-7132
769
-3052
3859
-5088
5105
-7112
-2846
-2996
6949
-4060
1035
-10228
534
-9196
1280
5168
9952
-3064
4358
-13280
4847
-12252
-779
-9140
13078
-20424
9781
-980
2041
1264
3350
-13256
-2565
-8156
1779
-13276
-1299
-16332
4325
-12264
-12059
-5080
779
-11196
-2574
-14300
-1014
-9204
-1048
-11212
-7187
-8164
-4330
-11236
15607
-16376
-4348
3092
5616
-7144
-4367
-11232
-13307
-10224
261
-6136
285
-8164
-793
-3040
-3770
8440
2824
-17364
21
-2016
-5150
-11012
4634
-7136
783
-14332
-7693
7200
9502
-6112
12553
-14308
6147
-3056
1516
-8116
5903
-7104
1295
-3052
1800
-5080
2
-11240
-1804
-9192
-6420
-13300
1019
-1885
-5382
10280
6405
36
-3052
-7944
-12055
-12280
4598
-6104
8214
-16344
4637
-18376
-1009
-2028
10970
-2032
-5624
-11228
1031
-2004
8718
-7120
-1543
-11256
-1253
-7148
1781
-10172
1525
-4064
-6390
-4072
3850
-14296
-4082
4112
257
8
2788
-7096
2840
-11192
4106
-4052
-1323
-2044
-2621
48
-3573
-8168
4121
-3060
6947
-3036
-4856
2076
4340
-10216
2297
-3072
-3082
5140
-6632
-6928
21
-9988
-8435
-3036
4371
1044
-10984
1036
-255
-4080
3326
-7148
2781
-10224
-3099
-7948
-1264
-3048
-3837
-6104
3588
-2012
4651
-13260
513
-16352
-3826
32
241
-7152
8966
-16380
8972
-13256
-501
-6092
3364
-5112
-6156
-14268
-2828
-9188
4066
-8132
1550
-5056
-1779
-11208
11794
-8120
3524
-12268
4859
-5088
-1264
-14324
4859
-3848
-6903
-6096
-709
-3052
2768
216
7413
-6112
-5617
-7160
-4595
-3032
2027
-2048
-8180
5176
-2570
-4072
6400
-10204
-4652
-7160
-6660
-3020
-5363
-9164
4341
-8160
-1542
-15300
-11493
-5068
3599
-16308
3339
-5072
-16
-10200
-10504
7220
-742
-12260
-487
-8188
7159
-9164
4644
-6112
274
-7104
4107
-11200
-12809
-6120
1541
-8176
8446
-4056
-6175
36
-13085
-11216
5877
-8160
9505
-7112
-721
-7112
-526
-7940
3331
-15328
2555
2096
5652
-12288
-2549
-6108
3802
-19224
9758
-9192
3044
-13256
-3330
-2036
-8479
-13296
2597
-20468
4348
1276
-774
-7156
-3362
-20436
-2010
-11232
3619
-8176
-1536
-6112
-4603
-2008
765
-1020
-778
56
-26202
-8184
1219
-10188
2315
-5040
279
-15340
-3817
-6104
1528
-2048
11227
-2004
-10268
-11240
1275
-12224
12484
-18388
244
-8164
-12303
-21496
-4845
-14312
1810
-9996
4357
-7120
7455
-10228
4592
-16376
4375
-22208
-3027
-1016
9703
-11220
1012
2084
1310
-12280
-3047
-7152
2043
-2036
2804
16
-2560
-1004
3093
-23240
3558
-17380
-16409
-14088
-3843
-7960
6403
-15336
4361
-8148
-6131
-10200
13025
-14292
-2002
-13068
-4860
-8192
-7469
-9132
3338
-3032
-8923
-6112
-3346
-8964
-1032
-7132
-4629
-16344
-6365
-7124
4134
-16316
-11285
-937
4594
-10240
756
-5068
9215
-3044
-3803
1032
2816
-5048
-5393
-10232
9456
-10176
-1839
-4064
-270
-18384
6142
-12284
-1024
-7960
-3090
-14272
2828
-13060
3840
-8192
2553
-16320
-4932
-9204
-9483
-6128
-237
-7144
10541
-8160
6881
-13264
4118
-5892
13306
-8148
6681
-10192
2573
44
-4322
-19400
2806
-12236
6145
-6080
2035
-4028
-3077
-7148
-5618
-9136
818
-6088
2040
-1980
-1281
-1796
2787
-4088
-4858
-14328
-4593
-12288
3589
-8976
3846
-19412
4865
-19444
14861
-13300
-6665
-3016
-5335
-5092
-12533
-14296
5864
-9212
2038
-11248
7418
-8168
-9719
-6104
7163
2292
279
-8148
530
-11220
4125
-11216
1774
-6116
-778
-972
2313
-6968
-7414
-12220
7417
-14328
276
-3052
4078
-3012
-511
-11177
-7377
-6092
7414
-3032
2337
-10196
2026
-6096
-3584
-10188
-1803
-12260
-4617
-23252
6340
-8120
4369
-10224
-5146
-14304
259
-13244
11537
-8180
4884
-4060
-258
-6132
-3856
-4052
6679
4183
-988
-7948
-1553
-12228
-1798
-6108
-501
-12284
6909
-9144
-7158
-16336
-1776
-6116
-7689
-15340
6375
-15340
6652
-4072
-1792
-5076
-2801
-5080
36
-8176
1798
-13268
-5890
-13288
6151
1052
-10991
-5052
3381
-6084
20475
-6092
2320
-10204
1785
-19400
2545
-8136
-2793
-10212
-277
2076
2319
-6108
-3568
-4076
-7155
-6108
-8719
-12240
4654
-11020
-5126
-7096
3624
5152
-3063
-7124
-6
-21488
7173
-17380
6403
-4892
2300
-11232
-5130
-2024
-2555
-20452
-2054
-7140
-3360
-3032
3318
2296
9466
-7108
-14109
-6960
-13588
-1004
8657
-7120
2559
2108
-3374
1060
5380
-12252
-769
-10200
739
-952
1292
-5912
1079
-3032
-4837
-8152
-3843
-17392
3799
1032
-1273
-9192
4849
28
-3336
-12284
1285
52
3814
-9200
-4391
-7148
1559
-4056
-3847
-1020
-1012
-5076
4127
-7148
12823
-23264
3549
20
-8924
-2024
-4860
2060
5090
-6104
533
-5080
515
-11252
2308
-4072
-8702
-7124
719
-4056
-4818
-6128
5110
-3044
-7982
-2016
-1308
-3020
7440
-14304
-254
4124
-4873
-1024
7430
2096
-11
-15340
291
-11236
5127
-15344
-6117
2096
-7446
-10212
7677
-12240
1026
-1016
6152
2080
-6366
-12280
3831
-3060
3060
-6128
6924
-8172
4087
-6108
-1533
-7152
-15897
-4052
-779
-952
9467
-7132
1316
-6108
-1795
-19428
-5609
-5088
2795
-9196
-1533
-4040
2820
-8176
-8460
-2012
1259
-15360
-2311
-16348
-3847
-11216
-4382
-6108
-3330
-9184
-8749
-15308
-5893
-7124
-2589
-10240
1011
-6116
3074
48
-2580
-8184
5115
-9188
235
-9184
-9225
-12288
-7685
-9188
-2294
-10212
-262
-6104
7119
-11204
-3076
3104
-3591
-8172
-11248
-968
-487
-7152
-1267
-9156
4362
-4088
-2034
1040
-5384
52
-7441
-8160
-39
-10204
-3056
1104
8177
-9204
-4565
-7152
6660
-1016
2051
-18416
-4319
-8188
-6152
-11248
5359
-8148
7153
-11196
-4588
5160
9497
-8176
758
-18400
-16155
-5120
-316
-4096
-10199
-9160
-5352
-15356
3316
-2024
-10761
-5068
-5358
-16320
10
-11216
10514
-3032
4852
-13264
-3835
-2004
-199
-4056
3329
-11220
5355
-18388
-12071
-11188
-6897
-1992
739
-968
-1264
-9172
-3620
-8128
287
-8132
1260
-8156
-3573
-17352
-9994
-9196
-9998
-7104
3583
-11228
-226
-8144
-3293
-10200
-4875
-8156
-5141
-5068
-12793
-6112
3561
5136
6416
-18396
15638
-17364
-511
-4076
7138
64
258
-15324
3112
-14300
2549
-24264
-772
-7124
-3322
-3040
-1295
-9164
9458
-6116
1275
-16368
14355
-5116
28
-6120
1532
56
1003
2056
-7711
-15344
5613
-7132
512
-7124
-5622
-15328
7200
56
1031
-8184
-3835
3116
1025
-13252
-7951
-15320
2276
-16328
2548
-3852
-241
-12252
3057
-8180
4599
-11024
-489
-9176
2001
-4052
-5604
-7960
-4086
-8140
7153
5152
2325
-4088
233
16
-2300
-13260
3815
-984
10237
-8164
-10242
-4024
4614
-3844
-2817
-5080
7699
-31412
-5119
-9196
-6405
-18424
1557
-12256
-5882
32
-6397
-6088
-3836
-9192
9474
-14260
-508
-6120
522
-6088
-2294
-14332
9217
36
-4619
-9168
-807
-12284
-6428
-13264
7175
-7140
8447
-16352
1541
-7100
-2054
-9192
-3825
-17372
5164
-7940
7951
-5080
4578
-8156
-1483
-12240
4107
48
10478
-5892
-2823
-6120
-1553
-24296
-33
-14320
-264
-13264
-4834
-2024
4092
-9188
755
-5104
-9459
-10168
1554
-12232
3853
28
2791
-3004
-521
-11224
5886
-8172
12046
-5104
739
-7124
2268
24
7920
52
-3554
-7112
-7428
-12260
-6908
-7140
7171
-18376
5675
-4048
-515
-8089
1542
-6116
2798
-16364
2584
-3056
2842
-984
-5641
-19440
-6125
-11260
-6916
-8140
-4612
2060
-7
-964
-4352
4108
-4873
-14296
2047
3320
5639
-12272
-285
-6104
-2575
-10208
510
-6080
-5346
-17356
-4897
-19448
-3878
-18412
-4346
-18420
2309
-7140
-5634
-11220
5115
-15340
12540
-3048
3585
-4064
5078
32
-6655
-10228
5863
-10180
-7154
-8172
6423
-14308
1520
-11220
4583
-772
-7698
1052
3590
-2004
-3348
-7136
-35
-3000
6900
-5120
-756
-5080
254
-12260
-7923
-10149
3839
-14088
6128
-984
5913
-19452
775
-968
-255
-6136
-7182
-6116
-1267
-12280
-3310
-12276
8703
-3028
497
2104
768
-22264
5875
-9988
-14273
-19440
-5139
-7160
-2838
-5072
-2332
-4872
-6595
6144
3089
-10208
1541
-16360
-1288
-14296
280
-1024
1259
40
-1025
5124
1753
-984
2063
3072
-8680
-12248
741
-6136
-744
-11252
3323
1072
2324
-3036
1278
-15340
-5126
-7112
-2547
-8101
4848
32
-2564
-10208
262
-7944
-7926
-3048
-777
-13284
-522
-6108
9744
-3020
-12271
-6916
-9213
-16324
-3056
-4088
-7171
-15296
11024
-5100
-6926
5148
-6924
-15340
507
-6100
-5637
-9192
2577
-9216
1007
24
2057
-3052
-1282
-9160
-17
-11232
-747
-7124
483
-17384
1248
-5068
1264
-10180
-3352
-5072
-1264
-2020
4374
-5092
7400
-13284
-4336
-15324
9451
-5052
8165
60
-1530
-10240
-2049
-10208
-7172
-21472
-1293
-10200
-2811
-11016
246
-11224
3598
-11256
-1791
-17384
5885
3092
7440
-956
520
-8140
-3585
-9160
-2301
