-9204
-3613
-11232
-8713
-8132
6155
-10228
13308
-4096
-3318
1060
3585
-7156
-15624
-7144
-7924
-11200
6403
32
-243
-7144
4555
-12228
-1543
-5080
1552
-9208
-773
-12244
-3063
-6072
-7664
2080
7399
-2820
-4567
-1024
-2282
-11236
1492
-8180
6442
-10188
-3585
-14320
6136
6384
2833
-8124
3574
-9168
-3349
-12264
7939
-11212
6879
-12244
5366
-3848
-1298
-13268
259
3108
3323
-5116
3328
-10212
7698
-13264
-3579
4136
-1001
-2020
540
-15304
5888
-8964
-4596
-8148
2531
-8144
3081
-11208
-3086
-10216
-3050
-14108
14321
-3060
-3323
-12276
1319
8
10752
-3864
-8468
-3036
-2071
-8176
-4394
-2824
-4342
-5104
-1308
-7144
4622
-11256
-8918
1072
5084
-9164
11054
-11216
5119
-15320
9731
-11012
797
-8972
-508
-11248
508
-8160
7961
7176
32
-15344
-240
-2024
8681
-4052
-2282
-14292
7936
-7136
1495
-13276
-10738
-968
-4369
-12240
-4877
-12264
-13566
4
2333
-11196
2062
-5068
1324
-5120
-1048
-15128
807
-8164
-11270
-12276
787
3108
-797
-3020
-984
-7144
5144
-12240
5408
-4052
5355
-9196
-2533
-23264
-3331
-6920
3068
-6088
-1524
-12272
4624
-9216
1285
-14304
-4356
-10224
258
-6920
-1011
-20460
3616
-7156
-242
-10168
-2802
-15288
796
-15332
-1048
-10220
1260
-13256
7139
-5100
-7462
-6124
-2303
-8140
5909
-11216
1021
-8120
6151
-10208
2301
-9180
6411
-992
7184
-8144
-2020
-13292
10742
10292
294
-992
-760
-6924
-506
-15316
4380
-9180
-8952
-4068
2310
-7140
-2802
-8184
-4105
28
2553
-11260
-12578
-6112
-15613
-10232
-8707
-7128
-1507
-10208
5098
-15108
-4636
-12260
2051
-3852
1543
-18404
812
-9200
4113
-18428
-3618
-10188
3591
-6920
-6126
-7132
30
4
267
-3060
-4909
-14304
-7677
52
-1013
-3028
-4635
-13284
5145
-8140
-572
-4048
-4128
4124
-499
-7128
-4383
-4092
-773
-12276
-2828
-15328
2042
-16352
4361
-3864
1266
-3060
-7
-6924
759
-5892
-11760
-10240
766
-9992
6656
-6088
-5344
-12264
-3094
-17372
-1012
-5048
10220
-5116
-1529
2284
-268
-10212
-4077
-14260
2053
-9216
-4874
-15108
-3850
-2024
-8443
-11220
-2292
-3000
1014
-7124
-275
40
-3857
-6124
-265
-9176
-779
-12236
-1490
-2020
-6156
-5092
-6655
-14336
6924
-7144
-1310
-15348
-7448
-12260
8976
-976
-2792
-12256
6414
-20472
2552
-14292
-6676
1044
-2588
1024
-5
2084
2291
3100
1271
-15116
9181
-5076
12276
3112
-3080
-13312
6124
-9180
3789
-6088
5118
-10180
2815
-10216
-23
1040
-12083
-15184
3082
-4064
8196
-5080
3591
-6124
-2781
-8156
-2782
-17388
-1283
-8140
248
-7144
1800
-3052
-7910
-2028
10461
-10208
4598
-6088
3082
-22048
-1794
-964
5404
-15348
1797
-4012
1031
-7144
2310
-6120
4833
-4076
5350
-16364
5663
-1976
1260
-8188
-3081
-1968
-1009
-2036
-5913
-5088
3335
-8144
2563
-11212
-4112
-15348
2570
-7156
1513
-12040
1804
-14316
-16627
-10188
-5147
-5056
7683
-9184
-9989
-6112
-6646
-8128
-273
-13292
-2039
-7976
4122
-4068
5393
-10224
775
-14320
260
-10180
264
-13256
1770
-10192
-1756
-9192
17993
-9192
-5650
1072
-1019
-7164
2784
-17364
-4894
-11173
-7174
-6104
3062
-12036
-8715
-7140
5122
-11256
241
-7164
2049
-8156
2081
-7124
-251
-1996
3816
-4036
-3568
-6136
7928
-6124
-2050
-10196
7658
-6916
4333
-8180
5131
-2016
-4632
16
1571
-4052
-2826
-3028
-6606
-6144
-4846
2080
4367
-6128
-1326
-12048
-6126
-19420
-996
-9204
-1025
-14088
-3072
-2016
-6647
-9196
-9473
-14328
-225
-7108
-228
-10176
-7144
-17368
-1322
-6112
1268
-13296
4613
-3048
8193
3136
-7411
-5896
275
-13268
2809
-9180
-6391
-8124
-3358
-6116
-5895
-8172
6871
1048
-1762
-13280
3559
-3844
-11521
-4064
-289
-5068
4863
2096
3890
-10236
13572
-10212
-4093
-996
-2824
-5104
-1820
248
-242
-3004
-6655
-9164
-3076
-2016
-20
-14300
5864
-6060
3332
-7124
-790
-8140
-4094
-5116
3861
-11252
-9485
-6092
14830
-3052
-8200
-14308
-17
-15324
-2302
-9188
3598
-12252
7161
-12264
7669
-6120
12573
-11248
3838
7204
-2836
-5056
6159
-13260
-5657
3104
-3820
-12240
-4089
-10208
-2817
-6100
5617
-8164
8425
-988
6150
-13268
2817
-7164
-9472
-14284
-9752
-17384
-2555
-19424
8710
-11232
-218
-6128
2297
-14308
15114
-8152
-1741
4124
7467
-5892
3068
-7096
3069
-13304
-505
-8168
-1538
-16352
-1044
-6136
-1282
-4064
-8220
-13272
1555
-21476
-6972
-10156
-6886
-5116
4916
-7096
1284
-16308
-4622
-13272
4630
2064
-5872
-6132
15
-1000
-556
-2000
9475
-5104
2024
1060
3847
-7156
8440
-13284
-2823
-8184
4869
-2032
3816
-12232
-3591
-2016
249
-4084
-9701
-1996
1547
-16348
-1550
-11228
-1739
-11216
-6670
240
529
-988
-1840
-780
6391
-3864
-2311
-1020
-20
-12260
-3836
-11264
5879
-8164
-321
-9184
-5323
-4064
-2266
-4092
-15666
-8152
6380
-5104
3566
-2008
-8446
-2028
2800
-2004
-1779
-3032
6403
-18376
-4876
-14300
-7981
-8124
-7679
3108
-3840
-1988
-3561
-5072
-475
-7104
3339
-11232
-3844
2139
-1065
-4072
-7681
-6144
-7189
-11252
4095
-1992
5641
-12220
-249
-11232
-284
-6104
2299
-2836
5126
-8172
8199
-8172
-1790
-14312
-8468
-4052
-6152
-13300
-8212
-8176
9240
-11224
-7439
-6108
1015
-5088
-7383
-4056
9216
-21460
-3326
-13217
2576
-2044
526
-4064
-4598
-4068
-1809
-13232
536
-9176
-3349
-3044
11000
-10212
1046
-5920
-2060
-18384
8930
-6124
-7675
-7168
-3091
2060
243
-3024
6919
3080
-3333
-9168
-4351
56
-7925
-1000
4882
-11228
3598
-8156
7666
-12232
-1717
-5116
-1543
-9208
1017
-10232
6896
-5104
-14064
64
-3554
-4044
759
-17384
1804
-11248
-8452
-16360
790
-5040
-1300
2088
11774
-11188
3056
-6132
3557
-11248
6905
-6128
-7711
-8128
1805
-10196
-7404
-13272
-1526
-4040
-1795
-4064
9504
-4052
2042
-14308
-7444
-8188
6396
-18380
3075
-7144
-2824
-1812
-4322
-16348
5118
-16348
3039
-11228
-260
-4092
9749
-5044
8982
-12048
7943
-7120
8693
-6108
-1810
-9156
515
-968
-6653
32
4125
28
2813
-18392
2527
8
6198
-20416
1268
-8188
-259
-8156
-504
-4900
3826
-5084
9931
52
-1526
-15328
5902
2112
-3548
-10188
-1060
-6092
7444
3072
-1491
-992
7705
-14092
-789
-11024
11251
24
6925
-7140
9223
40
773
-5088
6929
4144
-1044
-9168
-1276
-4020
-7441
-14284
-9737
-15316
-1805
-16348
-3595
-14296
-1774
-16376
3343
-10212
-2782
-4048
1526
-8180
740
-3860
-509
-8128
-4361
-1008
2047
-8152
-3555
-4068
8449
-5052
1043
-3020
-2824
-6104
1524
-4060
4092
-11244
-3113
2064
1272
-5072
3346
-4056
5098
6196
5646
-5896
1768
-10212
268
-13292
-2059
-19444
3069
-17384
11501
-11244
-5600
2072
11262
-6064
1023
-18388
2829
-4048
4635
-5092
-2027
3120
2556
1064
-8209
-10188
-1822
-18396
-7173
4152
1844
-14288
2817
-988
-5389
-3048
-2558
-3844
-2040
6380
-4140
-16360
-2599
-13252
-2585
-18380
9191
-4048
7152
5136
6394
-7140
-12801
-14092
-5123
-10228
1769
-4040
5372
-8180
-3327
-5092
-4342
-13312
-2788
-1972
-764
-5092
2820
2080
-495
-12212
1541
-13272
5124
-9180
1265
-8192
-2313
-13260
1813
-4080
6439
-3060
2546
-15328
-8952
1044
-2829
-7144
3848
3124
4852
-9156
6136
-13312
-8659
-9204
6873
-17328
2804
-13308
5390
-14272
1516
-3028
9232
-12248
-1784
-11252
-3832
-968
-527
-4048
6664
-8168
4855
-11252
6118
-4048
-3037
-7144
-10777
-1016
-18482
4132
2592
-4068
4858
-8964
5160
-5080
-4875
-6128
1827
-6120
-19
-10204
8200
-15288
-5594
-7144
10746
-11244
2073
-12288
-4346
-13312
-239
-6120
-2865
-11252
5882
-7148
2577
-4088
5111
-12276
8968
-8164
-4115
-14292
-8183
-9212
-2296
-3852
1283
-9200
-1525
-8160
7458
-3848
1040
-14268
8456
-4028
-1273
-14280
-13087
2104
-3591
-21448
1782
-3016
-2564
-21436
-6131
-16328
4867
-15108
770
-17380
5365
-3072
-2535
-1004
2803
-15320
-1009
-2824
-1515
-14300
4878
-13288
-10240
-10196
-5144
-7144
4608
-4064
5836
-9192
-250
-11232
3066
-16368
-5644
-9184
-7715
5132
2343
-12036
8692
-8136
-16
-14336
-6163
-8164
763
-2044
-8217
-7116
-4360
-6136
5596
-988
-2274
-12264
9245
-992
-4614
-1000
5345
-9176
2027
-11204
-510
-3028
-5338
-5100
-731
-11208
1313
-8160
9888
-5072
4620
-9184
5398
-9180
1020
-10216
4373
-3024
8460
-17376
-1535
-11232
-1293
4112
-6622
-6116
1518
-16332
-2568
-5092
-3640
-6116
-1257
-7144
-5399
-2992
-4361
-16368
4334
-3044
-6940
-6108
-8952
-6092
4866
-8192
2567
2096
-2806
24
3877
-8168
-1771
-8168
2303
-5108
8729
-5084
770
-20420
993
-11228
-2046
-2032
-4072
-13276
3082
-5084
11286
-17380
-8
-10180
10283
-6060
-2041
-8180
-7181
-6108
807
-13272
2800
-4036
-525
-956
3056
2116
-6107
-14304
2554
-14304
-2047
-8140
7648
2112
-5398
-3048
2840
-18424
-5924
-1024
6925
32
-3581
-16340
7449
-4080
-3362
-6140
270
-11095
1540
-9164
-6412
-9184
4342
-13304
-10
-8168
-2304
-3852
1024
-972
-7417
-2024
3327
-5084
-7960
-11232
-4861
-15308
-2325
-5100
-1324
1040
-4085
-3060
1027
-13092
1283
-12228
6185
-12288
-2802
-2036
-6141
-984
-4338
-14312
-3561
-11216
4363
-17328
-7095
7212
-522
-11236
-5903
-4084
-2845
-4032
-5379
-16372
-4337
-11212
-1057
60
-10
-10208
3047
-17372
-10026
-956
-265
-8164
-2054
-8156
4603
-8140
6932
-7148
-5887
-13292
500
-9204
3596
-4012
3821
6172
4094
-9160
-2066
-8160
-1546
-11192
-515
-7124
6440
-2992
513
-14284
-7167
-5096
-4811
-9160
5903
2068
-10229
-2012
-7168
-5120
-9730
-16376
2286
-16348
-1032
-4060
-4624
-4040
516
-7152
-5383
-4044
-4612
1048
-3562
-17388
8661
-18380
1016
1084
-11019
-4048
-771
-4068
-222
-2828
250
-11220
-2845
-7148
1319
-8160
5875
-10208
1538
-13280
-2041
-17388
4871
-9176
-6653
-4048
4058
-6096
-2817
-15320
-3347
-5068
-5383
-5072
1531
-10200
-32
-9188
6913
-19416
-3048
-17400
3305
-10172
3594
20
-3349
-24268
3851
-4868
3849
-7136
-6188
-5060
-3609
5160
-8212
-4076
1317
-7136
11996
4120
-4351
-3036
1282
-6128
-265
-15300
1026
-5120
4587
-7132
-4085
-11212
-1002
-5108
7697
-12256
3069
-4056
-2063
-4044
-6630
-3040
-3855
-9180
2282
-3848
-2026
-3852
-1811
-7148
1300
-988
-2052
-3844
3084
1076
-784
-9184
267
-1988
5116
-14336
2025
-13300
748
-20440
4079
-21500
-9719
-9204
-525
-10232
1785
-11196
-8232
-14276
-2556
-16352
-4387
-6132
-1833
-12288
-9709
-8152
7976
-17156
-5111
-13072
7930
-9188
-2544
-4072
4100
-8148
-267
-8168
-3332
-17356
12551
-10172
-6896
-5104
-525
-12260
-2793
-9192
-25
-8156
-3857
-13312
-1244
-11236
-6904
244
-267
-6092
7154
-16364
8688
-5116
6659
-5904
2772
-14284
-4632
-4044
-1812
-6128
12034
-11224
-8224
-8988
12028
-10216
2811
-7136
10012
-5072
-488
9252
-536
-6940
-3587
-9192
1254
-13072
2813
2088
4118
-14312
1794
-7128
4113
-17396
-5899
-8984
-4090
-15152
1292
-7136
4867
2048
773
-18196
2815
-10196
-8204
-11248
-2831
-9192
1788
-6120
-6378
-3044
-2829
-6120
790
-9184
1003
-8152
3324
3096
4089
-11216
3034
-14304
-5363
-3024
-6896
1064
3092
-5104
1823
-7128
-1003
-3052
4826
-18412
-4066
-4064
-6137
-10212
-4340
4120
8705
-15344
-10748
6192
-4627
-4072
1296
2072
2809
-3064
-6409
-7120
-3838
-7140
1282
-7156
-2818
-6116
-4070
-7132
-1283
-7940
4907
-4076
-1024
-4076
4884
-9192
3353
-9196
-272
-988
10020
-1020
4354
-2012
10018
5148
-2527
-992
-267
-9164
-12550
-4072
4576
-9180
2579
-13072
-785
-4064
-15885
-7132
-5109
-6124
523
-10172
-10494
-13072
2326
-6940
5386
-3012
7152
-11220
-2827
9256
-1818
64
4391
-15328
5856
-5072
-2552
-13276
4596
-5092
7190
-14296
5624
-6112
-270
-10228
-8197
-2040
-5372
-13276
-1267
-4064
986
-9208
769
-12060
1785
-9176
2582
12
-483
-9176
5645
-7140
-1541
-7156
279
-6116
-507
-6096
5133
3104
7174
-16380
-2585
-13272
4341
-4052
-7683
-6136
-3326
1048
-7219
-1008
-1544
-11208
3037
-5104
-3045
1064
13555
-4888
4088
-15320
16923
-4092
-12800
-12280
-1271
-4868
3847
13348
4597
-17404
-724
-15340
4088
-3048
9189
-2044
6153
-1004
-2313
-10228
-1281
-15332
1031
-2016
9934
-9204
4086
-1008
963
-7168
-5874
-984
9248
-2008
-1274
-9208
-2
9268
-5105
-9208
4058
2060
246
-1796
-8461
-11228
9475
-5088
-11805
-14084
2558
-5084
-6647
-15296
-7146
-7140
3337
12
-7661
-6140
-6409
-6084
-774
-4868
6646
-14304
-8422
-11244
765
-13300
-236
-8164
1824
-9172
-8738
-9192
-4075
-8156
-519
-14292
25
-8152
2540
-5104
-1289
-5108
2059
-13064
-1524
-11256
2293
-19380
5880
56
-997
-7136
-3592
-5120
-3104
1252
-1559
-9172
-3324
-6108
6368
-4080
2852
-6072
-2542
-2048
-2793
56
3356
-6120
-7651
-12284
2802
-7156
489
248
-2044
-9192
1279
-7144
-4853
-15348
-11545
-6057
-3814
-12260
-751
36
6930
-11212
6138
-10156
6135
-11208
-15106
-3044
-9476
-9180
-224
-3056
7666
-11264
-8735
-6144
3345
1068
3600
-8152
1579
0
-6441
-14304
11017
-9184
-9481
-6112
-10278
-11208
1019
-10216
-533
-7160
-2599
-12240
1232
-5112
-1797
-984
3617
-1016
748
-3064
-6152
-6144
-2047
-18400
-11009
-8176
6113
-5908
-2548
-6104
9485
-2048
-12547
-3036
-3327
1096
2286
-9160
-8452
-11260
6160
-11228
5618
-11252
1788
-10200
-2807
-14324
-4836
-13284
-250
-2048
-8467
-2024
8707
-9172
-7664
-8160
1313
-2004
-1017
-7116
-3057
-13308
4614
-5084
-1533
-10196
8691
-11095
-5671
-7948
502
-3044
1567
-2016
2290
-19424
517
-7940
10505
4112
1758
-7128
515
-14308
-746
-6920
4617
-11220
-4591
-3056
9990
-13272
1787
-13260
-5402
1044
-3846
-12056
11268
-19204
-2549
-17388
5883
-13236
-5119
-12276
2537
-10216
1038
-7132
2284
-19412
-2288
-15348
-5359
-9200
5886
-5912
2041
-6120
-5634
-11208
3857
-9212
-10539
-8144
1838
-10204
-2060
-13072
6677
-6104
3054
-7148
-2297
-3048
-2052
-5076
-2829
-15340
-9474
-12048
-521
-2028
766
-6092
-6165
-3060
14056
-2028
-7435
-24308
-6394
-4092
7677
-16356
6879
-4060
1565
-20448
-8728
1044
286
-5104
-4582
-8160
-1542
-8980
-6637
-1004
-2032
-19412
6138
-12040
-3567
-7956
-3871
4348
4067
-18396
-4591
1036
-2600
-5100
-11019
-11204
-5364
-20452
-11024
-1992
999
-6108
-5101
-13308
3314
-8144
-1304
-12256
3587
-12288
761
-11032
-9968
-11260
-4109
-6120
5080
-8152
-7698
-13240
-6626
3084
-515
-6100
-4110
-4080
-5093
-9180
-4636
-7128
2296
-9136
-7430
2092
256
-10212
-273
-5084
260
-3036
-2071
-5100
2269
-17368
6626
-14092
-3338
-1012
-1541
1060
-9948
-10228
-2034
-1812
-1302
-9196
6860
-2036
1050
32
-2041
1092
2808
-7116
-1014
-6140
-1275
-9192
-4362
-10184
-760
3324
-2310
-6916
2561
-2000
-5868
-5096
-6635
-8140
1260
-7128
-281
-5072
-2562
-2040
-6927
-12276
-1830
-8164
10262
-15344
-236
-7152
-746
-11228
-4616
-6104
-8954
-11204
4901
-988
-8949
-4064
-1570
-17356
-2590
-12260
-8452
-9152
2019
-4876
-249
-8172
1534
-12252
-6144
-4088
-4350
-10224
-1246
-11256
-7175
12
7654
-9204
3040
3084
5140
-3036
9993
-8144
12791
-11256
3854
-12276
-4568
-15328
-521
-4060
1247
-1000
235
-12268
1564
-20472
-6640
-9164
-1826
-7132
-3846
-11224
8970
60
5873
-5112
-8955
-8136
-5388
-10212
-4574
-11240
1286
-4020
-5098
-20252
-1259
3092
8718
-4009
4
-10212
518
-8964
-3085
-4060
2312
-10208
-9474
-14280
-2282
-6916
-2034
-8136
-3048
-4064
1769
-12244
29
-2824
1283
-964
-5618
2080
6628
-4052
5129
-9196
7430
-11264
1789
-4880
-3818
-11240
-4088
-14332
2797
-1000
5344
2124
10759
-5892
7687
-5096
-4344
1040
-2826
-2824
-1547
-8140
3791
-7104
-277
-5056
-2065
-5120
-5377
-3040
-6920
-3028
7161
252
13058
-2016
4370
-13276
256
56
6140
-6928
-1557
-7124
1297
-8152
4143
-6120
9480
-7164
-2309
-15340
-3067
-9160
2792
-18428
5135
-8156
5635
-11220
-4868
-8144
5388
-11248
5122
12
-7972
-8132
2567
-14312
11514
-14300
2300
-7168
1299
-9192
-9739
-15328
2815
-8192
2017
-10216
251
-13252
2563
-4044
502
-8148
-11961
-16352
2543
2100
-283
-10200
2048
-15348
-240
-16364
-5638
-9140
2044
-9156
774
-6116
12538
-5044
-3856
-4048
9732
-14300
-1264
-21468
-1547
-9172
8709
-5104
-8689
-1016
11507
-9144
6146
-5088
-5081
-12244
3597
-6124
12275
-13252
-5123
-6116
8461
-8968
2782
-6124
-1771
-3028
-3295
3076
-255
-8964
5113
-12040
3545
-13236
-3827
-1016
3322
-2016
-2542
28
-720
-19436
9745
-6092
-1023
-7160
8437
-11244
-1537
-16352
-4641
-9208
1794
-13280
2843
-5116
-7712
-8156
2298
-12240
-9729
-17164
5117
-15328
-2530
-22232
-5112
-13288
-832
-10216
6412
-3048
2523
-6116
3547
-11212
-3339
-6124
4348
-11260
-3583
-12284
535
-5084
-278
-9160
8689
-11232
-6125
-8192
9455
2120
-5886
-13292
6158
-16356
-279
2096
7176
-9164
5098
-13296
-3085
-11208
5390
-9192
542
-14300
-2563
-8972
-1801
-8176
7672
-12236
-2796
-7140
-534
3112
-245
-6124
3355
4124
1541
28
-2856
-3856
784
-18432
763
-18384
5888
-11236
4890
-5100
-5367
-11208
-1297
-9180
-2791
-3052
523
-12044
-2283
-8964
7160
-18400
-3334
-14296
6897
-8152
-3363
-15308
-444
-10000
5878
9236
4077
-18388
5381
-11224
283
-10212
2780
-5904
-292
-10216
10490
-14308
1795
-8121
-4069
-19456
-4085
-11224
-6680
-15324
484
-4060
-4343
1064
-1534
-15332
-809
-16356
4140
-10212
2522
-9160
-239
-16360
5878
-9184
2555
-5116
3097
-14268
-2030
-3072
-3827
-6112
4603
-13272
1520
-3044
3334
-984
3073
20
-1276
2056
-2542
-4084
-5359
-992
3051
-9188
-4620
-10228
756
-3056
12540
-9168
-2284
-10216
3838
-16340
7455
-6916
-7907
1060
478
-5112
1761
-10228
3831
-5892
-5402
-7944
-9465
-4072
5884
-19428
1305
-19456
-5123
-7164
4088
-8152
-5108
-2836
-7682
-7160
4382
-4032
3821
-10164
-5612
-12264
-778
-17328
-799
-4048
1285
-13280
-2811
-15340
-4356
-16340
1032
-7136
1265
-14328
790
-5088
-2795
-24320
-1282
-3056
1003
-10228
1798
-13268
1800
-3064
-1299
-12260
754
-18380
1806
-12232
-5924
-5116
1571
-10232
1020
-9168
-39
-7144
-547
-2004
-7905
-4092
7926
-5092
-9505
-7128
3850
-11240
2251
-1004
4885
-20476
-260
-2016
-1545
-11232
-8148
40
778
-4064
-9702
-9184
3311
24
-7427
44
7189
-980
7456
-12232
1287
-8184
744
-4044
5145
-17372
-1795
-6112
3328
-3044
12514
244
6647
-10184
-5118
-6104
-6412
-9176
2037
-1996
-502
-17160
-5388
-19432
3058
-984
1043
-4048
2784
-1004
-32
3288
-2314
24
-2543
-984
1292
-14308
-780
-972
4635
-4052
-1279
-9180
7920
-4088
-5896
-6108
-5097
-7136
6688
-6936
-5121
-12288
2023
-1008
14347
-3056
-475
-7104
5140
-996
-2552
-13296
3070
-1812
786
-15324
-6894
-8180
3858
-6124
2585
-2040
259
68
6898
-9192
1512
-15328
-2563
1072
-9231
240
-9972
-8188
3315
-14088
4101
-11252
8699
-10212
3326
-8136
-252
-6088
-3061
-6108
-1510
3096
1277
-10204
3353
7192
-2562
-18188
6401
-7160
1014
-10224
-1545
-10200
14099
-992
-2553
-9180
-7405
-6120
-1826
7388
4081
-8188
-1777
-9172
-7143
-19424
-26
-3040
8457
-6920
2287
-10224
-4329
-3040
-511
-7128
-10758
-6108
-5636
-15300
1290
-11224
-4097
-12232
-5387
-6144
12034
-15296
-5642
12
10519
-10216
-2061
1084
-6390
4124
1282
-2036
-3054
-2008
-4413
-4072
3876
-5112
2837
-4080
-5629
-4080
6386
-8168
10008
-8176
5115
-5072
7139
-9184
254
-18380
-6399
-12052
5120
-6104
11
-984
-2256
-7096
-11935
-9200
14329
-10212
5
-9992
-2328
-10212
-5353
-7128
1540
-8132
2839
-16344
-997
-9184
-1543
-8128
-7195
-8152
-7426
-15304
11029
-2008
-16703
-16344
6663
-13225
-6356
-20232
13806
-14324
2813
-6104
-4334
-4028
510
-9180
-9474
-18372
-6915
-1016
2559
-10228
1525
-10196
-4111
40
5912
-7108
-9464
-5108
-2323
-4072
4332
-11252
-1287
-4072
-810
-9176
5868
-12256
2006
-11256
-237
-16285
11230
-10212
995
-17172
5611
-5088
-10766
-11180
-3057
-3048
-282
-7148
-3082
-4056
-4357
-3056
5364
-3008
-11540
-5100
-9698
-1796
3810
-4056
6126
-5100
-3344
-14288
-1795
-2024
-5621
-11220
3356
-2032
7207
2084
4587
-8192
-3860
-10204
-17
-9172
3110
-8148
1052
-3844
6418
-11232
8466
-12268
2297
-10216
1277
-13260
-10211
-19452
-3589
-11212
2302
-11204
2314
-5064
2065
-4080
-6884
-5056
12284
-13264
-5098
-5104
1288
-18428
-4361
-10200
2794
-4080
1791
-11260
-1040
-3072
-250
-11232
-4864
-10196
9208
-8132
-6134
-11208
1038
1072
-2782
-15320
-9457
-8164
3870
-4048
-765
16408
9999
52
-5642
-18404
-761
-3060
-11
-9204
1010
-5076
-273
-2028
-3336
-17400
2569
-1020
7397
-12276
-6431
-6116
3876
-10220
3582
-8964
-4380
-9188
-5389
-4068
4642
-11188
-8186
-17388
1545
-3048
2565
-8156
-3569
-6144
-6161
-15108
-2052
-5116
2051
-7136
-486
-10240
1274
-18412
3291
-980
-2043
-4060
-7660
-10220
7684
-3064
-3582
-1024
-11008
-14320
-10214
-10180
-6406
-6100
8440
-11236
-2335
-8140
-1587
-7156
-1024
-14308
-5
-17404
-7412
-9184
7451
-3056
3346
11276
-10522
-13300
-3815
-9992
-4104
-11020
-5136
-6120
-1273
-9180
9744
-15308
-4647
-10220
4100
-18392
3339
-15304
-8238
-16136
4873
-9192
18448
-4080
3342
-13272
261
-4080
1820
-8172
-1990
-10192
-473
5148
-17897
-1008
-6649
3128
745
-5088
2515
-10192
11272
-6108
7428
-4872
9223
-9168
-3840
48
-7706
-16372
-2801
-13264
-3587
-2008
290
4108
4086
1052
10498
-5068
-1311
-3052
-11238
-11228
-3611
28
3590
-14292
-1019
-14308
-6213
2068
7992
-5104
-1829
-8144
2802
-7152
-5356
-19436
7694
-2004
4603
-8148
3101
-5056
-12270
-1024
-8463
-1804
10503
-9192
3613
-5096
-14864
2296
-1262
-5100
-7172
-11232
5888
-5104
-8442
-8160
-788
-8136
6129
2048
-6940
-13312
501
2076
-8976
-8124
-531
-14284
-6402
32
-7673
-10208
3334
0
2097
-7156
2024
-1996
-4073
-4868
-2553
-13280
5643
-8180
-4112
-2000
-15359
-14320
6137
-2028
-13072
-9172
2571
-3048
1046
-16336
780
-1012
-3312
-14280
-210
-15348
-3110
-7112
-765
3112
2010
-7132
4865
-12272
11030
-6140
-4324
-10004
6944
-3032
-10532
48
6650
-3052
519
-3060
3821
-11216
-3842
-9180
1532
-28372
504
-8152
7174
2292
2272
-17388
7153
-4084
-5073
-9176
4559
-17384
1813
-7112
-6638
-12256
-1784
-6108
494
-12060
-7711
4100
-2799
52
-5884
-7152
-3586
1024
316
-4876
2314
3072
5366
-6096
-2021
-9172
-2323
-13268
9752
1072
-3839
-10188
-5135
-9188
8956
-11240
-7179
-5092
-5116
0
-1560
1060
1265
16
-1782
-6104
-2318
5168
5105
-13284
-7435
-5108
13823
-14296
-6165
-3052
-6112
-15108
-1021
-7144
1018
-976
-1547
-24276
8435
-7148
3589
-10236
7682
-5060
-12766
-5096
7152
1044
-1049
-15328
1005
-17404
-1320
-4084
-236
-5116
-6193
-7168
-271
-3048
-3305
-7116
8201
4344
-5826
56
28422
12
-5365
-3044
-8741
-15340
8721
-10204
5152
-9996
-3548
-11200
6137
-8160
3323
-8148
4088
2080
493
9248
-4356
-6116
5
-8164
-5879
-15352
4101
232
5615
-4084
-8159
-6112
2037
-6144
-5863
-14280
3839
3092
-8094
-7160
2543
-11208
498
16
6133
-9180
-17410
6148
-4355
-17384
-2028
-7120
2075
-14328
-10512
1048
-265
-7136
2259
-15336
-7418
-6124
2033
2048
2527
-15340
6169
-3048
-248
-10204
-9211
-1012
3595
-5896
-3088
-6100
3547
-2040
1774
-8132
-6948
-7140
-1483
2048
-6155
-11012
-8212
-3024
-27
-12240
-536
8224
1530
-18392
-12296
-9216
-5628
-6096
-4586
-8140
1023
-1004
2827
-3072
5372
-8972
-1264
-5892
3085
-6080
-783
-5112
5361
-15320
-4600
-11240
4562
-8168
-4876
-1004
-8446
-6144
2561
-6124
-2524
-5892
-4851
-5084
4846
-10212
11508
-996
-3298
-4872
-251
-23248
7437
-6088
-3101
5160
-1260
-12284
5142
-12272
5637
-11188
-9999
52
1290
-7140
761
-5116
3329
-2985
-8723
-13308
-13085
-8168
494
-10208
-1776
-13272
2051
3092
-9
-1024
-4077
-12272
-4616
-9180
-1786
-9156
-6164
-4872
3056
-11224
1783
-6076
6901
5368
-8972
-7140
6151
-7164
10504
-3040
1803
-8184
-248
-5092
-12022
-4876
-2075
-11240
10527
-5088
9726
-9212
545
-5076
498
-17384
-39
-16360
-9495
-8144
-254
-8152
2568
-9200
-2599
-2820
7654
5132
-2793
-7164
4880
-9208
10729
-4076
1266
-9200
-2075
-8980
3581
4116
-7433
-2024
-4332
-15132
1537
20
-4857
-4076
-2552
-8152
11527
-11248
3576
-15344
1770
11300
3598
-13080
-4847
-8972
-549
-7164
-1047
2296
2524
-4032
-9729
-8128
5917
-13308
782
2056
4106
-11028
6155
-16140
4115
-3032
-2841
-18408
761
-19452
-2309
-8164
-3285
-3048
7694
-11232
9206
-13284
2057
-8160
-1010
5156
5106
-6108
3099
-9140
2532
-7132
-3874
-13296
3846
-15360
247
-15112
-2810
-9164
-7916
-5060
-3591
-15348
-1787
-11208
10467
-11200
2563
-4064
-514
-6140
4320
-8152
3857
-5076
-6444
-9216
-9697
-11204
483
-4872
-10737
-3048
3
-3068
-1794
-6100
536
-12240
5117
-964
3841
-6120
4090
-8188
-3569
-7164
2310
-13080
5867
-996
-4388
-5916
719
-16352
3837
-6136
8438
-13308
247
-14332
8939
-4064
-12824
-11180
-2842
3104
-753
-13276
5133
-2044
5139
2244
-538
-8160
4094
-3060
7681
4140
-2840
-14320
1552
-11256
-506
-3068
-7159
-13308
7972
-13240
8465
-11208
1020
-15328
10
-4056
-16843
-12048
-2818
-1796
3834
-4076
-1524
-2977
-2033
-8144
8205
-13300
-2067
44
2081
-12240
-2782
-3040
-3319
-6104
12251
-10224
-230
-6100
1550
-16364
19
-20440
-1569
-9160
992
-5892
-2025
-2016
-2282
-6088
1749
11312
-1011
-13072
8419
-16136
-5359
-10188
-6439
-6128
-5407
-13264
-1314
-17384
4618
-1976
-2591
-10220
-9738
-8148
-1031
-7120
6402
4136
3349
228
2323
-2824
-8454
1040
-1034
-11224
7940
-15328
-769
-2020
-264
-9188
-8695
3076
525
-1008
2040
-16372
-4327
-10176
-775
2100
-1521
-7148
7411
-9160
7982
-4072
10217
1268
3337
4112
5365
-7168
3832
-2016
6905
-2036
-8418
-16368
2844
-15300
10234
5180
3837
-21468
-10258
-16312
6432
-13300
1521
-12240
-1034
-16368
-2033
52
-7396
-8188
1789
-8156
-12
-4040
-3318
-3852
-2619
5120
-13834
-5904
-2026
-1812
1760
-13060
-6149
-5896
-2075
-13292
-5117
-13276
3861
-13304
-767
-996
3049
