-5096
-9478
-8156
11281
-7944
-2267
-2008
8907
3148
3314
-6128
8440
-14284
-3077
-7140
4857
-3048
-1808
-9152
-5672
-9192
-2082
-13292
2301
-5108
5627
-8124
-260
-17400
-2292
-7144
-3841
3072
1788
-6112
7211
-11212
-5873
10276
-4854
-6112
-991
-4064
-5347
-7140
16393
-2000
5643
-8172
-5654
-13276
7457
-4048
-4066
-8132
1278
-1992
-507
16
9989
-16320
-5410
-8172
6635
-9188
257
-8168
7709
-12260
1802
5136
-494
-7112
-3595
-9168
8185
-4064
-2291
7416
3873
-4072
-1
-17168
-4349
-18376
-1528
-12244
240
-9144
-1803
-3052
3851
-15308
-7397
-3020
-290
-9992
-2540
-12244
6862
-4096
2546
-16364
-6940
-11240
3818
-14272
8464
-8180
2302
-13252
-4627
-9196
20
-8972
-6132
-5088
-2071
-16348
4337
-13252
-3823
4168
6661
-9180
1518
-10200
5876
-980
-248
-11212
-1014
-3036
-3076
-9208
1536
-6096
7403
-11192
-233
-6112
1028
-5092
-2296
-12288
-1556
-2012
-9198
-6112
-8463
-8140
-1272
-6104
-2521
-5072
-1015
-4872
1793
-5108
-3326
-3048
-3074
-976
5140
8
-5874
-7160
3589
-9172
2538
-2820
-4590
-4096
-5117
1048
1272
72
1552
-10180
1782
3084
6374
-5900
-5107
-9168
750
-7140
1315
-10236
1519
-15348
765
4332
3797
-10188
-799
-2024
794
3120
-3090
-3064
-1027
-13064
-753
-18416
-1822
-21480
-2061
-4088
-4906
-9204
-5885
-17384
-15099
-1816
5074
-21472
4137
-3036
-1559
1040
-4092
-6128
3066
-8152
6132
-3052
-254
-11220
-8464
-10196
-1006
-4048
-7933
-10224
-3572
10276
-9475
-13296
-5888
-2036
4102
-8136
5406
-9212
12572
-2032
-223
-9180
-4881
-14332
3883
-12232
-3854
-964
-277
-16384
-8426
-13304
6368
-8160
6428
-19204
4381
-20432
-2580
-11228
-3622
-4048
-2561
-4056
-249
-12256
5072
-16356
-6140
-12244
9777
-9192
4597
-15116
1530
-7081
-1818
-2824
-3842
-12288
2036
-5096
-7432
-11232
5384
-12208
-5105
4
1034
-12264
-2582
-20456
6911
236
-3055
-2848
-8974
-10208
15369
-10228
-235
-4084
-5915
-13288
-3844
-7112
2303
-8160
-4138
-12228
-7948
-4892
261
-13288
-4343
-9208
7166
-7132
-1025
-12220
4119
-14292
6948
32
-1799
-13308
-2808
1072
-9986
-7148
-516
-14300
-5390
-9180
-5131
7400
2580
-4072
-5122
-13296
4343
-3052
-6898
-4048
6127
-11240
1285
-8168
217
-16380
4623
-4072
-3812
-3044
6117
-3020
2786
-10204
7930
-9188
-6157
-7140
2309
-9176
-2577
-19412
4861
-8156
1030
-16336
9988
-11236
-2856
-16376
9272
-4068
7656
-8188
-3844
-4868
3583
-5072
519
-2024
-1046
-4064
-7931
-8156
8708
-7108
3581
-4044
-1309
-5092
758
2088
10527
-9204
-735
-4060
-745
-13260
9182
-6076
7968
-11244
2773
-13232
-8753
-21496
8232
-10176
-1294
-15332
-13318
-16368
-9258
-15308
3074
-8160
-2327
-6136
-755
-12256
-2278
-10236
11009
-2824
2565
-12244
3092
-12264
4103
-980
2261
-11188
2018
-6124
-8191
-9192
2303
1044
1600
-5068
-1773
-18412
3563
40
6617
-9200
7159
-1000
-4596
-14245
4315
-9168
4120
1092
282
-21252
6123
-9184
-1022
-8128
1513
-7092
6419
-11216
-12530
-9176
3572
-5036
-4599
-8992
7187
-7112
-1327
-14272
3076
-16360
3336
4128
-3824
-3008
6181
-4036
1055
-2024
-6431
-11224
-249
-2016
3326
-976
-3330
-16372
1247
-13276
3869
-9172
-1538
-11208
7159
-5076
6398
-26316
5922
-13284
-4076
-7140
6169
-5076
7934
-15360
6459
-17360
-2328
-8168
6395
36
-8728
-6116
1816
-11212
3813
-13292
6384
1272
-31
-6120
-11236
-8192
3035
-4880
2287
-3040
-1770
-8160
-10485
6152
4114
-14332
1290
-16140
7187
-14292
-2014
-4076
-4091
244
-9464
-1020
-9973
-11240
-6418
-15324
-3570
2080
8164
-2020
-16403
-15308
-10998
-3040
-10996
-6084
-9484
-5076
1005
-5104
-5622
-6084
1791
-7156
509
68
765
-11264
3574
-6116
-1494
-6120
2802
2296
6931
-16364
2309
-20448
-3344
-4020
-2545
-1964
4104
-8164
4349
-6116
2822
2116
7169
28
502
-8148
5382
-5892
-5651
-2000
-2823
4108
2330
-7124
4875
-11240
-3593
-4044
1290
-8160
7684
-1000
-3822
-6124
-6929
-17392
5100
-17164
-4604
-12256
5150
-10164
284
-11248
-3882
-15332
2294
-2016
-11508
-8180
8207
-15320
504
-7132
5913
2096
1790
-10168
6678
-14324
-4354
2064
-7650
40
6363
28440
3087
-8180
-9513
-11228
-1783
-9184
2822
4128
3325
-14312
-3320
-3024
2564
6176
-278
-2044
4858
-15356
-5622
-11236
5885
-7124
-1795
-18416
3109
-23248
-5143
-1012
1276
-4012
5643
5140
-234
-5084
-2565
-6088
-514
-10196
-4345
-8124
5140
-2004
-3321
-4060
-9186
-10228
1750
11272
1573
6156
-17
-12248
8153
-1996
-6872
-2020
3552
-1972
-4856
-12268
5627
1024
1318
-5072
-5112
-20472
6644
-23272
-13562
-9200
10246
-5092
3065
-10216
7721
5152
-759
-11200
6669
-10224
6422
-16368
-1280
-5092
4576
-2024
4320
-6124
-10221
-6124
-3523
-9188
-3075
-5076
14342
-8176
8203
-11208
3581
-5072
789
-7092
2267
-4096
-12556
-3036
-3360
-5092
20494
-2024
-2859
-6104
4128
-5896
5918
-1984
-1322
-2040
-284
-980
-5609
-10196
7136
-13268
12779
-9188
-9486
-7952
-1279
-10153
-2807
-11224
2531
-5064
-786
-9216
-7177
-8188
-6139
-12036
7170
-16348
8204
-5048
13
-12244
14071
40
2325
-13232
5896
-16372
-3336
-6136
5152
10248
1540
-11192
19
-10184
-2563
-7152
-4359
-10180
-4586
-6076
-10735
24
-1790
-13308
2556
-7160
-3577
-1004
-5633
-13296
-15865
68
1776
-12240
-6632
-3048
-3121
-13232
5874
-9188
-21
-5056
-2563
-19400
7227
-13280
7428
-12177
2322
-5092
6382
-7120
-2307
-772
8958
3124
268
1024
-1258
-6136
-2298
-8164
-6911
2076
4325
-10192
-508
-7108
-6137
-12252
1014
-6053
-1022
-2032
7177
-4092
4107
-3856
-3589
-13304
7385
-3068
-5685
-11216
-7657
-3032
-3325
6164
-218
-11204
-2564
-5116
6657
-11216
7963
-933
-1520
-5072
-6410
-16273
2319
-13248
3841
-11228
1293
-9216
513
-12268
4360
-7148
-1015
-3028
59
-17348
-3865
-10212
-6388
-6112
3834
-3044
4563
1072
-4062
48
776
-5896
-1018
2060
-2038
-12224
7919
-4076
4613
1036
-528
-10224
9479
-12216
5645
-10220
-3302
-9144
-6694
-12252
3068
-17340
-785
-5120
5088
-7136
506
-9216
-2074
-16348
2030
-8136
7398
-16376
2068
-2028
2584
-13268
-6663
-8160
-779
2060
-3296
-13256
-4118
-15316
5380
-20432
257
-10224
-6190
1060
-10248
-11232
4379
-15312
5619
-13244
-4112
-5112
2559
-7168
3865
-4068
3069
-14324
-999
-15316
4063
-5104
-3062
-16320
7698
-4048
2593
-10220
7128
-16380
-4328
-1976
7928
-11204
-269
-12248
12520
-14304
-6902
-14276
4120
-5100
260
-13264
3585
-1992
4102
-19436
11520
-12248
-1021
-14320
-4
-13068
-1522
-20440
-5629
-1988
2333
-13276
2810
-10212
-530
-10220
-530
-4032
8487
-9996
5376
-12268
9239
-9216
4350
-6116
-6134
-16344
-2577
-6096
-4838
-5096
7402
-2000
6646
-4032
3581
-13272
-2587
-19424
8695
-18384
-289
-14264
-7664
-7124
5595
-5080
757
-17340
9236
-17376
-788
-3848
-8191
-1008
1787
-13300
231
-4080
4096
-4048
-10765
-5076
5626
-3032
7182
-6132
-14
-10240
-1517
-9208
-1271
-5060
3575
-12260
-2070
-18396
1807
-8140
-531
-15344
-13035
1056
6912
-5092
3537
-5104
-2823
-4040
-4308
-20432
-3074
-7148
2268
-8156
2559
-14324
-7915
-17176
2564
-23240
7162
-17352
-478
-11232
1757
-11224
-6385
-7128
-8446
-7073
2562
-12224
-2022
1068
-756
-11240
-4597
-10153
-496
-5080
-4866
-15344
8923
-13304
-2803
-7160
5122
-11256
-19
-7096
10764
3108
6905
-9188
-1537
-8168
20
-4868
-9704
1072
1243
-6104
8988
-8152
-225
-10236
-3590
-10192
2
-9164
-2331
-3056
789
-13284
194
-992
-791
-5104
-288
-5896
-761
-1796
-3054
-2004
17399
-12036
2551
-6104
6649
-9144
14617
-9148
13335
-8968
12799
-11240
1526
-6120
-7
-3848
1807
-940
10012
-17372
-4622
3128
-5381
-5092
3559
-2820
5107
-7128
8725
-8097
-4128
-10228
-21231
-14308
8936
-1992
-4067
-9192
-984
-4068
11523
-8140
-1510
-13292
-6650
-14328
-1810
-10224
9192
-21448
2361
-7104
-2842
-12268
9502
-13256
4651
-15360
5062
-6096
-6909
-9196
5893
-4044
-489
-14296
-4
-2032
1551
-9184
-1836
-1820
2076
-8988
-5389
-3032
-4890
-12036
-7702
-15356
5629
-10224
-1272
-7948
2790
-8148
-24
-6100
-3875
-8184
7694
-13284
1281
-16384
-7444
-13288
8209
-10176
-1796
4128
774
-6116
-1284
-3072
2816
-8188
-4126
-6116
3316
-8152
-2267
-14284
6164
-5092
-6368
-7136
-2553
-12216
-5619
-3844
-5149
-8188
4672
24
1806
-11240
238
-10004
3311
-9188
-6424
-6968
5118
-8168
-4365
-11232
2610
-4040
-4852
-4072
1017
-7144
5385
-15304
-1306
-992
-3088
52
-6394
-1992
-2309
-8168
-8399
-5892
1036
-996
3550
-16360
-2554
-4032
766
-9160
-1558
-4092
501
-8144
-7180
-3044
517
-2016
5141
-12260
6652
-5068
3572
-5096
52
-8152
-2563
-11212
1804
-12240
3854
-6120
-1528
-11256
-557
-9180
-19262
-996
15850
-9164
-9186
-8148
-1285
-4056
9696
-6144
-547
-11200
-2548
-8172
-5640
-10180
2339
1040
-7212
-7132
-3602
-956
-1506
-17376
484
-5080
3567
-16332
1003
-17404
-2080
-3056
4078
24
-4599
-1996
-5143
-13256
6889
-10212
-5870
-2012
-7686
4160
-1044
-11260
-7179
-12216
1552
-8152
4112
-8168
6381
4
-6398
3092
1024
-3844
-5386
-6140
-5370
1256
-6404
-11212
-6405
-6128
-2836
-8188
1786
-4072
-1274
-992
6924
-5108
-5330
3088
1530
-17313
-518
-7944
4842
-14296
3307
5360
779
-7144
-7412
-2032
-2302
-11240
-10276
5152
-6411
-7140
4611
-16360
4601
-7128
-762
-2004
-4829
-8132
2026
-12264
1556
-7120
2595
-6144
-3593
-7100
-1759
3120
-779
-9188
7147
-7156
-5584
-6956
1797
-9184
7177
-996
3087
-4868
-3022
24
1286
-10016
1276
-13260
3085
-11228
7695
-13292
-2290
-11200
-4116
-16356
-1034
1028
749
-10184
2008
4340
-2817
-7944
-5090
-6124
-786
-7104
2298
-12264
9258
-13312
-1026
248
2061
-7124
758
-12244
-5895
-2028
6430
-21464
-516
-10208
1283
-7136
3563
-9192
2052
-13068
2049
-15320
-2287
-3016
-16
-4076
-7418
-7136
-497
-6084
1532
-14320
-6151
-12288
7167
-15360
766
-16316
-1799
1064
2278
-7128
-11300
-11232
-7136
-11252
-1303
-10188
2529
-10232
5632
-17400
8430
-2044
5123
-7952
-4346
64
-1037
-12264
3876
-10200
-2558
4136
-2059
-4092
5146
-11256
1075
-4052
-10760
-9129
5581
-13284
14
-18400
1556
-10028
-1556
-9988
-1264
-6100
2335
-5112
5398
-8132
-1814
-11028
5638
-792
-245
-5108
-11780
-1000
-3101
-9168
7176
-6112
8195
-9996
-11521
-10196
-3106
-6100
29
-9208
-481
-7164
7407
-3028
-1055
-8128
-1580
-15304
-5679
-9156
-4886
-5060
3841
-8168
2537
-11240
1287
-14276
-5606
-12204
6887
-11012
-10218
-4040
-6137
-4052
2789
-10240
-14
-16352
2299
-3048
7426
-4088
273
-18360
1041
-9176
16160
-4024
2341
-12260
-1044
-8160
-10721
-6116
1221
-11208
-769
3136
-7935
-13252
2559
1068
3594
-9164
3861
-9188
-9236
-11204
-4128
-7069
-2280
-5084
-3570
-3012
11267
-9192
-5101
-6132
2293
-2828
-6382
-12036
-7182
-7120
-1826
-8164
3058
6172
734
-10180
3581
-5092
521
-956
-503
-16352
3077
-15316
3321
-9996
22
-9208
-1265
-14288
-6398
-6136
4639
5152
4584
-23256
5124
-10220
-8198
-11252
-7426
-14300
768
-1012
-4612
-1996
2544
-7140
2308
-9164
-1025
-5092
1026
-8964
-2625
-14272
-9984
-11192
764
-3004
-1783
-10212
-2014
-780
7649
-17388
3072
-5080
-11251
-1008
-2821
-3016
10257
-3860
-2042
-12256
1552
5368
-2592
-8120
-8207
6148
2284
7196
-3816
-2024
4341
-4096
3347
-6136
-6921
-12268
3333
-1004
510
-9204
-3075
-4048
4133
3108
3868
-10200
-1045
-12276
1281
-13260
-7165
2048
9997
-6112
3797
-1008
3076
-12288
-5662
-13080
1008
-10200
4842
-7116
-8931
-7160
2835
-12244
-12281
-10153
-1268
-17392
5369
4336
3294
-12228
-2554
-9192
-1039
-21460
2560
-10196
5872
-16372
-2034
-6144
-2562
36
-1294
1060
-2024
-10212
7149
-1008
-277
-2044
3338
-2004
-6155
-17376
-7145
-3020
-4063
-14304
4868
-8976
733
-12236
2577
-3044
-1078
-9160
-2057
-5060
2300
36
-2797
5172
266
-9212
6
-2036
-9494
-7104
-7915
-7140
7891
-9200
-1790
-8152
265
-12236
1258
-3864
6686
-9192
-4386
-14272
-4623
5196
1765
5168
-3357
-6092
8208
-3016
45
-17356
1556
48
1834
9256
-8473
-9148
6132
-10208
8479
-1008
1533
-2032
3324
-5060
-10236
-13268
1546
-12272
4888
-8180
-2516
-11028
-7417
-12284
1538
-16328
-2049
-4076
6929
-3052
-4131
-5096
-12042
-7144
517
-3844
-19
-7164
1529
-10224
6168
-14312
1312
-6112
-5411
-5120
5638
-2012
-8702
-12260
10737
3084
-1042
-5964
6143
-3028
-241
-6096
-1773
5192
-5371
-13064
-269
-4068
-6129
3124
6919
-5100
12043
-9988
-4103
-13276
5912
-14320
1547
-7160
-3321
-10220
-244
-8188
3079
-12256
-251
-1012
-3820
-7136
-2577
-8152
-9218
-5104
6199
-10220
-245
-14324
1778
-12248
3810
-7140
-2321
-13284
2295
-9176
-1558
-5096
4317
-1992
770
-10196
-274
-12212
509
-3016
4337
-7152
-3081
-7164
-5885
-12040
-5165
-7144
-3811
-5096
-7715
-6132
-2046
-10208
7656
-9152
504
-3064
-728
-5100
2827
3080
6395
-14288
4902
-4044
-993
-7100
3072
1044
3871
-2004
-6126
2096
1275
2048
494
-6108
-7399
3088
-1021
-9192
524
-6924
5620
-5904
2539
64
10780
-22268
7427
-10220
-2588
8224
2086
-16336
801
-12208
-5145
-10196
11537
-14312
-279
-16332
-6914
-10216
-10762
-17156
4840
-3044
-5378
-7160
-3578
-12268
750
-11220
-2052
1048
-776
-16352
-11799
-8140
7649
-12272
3849
-9176
10275
-10008
2824
-7152
5122
-11252
1772
-9192
-3616
-7132
-11549
-984
-24461
-11240
-10447
-9176
1791
-14332
6147
-12228
794
-12052
3286
-11216
-4846
-964
6403
-9168
4875
-2036
-2344
-16348
9231
-17352
3563
-6128
8699
-5076
-2025
-11220
10493
-1004
-5096
-964
-4332
-8160
-4085
-24300
-1032
-8156
6117
-9996
-250
-15348
-7687
-7160
1787
14380
6649
-3040
3083
-10184
2799
-19412
-4862
-7140
-6154
-13236
-452
-8132
5663
-5080
-3829
-16376
2570
-9168
-520
-17396
-4848
-11240
1519
3108
-9199
-10200
-3089
-3848
-7675
-7108
1068
-11196
-6904
-15304
-486
-15336
-811
-10224
747
-1972
3586
-8180
-5881
3072
-3081
-5912
9992
-7152
2522
-12232
-6444
-6104
-245
-13268
9441
-5104
-4103
-10228
4111
-9196
1029
2084
-5889
3104
6629
9228
-4882
-9192
8940
-4080
2053
-11208
3597
240
3848
-10228
-8675
-5104
5603
-12264
1283
-8184
1752
-4044
-5653
-2036
-3566
2068
1796
-5896
19185
-11260
6416
56
10515
-12260
-2052
-6112
3851
-11224
6156
-10228
-7704
-13288
797
-15352
6395
-11240
-1516
-14304
8444
-3044
-1278
-1024
-3595
-4060
-487
-17408
1034
-13280
5905
-14288
-2823
-3052
-3829
-12252
-982
-11244
-2333
-4072
-2570
-7132
-1033
-8168
-7183
-20464
7188
-16328
-547
-7152
2530
-5120
1248
-14320
2301
-5892
1515
-15360
2047
-10184
-7179
-5056
-2087
20
-8187
-7160
-3591
-13296
-1314
-12264
2534
-13256
-6159
-7164
-3580
-12268
-3568
-12272
2811
-8101
36
-3052
3323
6164
5617
-10220
-1523
-11216
10723
-6092
-9723
-11212
6620
-3044
768
-3024
3309
-13276
7194
-11244
1048
-13300
220
-19448
13043
4108
-8508
-9188
-8945
-2848
5624
6172
2015
-2036
-6670
-4060
9244
-21448
-1261
-6100
2815
-8132
810
-13260
-2055
-8148
779
1024
-1008
-4056
-5147
-11161
-287
-4036
-8707
1060
-3325
-11228
1802
-12244
279
-11224
-1772
-1992
2839
-6928
4111
-4068
-1237
-2024
-2553
-6108
274
4112
2334
-13276
1508
-9208
1272
13324
-2836
8220
3067
-7124
463
-11260
-2811
-13272
4135
-13280
-9756
-12048
4861
20
4349
-10192
505
-14292
11526
-9164
9983
-5116
-8426
2084
1803
-4080
-2052
3108
767
-11240
7723
-5088
3070
-9168
262
-13264
-1293
-6116
-1518
-10200
7926
-8172
-7415
-2024
-8710
-11212
525
-3064
5138
-11224
-754
-19424
-274
1052
8688
-14292
-3077
-15348
-4902
-11236
9997
-6124
-4584
-11212
-4093
-9200
5609
8
532
-7136
6432
-2032
1552
-12272
-478
-5892
4334
-7152
5643
48
-11499
-15340
4117
4136
-513
1264
8445
-13312
7166
-5068
2583
-804
3820
-10200
-4094
-7152
6391
-9204
1806
-11252
7192
-23244
1025
-3064
-245
-5908
-12
-8184
1275
-8128
-1284
-9184
13542
1052
3101
-4040
2270
-3004
6888
1028
-2581
-18396
4602
-12036
6896
2048
-5357
-3020
-2276
-5068
4087
-6140
-1774
-8148
2522
-11256
-11515
-1000
234
-1808
10757
-17376
3602
-2024
741
-10200
-37
-3044
7177
3084
-6156
-3024
5887
3108
6416
-2004
-2812
-2032
-4346
-11256
7680
-9184
-8947
240
7205
-6116
5906
-16356
1803
-13252
-1508
-8180
-1259
-4096
-8221
-5108
514
-3040
-796
-10012
790
-9200
-3832
-8176
505
3320
5871
-10200
-8461
-1020
4049
-5072
6137
-13264
-3078
-3032
5348
-6136
3056
4164
5412
-2040
-6906
-8164
6433
-3040
1016
3076
16148
-6128
-12289
-9156
-8183
-7096
-821
-13288
-9755
-8140
3029
-11216
-3585
28
-5657
-5108
-5615
-10180
12
-4036
-4348
-3848
-4352
-3052
9728
232
-4602
-6068
5344
1044
2562
-12240
-1529
-10180
-7923
-4084
9463
-7132
-2807
-1012
8443
-9208
-3346
-9160
2314
-8148
13830
-7164
6662
-9180
2807
-6100
7125
-12256
5349
4344
4582
-3048
-8724
-6104
-8657
-10208
517
-9196
3334
-2032
-15
-7128
8966
-3012
-265
-13292
-2071
-2016
-505
2052
7134
-10196
4077
-9212
10510
1048
5660
-3064
-2541
-9168
7426
-7152
-1799
-16144
990
-6108
8220
-968
-6407
-7132
8451
-1812
2817
-996
-2548
-3032
5390
3080
8726
-12044
-6877
-10220
-6916
-14328
4574
-11224
-4331
-7148
-3592
-3848
3339
-14296
-9191
-10188
1840
-14328
2077
-15344
-2847
-15352
4342
-17380
-1032
-8968
-11729
-5072
-6677
-8160
4082
-12048
3565
-8180
-4634
-9196
1273
-7128
5096
-3012
-3570
-9176
8217
-3044
2067
-7124
2036
-7156
-1280
8224
-4861
-948
216
-8128
-5625
-4868
-1517
-13256
-3844
-8192
-1482
-4060
1247
-7144
-1548
-7156
-5340
32
2554
-12276
3077
3092
6168
-11260
506
-12220
-4609
-14332
2549
-7152
-1037
-11224
8675
-13292
1546
-3856
9755
-8192
16
-6100
11531
-15316
-506
-13284
5365
-7152
-1303
-984
6395
-7964
7213
1260
-2552
-10236
-6945
-5096
-1279
8432
776
-6140
-8190
12
-4380
-10168
-6648
-3072
15413
-9176
-5142
-772
-1520
-5088
-7141
-1004
3590
-7112
-3590
-5072
4090
4112
3344
-9196
-13298
48
-7951
-7124
-2592
-6076
557
-15332
-5871
-5116
5395
-1008
-5879
4120
4607
-5096
-3351
-20476
-2049
-3012
2873
-7944
262
-16364
6392
248
-245
-7148
-4118
-9176
2310
-7148
-538
-7148
-8711
-12260
-563
12
-1276
-16376
-3340
-10240
-25
-7952
1538
-14336
2320
-18388
5349
-1976
5369
-11224
-4337
-4064
1565
-4092
-4872
-2004
2553
-7136
-1770
6192
-3348
1056
1045
-6108
-5146
-5072
772
-3020
12796
3320
-2306
1044
5413
-4088
2525
-7144
-12777
-6116
-2829
2064
7437
1044
-4068
-992
-6152
7208
1317
-21456
-6696
-5064
1521
-15324
-8979
-9140
-5438
4104
1050
-5104
2063
-2032
9979
-3036
1789
-11244
7429
-7160
4617
-7136
-498
-13268
7948
-2004
-4117
-6124
-8477
-9148
-5128
-15280
-1027
-6916
-1533
-6128
3087
-10220
2039
-15276
-265
3100
-8718
-10204
-4378
-3024
9992
-5080
2594
-5896
4377
-5120
7655
-11260
3855
-7144
2037
-13272
-796
-10004
-5900
-3048
1581
-6112
7126
-3068
-4089
-5900
-2335
-18376
-3332
-8192
-6146
-10236
3570
-784
3563
-14280
3800
-5092
1552
-13304
-513
-8188
3357
-16356
-5641
-10224
-2591
-6136
-776
-12288
-271
-15120
6154
-12284
-4346
-4080
1031
-12284
-6901
-7108
234
-4068
6415
-9188
-23
-1000
-2815
-10216
473
-21492
-1842
-5076
-5413
-12228
-3821
-10220
-1524
-10180
4322
-1984
-32
-2040
-1741
-13280
-2050
-10212
1533
-12224
-1007
-13284
-8186
-26360
3319
-2032
7425
-7148
-12526
-3024
1592
-9196
-12313
3084
-6901
-6144
6144
-4076
-6421
-1012
-3111
-10212
-3851
-16380
1053
-6132
-3080
-15124
4334
1048
8191
-12268
793
-12272
6427
-13284
-4101
2068
-2574
-12264
1758
-16348
-5354
-12260
3083
-988
-3058
-7144
-5647
2096
-11761
-6920
-5921
56
-1311
-7112
1832
-13308
-5414
-3064
4348
-2020
-2571
-10212
2567
-11240
-2322
6184
-7930
-11240
8978
-14320
2314
-3852
-2
-9196
1509
-19428
-2598
-10228
3617
-8968
-751
-17384
7418
-16328
1519
-2036
4563
-12256
-273
-18404
-2063
-2828
3093
-14308
6914
-16356
-5621
2092
-6134
-2028
772
-6100
-5139
-7140
-2059
-2028
-7219
-12260
2290
-14304
-9229
-11248
17944
1036
-7152
-5108
-4073
-7116
2038
-8176
-516
-11256
11241
-6920
-3055
-9140
15100
-1016
72
-10000
1046
40
-31802
-2828
-2090
-3844
5925
3084
-1005
-7136
8449
-1024
2028
-11236
-1033
-1976
1784
-7112
4599
-8192
250
-9188
5150
-2024
-297
3108
2814
-6108
3846
16
5589
-12244
-2104
-9180
-6682
-1004
3078
-1004
3352
12
-5617
-4088
4113
-11244
-4822
-14304
966
-9208
-7456
-11208
7465
-6140
-2324
-13284
-9723
-7128
5125
-4064
-7707
-2028
-8458
-6124
4108
-3032
6906
-2004
-4640
-5092
-8687
-7148
-6388
-3048
4064
-976
3106
-11216
5918
-7120
5098
-6116
-3303
-17396
-5907
-3064
-2814
-12244
3599
-7136
-996
-5108
2801
-13096
-6166
-8156
-13281
-8156
-533
-6100
1778
-8148
1501
-6116
-2293
-5900
2320
2080
5894
-19440
-9966
-9184
-5670
-15336
-5
-8176
997
-4080
-3836
-7164
3584
-16364
-520
-3040
-3358
-10168
2066
-6132
2559
-3032
1278
-19412
3858
-14284
7400
-8188
2076
-2004
-6659
-3012
4569
-9996
-6119
-6120
2073
-3048
238
3316
-3862
-7120
-6392
-6124
9503
-8176
5105
-6112
2567
-8172
784
-1016
3791
-10208
-5878
-2012
-10020
-2024
-4654
-14316
-7942
-13292
12535
-6116
-750
-8152
-3840
-4068
7184
-10168
-5141
-8192
-5645
-11228
4120
-12280
-6892
-5072
-1281
-17364
-4601
-4080
2570
-3852
4884
-14296
-4074
-8188
4637
-5920
4092
-2000
-540
-5080
1042
3088
-2042
-988
1523
-7140
-1266
-8168
5138
-6100
-2519
1048
-796
-7104
4600
-11012
-1312
-2016
-3340
-4096
5101
-10240
1286
-5048
-3364
3116
-3336
-4080
-4058
-14316
-226
-14336
5104
-13256
-5650
-7972
-6131
-12240
9458
-8176
-1012
-3056
7466
20
814
-9180
3079
-972
-6394
-3044
-519
-6112
5129
-15352
-8682
-15348
6914
-6124
1260
-7120
-7930
-1988
1777
-8172
12046
-14304
-5636
-6080
-5637
-7156
-2563
-4056
-1504
-8136
-10280
-9192
-1001
-2020
5360
-4068
3552
-3012
-514
-9208
-2544
-6136
-3068
-15316
-5133
-5116
1544
-10236
-1009
3096
5649
-16384
6142
-6112
7468
-13268
-8696
-1016
8194
-11016
721
-11236
-9525
-2020
-2823
-13280
1295
-15332
-11540
-16380
1527
-1996
2298
2072
3584
252
-4852
-7140
6387
-5104
-7444
-11216
4834
-7168
6911
-11236
11002
-4880
3074
-14332
4111
-3044
5122
-18341
-1283
-4048
-5
-13252
1268
-7148
-4349
-4064
-3060
-8164
-9967
-3048
-6884
-4092
2066
-6124
-5362
-2828
-4837
-7104
6686
5128
-726
-9188
-11549
12
-3597
7192
4108
-3068
19996
-12264
-4844
-8180
2048
1276
6379
-5092
4902
-8105
3106
-3044
12560
-6128
-5173
-14272
3094
-15328
-2574
-16324
2057
-2020
-12525
-1016
-2844
-3036
9463
-8152
4608
-5096
4
-2020
-1281
2100
-5650
-2024
1016
-2040
4371
5372
-4890
-7120
5363
-7944
-7169
-16340
1757
-10176
-14061
-15348
-10731
-5104
2568
-992
2564
-4052
-1550
-10141
4092
5120
-287
-11264
-7458
-2036
1352
-15328
4091
-8152
-2289
-7144
-258
-3068
245
-14300
9999
-3056
986
-4072
6407
1028
-2288
-6108
4372
-15300
8980
-3072
11244
-6128
-1516
-6124
-3567
-772
8714
5128
-1029
-9204
-9226
-9200
-17935
2048
-17403
-4032
1264
-5092
-1498
4108
-1528
-11224
528
-780
8492
-11264
5887
10256
-2307
-13312
6179
-9188
11802
-7124
3822
-2036
7419
-19412
-11798
-15116
-3071
-9180
1295
-9192
-1790
-5908
-3849
-12272
-2832
2104
1298
-15340
15103
-2040
-11774
-16132
1551
-6108
-11251
-8148
-6113
-4060
-2529
-10224
-3321
-992
6400
-12220
2798
-14300
16103
-8156
-506
-8176
10511
-4096
-2271
-13292
6123
12
-756
-4080
13065
-10208
-2571
-13284
-4
-6108
-1044
-4052
2306
-6140
-6902
-9204
5860
-7120
-1815
-11260
-7419
-4064
5385
-7132
-3586
1052
-3576
-11208
-222
12332
-532
-6116
8431
-11236
-9480
-17376
757
-10196
6438
-17376
3068
-5108
-5873
16
-1485
-8168
265
-8136
-2061
-6092
-1055
-6112
-1014
-1020
-1013
-964
1250
-6124
3094
-1996
-259
-8140
535
-6112
-3576
-16368
1016
-11208
-6125
-10228
-239
-10208
-6157
-4060
4611
-13276
-2270
-5104
1795
-3056
-6663
-15324
5402
2072
-2312
-10000
2305
3120
5368
-2024
-247
-9988
-5127
-5092
3846
4
10472
-13072
3337
-6928
1012
20
-11007
-12240
-1028
-16344
-11524
-9144
8440
4
-2045
-9168
6424
-5120
11020
-5096
6682
-3860
-10255
-9180
3075
-6096
2516
-6116
-804
-5072
1784
-11016
-782
-9200
2286
-17356
8
-12264
3550
-4056
-522
-1004
7412
-11252
-3619
-792
1533
-22196
3848
-13256
-11775
-4084
9237
-2020
2289
8
-11727
-10220
1548
-12284
6132
-6108
11306
-12256
5332
2088
-7932
-8140
-7191
-5900
4837
-10216
5852
-17396
-4866
-2820
1012
-15320
4629
-11232
3074
-5120
-9211
-776
1523
-6100
1032
-10232
-1301
-3060
2307
-3036
-1772
48
3062
-6132
3810
-5096
2314
-5904
6870
-8964
-5846
-4052
1535
-992
-1770
-16312
8191
-17156
-2314
-1796
4362
-3056
-7702
-11232
6868
-7152
789
-10208
-5662
-15332
-1277
-10212
9440
-6104
-4614
-17364
2809
-12224
772
-7104
3047
-10240
-531
-12252
-7138
-7168
-5660
-1796
-4865
36
798
56
-1537
-5112
6406
-13300
-1018
-13260
2848
-9204
-505
7172
-3098
-7144
1772
-5104
11030
56
2083
-12272
6118
-6108
-485
-20480
-6160
-15316
508
-4024
1271
1040
-750
36
11756
-8172
8244
-7073
5095
-9180
3856
2092
3612
-5064
7192
-10180
-2036
-8172
213
-17344
-1227
-6132
4345
1076
-4156
-996
-4580
-980
1240
-7140
-8189
-11248
7129
-16364
-5107
-6108
5391
-10212
7670
-11228
-2795
-2040
-512
-1016
-5624
-5096
-8202
-15336
7396
-5080
-13033
-3044
-2590
-11204
5369
-14292
509
-2856
-4864
-5096
6375
-14312
5145
-11196
-5392
1052
-3098
-8188
-7464
-4068
3854
-7144
1553
-6100
526
-1008
5667
-13272
2769
-9172
-3593
-6112
-9450
-8160
5359
-8136
3818
-8140
-9937
-13292
2049
