-7128
-496
-17396
-8965
-8168
-7444
-13288
-1522
-15360
1520
48
-279
-2032
-1514
-10204
5109
-14320
1575
-3048
-1793
-3012
6644
-5120
4873
-996
-1018
-4068
-7671
-3028
-9466
-8176
-6928
-4080
-2060
-5076
-11026
-12284
-6899
-3844
1013
-780
-5615
-8176
7964
-8980
795
-3060
11045
-16368
1569
-6112
-4597
1044
1789
-5064
-1775
-14308
7188
2084
5114
-13292
11500
-3036
-7648
-6112
-552
-1808
-4351
-11252
19
40
-2590
-8128
-251
-14280
5879
-10208
-5120
-2016
5110
-17176
4109
1268
3027
-8164
2020
-16356
-2787
-5092
274
-5892
488
9232
-2843
-11244
1031
-7120
1560
-5072
2594
4136
-26
-1000
6658
-9192
5864
-10224
-1030
-6120
5393
-4028
11285
-19369
2543
7228
-2339
-16332
-1000
-9176
1527
-13256
1037
-13292
1269
-12280
7169
-4088
-3815
-10204
-3543
-12248
-8441
-10204
6398
-8180
-1539
1064
-4299
-7088
6421
-16360
6877
-11216
1793
-12036
6142
-16328
-4346
-5120
-2062
-7120
-3330
3116
5911
-21460
3872
-7132
-4354
-6112
-2561
-12260
2826
-5084
6397
-4096
3574
-17384
1769
-11236
-237
-4072
-1315
-14304
1285
-13256
4613
-9176
8685
-15308
2307
1068
2599
-8152
-4105
-17396
8176
-12244
-11283
-11228
795
-8148
2327
52
-1776
8236
-979
-4024
-2032
2076
-2329
-9188
-2016
-3036
1816
4332
3601
-13300
1545
-6116
1798
-11252
-3592
2048
-2329
-12228
4103
-7156
2082
-5072
-267
-8140
-8416
-7112
-2843
-3072
1531
-15296
4338
-11236
4855
-8148
461
-10220
-709
-2020
-1754
-4080
-5097
-10208
1522
-12240
-5627
-13312
-5111
3324
5143
-8176
8182
-5908
-258
-12248
-224
-5896
-2055
-4044
-8958
5136
-1543
-11260
3301
-2040
-487
-26328
2787
-4032
-6349
-6092
1026
-10212
5897
4344
-35
-5072
-5140
-4056
3316
-4060
4363
-16336
1535
-4040
11508
-6140
-5665
-7100
1286
-4880
-6627
-6116
9210
-4076
992
4112
2587
-6108
-1780
1044
281
-3064
1279
4156
756
-5908
-3812
-6104
-1042
-11252
2544
-11240
-5606
-10216
533
-4064
3846
2060
-3056
-9180
-4599
-10232
503
-980
1264
-5060
8701
-13264
2563
1060
-4860
-9188
2039
1064
2539
-11236
-1280
-20244
2067
-13256
-267
-972
-2530
-19432
1263
-1976
-11767
-12260
-5366
-12036
12039
-9132
1999
-5060
-3583
-3052
-4078
-12044
8658
-13272
1806
-17388
10488
-10208
1768
-8112
262
-12264
5099
-14260
-1282
-1796
-1029
-10208
-4384
-8964
-6152
-13288
12062
-20460
-3326
-4084
1554
-5120
-6130
-9164
10487
-17364
781
-14316
8502
-19420
8243
-22200
-551
-12280
-2063
-4060
-5128
-10220
9936
-7144
8226
-4084
-7657
-8168
-498
-7144
2043
-13276
-1816
-7124
-2037
-7120
-3317
-9192
3585
-11200
7654
-8172
1021
-3044
9212
-12248
10494
2292
9737
-3036
1000
5152
2532
1076
-1030
3308
11814
-11224
-1005
-14312
199
-13064
-6399
-6144
-526
1048
-1288
-5056
5145
-5060
258
-5108
-5355
2068
-473
-9188
259
-19432
6661
-8144
-3061
-13300
-2797
-6140
-3581
1040
1027
28
2327
-9188
6636
-968
6857
-12280
4868
-9180
-2785
-2032
-1558
-15292
-267
-2012
7181
-14320
-2053
-5120
512
-4044
1263
-8968
491
-10224
-3599
-13284
5683
-5096
11029
-11228
4612
-2981
-5618
-12248
5644
-9176
-2044
-8180
5094
-15316
1530
-8188
-1532
-10160
-4105
-8188
1047
-9176
-3324
-3040
480
5164
1804
-13284
-272
10252
-240
3108
1278
-18400
2565
-6080
809
1092
-11526
-13304
-1293
1072
8707
-11177
1997
1056
-1543
-5112
1778
-7132
-3324
-14268
8717
-8172
498
-3844
2832
-21492
6376
-16300
-9490
-12228
1322
-13268
487
-3044
4315
-10160
3316
-6084
-4
-20232
-2810
-6120
-2588
-5080
4105
-13280
1274
-12232
503
-7136
4394
-3012
505
2048
-15608
-14320
1510
-9196
-497
-968
4333
-8172
6438
-6136
-6664
-988
9735
-5100
3809
-8120
3858
-9184
4132
-10224
8207
-5080
253
-4048
227
-2044
7952
1048
-5119
-6920
5679
-6132
11752
-7160
-2845
-6128
5122
-11232
-8722
-13280
1308
-15356
-5126
-7940
8463
-8132
2275
-7160
7133
-7136
5898
-12256
-5134
-12244
1557
-8172
8935
-8180
-4591
-20444
6644
-4876
-2542
1060
1838
-3028
-3091
-6104
2293
-7152
-1560
4128
-6383
-8156
-2064
-14312
-1573
-3008
7939
2112
4367
-7144
770
-917
-3325
-8164
-2530
-8140
-3061
-7132
4613
-4056
-7679
-12256
-6409
-4068
11516
-13284
-3122
-2024
2045
-2024
2539
-6124
-2556
-2028
2575
3104
-4363
-16348
3326
-1824
-4885
-11044
-4868
-16340
5086
-11224
10737
-8176
9727
-8164
-5382
3084
-997
-12244
-1770
-996
2022
-15352
-4826
-13068
-5381
-2024
1543
-6108
1295
-4080
-8702
-7168
-7701
-14296
-3605
-8168
1016
-13296
-1019
-13272
9944
-11208
-4836
1068
2083
-8160
-4565
-13308
796
-2008
1539
3100
484
244
-10509
-7152
-5640
-14292
5372
-9212
-5120
-1976
753
-6964
-10521
-17384
-1287
-11236
4565
-13264
1559
-13308
-3845
-5080
4812
-8180
2847
-12244
4090
-11216
-3329
-10216
-2595
40
-2778
-4064
1799
-2044
4358
-17372
8183
-1004
8191
-10224
-243
36
-9218
0
777
-972
-7172
-12228
-1035
-5076
1539
-2004
-1062
-7164
-5630
2048
-1315
-8160
7677
-10216
275
8
7178
-22272
-3592
-9140
-1780
-8176
-2821
-6104
-7419
-5076
2056
-19400
3821
-16340
-1560
-6136
521
-13300
-1557
-3028
-4587
-6088
-1279
-17376
2291
-11260
4601
-9176
2554
-7148
5907
-13296
4365
44
1285
1040
-1253
-4052
8187
-5088
4604
-1004
3064
-8164
1018
-16332
-1515
-4088
4598
3084
-3301
-11240
-5645
3092
-7956
-14320
1513
-4080
-1020
-6100
6117
20
-2801
-12276
736
-8120
1540
-10240
6684
4132
2288
-14260
7941
-6120
-4836
-13276
2824
-11244
-7936
-5104
7384
-2028
5118
-8144
-6417
-9172
13291
-9212
-2030
-956
-1526
-4036
-5347
-10212
9246
3080
-10871
-8972
-2309
-14276
9238
-11224
-4107
1052
6146
-2004
-10470
-9164
772
-6084
3845
-3036
-6677
-4088
-1234
-10224
-984
2296
3869
-12272
2044
-16360
4609
-984
-2060
-5060
-2797
-776
11239
-10188
1569
-5116
-4109
-8192
-1784
4144
7138
-8144
-11014
-4048
-5874
32
5357
-4092
783
-13068
2313
-10224
9515
-11228
-4643
-11232
2319
-780
2550
-13296
3843
-1996
-4084
-2016
748
64
-8980
-12244
11022
28
4331
-11232
-5615
-5088
788
-8160
-1018
-21464
-5119
-9184
-3846
-4028
1542
-5112
-3550
-13308
2298
-14284
-8703
3084
-5366
-5100
4101
-9184
3323
-12268
1054
-2028
1491
-1012
5135
-6932
-6
-6124
-5647
-9200
464
-5080
-4073
-7116
4896
-14288
-10755
-2000
1032
-16340
-7150
-18428
-1033
-14268
-3612
-15308
-1263
-11228
5616
-11252
1310
-9208
4125
3308
-2034
-12224
-1066
1044
-2536
-7136
-5873
-5068
5351
-13292
-1259
-4076
-1020
-4088
227
-16348
2371
-13288
769
-14304
-5107
-2032
7171
-2016
8197
-3056
1786
-6076
1247
1024
-1531
-7140
-4855
-2012
18413
1040
1036
-7140
4597
-10220
-3053
-4052
-504
-16360
7672
-5052
3592
-6092
-1045
-4084
8701
-3024
6180
-14304
-3836
-5112
2525
-10180
1555
4152
-2084
-12272
-4880
-10224
-1286
-5072
1008
-8128
-14584
1056
1016
-6136
-1023
3124
-4642
-14268
3810
-6916
500
-17388
1312
-12040
-5373
-4892
-2325
36
-6124
-3024
-3077
-10188
-2297
-12248
2300
-10208
-5600
-5080
-5124
4120
-11
-8192
3344
-8972
-6398
-11232
-1764
-6132
-529
-16328
-478
-14300
1525
-10204
-7195
-5104
2024
-6104
259
-3060
1264
-6136
-2046
72
2
-12272
-6145
-11240
5382
-13272
-518
-15312
1245
-12248
1774
-10196
-3610
-12244
1291
-13304
-509
-17364
-2296
-1004
-4843
-8120
5613
-4072
-11511
-11204
-2053
-13300
1801
-10196
11783
-4872
-229
-6120
-537
-6128
-4345
-6100
236
-5100
1021
-8156
-3863
-7148
1039
-2004
4309
-5080
-3102
-11256
4327
-12288
-4356
-5080
-2807
-8972
2829
-2036
-8947
8
1791
7168
2301
-8136
3070
-13225
2300
-5072
2307
-1004
-1518
-15340
-6141
-3844
-2343
-17400
-1763
-15320
512
-15336
761
-4872
8707
-5076
-1554
8
1546
2064
-2814
-9192
-5357
-15320
-3335
-4088
-5363
4140
3594
-10200
-979
-15296
7679
-6088
-212
4116
7701
-14312
4600
-6068
-2084
-1800
-4612
-9168
-5617
-10196
-2515
-7144
3342
-3060
8234
-10208
-3798
-4092
8966
-5092
-479
-8180
-1296
-20464
6647
-6096
1256
-960
-3336
-964
-269
-5104
2290
-7104
246
-2004
-2298
-15308
764
-13132
-1796
-6084
-7947
-2020
756
-9200
1009
-10188
-12032
-8156
-7142
-6140
-1530
-13300
2320
-8172
6141
-16368
-3054
6156
-5899
-5108
1304
-11224
5861
-988
-12281
-6140
6155
-8156
-5112
-9216
5117
-6120
-9460
-15352
-3078
2128
-1033
-9200
1533
-21468
7914
-11256
-9449
-6120
983
-21468
974
-8180
-6142
-2000
3063
-12232
-254
-12244
3885
-17364
-1801
-16344
7684
32
-5613
-14100
-1487
52
-8393
-10220
2346
-4084
-11281
1068
12279
-7140
-3073
-6096
-3823
-984
8179
-9184
4367
-25100
8
-9204
4878
-11240
-1581
5128
-5124
-10232
-4578
-3068
1
-6132
7696
2060
-3342
-11248
-4092
-13252
-794
-2000
-4882
-6916
3813
-6112
5135
-9176
3057
-784
15341
-5048
7916
-7940
-1030
-12272
13808
1024
-239
-21452
7936
-12252
-10213
-9204
2325
-5908
-2819
3104
-3354
-10180
-10285
72
7661
-3056
1301
-7128
-10004
-9180
2284
4108
5928
5172
-8
-6092
-9481
4112
-13815
3080
4117
36
2802
-11012
-4402
-4056
-12
-11212
2582
-7124
-5927
-16340
1805
-16340
-5113
-14264
-3042
-1000
-1504
-20448
-1056
-13244
-2058
-5076
1041
-8152
-279
-7948
3855
-10236
5370
3132
2356
-6084
5118
-5104
-3586
-988
-2594
-17352
9735
-3032
3818
-11256
4095
48
6130
-5116
7907
-7160
4897
-14272
780
-17356
-4588
-4056
-7425
-2016
3814
-6144
3594
-8156
-5611
-4052
1034
-10232
5889
-12248
-2858
-16384
-4
-13272
4644
-6072
1818
-6112
1525
-6108
-2572
-6120
15350
-12252
-6924
-8968
8980
-10180
-9004
4
-5112
-13312
11013
-10176
-3305
-20228
-4855
-4044
1794
-17156
1273
-7116
1309
-23244
2840
-4064
4855
-11232
2822
-9172
-10709
-15261
3
-8148
4103
-10212
-4346
-13296
-2551
-6116
1311
-7164
-3373
-6100
6656
-16316
3347
-2000
3062
-14320
-9957
-5084
3090
-4024
-285
2128
3555
-9184
-5387
-2020
798
-12240
5901
-17368
3080
3120
-5123
2084
-4612
-14308
-9722
-9196
2605
12332
2021
-3016
-3332
-1804
-4901
-16316
-5352
-6100
-514
-11016
2300
-6920
10
-7152
-1011
-4868
-1553
-8184
3081
-11200
7172
-15108
1250
-14316
-4094
-12228
1766
-5084
-1287
-8168
-4099
-12220
3084
-8152
2280
-15324
2581
-13264
-6171
-9184
-7709
-5084
-1817
-3036
1573
60
9733
-10216
2800
-14304
5107
4
2562
-2008
5
-6136
5659
-12248
-4361
1056
-4338
-14292
-3073
-17376
-9713
-3032
-1545
-1972
-10775
-11016
2557
-5904
10224
-5080
-4366
2080
4858
-11212
11026
-3036
8676
4132
11766
-9212
-7174
-17372
-4347
-5072
2881
-15300
-4120
-14304
-1548
-14300
3060
7188
6633
-5108
3066
-5076
2312
-4060
2264
-2008
-8449
-6084
-6373
-12189
-3589
-4880
763
-13276
-1790
-1980
-3558
-11252
13047
-16328
-7664
-11256
-5658
-19440
2809
-8168
-4092
-3052
2796
-5080
6927
-5120
5159
-10196
1009
-10200
-819
-8192
1012
-4096
8441
52
211
-1020
-2541
-3048
-6401
-11232
7428
-14300
-5352
-12280
-6128
8
-1240
-7116
774
-14292
-9225
2084
2560
-1012
-1308
-2024
-3599
76
-789
-16360
5611
-9188
-1035
-11252
-9721
-10228
3562
-2016
6687
-11228
1290
-10196
5900
-10188
-2298
-9204
-3843
-12280
-4104
36
741
-10240
-9501
-5088
2552
-10220
2290
-7140
1507
-6045
-1028
-5068
-3846
-5096
-5893
-9212
-3542
-4088
-9737
-12232
2310
-10184
-4601
-2044
14366
-9200
-3579
1056
5874
3120
2790
-11248
-2277
2096
-784
-2032
3820
-16340
3333
-13284
1028
1068
7643
-11232
-3841
-16336
-4354
-6136
2543
-8192
5356
-1968
5090
-13288
-6916
60
527
-3028
-6894
32
-3046
-7120
-3350
-5076
8721
-12256
252
1060
3044
-15312
-9470
-4872
-526
3320
4864
-13276
-8221
-6076
7435
-3036
2057
-11212
-2328
-2032
6398
7236
-9702
-11252
-7183
-13068
290
3156
-7461
11300
-8958
2072
4089
44
-6044
-10220
-545
-6104
-249
-7164
-7932
-6948
-4355
-1020
-1816
-3032
15613
-10196
-232
-13280
-5615
-9152
1535
-7152
-2577
-6136
-2060
1052
-16898
7196
1801
-19448
6401
-9196
7445
-10232
-2076
-10216
-3061
-8136
3329
-1012
-2031
5156
-6900
1044
-9250
-5068
26
-3044
-8186
-16136
-6415
-12236
-991
-14324
-3069
-6112
487
-7132
-2814
-2036
2576
-8168
-6932
-5068
1798
10268
-2030
-3012
2596
-12256
5389
1052
-5632
6188
-9203
252
5125
-7144
-15
-4872
1284
-8156
-2546
-10180
-270
5132
-474
-9184
481
-14096
-759
-11204
3579
-1796
9203
-5068
2071
-9136
4621
-7136
1282
-5092
-525
3076
-2310
-13280
6179
-5100
4597
-980
-11538
-7124
1543
-11264
-32
-12236
757
-8164
3044
-3044
-3593
-7168
-2021
-19404
-2061
-15332
-5610
-12256
7434
-7156
12808
-13284
-1261
-2000
-5389
-15324
-3596
-10212
5087
4100
-2306
-12244
2800
-16340
5133
-4068
-1306
-1000
-2029
2056
5095
56
7429
-6072
751
-9196
3307
-1992
2584
-3020
-25
-10208
2294
-4052
1028
-10236
-2074
-11212
278
-1008
-4610
-6084
-6912
-2000
4376
-5100
-1494
-5072
3581
2112
-8963
-10232
-10518
-7140
-5628
-9216
-237
-7124
7690
-5084
17377
-15348
1252
1080
-265
-9164
5888
-8120
-2807
-992
-8951
-6092
5358
-13260
-1558
-4096
7910
-11244
6915
-12224
1535
-5076
-4884
-6136
-755
-3052
-6151
-7120
3587
-992
-1809
-9172
2852
-5108
-1544
-8156
2015
1040
4377
-6108
-2312
-11220
-2776
-6104
5862
-8156
7421
-1004
7703
-9188
-8698
-12240
-6383
-8140
-1552
-14241
3341
-6120
7420
-12264
-9490
-2028
3842
-12280
28794
-19452
-1007
-10216
-7696
-17376
-4127
-10164
-13553
-20448
5860
-4016
2560
-4036
6125
-7944
3821
-13260
7395
-12276
1554
-10188
-5388
-972
8705
-9216
2305
-8156
3576
-5088
-4858
-9164
3070
-5076
276
-8164
2022
-6120
561
-14300
8199
-11260
-6164
-4084
-1488
-12256
2524
-10220
8682
-8192
-10251
-1984
1805
-976
6384
-5096
5909
-14284
1810
-8168
-6168
-8172
-2296
5144
-5653
-6104
-9215
-10172
-11489
-11248
11263
-3052
1278
-4056
4601
-8152
-4599
-8160
-2823
-6920
5393
-10240
-2297
-8152
12812
1068
520
-2020
26
-3044
570
-6116
-4070
-9184
1775
3108
4056
-8168
3290
-4076
-5097
-7148
-7
-2012
2043
2068
8429
-10036
-10729
-7144
-4331
-11264
1801
2104
-4877
2116
-10262
-4088
-13816
-3052
1011
-4088
-13562
-6088
18
-4092
-530
2064
2335
-7156
7409
5144
-3584
-12252
1769
-1000
4628
-12252
741
-4092
10988
-10228
3076
-5068
-5112
-3032
1295
-6140
1279
-8144
12010
-8172
2579
-12232
-1547
1076
8197
3124
5114
-3064
-5619
-16372
1260
-9152
-3046
-8180
770
-2008
2051
-1004
1790
-8172
-2534
-12284
-2551
-7160
290
-10184
3569
-6124
5353
-8184
-4877
-5076
7692
-7156
-491
-6136
-5635
-13276
7691
2260
4858
-3064
-1045
-1796
8451
-8132
-27
-5072
11530
-3032
-11
-16360
2778
-9136
7703
-968
-11787
3108
6134
1060
6150
-13272
-1479
16
-1012
-9168
2060
-5092
4337
-15312
-3083
-6108
-502
28
-13859
-6920
4593
-1008
1297
-6132
6940
-5108
1241
-9988
-2821
-11260
-3619
7208
-5110
4148
2055
-2000
-760
1056
-11520
-1988
-1272
4116
9215
-10204
3104
-4072
-239
-6920
-3073
9216
-4603
-3040
1011
-13288
-2301
2052
2838
-1988
-9208
-6080
-2762
-13284
3799
-10196
-3085
-9172
4833
-1000
-3070
-9200
3304
-8156
1533
32
-237
-11012
1270
-3040
-3611
-1016
5889
5148
-8717
6144
1551
-7120
4838
-2032
-8729
-4036
2551
-10192
-5344
-11260
2027
-6136
-2066
-6100
7663
2048
1544
-8132
-1057
-2004
522
-9176
-1499
-11232
-3599
-3040
-1262
4156
-2338
-19408
-1279
4348
-4638
6160
-793
-7144
12
-9176
2045
-5064
2065
36
-6181
-1820
-5632
-3040
1030
-2016
1002
-10200
-1014
-3048
1053
-8152
-4363
-7132
14047
2076
-4880
-7112
234
-7108
1039
-13308
-7714
-9180
-757
-9176
-512
-6124
-7202
-5104
5152
-15316
9701
1048
-3830
-10208
2015
1052
3584
-8192
7187
-980
-520
-7152
9986
-2024
5655
-10224
8942
-784
5369
3108
-247
-13280
224
-9216
2313
-2911
287
-6140
6440
-972
-1267
-14320
6145
-7128
-4394
-7148
1823
3072
-1774
-1020
-3580
6196
9476
-19408
-4071
-3872
-285
-17380
-5871
-5076
5108
-6096
7184
-4076
-4364
-4060
5871
-12256
-295
-2820
1804
-14292
-4113
-12252
-6655
40
-3090
-4048
-2534
-3040
-13
-8180
-3583
-3044
6896
-8132
-7703
-9212
9493
-13260
3313
-3024
9443
-5088
-1560
-7088
-7903
-6112
-991
-13276
268
-7156
-2034
-13264
-13320
-10224
2051
-8164
-4625
-15304
240
-18412
-10495
-7148
2327
-20428
-491
36
3328
-16380
-799
-3864
-2563
-2024
6170
4
-4393
-14296
-7175
-7944
1777
-17384
-4329
-6104
-8431
-12280
7144
-5100
3337
5172
4853
-13280
4368
-15332
-5398
-6100
9249
-5076
-3856
3104
-9195
-14324
1273
-7140
-6655
-5104
-1294
-8120
5626
-7156
-20724
-17380
-1276
28
8449
-7148
1539
-2032
-2350
-4028
-7938
-13292
3812
-7132
6934
-4880
-9688
-13060
-4361
-3072
1266
-5104
-2054
-7144
-10707
-9172
11516
-5076
-3814
-7948
-3597
-7112
4606
-4072
-2328
-9188
20
-10240
2312
-3056
8967
-6104
-1015
-7160
9961
-2024
-2311
-10176
5659
-2024
5637
-13308
-1781
27940
8425
-9148
-1017
-1012
8721
-3848
-1025
-6104
4076
-7160
-521
-5104
13326
-13304
3060
-14260
10263
-9208
-5617
-11012
3337
-9164
3848
-5088
11494
-6088
-4626
4144
-7426
-7956
2039
-3068
-232
-7140
-3089
-9172
5138
-16332
-1262
-8176
2544
-8184
4891
3072
4834
-5096
-757
-9168
-2072
-5120
10497
-6112
-267
-9176
-7164
-8168
-2579
-8180
-2309
-4080
-5656
8208
-8942
-12048
-6381
-10224
6418
-996
6411
-7148
-5867
-11232
-13048
-5092
3282
-13268
-6924
-1012
6437
-11248
4607
-13064
-1779
-15356
-1835
-6124
1282
-11248
13279
-10200
550
-2024
10505
-9176
-1298
-19456
-5108
-10192
-2008
1072
6678
-12240
-3827
-6092
-5324
-7152
1037
-16364
-10277
3148
5370
-20444
1287
-7136
1504
-2044
553
-1004
4635
12
14366
-18392
-1808
-3012
6930
16
529
-2820
5110
-976
-5381
-15332
-7452
-13260
8181
-1024
-10239
-11200
7411
-10216
-9995
3128
-12543
-4084
2051
-13276
1787
-9200
-256
-9192
3317
-16328
7678
-18388
-2301
-3016
6934
-14300
-2799
-10232
7170
-15336
-6389
-2020
9491
-7136
-8941
-12252
3308
-9212
3602
-988
2526
-4072
6352
-10204
-3363
-1796
-4840
-10196
3317
-8168
-1503
-7124
1795
-6144
-8446
-10232
-1794
-7112
5098
-8184
3324
-7108
5896
-7136
-5641
-1980
-1048
-11208
-8471
-11252
2017
-13272
5680
4116
-5420
-5084
7659
-8164
6680
5140
12805
-12048
8963
-15120
-5113
-2036
-8704
-992
-3865
-2016
-1277
-1992
-5389
-22252
9486
-10228
1023
10272
10511
-12276
6141
2072
1272
-13213
3598
-13260
-11002
4
9205
-12280
-1303
-6092
7418
-10196
3825
-1004
2819
-15116
-2809
5160
-484
-16336
1530
-3020
-4346
1064
-12281
-5056
-9209
-8148
8958
-11244
9257
-5084
-1274
-992
-7903
-7164
4621
-6088
260
-9208
10731
-9212
-9447
-16356
1285
-9184
1287
-6088
-8972
-15332
5608
-13288
1277
-10240
9980
2096
3287
-5100
6181
-10232
-1531
-11204
3328
-5900
3588
-12224
3330
-18392
769
5120
-7940
-6116
-528
-9204
-4116
-9160
2013
-4064
-2025
-10236
-2046
-16352
4320
-9168
-6664
-3044
-774
-984
3815
-21472
-4859
-3024
-254
-7120
-13580
-8152
-1283
-8148
-4084
-3028
1542
-9196
-5352
4
4353
-7069
-8481
-7128
3555
-17364
2585
-11224
-2575
-1796
3565
-11232
-2834
4144
-10976
-10236
1526
-5104
7906
-10172
-3567
-13248
-12
-10216
-6155
-6108
-772
-15328
-524
-9208
-4607
-15308
1789
-14092
2828
-10156
6690
-8116
996
-10192
6159
-13248
-8942
-21260
6385
-3052
-4336
-16340
4342
4144
-3832
-19404
-1797
-2000
-2529
-1796
-1789
-2036
-5135
-14296
2292
-11212
-5361
-7140
-7691
-8180
1532
-19424
-3297
-14300
1521
-15116
-2572
-16328
-269
-964
2574
-11228
2
-2044
7440
-5092
-4334
-11220
-1800
-14300
4849
248
-5655
-8976
-7439
-5108
-15
-12268
3567
-5108
-2298
-24300
5914
-9196
7159
-15108
-2517
-17404
-4880
-7152
-2539
-12252
-1289
-10176
-4845
-5108
-4613
-2024
-6137
-10204
3087
-7152
8996
-7148
-5378
-3012
-15643
-14292
-1529
-14320
5670
-14316
2563
-11232
-8916
-6092
5349
-7152
-776
-9188
-538
-11224
-1552
-5096
-6644
-4084
3827
-3040
6895
-7152
-5867
-8160
7458
-8152
9276
-16356
3312
-11256
-2286
-5068
-1068
-12268
-7927
-7160
-2514
-3032
-489
-9176
5642
-6120
10272
-4096
-512
-3068
-2035
4100
1287
-5080
798
-9988
-8672
3088
4360
-11232
-3308
-5100
-1270
-4060
4637
-6144
7651
-988
2314
-7132
1774
-5104
-5119
-8172
-9219
-8180
-5126
-9212
-4352
-14304
-239
3084
-6162
-9204
-2042
-996
5132
-6120
-6952
-7124
1588
-988
-3092
-2028
498
-11240
263
-17360
-1522
-4052
-1796
-8984
-1805
-12256
-4
-13272
3048
2080
3614
-11256
11278
-996
-2020
-12280
4591
-7136
-3557
24
-8700
4136
29
-12288
6902
-18404
-544
-11236
16134
-10212
-5645
-11256
-1310
-13292
-7400
48
2319
-7128
-6185
-9212
771
-12272
-11
-5092
11271
48
9981
-12272
4085
-5080
-4105
-10212
-556
-10196
2841
-12272
7691
-5092
-1530
-12240
-1029
-8184
5133
-3024
-248
-6080
5141
-5080
13832
-2008
-11284
-988
-9451
-10232
-17681
-9180
768
-11260
-2799
-16344
-4113
-7940
-2321
-7124
720
-2820
8212
-10220
1047
-11192
8401
-4044
-6911
-8140
-1797
-6128
7670
-7164
5881
-4048
-513
-8168
1246
-3056
1792
-7956
2999
-9152
-1783
-13276
2283
-7968
6120
-8976
-2343
-5108
-3
-2020
-3320
-14336
-8458
-12244
9452
-4036
-12040
-9192
10722
-9152
5638
-4088
-3877
-7940
-3312
-12224
-3855
-7128
467
-5080
-2563
-8172
-1768
-14304
-1796
-9216
3306
-11252
-3596
-7944
5380
-4096
23558
-6108
7440
-9176
5910
-5068
4848
-16368
-2847
-4080
7651
-7140
-6876
-3064
4839
-9180
-7414
-10212
-783
-11244
4618
-23288
1516
-8180
1027
-9192
-2347
-4868
2558
-5900
-7160
-4028
9752
-10204
2558
1060
212
-13264
9744
-11264
7445
-17352
-6106
2163
-1040
-11240
-499
-8140
1013
-6132
-1033
-5116
1781
-6104
1039
-3020
1291
-9172
1508
-8105
-2814
-8152
7426
-12240
-5104
-3064
-2835
-8152
241
-15356
-10731
-13312
9991
-12284
-2036
-16356
3814
-10192
-6954
-19420
-1021
-6104
5401
-9176
-2078
-4060
-459
-18412
15087
-3060
-13538
-14260
-17936
-6116
-1814
-8148
-3877
-6916
5891
-10184
5394
-968
-541
-11256
3543
-18416
8425
-3048
-11768
-17408
3109
-10176
2021
1060
1275
-16184
-3548
-9168
8416
-12284
3067
-12236
-31
-7096
-2837
3312
-7415
-1024
14
-19416
-7911
-12276
-4077
-5084
3035
-6096
-1788
-4072
3848
-6120
-4130
-14308
11277
-10220
3301
-9160
-48
-9152
3311
-15348
4061
-15308
-3824
-984
-2587
-15304
-4849
-3856
-6689
-6112
6133
-15340
-262
-8976
5363
-7160
-5669
-8156
-7156
-6128
-7681
-10196
-3597
-7120
14611
-16308
-519
-7092
-7938
-10236
1305
-15320
-4126
-5108
-2050
-5112
1497
-8972
2281
-11224
-8948
-5112
-4686
-7144
1517
-2020
-11800
-15320
2787
-10220
-5611
-17356
1520
-22204
15037
-11236
-6898
-10236
-10020
-8188
256
-11220
-3
-11208
-6912
2080
-6639
-6132
5911
-13260
-784
-3052
9023
-6916
-1524
-5092
2304
-10192
-2545
-14324
-11514
-9196
5132
-7140
-8449
-15304
-9215
-15332
-528
-7120
7916
-14084
-757
-9208
-5890
-8136
1737
-11220
-5621
-3048
1022
-4092
3833
-8172
14073
-9184
-4866
-18384
4119
-6100
-7415
-7128
2773
-8152
-7189
240
4888
-6116
-2564
4156
8235
-7156
1534
-1016
-6669
-9172
7930
-18180
-1781
-6920
-2286
-6108
13028
-9204
1547
-8160
-2031
-7944
3849
-4096
-757
-16332
4115
-6116
1033
-8168
-10700
-3036
-4889
-1024
6622
-2040
5068
-5100
-3595
-8164
5838
-19404
3835
-12260
7433
-15304
-1774
-10228
-4849
-8144
12261
-3852
285
-12260
-2807
-4084
1508
-2040
4861
-4088
-16
252
-2300
28
3050
-937
4380
-14268
6688
-7164
-6621
1032
3823
-1820
6679
-7152
-10563
-8168
-9736
-8136
4344
-21492
-3092
-4048
-2289
-13076
10724
-11236
3552
-7160
-8425
-3856
-8716
-9216
-5872
-15116
4863
-9172
2316
-6108
13836
-9184
-4101
-5904
8457
-15320
-2037
-8180
-281
-14332
-5126
-16344
-7703
-5892
5382
-13276
-2046
-11232
3845
-13288
-3578
-6140
5876
-1000
-11501
-3024
6131
-12284
-3072
-12268
-1058
4336
4370
-3048
-7427
-4060
2297
-8188
-7164
-2032
-780
-6924
-4867
1028
2282
-15140
7904
-5060
1820
-15348
-2817
-15320
5122
-20444
2025
-4072
-3079
-2032
8933
-13276
-4106
-2020
-12025
24
2295
-12048
5593
-4052
-1020
-8148
4364
-15304
10541
-8136
-4634
-6124
-10736
-13308
1784
5124
3817
-3060
1043
48
5404
-13060
780
-16376
-2853
-15336
-2069
-6104
-6659
-10212
7418
-8144
2792
-6092
10227
-8144
2554
-1984
2300
-3056
-8201
2068
4130
1044
-13
-8160
5627
-9180
-9984
-17388
1814
-8968
-9477
1272
1824
-14316
-495
-18416
245
-12236
-264
-13264
-3323
-4020
-5899
-3060
11778
-7116
-5122
-18376
-2551
-4092
2042
-3052
-4132
-14328
6676
-18416
-2016
-6140
-5333
-3048
-1299
-8168
-13065
-18384
2300
-5096
-527
-11228
12295
5180
7471
-10192
4114
-19400
6388
-6140
2862
-13252
4852
3108
-3850
-9188
-1792
-9200
-12783
-12264
-4331
2064
10
-7112
-9697
-19440
-2521
-4088
14613
-2024
-4333
-6092
3859
1044
-7451
-10204
-741
-9996
-5359
-15320
2562
-8968
-2288
6156
-5664
-9212
-7161
-4080
-3315
-6120
-5135
-3040
-1276
-4080
-6689
-12256
-4348
-1996
-3326
-11204
-6682
-9180
-8019
-5072
6620
-4044
-8962
5164
-11538
-8112
-3075
-7116
-5608
-3032
244
-8152
3073
-12248
-498
-1000
-2317
-5084
4350
-4052
1293
-9988
8469
-15352
-8421
-18424
5873
-10216
-2827
-10000
2057
-12248
-4316
-12232
-5607
-10204
-3073
-8184
2789
-12260
-486
-4068
-1044
-17360
-7688
-5064
2338
-2032
2565
-10208
10988
-15352
-4360
-3044
-265
-8124
6648
-11192
537
-6144
-8218
-4056
-3574
1056
3859
-10180
2028
-9188
-3337
-18337
-3805
13544
9467
-6132
-2276
-5088
2586
-16344
-8943
-8116
-2538
-1820
12545
-7140
-8928
-5052
-2309
28
1825
-13264
-7674
-13284
2784
-8964
-6916
-4072
-5097
-9164
9000
-8152
8206
-2820
5135
-8160
-1807
-5068
493
-15108
8214
-4060
-3064
