-12232
-4101
-9156
4081
-7164
8178
-3048
-3070
-12260
-1051
3116
-10506
-9148
780
-9156
1796
-8176
-2813
1072
-1278
-7136
4833
-3072
10490
-10232
1544
2100
-3829
-20432
7687
-6132
-9
-16372
-13561
-21456
12553
-9188
-1294
-15324
12033
1072
-788
-7140
-2278
-10196
1044
-3020
1820
-8164
8167
-4080
5651
-5892
-1049
-14288
3086
-8148
-1804
-18432
-2558
-1008
-4363
-5100
5397
-14320
3067
-10192
6150
-992
5912
-11244
-1833
-12040
-5112
-8144
2831
-6140
-1286
-6132
1311
-15348
-1542
-4064
3296
-4088
3338
-10196
-2013
-5092
-4618
-3064
-6640
-9204
-6657
-8144
768
-4064
2260
-3036
2550
-2032
-10239
-10188
-1050
-14084
-10741
-1004
-1539
-5072
-5366
-3044
-286
-5064
10269
-5076
543
-21476
-9726
-10216
6415
9244
6379
-5904
7989
-1992
6415
-7156
5373
1064
-2596
7184
5859
-12288
2802
-18408
1762
-14324
513
-6100
-9503
-8136
-11014
-4048
-7955
-7156
1323
4332
-3641
-1012
5117
-9204
-780
-4056
9444
-4092
-2079
-12284
-12825
-3044
-4858
-9208
-5405
-5080
-4613
-10204
-1053
3316
-465
-10224
1565
-11260
-2112
24
8998
-3036
-3322
-3064
-7914
-3040
2044
-5896
1542
-6128
-1790
-5064
8687
-8964
500
-5052
1800
-3020
3858
2060
8676
-4872
-2597
-2020
-2562
-8164
6146
-9136
13276
-9172
-1524
-11240
5658
-6120
516
-6920
2049
-7092
1303
-7160
-4372
3092
9490
-11208
3075
5168
3064
-6116
-9177
-15344
-6455
-12276
7896
-8152
-12284
-2012
-8721
-4056
3068
-14088
3581
-10184
3622
-14316
2031
-10196
2305
-9188
-9494
-7124
15890
-13276
5905
-7104
5898
-9188
-3315
-5076
8690
-5060
732
-1984
3087
-4044
7437
-4080
-7170
-4076
7657
-3020
4339
-7140
4862
-972
2296
-14300
-18
-6112
795
-1008
4365
-7128
3596
19508
4589
-7104
-2795
-12236
1286
-4080
-5936
-4064
7414
220
4364
-5104
1014
-12268
1020
3124
4872
-3020
2062
-10212
9749
-9156
6375
-10232
-5404
-13260
7682
-5100
1774
-8164
-3552
-11256
-1064
-15324
-1035
-9200
-7153
2064
5664
-15332
11036
-11177
7167
-10216
-4867
-4068
-511
-4009
-269
-6124
6644
-15112
5914
-6116
-4861
-16336
1030
-11208
-2555
-12212
8214
-12248
749
-4044
10492
-16340
6637
-14084
4326
-12264
8209
-6124
2071
-9196
1065
-7144
-4322
-7120
5626
-980
9158
-976
4352
-6100
-6653
-6096
4109
-13256
-3615
-4088
9456
-6092
776
-7132
2049
-16144
738
-7132
-2579
-11196
-511
4172
8705
-9212
-5356
-9204
9184
-3060
-6668
-6916
11020
-9168
-6943
-10220
4616
-6100
-1284
-15320
-11016
-12236
2279
1072
1811
-8156
-1053
-16360
-4583
-13272
2785
-6120
3851
-16356
-3861
-9196
-5890
-13264
2574
-11244
-2828
-10000
4890
-12236
4355
-3068
-10719
-8101
8187
-9136
2035
-3028
7446
-3036
-1527
-14288
3575
-12232
2303
-6132
7111
-10216
7697
-6084
6872
-12216
-1004
-6140
3841
-5084
-5902
-8156
-223
-15304
6647
-14088
7901
-960
-10256
-3044
-5619
-9196
10994
-6116
517
-10200
6401
-6116
-2336
-6120
4891
-4068
-1784
1040
-6898
-4005
-4392
-992
-1568
2088
-4066
-12248
5146
-6068
8694
-7124
-3603
-10228
6885
-10196
10247
-16320
-3327
4108
4619
-14304
3070
-4052
-9223
-8128
-3039
-10200
5676
-1004
16111
-20464
9998
-1008
39
-13280
7702
8
1302
-12220
4105
-15348
-773
-6104
1019
-2044
-5142
-6096
741
-16344
-10474
-14084
-517
-10200
-4324
-16368
3364
7200
2816
1044
-1270
-4092
3318
-12260
-3327
-10192
-9991
-2840
-6926
-17396
11545
-12268
-3852
-15344
-6124
-1008
1557
-12268
-5924
-7940
-6
-13256
-5394
-11228
2810
-8180
-257
-4044
8943
-8164
1792
-7944
-5646
-10216
-9218
-7136
9781
-5104
-1041
-12036
2829
-2020
1041
-8152
-5154
-964
-2553
-6128
-1047
-11200
12525
-2832
-6085
5144
1045
-2048
3083
7240
-3305
-7152
768
-6104
2300
-12280
2543
-20404
15
-2024
-8441
-7148
-3078
-11224
5141
-2036
-2018
-12256
5373
-7112
-2842
-6140
-6424
-4872
-9763
-8168
-4594
-2012
-5893
-11204
-2066
-9184
4876
-7164
-3051
-8144
7654
-11228
-5618
-2020
-9445
-5116
1540
-6132
-3598
-1004
1021
-19420
5891
-3016
6636
-9140
8973
-9164
8939
-17344
-13840
-1004
-7425
-8152
-1521
-11224
-5641
-14324
-2836
-1992
1057
-10220
2069
-10220
6671
-2028
-10202
-7144
240
-9176
-263
-11264
1273
-7108
-6364
-6132
8675
-12256
732
-18368
-274
-9196
-5643
-11256
-1513
-9152
7682
4348
2508
-3068
4091
-9188
9721
3152
1540
-11012
262
-13068
-3842
-12204
6413
-19432
-268
-6128
781
-5092
3060
-8968
-1502
-6080
-5382
-5092
1498
-11228
3551
-3036
10490
-9180
4107
1052
-4342
-7148
-2314
-10224
-4860
-6116
-1837
-1000
1786
-8132
-4086
-996
-5138
-11216
14612
-13080
-1286
-8132
3587
-7112
-500
-3068
3084
-6100
-7385
-3044
-7160
-6112
13314
-19436
-6402
-3000
-4601
-5072
2315
-16132
795
-8152
10721
-15352
-1491
-3036
1024
-5084
-752
-5056
3830
-9172
-3568
-20432
-2354
-12232
5893
-6120
6680
-5048
9269
-12040
770
-10228
2281
-2828
5100
-7136
6430
-14316
-10773
-12232
2564
-7152
270
4148
-1803
-14304
-9443
-9200
-240
-13252
-4339
-9176
-3339
-13296
3610
-7156
4100
3132
227
-7164
-9448
24
-5900
-5112
-2059
72
-248
-4872
-2043
-11220
-1794
12
-1012
-4044
-10254
20
9429
-14328
-6914
-6136
3853
-14300
11016
-6092
2543
3108
3326
-20436
-10232
-2012
1270
-12248
-3099
-2024
-9718
-14300
6136
-25320
2827
-13292
7927
-12264
6928
1052
-19
-7164
-2834
4124
-5895
-5088
8481
-7128
266
-5908
7937
4108
1531
-13284
8459
-14328
-1543
-7112
-6427
-5116
2788
-17380
4377
-10168
3105
-5080
-5381
-12228
-4380
-17408
18912
-10216
-1273
-7132
1775
1276
3298
-14268
3072
-12268
-7937
-7132
-528
-7156
-4857
1040
-1817
-9121
-7695
-5096
5650
-5060
-4095
-14284
-3553
-15328
1264
-980
-3865
-1000
7708
-6928
3563
-3028
2298
244
-10011
-9160
1016
-13276
-4107
-972
-2063
-1988
-3839
40
-8194
-2824
4135
-5112
1014
8
3820
-3004
4571
-3068
-3079
-1000
-1549
-5096
2555
-1796
1795
-15356
11004
1036
-5881
-2028
3351
-10204
-2037
-8976
6643
-11240
2789
-15312
11276
-14320
1022
-9204
3594
-14324
-3590
-14308
2573
1032
-3316
-9200
-1013
-6104
-1544
-6057
247
-8148
6666
-14312
4085
-5100
-245
-968
-5628
-12240
3577
-4084
-4111
-5064
-1055
-4064
-5623
-8180
1034
-12252
8173
-7132
-786
-11244
9794
-10196
-4817
-3048
-6155
-13268
-4333
-7160
3073
-6120
6101
3108
4082
-14332
-8686
52
6153
-11240
7145
-3036
-9201
-13312
-9222
-15336
7163
-12048
20993
-9125
-6118
-17376
12295
-7136
791
-6104
9200
-8120
-7147
-6136
5877
3100
6946
-1012
8228
-4060
2553
-14320
7678
2056
-1019
-4080
-1795
-6076
-809
-14276
2068
-10160
-8664
-6136
-1047
-2044
7458
-12220
-2575
-14304
3586
-12272
-12536
-14328
6910
-12268
1787
-8112
-10212
-15328
4100
-20448
9237
-13284
-3823
-6116
2581
-22260
-5415
4348
-4583
-13304
247
2076
3308
-6140
5377
-12268
-5100
-10228
1813
-10216
13823
-21476
-247
3104
2364
-19420
-3334
-3040
6639
2084
727
-5096
-4610
2080
-5384
-12216
256
-2036
-1270
-2048
1266
-6088
-2580
-9196
766
-10208
-3061
56
-8935
-4052
-2289
-15300
-524
-2024
-2564
-15328
-513
-9136
3059
-6112
545
-19420
6896
-5092
-2021
-13268
2305
-15296
-2814
-2044
-1235
-15300
-5376
-6076
3607
-20444
-7677
-10228
-1273
-8968
3877
-5084
3603
56
-7196
-8168
-7440
-15328
1290
-14276
-1011
-1000
751
-5108
12027
-2008
-7425
2052
-6652
-4068
-11790
-22204
235
252
-16704
-11232
10228
-4876
5588
-11252
9719
-16376
6403
-15312
-1539
-12208
-2317
-5104
-3320
-13280
-12553
-10196
230
-16372
-1304
-9212
3833
-4068
-4875
1264
-2366
-7120
2815
-17348
-9195
-11196
-1299
-10236
4336
16
13025
1036
2570
-6116
2542
-18408
-6123
-6112
-6901
7180
-4133
-5092
-1017
-18376
517
-6132
-5100
-3064
4599
-1016
2050
-6124
4073
-14320
-1811
-19456
-15387
3104
6652
-12256
-5128
-13308
4818
16
3569
-7148
-8467
-2016
-244
-5092
1772
-9188
-1274
2064
-1019
-4064
11976
-9208
774
-7112
9495
-14300
232
-6088
-2816
-3012
-8898
-9188
8701
-8168
-3581
-6128
1545
3128
-10260
-6088
-7664
-1008
-10997
-14304
-1022
-5092
-12791
-5904
-4364
-13236
-1800
-8140
1569
-2012
-3599
-9172
8935
-10184
11294
-14288
-2798
-11204
1230
6204
1776
-8172
-2532
-10196
11514
-8136
-6132
-11020
8443
-4044
-11032
-7152
-6862
-9204
13288
1064
3817
-5084
-2007
1260
-5116
-16332
6428
-7144
-775
-10232
3095
-3024
6902
-11216
-6913
-4872
5370
-12260
-768
-6100
8698
-12036
-520
3096
-7910
-11216
1270
-7152
-5117
-19440
-992
-7084
4108
-9168
-502
-5100
8472
-6116
6433
-13280
-8541
-15308
7913
-7148
8724
-3064
-4113
-11196
-11764
-10192
9449
-9152
4894
-14288
5139
-16348
-2307
2108
-526
-8112
-3063
-5072
10458
-9212
-3858
-12256
4633
-16332
-1013
-16352
-5601
-4072
2818
-7136
-9698
-4048
6677
-10200
6168
-3056
-2809
-2040
-1001
-8136
4865
-3016
-12297
-9180
3831
-9184
-10
-8168
9481
-22272
1006
-776
2540
-5072
6661
1024
-5868
-10204
808
-8152
-5153
-784
516
2064
-9455
-10184
9443
-5100
-7938
-3056
1277
1276
13052
3100
7420
-9168
1280
-2036
-7667
-6124
3793
-9200
-1516
-2036
10767
-3004
-10485
-988
4070
-12284
1540
-12260
-4105
-8156
-8710
-9164
-4620
-992
10483
-6136
6108
-7140
-1007
-8148
-2845
-4072
-7169
-10192
-2281
-5088
-7160
-11252
-2077
-10228
8186
-8168
-12805
-4084
-2281
-6124
-1557
-9172
-3592
-7128
-2571
-8180
1052
-4084
7214
-6132
3837
-12216
3391
-12276
-3854
-9184
-3871
-4084
975
-10184
7677
-11244
-2044
-8140
282
-4012
12564
32
9776
-2820
-514
36
-1015
-13296
3573
-9188
5364
2139
-3558
-10220
8680
-12036
-4620
-10204
1015
-6140
12803
-1004
-5865
-14324
-3048
-11184
-243
-4088
553
-13240
7411
-16364
-3566
5148
-2030
-8188
10508
-7152
6953
2088
-1554
-2832
6136
2052
4845
-14316
3080
-10188
-3355
-13312
-539
-3044
-5876
-9204
-3598
-9168
4109
-4096
493
-16356
5879
-11220
-12791
-2020
-543
-7128
7402
5124
-4867
-8156
-3618
-1008
2322
-808
-1770
-4076
-2840
-8144
3067
-14292
1827
-4096
1030
-7160
-781
-2828
3817
-2024
7410
-17400
-15370
-16324
-3603
-5056
-1791
-5084
9208
-12264
-9474
-7168
-7152
-5088
7199
-8136
-4394
-6108
13334
-980
-7977
-17376
530
6176
2801
-6108
13289
-3012
-4085
8
-8173
-8156
-10232
-9168
2299
-8168
5898
-14336
-2544
-9136
-9977
-6100
13055
-4068
-4100
8
5097
-5068
3606
-10200
2049
7192
-9772
-5068
793
-21460
-5381
-6124
2022
-16376
-41
-8172
5881
5128
-536
-7136
5379
-11220
3310
-10240
5099
-6092
2060
-7156
-16922
-12232
4861
-11204
4080
-7128
296
-4072
-5397
-11244
-263
2064
6159
-6092
-2043
3108
10490
-12040
6629
-11260
-7434
-6053
3592
-1008
-257
-8152
10746
-1961
7467
-16328
-2540
-7156
4586
2076
15101
-4080
-9486
-12036
-528
-5108
3102
-17332
-511
-13080
3851
-17376
1806
4096
5371
-10232
1777
-3036
-4919
-2040
-527
-1000
-1035
-9196
-257
1072
-7430
-3064
6711
-2000
-6919
-5100
2051
-8164
8959
-6916
3864
-11232
-5642
-7112
-9838
2100
27327
-17380
4054
-6116
2316
-9188
-238
-10208
-8439
-9176
6105
-3016
2297
-5056
-4361
-10208
8
-5112
5112
-13268
-3592
-976
3060
-13284
-1537
-11256
-3846
-4060
-980
1096
-516
-14292
-3842
-10208
4855
-8156
-7162
-12256
248
-7124
4382
2288
-3278
-8164
5360
-22256
-4344
-6108
-2835
-15348
4866
-1800
-3526
-19204
7917
-12268
498
-7140
5927
-7136
-8987
-11224
7175
-5080
3344
-8176
4605
-7108
1580
-10216
5148
-17352
11724
-11212
-2802
244
7938
-16376
20
-1016
-4854
-7136
4357
-14328
2053
-15332
4627
-1988
15122
-4044
2024
-17348
2307
-12244
-2288
-8164
-1783
-10212
6894
4140
-526
-15332
1033
-8144
-4383
-6088
-2842
-10200
-1770
-2016
1284
4132
-254
-11252
-4335
-13284
4090
-10236
10771
-996
-7191
-984
6360
-8172
1049
-12268
-6664
-15292
1565
-1804
6409
-6140
8212
-2040
-12795
-8160
-6939
-6072
3870
-18432
-1027
-4072
-3556
-5076
9745
-2024
-11730
-4084
-11742
-10224
13348
-11240
11000
-9192
7906
-14292
-5378
-6144
1751
-12280
-5619
-10188
-3068
-5108
8965
-5048
3337
-7160
3588
56
-9182
-2000
-3081
-11240
-6121
1068
1780
-5100
8998
-4056
-5918
-10208
256
-7108
6909
-3060
1268
-9184
17
-4076
-4640
4132
3822
-4084
6122
44
-2550
-1012
-1052
-9168
-3594
-5108
1493
-8176
-4601
-13288
4324
-8984
5912
-3064
5356
-11224
3406
-3028
-7434
-6120
4098
-9180
-14328
2104
-2571
-7124
-9206
-10212
5321
-13288
5140
-21452
4110
-7164
-6104
6172
-5894
-6924
5925
-12252
-2287
-6140
2319
-8184
7144
-6140
4595
-11236
-7196
-9216
-2806
-8152
6163
-7144
-3842
-13268
2313
-3848
-3820
-4068
2312
68
6103
-11256
-4330
6196
-7437
-5108
-7429
-8160
4620
-12201
4839
-11220
8962
-10200
5
-14092
4890
-15336
-13869
-13276
7674
-8101
4130
-6108
-10234
-6124
-1761
-6108
2551
-11192
7425
-12272
6401
-5088
14874
-9216
15083
-1992
5133
-9216
6899
-14280
-520
8248
11006
-9196
-799
-18420
-6414
-8160
12038
-11248
3311
2108
1298
-7168
-1513
-6084
5120
-8144
-7936
-12244
3547
-15344
-9236
-6112
-511
-6124
4384
-3012
-2562
-18424
4351
-12272
6678
-6108
4634
-18368
-1260
-8172
-808
-1004
8195
-18396
9212
-6140
-4874
1092
-7421
-10172
6419
-5108
2305
-8120
773
-6072
-9505
28
-1279
-15300
8757
-6136
2841
-13308
-5627
-4016
-3352
-6080
1316
-3852
13590
-5088
2060
-9168
-3314
-7108
-4347
-9200
11766
-13264
7437
-8168
-3831
-12240
-3301
-12264
-4088
-6920
3820
-6104
6150
-6136
-2277
-17388
-3600
-16360
-7966
2076
-5911
-6116
5849
-17408
-3609
-4052
-1790
-13268
3325
-14320
-244
-10188
12279
2120
-4616
2064
-4610
-7132
-4145
-8184
9710
-10200
8256
-9200
13589
-2832
-3100
-12236
3314
-7124
-4593
-8180
747
-7100
2021
-4044
8185
-9188
-6140
-9208
6391
-6108
-5119
-6112
3826
-15348
4089
-11192
-2829
12
3811
-14300
4601
-13264
-3563
-5052
-4330
-5108
4380
-1988
6654
-4056
-3875
-12252
-12270
5176
-8454
12
-507
-6132
3824
-11228
-506
-11204
243
28
9748
3096
4070
-11256
-2290
-4060
3831
-11256
-6681
-10232
-11215
-9168
1576
5372
5384
-6092
-301
-996
5663
-11184
-12524
-15360
5629
-1000
6676
-11216
-6374
1064
-1035
-6112
-9209
-6124
-2281
-15344
-4325
-3008
1266
-4080
5377
-4096
-2547
1084
-1557
-2008
1030
-5892
-3837
24880
-3584
-800
-8198
-5904
1542
-6140
-6891
-6916
-11259
-11232
1755
-15348
-3332
-9172
-8453
-8972
-5842
-15108
2798
-13221
4848
-6132
2552
-13280
-2808
-10192
2294
-12264
3819
-8172
4127
-7144
10490
-21436
-1553
5156
17
-8172
-758
-8184
14875
-16376
9729
-3008
1010
-2036
-1514
-14308
-1028
-13240
-3859
-10236
-8922
-2012
-1812
-7952
-1256
-14084
12016
-7108
-6892
-11028
4373
-5116
-3851
-18392
-5880
-12268
-4850
1056
-1027
-9192
1016
-20436
10017
10488
-10238
-8128
5667
-14296
2853
-2016
4570
-4888
5657
-20464
-1241
-6104
-2315
-4088
2345
-10220
-539
-8180
3322
-5064
2808
-12256
1265
1076
505
-7152
3089
1040
1529
-4072
1780
-10224
4886
-956
-5656
-12256
5355
-10188
2326
-7128
-274
-6084
1032
-952
-748
36
3092
-5100
-2522
-8168
-2577
-7152
4382
-5052
-1778
-9204
-3846
1052
1323
-16352
-1281
-8164
-3325
-9192
6672
-9176
-2322
-2004
-4353
-10216
-2803
-10196
5099
-8184
5697
-12260
-4350
-10224
1843
-4020
-288
-6068
-2297
-9184
5585
-1996
4894
-5044
-3828
-5092
1052
-8188
-2551
-8144
2338
-9192
3056
-15308
-1504
-3048
-2277
-9184
-497
-8192
3809
5156
-12037
-6116
2313
-9208
-12288
2064
-4875
-5084
-9486
-13288
12830
-14304
4609
-16344
5369
-988
-3574
-10220
518
-1004
-6920
-7108
4116
-13280
-2088
5364
-1293
-13280
4861
-16376
3573
-9152
-3876
-11244
2555
6180
-507
-5120
-2848
-8160
489
-9168
-3587
-9992
-8431
-8136
-512
-13300
-783
-11216
-7708
-6916
4612
-9168
-4607
-12268
-2313
2056
3587
-12276
-8679
-3036
-7444
-8136
-210
-12260
7436
-3024
-5653
-12264
-2067
-9172
5880
-10232
-10241
-6120
2070
-7128
-7710
-11260
-4357
-1800
2316
-19420
-2075
-12252
5637
-7128
2844
-6116
-9006
-8176
9212
-7948
-6619
-9164
-7461
-968
8226
-976
-515
-3048
-4857
-9176
-6150
-1020
1781
-8168
-7422
-13288
9727
-5052
1042
-13304
-8463
-10204
22736
2068
18951
-3044
-3599
-1992
-7193
-7096
1300
-7164
-4109
-12280
-2042
-20232
-4106
-7108
10984
1276
2037
-3036
-27
-10216
-3303
-10208
-7426
-15308
-4330
-6128
6682
-8108
5392
-11256
8205
-6140
538
-3028
5621
-13280
-515
-18364
4106
-13244
-3833
-13300
-5133
-5100
-7427
-7116
-4385
-18392
-541
1060
1776
-21464
481
-8964
-6895
-13248
15609
-12252
4364
-9144
-6892
-8160
-1817
-2036
1272
-11232
-4906
-23276
-6945
-7148
-3853
-8168
-3046
-3072
-1525
-13260
2041
-14280
1533
-12236
773
-11248
-9210
-9168
3308
-1012
3339
-10012
5918
-13264
-496
-26136
-5633
-13272
1015
-13284
-3571
-14092
-5149
-8152
-11790
-1008
-7170
32
3838
-7148
-6914
-2992
8724
-10220
-3636
-9184
8707
-5104
2551
-7077
6141
-9184
4317
-6116
1042
-9184
-3548
-4068
-1235
-18388
7675
-13284
-3054
4100
12555
-16376
8202
1028
-10532
-10192
3097
-8128
-3566
-4868
1538
-11196
-4616
-10208
-11784
-11252
1027
-8132
-5131
-3040
3315
-14252
-512
-11184
5896
-11208
7688
-992
267
-16132
-4363
2084
-4315
-2008
5363
-10212
9696
-11212
-11005
-10192
2803
2108
-5635
-13256
-767
-24276
-7952
-14324
5394
-14304
533
-7136
7134
-13264
2326
-9156
5627
-11224
5350
-4056
8491
-4056
6145
-16332
4104
-14308
-7210
-8184
3867
-5088
5905
-10236
9989
-4060
-232
-11236
-7710
-8184
8952
-11200
-10974
-7160
-492
2112
13
-16356
-8199
-6116
-3362
-15344
9463
-8168
3610
-9132
9212
-13060
-3845
-13284
-1801
-1000
-6629
-5076
-8708
-3036
-11517
-13296
2033
-6096
3845
-8160
7930
-5104
-4582
-4080
15
-13292
-1527
248
5890
-17356
2544
-8160
2578
-3068
-3325
-11252
-1517
40
-3298
-12280
11551
-5013
-16
-9188
-1560
-10224
1042
-16352
-12528
-5084
3830
6188
1285
6152
7182
-14316
-2035
-12244
-533
6216
6955
-7952
-5639
-21448
-246
-3068
3342
-23252
4835
-14308
-1313
-9148
-4379
-9204
5906
-6100
-3063
-6092
1271
244
36
-13300
-265
-6108
-5121
-3008
503
-11236
-3041
-4084
-8977
-13296
-1539
-7116
-253
-4076
1294
-12288
1268
-7116
-1808
-6124
-4342
-5096
4861
1040
-5069
-7944
733
-4072
-1776
-1984
-4355
-5068
-4581
-10212
-1566
-14296
-3991
-8964
8684
-6112
3073
-5084
-2569
-7152
4105
-11020
-7682
-9196
-12274
-3036
4364
-24264
6177
-988
2811
-10208
2808
-8116
-6391
-5068
-6173
-8968
1031
-6116
-10482
-17388
4107
-18412
1296
-12260
6658
-1000
2839
-7168
-4074
-16336
-9925
-14296
1000
48
-2048
-3016
-4368
-12240
1030
-1996
-4047
-10196
1277
-8140
4336
4136
-1780
-8160
-2559
-15128
-2340
-8160
-1486
-6088
-13054
-14324
4108
-4080
5914
-5072
-3581
-3844
-2081
-13272
-3828
-988
-1543
-11236
-7668
36
743
-6116
-5894
-9184
8929
-12280
-1531
-1004
14312
-14300
-10228
-6916
-6402
-15308
2579
-3048
-3077
-5084
-1292
-5076
7710
-5120
-1769
-11256
2038
-11212
4848
-16360
-8691
-20448
-1010
-4060
-3296
-8176
1271
-6100
-2052
-913
521
-3068
-290
-15320
1810
-10220
2549
-2836
4841
4136
-4827
-5116
5636
-15312
5350
-4084
256
-3000
9772
-5044
4593
-11248
498
-6100
-772
-12056
526
-992
-4357
-10188
-7645
-16340
-1547
-10196
-4118
-6140
-4850
-14320
-4377
-14312
1794
16
2807
-12268
-3046
4128
-4630
-16160
-8452
-2832
2822
-6116
-3554
-8160
4351
-10212
757
-9168
1271
-9208
-485
-14336
-11016
-12256
1001
-5088
-8717
-14088
-6143
-14320
-6141
28
-2287
-12264
-11000
1044
3021
3104
-2249
-6916
1816
-7132
4589
-3064
3845
-9196
-2033
-1012
5350
-12248
13
1072
807
-7152
3591
-13296
6868
-7132
4109
-6072
2282
10260
4108
-9172
-1779
-12232
-497
-1984
-1251
-11260
-5890
-9992
1036
52
-8204
-1008
-4355
-13304
-1052
-4076
-6899
1044
509
-8184
-22
-1016
2803
2064
-6913
-4064
-4328
56
2321
-10188
-2047
-10188
-1554
-7944
5911
-6140
5383
-8180
1046
-7960
-779
-8124
-8172
-8148
-3576
-5108
4854
-10192
6667
-13284
-6127
-6108
-13563
-13280
-237
1268
3865
-10184
3540
-14324
-6385
-11224
9976
-6080
6636
-7108
15341
-11264
6882
-7112
-7179
-10016
2040
-5108
1276
-10228
503
-5104
5395
5132
-6891
-10196
2568
-7136
-5898
-6108
-4083
-5096
4830
-16380
6451
7196
278
-3072
3563
-996
-3877
-4052
-2780
-13276
-1797
-5056
-11244
-6928
767
-15316
5615
-15324
1253
4144
275
-13296
4573
-16352
-2536
-4072
-5924
-10000
523
-8144
7113
-4056
4098
-8180
2556
-7144
-7684
-8156
2795
-11204
-2019
-7144
776
-7100
-10501
-9156
-19
-1020
7654
-4080
1781
-17376
-10476
-11212
6649
-7096
-4354
-6120
7969
-14268
-7176
-8136
3358
3128
-7399
-8128
-3845
1036
-10219
-4868
11258
-5096
4070
-10188
7448
-7140
4114
-10208
7981
-14268
2047
-9168
2295
-5892
6399
-11216
-7428
-8148
5887
-9196
1280
-6096
-9732
-10196
-4334
1032
5154
-15292
2613
-4088
1783
1068
1310
-7116
-7956
-4064
3906
-7152
-7699
-7124
7685
-13268
-254
-13280
1792
-4040
-1014
-6108
-3079
-6120
-8178
-4068
-1036
1028
2264
-5084
-5639
-14320
-2606
-5064
-3834
-10212
-3307
-14284
-3045
-988
-534
-13276
-299
-3068
517
-11216
-3089
-10208
-237
-10196
-3551
-7956
-6445
-15356
9720
9236
7443
-7940
8456
-7108
6401
1076
-1040
-15316
3810
-8192
9501
-12280
8192
-7128
-1770
-3056
5655
-14308
9482
-5104
3862
2064
-5880
-13264
-2054
-15312
-5140
-6076
3542
-7112
-7178
2108
1571
-15336
-771
-10204
-7916
-3064
-3849
-972
2079
-11264
3820
-5092
1284
-18368
-6412
-6144
1819
-17392
-5360
-6128
-2324
-7128
-7679
24
-8169
-5120
2015
3092
9476
-13308
-782
-13288
4892
-4052
1830
-8180
2556
-7120
-8175
-5064
-4362
-6144
1053
-5068
4859
-14308
-498
-8168
-4894
-9212
-10487
-18200
-1003
-11256
-1582
-3016
-6365
-3848
-271
-3016
5868
-6924
6411
-6936
-2302
-17368
9981
-11232
-10478
-9192
5875
-10208
-254
-7136
4373
-15300
-1018
-7148
2059
-11252
3058
5132
5362
-6144
-4038
-12272
7371
6396
-4093
4100
-9222
-6916
3066
16
-1311
-2012
-4066
-13244
-1544
-7112
4338
-10192
-3578
-6116
-4891
-8156
5620
-8164
4348
-3056
5129
-10212
-785
-7168
-4910
-3844
-267
8200
-1275
-7144
3309
-13300
4105
-18432
1559
-16348
-1547
-12201
4075
-20460
5407
-7948
-2292
-3032
-4622
-14320
8704
-17356
7185
-6080
-6133
-7100
6400
-11208
4344
-23240
-6665
-5100
-3039
-9196
5360
-3040
3098
-5021
-4354
-3036
-4118
-980
-5143
-3068
6187
-9188
-249
3324
1030
-4056
8182
-3052
5914
-8152
4119
-4060
-3096
-7144
-3566
-8164
-263
-16364
-6677
-8168
-2807
-12272
1787
-15108
2033
-8176
-4875
-14284
-2571
-9196
5379
-5104
7632
-4076
-6882
-12240
-725
-992
1548
-12256
-1833
2064
-6671
-4876
18
-2024
-1507
-21252
-7
-13288
-2056
3112
13556
-4060
-2303
1032
4628
-6128
543
-15336
-5633
-16380
-8200
-15312
-499
1044
8448
-6096
3062
-13264
-1306
-11020
-7149
-5104
7919
-3064
-9
-1972
9224
-8148
788
-10212
-3627
-6112
-13067
-6088
-2786
-2024
-2029
-7148
-6344
-3856
7406
-3068
-6692
-6116
-3879
-13292
4337
80
3582
-10228
-7430
-7940
-3348
-13284
2330
-7132
1820
-6120
3101
-12201
6415
-4084
8708
-980
1512
-18360
-5142
-4080
-6657
-2000
-7183
-12252
3046
-984
-8214
-1996
6134
-16324
-4582
-4092
12574
-8976
4373
-18396
-7708
-5092
7183
-3048
-7179
-7100
830
-10196
1797
-5088
-2036
-12264
5379
-8160
5358
6152
4074
-9172
-14844
-5076
-14829
-4076
6165
-11208
-4065
-18404
5919
-14308
3324
-4040
3100
-16376
-3067
-3048
-8
-6108
5361
-4092
1566
-1016
9244
-9196
-4095
-16332
273
-11232
2028
-5116
-2560
5368
4814
-13300
11974
-23248
-6628
-4048
-7900
-6124
-1560
1024
-721
-4036
4628
-17156
-9990
-16348
-5904
-13272
5133
-15336
-6436
-15332
7399
-3032
-8434
-14324
5341
-7112
512
-13292
-2551
-7960
2567
-7140
3826
-10168
-8182
3076
1513
-6084
2545
3108
9981
-18192
-2547
-3072
3088
8
6649
4348
-6668
-12036
-4347
-2040
7411
-18420
2293
-13288
6123
-4040
9486
-4888
8446
-16336
-3326
1064
2319
-4064
3099
-11260
2026
-7156
5619
-6088
-2561
-14292
518
-11252
-3048
-2008
2021
-1024
2546
-11264
2012
-1000
2580
5144
-5114
-3044
-5626
-6108
-506
-4040
4359
-20452
-762
-6116
-2043
-7136
-1026
-13284
-3327
-15296
262
-14272
-4842
-11040
11269
-8188
-3057
-1004
8141
-11212
-1502
-1008
-3848
-12036
251
4
6134
2068
794
-14276
-2822
-10141
-1009
-14292
-5632
-8168
1285
-14296
-2553
-7136
491
-2824
1777
-6100
-18685
-4088
-1251
-8176
-1788
2080
2834
-8172
4883
-10196
15367
-10232
-232
-6104
-1002
3128
6159
-12244
2537
-11224
-468
-4884
2523
4168
3845
1276
-14072
-3072
10531
2288
-497
-1796
3848
-15304
1801
-3056
5631
-4040
3048
-15316
-6386
-4024
1285
-4868
-1008
-7140
-3884
-7096
7940
-6100
-6146
3159
7678
-2016
3081
-968
2556
-7168
7142
-6136
8457
-8128
6389
-4872
5896
6168
-757
5144
-14
4104
995
-3864
5372
-7168
-3077
-12284
-11280
-4068
-9456
-8156
-6894
-3040
2818
-10180
10731
4
5858
48
5640
-1016
-1273
-2028
-4576
-3056
7414
-5100
-6168
-7108
-4381
-7144
-15373
28
-2053
-7140
1033
-13076
560
-1000
-6916
-5068
1515
-2020
6625
-5060
-16685
-15344
4090
-10000
1283
-12276
1797
6180
1800
-10168
5388
-4092
-2051
-9212
1274
-4056
-1028
-15332
-1777
-8152
-2027
-8136
9990
-3844
-10216
-7164
-3102
-7960
2824
-4052
-2520
-7128
8932
-8992
2577
-8184
-1012
-7128
-13600
2076
265
2076
-5387
-6112
-3334
-8968
-2286
-1804
4840
3096
-1026
-11260
-8180
-5084
4116
-13248
3069
-11236
-3848
-12048
6397
-7152
5374
-13304
6428
4
-8961
-10032
-499
-6120
4912
-12256
-2286
-3064
2543
-2036
2046
-11264
6125
-7140
-12796
8200
12288
-980
-5116
-11232
-769
-13312
2315
2080
789
-11232
1012
-4064
762
2112
-2017
-7940
8200
-15340
7449
-5080
-4590
