-5092
3322
-10212
-538
-13292
-7691
-7084
1526
-9180
7691
-5900
4115
-5108
1762
-4068
-10248
-14320
6414
-8148
-7418
-7964
-1541
-10200
-1027
-5096
10506
-2024
-8681
-21456
-4880
-8120
-4342
-9192
-2052
-956
13829
-9204
-2530
1092
1236
28
6916
-2032
1550
-13308
4620
-8184
2316
-9208
11314
-13312
-1325
-11228
-507
-9184
-6943
-9176
9987
-13284
2525
-3060
1756
-10204
1528
-15328
2843
-1004
237
-5076
-6386
-11228
-4108
-15332
-3556
-10212
-4356
-3056
-800
1072
-10753
-10192
-2333
-9136
733
-7148
-1273
-10200
2790
-18412
6912
-4888
2539
-2852
-5907
-5096
1766
-4092
-1261
-3032
-4333
-9192
5384
-6100
6638
-4060
802
-22216
-5376
-15344
-12052
-5080
-7673
-17396
1816
-6060
2297
8240
801
4124
-3052
-12240
-2844
-1796
2564
-1004
-7912
-6144
7406
10472
-7718
-13252
-1293
-5096
-3325
9280
-4869
-11212
10233
44
-5400
-10192
-2582
-1996
6647
1096
-2854
-6112
5896
-1004
-1036
-9180
-3313
-5096
5398
-7144
-2069
-9212
3840
1024
-273
-13284
-8711
-7132
-3612
-6928
-5382
-11228
-784
-11244
6658
-5048
6390
-6928
4882
-16340
4350
-2040
-502
-12232
6388
-1012
6464
-17384
227
-13308
32
-7132
1253
-3036
4381
-10196
-1316
-3048
-13775
2092
5908
-7140
258
-14332
-5165
-7136
3567
-8156
-11014
-6924
1571
-6124
2554
40
-764
-9988
2799
-17392
4340
-1984
-9
-18180
4588
-6944
10742
-11228
-782
-12240
2569
-5092
-256
9240
2082
-9164
-3843
-6088
10501
20
499
-8156
-511
-16380
5377
-14276
2034
-15300
-3294
-12280
-3335
-5068
11000
-17368
-1023
-13276
-13569
16
216
-7164
4620
-6112
8677
-6116
6671
-7120
13279
-6144
4326
-9204
-496
-5912
6644
-9168
-5117
-9208
-3868
-972
5868
-7132
-7688
-6928
7936
-16376
-757
-5092
-4334
-7168
-2073
-7944
8970
-14304
-6441
-9121
-6885
-17384
8173
-4088
3828
-9180
-781
-2832
8691
-9176
2570
-11244
-7172
-13276
2763
-7148
536
-5120
3083
-11196
-3853
6196
750
-3020
7167
-772
3835
4144
247
-7156
-3364
-1804
-253
60
-6896
-992
4061
-3060
1527
-12256
-9239
-2860
-2075
-7168
-10727
-6132
6882
-8148
2843
-4072
-5835
-9212
9455
1068
7691
-2036
-2553
-6132
3048
-9188
-1810
-21448
-480
-5084
-3882
-27360
3828
-11212
275
-976
-247
-6104
-238
-5104
503
-17156
3332
1260
-6687
-4088
5666
-7140
-10238
-2836
4319
-12244
-5908
-4076
4606
-6136
-2563
16
7882
-6092
12
2092
-9194
-10236
-7452
-3064
6911
-8136
1765
-14328
1535
-9184
7956
-13080
499
-8168
-7166
-3056
8471
-11240
4331
-7116
4
2276
3565
-4092
-8147
-12272
5618
48
4114
-6132
-5135
-7124
10001
-11236
-6391
3092
5113
36
-4856
-1800
-8171
-8156
-2795
4124
-11285
-13288
-803
1040
-2804
-7100
-6907
-4052
-2822
-5108
2569
1032
-223
-9216
-506
-2028
796
-4084
-5380
-5080
-986
-16344
15107
-1004
4089
-15332
-9488
4112
5662
-3064
4887
1032
1530
-4868
-7912
-5112
5404
-3056
10515
48
9489
-5096
-3877
-972
5602
-6088
-6140
-7156
5916
2048
-5663
-11256
-5369
-1020
-13062
-3844
-2547
-12284
3599
2088
-2790
-11240
5119
2296
7186
-16336
4343
-4028
-7187
-16344
16905
-7952
3863
-4040
-2291
-3056
-6404
-3048
-4356
-11264
-4103
-3036
3598
32
15880
4172
-1793
-10204
-8202
-9216
2329
-9144
5373
-1016
-265
-6132
3052
-18380
1538
-1016
3020
-11244
-3614
-11228
7402
-7112
6393
-5060
1
-6120
4125
-4052
-532
-3040
-4627
-8172
6137
-13288
6126
-9148
2311
-6108
8184
-10228
-2805
-15332
1773
-5904
-268
9464
-3871
-14316
5900
-7944
8711
-3848
-2576
64
-12811
-7136
-1319
-7140
-5361
-7140
-8168
4112
-44
-18420
2566
-13312
4581
-9192
-1834
-2012
4849
24
5378
12
3611
-2048
31
-4076
501
-6088
13068
-12256
-6145
-8164
-2317
-5112
-5357
3080
-6933
-8152
12084
-8148
4865
-5092
-10973
2292
5612
-13272
1250
-9192
2582
-8164
16151
-10236
-508
-8156
-13
-5040
2068
-4080
994
-6088
6676
-17368
515
-10184
-7440
-17392
-3084
-10232
-5162
2052
4351
-7140
-4345
-8148
-3329
-6092
4
-5104
5633
-6140
247
-7944
-5381
-980
5643
68
-3513
-8112
3343
2056
6661
-15312
-503
48
2293
2060
-1262
-5120
254
-8988
2818
-9212
-3595
-11184
489
-5080
4369
-11264
537
-6124
6911
-12048
3829
-5060
-1769
8228
-221
-8184
-1039
-9188
9228
-15112
1791
-10204
-1018
-8176
-2572
-12252
4377
-14288
7198
-6132
-3373
3076
-1524
-3044
-2075
-9988
1018
-11208
-5898
-10208
4310
28
-14352
-15108
-6631
-10224
-3113
12
1032
-12244
-11032
-11264
-20
-4868
-3060
-9168
777
1044
-9255
52
-10445
40
-6889
-11016
-3319
-5896
-9448
-14328
-4610
-24312
2797
3300
3305
-14249
-5376
-11248
2308
-7148
2336
-5108
-6963
-7164
-14
2076
1563
-8168
8727
-5080
1303
3312
13329
-2044
-3320
-5084
7940
-15316
12567
-976
784
-10216
-7163
36
7656
-14280
-4576
-13296
-10
2084
-9732
-6104
-2084
-14268
-2283
-5076
-5863
-11224
-1052
-7140
-10749
32
-285
-12244
9236
-808
1514
-8176
-4076
-2016
235
4144
6871
-13236
-11493
-7948
-2060
-2024
-2322
-7140
-236
-12236
-4369
-4068
-3565
-3856
538
4348
-11999
2276
-10507
1084
-2039
1068
238
-11208
1525
-3040
515
-8188
5152
-3040
-2020
-4872
-6946
-11228
-1283
-14288
3835
-11244
-6135
-3020
2846
-5084
5384
-15120
-1003
68
-4092
-11228
506
2064
2
-7160
-1802
2072
285
-4868
-9987
-7104
-2834
-9152
-3343
-5920
1558
-11236
6664
-13296
2550
-16360
6925
-9164
1563
-3052
-1550
24
-8706
-5052
3826
-13292
-266
-16332
5895
12
-3321
-3064
4314
-8140
783
4344
-6662
-6136
2574
-6100
12296
1276
-3079
-8144
-7715
-21456
275
-5108
1023
-6104
-7933
-5896
7654
-5092
3572
-980
-4359
-2044
-6641
-7148
-1530
-7156
-2815
-16364
244
-11236
-8959
-4052
1233
-13064
3317
4112
757
-8172
-768
-4064
-5368
-4092
-7687
-10172
-2294
20
-5140
-10208
-2296
-5076
-8203
-976
-1043
-7120
-2070
-3056
-2261
-9196
1267
-8164
-5124
-8188
-6942
-5060
1792
-12060
-4123
-2828
-3090
-7128
8450
-5056
3593
-1024
-16
-2008
-5897
-15344
5901
-988
-2810
-6112
-9180
-13280
-5889
-1796
-1824
-2020
-767
-10240
-2320
-11012
-9466
-7160
1501
-10208
-2056
-6068
1025
4108
6636
-7092
1061
-6108
9532
-7152
6656
-6104
-2277
-9176
-5416
-4044
803
-9216
5618
-8192
2302
5148
7918
-11133
-5892
-12048
-2835
-3012
-3311
-2996
1306
-10232
-2043
-12048
9469
-3048
-1002
-9148
-1019
-16340
2777
-8156
-7632
-8172
4590
-980
-2311
-11208
-4373
-7112
-5613
2060
517
6172
1822
-6124
-749
12
-1541
-6120
8439
-17364
779
-10188
-494
-4068
260
-1004
-1519
-16332
-4107
-10172
-25
-2836
4404
-6108
-3391
-2028
-5107
-6116
1007
-8164
1536
-11244
1823
-8136
-2763
-10168
6135
-13064
-5113
-1984
-754
-13272
-536
-3844
-752
-12264
12524
-2036
-1287
-5068
769
-13064
-4607
-7132
5639
-11248
-2837
-15360
9494
2084
-2804
-13308
6390
-6112
-272
12
5127
-16360
1276
-7120
13805
-14308
-8689
-7152
7449
-2000
1535
-5084
8163
-3848
4872
-16368
-5149
-12244
-5900
-2000
2016
-7124
-215
-4064
4590
-4072
-1803
-13296
508
-10184
1526
-7128
1759
-15108
-1540
-4064
1529
-7144
-260
-10220
6943
60
2052
36
9746
-2008
-5872
-9196
8959
4
214
-7144
-7687
-7964
2351
-2016
5414
-5068
-16387
-15360
6877
-5108
510
40
796
-3044
512
-5088
-3821
-1004
3311
-3068
-4842
-4084
9732
4164
1268
-15112
520
-6080
1589
-10192
-1761
-10176
3832
-3048
-7167
-948
-1270
-1988
1552
-1004
1796
-5092
-5111
-15332
-1293
-5096
-513
-7116
797
1056
8685
-10232
2335
-8192
4846
-10232
6704
-3028
-3323
-4092
4082
-10184
12065
-5096
-5870
-11260
4119
-8192
5134
4
-288
32
-13330
-11228
-1535
-4080
-267
-4096
2547
-5096
-8172
-7168
-3079
5156
-2555
-9172
2559
-8128
1291
0
3308
-4040
10752
-6128
8197
-2028
12027
-3068
1578
-7156
3586
248
3301
-15336
-4625
48
-6412
-5096
-8242
3116
1785
-11224
-6947
-12220
-3616
-11244
2040
-12252
-5865
-8972
-3852
-1992
2297
-3868
-6675
-3064
-3329
-9180
1298
-9180
1810
-784
-1283
44
-994
-5040
2855
-13284
-6933
-10204
-3643
-7164
4110
-4072
1256
-4072
-1248
-6100
-8960
-15332
-981
-13296
-1530
-5064
-7431
-12216
-5105
-7152
-527
-10208
2551
-6108
785
-2000
-3874
-4052
2050
-18216
766
-8168
5392
-5080
-5624
-7120
291
-4064
4607
-3004
7917
-6057
-4341
-6088
2292
-10204
2030
-996
5907
-4080
4353
-22020
-5387
-12276
770
-4016
-2559
-992
5416
-10192
9193
-20468
-1019
-4048
5902
-5068
-4364
-17384
-5628
60
779
-10204
-798
-8176
-505
-9168
-2530
2100
-2316
-6136
-3807
-10196
2328
3124
-11264
-11228
-2302
-9180
788
-20228
2310
-5060
5106
-8156
1283
-19436
5102
-9208
2322
16
7442
-12252
509
3120
-1546
-14276
-5400
-12276
3336
-12264
-8980
-9196
-6
-4048
-2871
-2036
-3059
-8144
974
-6112
-8149
-10137
-7974
-5084
-4595
-3052
15
-7160
-1815
-4040
274
-12280
-780
-6112
-1004
-4048
542
-8108
2591
-7132
-5132
-8144
768
-17404
4106
-16384
1811
-8160
11272
-5076
-1063
-15304
1260
2092
-2782
-8192
4369
9256
-2794
1052
-543
-9992
-4359
3096
-4369
-5048
3573
-14167
2036
-12248
-2787
-944
1532
-16368
7169
-12272
-4072
-3020
-11790
-1016
-7418
-11224
1544
-7144
7904
-7148
-3313
1056
2318
-8968
2073
-11240
4371
-2012
251
-12288
-8966
-6116
-484
1080
5103
-8132
-4585
-14252
258
-10232
484
-3008
-4854
-1972
-5101
-8988
5642
-15112
-3568
-8156
4137
-2044
3051
-6100
-1797
-8172
2576
-6064
-4108
-6096
-3845
-2028
2810
-12252
7166
-7160
-2796
-7160
10746
-4076
6402
-11224
-7167
-11220
-4371
-19384
789
-2036
3074
-11248
6148
-7124
6114
-972
4615
-1024
2304
-14296
-8692
-2024
5144
-14292
-7422
-11256
3841
-9200
3316
-14308
-2315
-6088
2589
-12256
-4371
-4072
6175
-1808
2848
-17360
1538
-15348
-2521
-13280
-2087
-3068
3605
-9188
7
-13292
20
-5104
-8704
-15332
-285
-12248
-1001
-7132
268
-7132
-1780
-3052
-2809
-2012
2557
-5092
-2035
-10232
-2570
-10208
-7199
-13288
-781
-8097
1283
-7160
8974
-10176
2816
-13304
-1541
-7152
4315
-12036
-761
-15308
3854
-3040
3624
8216
5376
-15344
-6156
-4048
-5624
-9180
6172
-10208
-5370
-8156
2812
-7140
507
-3036
2355
-984
3303
-8164
-1490
16
-747
-13264
531
5148
-987
3096
3806
-2024
-11048
-11260
1040
1036
-7673
-7140
546
-5072
8692
-11244
2564
-11220
10217
-10224
-2822
-6128
-8189
2060
3863
3096
-231
-7156
-1024
-6092
-4630
-4064
6905
-12256
-6414
-7128
4858
-5096
4321
-13284
2583
-18408
1289
-12272
-8965
-18420
5624
-14276
-544
-12272
2834
-7140
-6136
4112
-1523
-4868
12060
-9180
-1840
-5064
-275
-14328
8
-6104
-533
-16328
9489
3072
2042
-5116
-1543
-10224
-2045
-9156
1798
-15356
-6388
-992
6166
-4068
3060
-10204
-2061
-5100
728
-17380
1284
-7148
10790
-5896
1275
-13304
5383
-3040
-3595
-6136
-8951
-10216
1075
-2000
2064
-6108
1281
2084
5373
-6944
-4884
-7100
228
-3032
5640
-8132
262
-11224
7708
-17364
6674
-7108
521
-11256
-3051
-17376
1255
-12248
-5878
0
-250
-12260
5885
-8964
-7944
-772
-7705
-12240
-5620
28
2301
-15128
-10527
-9176
13312
-16352
280
-19392
1834
2048
7929
-20460
-3329
-8168
-248
-9184
-4361
-13296
-7442
-9164
10994
-7124
-267
-8132
2280
-12276
3575
-6136
-8490
60
-9196
-7108
-8433
-5064
-5654
-14308
-2025
-7120
-770
-12252
1002
4136
8985
-9200
7701
-4020
2281
-12264
-7151
-5108
12056
-5120
-1546
-8984
8168
-6108
8185
-9148
-5608
9216
10495
-10196
3072
-5120
-4068
-3012
-1770
-11216
-2575
-8188
2563
-12264
4895
-21468
4669
-8124
-7198
-2004
241
-11224
4093
-3032
-6383
-15348
-1025
-14324
-5613
-12232
2790
20
-7916
-8172
-5839
-6108
-1
-17396
-4326
-9204
2312
-10184
-4880
-15352
-9238
-9196
-2832
-8168
-1530
-7944
-2321
-10216
-286
-9176
17
-6140
-9208
-22228
9749
-9172
-228
-11200
-7943
-4048
-5619
-15360
13323
-18404
11274
-12284
-240
-7144
8432
-5048
250
-8168
-1551
-14296
-5109
-11228
-6390
-17408
7424
-19456
6661
-2000
-11771
-10204
2066
-9164
-4888
-3008
2837
-8152
7155
-8148
-5171
-7168
5129
-12264
9975
-12256
-1796
-11220
-2545
-5100
4097
-5052
743
8236
1270
-16320
-5107
-9192
-2296
-12276
-6956
-8180
5811
-4084
2346
-6136
998
-10200
3569
-3044
6399
-6092
10517
-7148
3854
-8120
9479
-13064
10967
-12060
-231
2064
753
-16360
255
-2004
-3560
-6096
2813
-2000
3095
-9156
-5149
-11244
-4346
-8152
15130
-8132
-3368
-6140
-5624
-4056
-2807
-8192
7160
-3844
-1038
-10236
767
-5064
-1567
-14272
-2023
-3024
1772
-12256
5137
-992
-2831
4124
-2566
-5080
531
-5100
-7954
-6120
2059
-19444
4375
-6084
-2827
-5060
1251
-8168
2839
3084
-260
-19416
-9475
-19388
10750
-16132
796
-7128
5633
-12280
2531
-10232
1554
-14288
4609
-12272
-8942
-10149
3063
-13296
6685
-3040
-1240
-8168
-3835
-1800
-3340
-13064
-6626
-5084
8707
52
19
-6124
-4844
-6920
3856
-20408
-8703
1260
-252
-12236
-12581
-14276
5415
-15340
8190
-2828
-18
-9164
-1258
-1957
4113
-11196
-4087
-6132
5386
-8160
-4330
-7152
-4874
-6124
484
-17364
4351
-16348
16361
-12232
-3820
-2032
-4346
-4868
2252
-1984
-3567
-14292
-2569
-15312
-10994
-4088
6939
5136
-253
-7148
-2046
-9164
2779
-12240
-9437
-12224
2351
-988
4894
-16160
-1037
-4048
5405
-7132
-1492
-10192
-2042
-14288
9231
-10228
-5847
-14300
3069
-9168
3325
-10232
-1263
-8140
5372
-9208
284
-6100
-10527
-14320
1806
-9208
-5364
-5048
4335
-4080
-732
-13300
6906
-5036
16905
-14233
2305
-10192
7924
-13264
-2791
-5088
-9744
-11220
-10773
-6132
5142
-2036
-2292
-15324
1251
-10228
2575
-964
-301
-2844
-4835
-7164
1517
-5080
5918
-6120
-9231
-11184
-3856
-11240
-1024
-12224
-2833
-5056
-7933
-9992
-8175
-9200
7406
-3852
2846
-10192
1267
-3044
11767
28
-3865
-1012
-6970
-1988
5133
-788
-782
1264
252
-10192
12803
-2024
-4859
-8152
8976
-1012
-9220
-13308
7432
-12236
5609
-4068
-2822
-5060
6908
-2024
7413
-22256
-14
-7152
733
-5072
4336
-15296
-772
-6076
-5608
-992
6665
48
-2537
32
11475
-2008
-8681
1064
-2813
-14304
264
-2020
-2599
-8164
775
56
-6680
-11240
6145
-3040
-11049
-11252
-5402
-12036
5587
-11240
8184
-6916
4078
-8968
-6637
-14312
-4107
-5080
-5384
-7120
-5072
-11228
1750
-4092
-4840
-976
2070
-10204
2075
-5096
-2293
-10200
5605
-4096
6940
-12236
-4341
-11232
-6355
-996
8936
-9148
-1816
-12288
6871
-5072
6403
-2048
758
-2008
4612
-4028
-741
-9184
-8189
-12228
2338
-14316
-1991
-10208
6412
-13268
1298
-13292
9708
-5100
-2291
-3052
259
-7152
776
-12224
3584
-5120
5120
-11224
-2073
-11224
796
-10212
-270
-21484
-2048
-12244
-3571
-9188
-2792
1028
5401
-5104
4385
-10236
-6145
-6144
2050
6164
9761
-6916
8468
-5068
9435
-4092
-12007
-7152
6188
5140
2838
-968
5354
2068
-3052
-9196
769
-12248
7700
-11012
-3582
-7160
3303
-11192
10234
-8188
3589
-9176
-498
-12268
4329
-4036
4083
-17180
452
-4072
-7422
-2012
2292
-16364
258
-11240
2573
-9208
4867
-4868
6378
-5092
-9480
-7132
-1001
-3012
11538
-10172
3545
-14300
-6150
-14292
283
-8144
-4870
-5088
3306
-2028
2835
-9184
-8698
-11236
6870
-10216
5648
-7136
3603
-9988
7425
-11216
6131
-13272
-4861
-7092
6118
-11188
2319
4108
-244
-7104
-3823
-14316
-5887
-9160
-3853
-7108
-1024
-8184
-1524
11284
2553
-10000
776
-10004
-1017
6160
-1042
-9172
11772
-12264
5407
-3032
-5343
-5076
-524
-988
-4587
-6120
1543
1060
-1052
-1024
3593
-12252
-3561
-11260
2015
-996
7414
-16368
-8698
-17372
4118
-6112
-4359
-5072
514
-10204
-13367
-2016
5381
-6136
-784
-7132
6889
-9160
-3038
-16376
8466
-15300
8685
4100
-215
-18400
-2581
-13308
-742
-8168
2814
-12244
-6652
-12224
-524
-5112
9475
-10168
4633
-960
4372
-14320
-9685
-14300
4093
-5100
-3561
-18392
-4123
-16320
-7659
-12224
12768
-8172
-4341
-5040
4591
-10224
-256
-13100
-4344
-11220
-4367
-14084
4588
-6100
-991
-6120
8473
-13260
5394
-8180
-4081
-4048
514
-7132
-1793
-15124
-2067
-12260
-8466
-4056
7209
-11224
-11017
-1012
-227
-13092
2323
-12201
3610
-2028
4888
-4092
12287
-8176
-7992
-3016
-9226
-4088
-6156
-1816
-3129
-14300
3822
-12240
5396
-19208
-2295
-3056
-2541
48
509
-16332
3066
-13064
-500
-14336
-4376
-3068
-1284
-13300
6430
-5076
739
-6072
-249
-16328
1751
-17388
-5626
-1024
-1025
-3020
2546
-960
-2555
-12276
-12026
-5092
1314
-10192
8954
-6924
-730
-11020
-12313
-8192
1810
-15340
-4858
-5080
5919
-13225
3569
-9192
6938
-4060
-7933
-15348
-250
-8160
-301
2076
1572
-7120
-2295
-12260
-10299
-3064
-1558
-6128
4601
-5096
-1541
-6112
5825
-8184
-2303
-6084
-12
-10180
-256
16
-771
-10176
-6934
-7140
5636
-5080
-3620
-12240
-1282
-8172
5383
-9168
11768
-7100
-12815
-12232
-494
-8148
-8232
-4064
-6119
-12268
261
-14280
5641
-7116
6382
-11024
-4870
-15308
3055
-5076
5646
-7100
4824
-17400
-6119
-4072
5892
-17372
-4615
-17360
-4890
-3048
-4369
-976
-1065
-1020
5632
-968
-6657
-10228
-3089
-13292
-7948
-12256
1270
-8964
-252
-10228
3321
-1024
-13331
-10236
494
-5072
-8462
-14312
8668
-9212
-5872
-8192
-1598
-10208
2801
-15356
-3846
-1008
1781
-14292
3584
-17352
-8199
-13268
4397
-11256
-2047
-5076
-2273
-4872
-219
-10200
17
-7100
6688
-9192
-1810
28
-10713
-13268
13068
7192
6164
-17352
1291
1088
-9723
-9160
-769
-12224
3576
-15140
8713
-10204
-3085
-4060
-5650
-9180
-9492
-15336
9224
-14256
-8701
-6116
-10515
-984
-1783
-3004
7195
-4060
-1815
-1984
-2307
-13296
-14836
-10208
6123
-3048
3807
-3032
-9718
-4064
-5370
44
-2566
-10236
-503
-5092
-2821
-7100
-6887
-8168
-4847
-5072
3590
1072
-1769
1068
-3038
-19428
-1302
-4080
-14314
-14312
10522
-11240
1560
-11016
-777
-7088
4852
-21456
514
-4048
-8939
-15304
7165
-5112
-11033
-17348
-32
-7120
2295
-11224
1769
-4036
2288
-6916
8707
-6936
-2046
-11260
-6663
-7116
1541
-11256
1309
-14336
-249
-4088
3801
-15340
-9970
-14268
4583
-4072
-266
-8148
2569
-1004
1780
-10240
-4582
-5076
-11511
-8172
-480
-11220
2575
-10196
-794
-2012
-2314
-11232
2293
-8164
-1513
-4072
4087
-7132
-759
-15324
-261
-2016
8697
-9200
-8735
-6120
-2047
-20432
3071
-2004
-10467
-18428
6406
-1016
6919
-1800
-6921
-972
4398
-10216
-1290
-13268
-243
-6100
-5879
-3028
-1807
-5892
10761
-5088
-1228
-13276
2571
-9212
4900
-19424
-9460
-14308
6913
-10204
-3361
-4084
-6137
-11228
4599
-9176
4116
-6136
5377
-9200
7943
-5892
8196
-7128
768
-13256
2804
-3008
-4074
-15120
533
-24304
-2339
-10216
1019
-2008
-1509
-12264
-7685
-3036
1243
-11252
-7682
-8176
6888
-2004
-6409
-6084
2058
-6096
-2792
-9172
-5919
2112
513
-3044
-6360
-5920
-757
-12236
9
-5084
-254
-6057
4337
-10220
-5160
-15360
4132
-9996
-5927
-9200
-478
-19384
2585
-9188
5845
-2016
-2826
-6088
5379
-14300
4872
-4044
-504
-2024
8166
-4076
1523
-13284
-2038
212
-6417
1052
-263
-17364
-5357
-1992
2591
-13272
2824
-11220
4387
-9176
-274
-7140
1517
-6128
-4584
-11232
5391
-16136
-4889
-13064
1514
40
-3554
-1012
5142
-4020
5110
-15328
-7484
-9156
3343
-3004
-4315
-9216
-3315
-2024
2047
-18428
-1039
-2012
4610
-3064
522
-9184
-6893
-7128
776
-1000
-4889
-13276
-4571
3096
-6652
-11204
-1282
-12280
-9198
-4060
-798
-12244
-3562
-6108
1258
-8184
-2296
-14084
-1296
-10188
1555
-10204
-733
-7152
-4846
-8144
-1035
-7160
-1263
-6100
-10230
-8148
1270
-13280
-774
-10168
-9471
-4076
3088
-11244
2260
-11256
-5631
-10156
4862
-9152
-4378
-10200
-2295
5160
-4130
-8164
4335
-4084
3309
-5104
-3848
-10184
12807
-12216
-2803
-7140
-1791
-11212
4066
-12268
-10220
-10200
-3320
-3052
-5092
-17364
6165
-7120
521
-4016
2081
-9188
-486
-3052
-5625
-6108
-537
2104
1278
-8132
4851
2112
1541
-3032
-1539
-13260
5660
-7148
-5634
-8188
-5358
-11224
801
-13260
8204
-20476
1
-14264
2277
-6092
-4102
-4048
9494
-5908
-3063
-12252
-1516
-10212
6957
-12048
-6656
-6132
-5590
-2040
6926
-7152
-2315
-5052
4377
-4028
7932
-6096
-2527
-3036
743
-8172
-270
-7132
-9418
-3068
4138
-980
1770
-9184
2053
-8148
-9233
-3044
1274
-8148
-1270
-6132
7717
-12252
3867
-7132
6903
-13076
-3836
-10012
9705
-6124
-2301
-5080
7165
-15328
-2310
-9168
-2046
-6124
-8228
24
3344
-13276
-3588
-6104
-2048
-6136
11288
-11228
5650
-11228
-4569
-14300
2548
-3060
-7394
-1016
-3855
-3012
-3801
-4084
9994
-9164
2032
-13304
-2560
-23260
4613
-6100
4611
-8152
-1011
-13260
-15
-4056
-1274
-13284
5370
-1008
-5356
2072
9215
-5112
1033
-10232
11241
-13284
2312
-8160
-7444
-11220
1010
-10236
-1003
-4068
-3069
-1992
2561
-8160
-1030
-10212
-3065
52
5863
-10192
4088
-18416
1820
-13288
-3606
-5052
6918
-11248
4885
-988
-5159
-9152
3621
-7116
-3
-9164
6940
-18392
-2804
-7144
-1533
-8128
-9225
-12240
3597
16396
4374
-8168
770
-11196
6670
-7140
3120
-8176
-4835
24
-3051
-7952
5398
-7168
778
-12276
-6641
-4076
5107
-14300
2343
-6132
5139
-7148
-5638
-1000
2297
-11224
-7935
-16372
-4106
-8176
-4074
-7124
6881
-3012
766
-12280
4591
-8160
2812
-12244
5108
-6112
-730
-12240
-1784
-4064
-2035
-8192
3826
-2016
-1757
64
1538
-2820
-1283
-9196
-8440
-8061
769
-14284
9732
-4040
-1524
-2020
-4850
-16297
3866
-7168
-9211
-3856
1540
-11220
6
-12260
-12046
2076
-4600
36
482
-15348
3304
-10200
-4083
-26300
-10725
-10192
5920
-14264
-27
-13064
11282
-11232
-1821
-11212
2310
-7940
2814
-9160
-4844
-10212
-3095
-15300
-1267
-4048
-16117
-8120
10734
-17384
-3084
-10236
-1795
-4068
3628
-5088
5884
-13276
3085
-4040
13304
-18400
6130
-1020
3612
-1988
5143
-14332
-7701
-18428
1820
-3844
-2001
-14092
13340
-22240
-6376
-15352
-21057
-2016
-6159
-6072
-7446
-5084
-4083
-5080
-3839
-18428
4338
-19436
567
-4076
2537
-20228
4113
-1000
27
-8172
-1810
-9168
-3364
2056
-237
-9176
4620
-22212
1
-4072
2045
-10228
-3561
-11236
-6400
12
-4617
-21456
765
-2008
-7449
3124
7413
-11216
-7445
-4044
9739
-17392
-8441
28
1002
-10220
-9
-13300
-3867
-8184
4338
2072
10263
-12280
-3888
-8176
-495
-9188
-6683
-5108
16392
-8176
736
-16356
-8982
-3036
1031
-10172
4091
212
11006
-7140
5644
-15336
14
-3012
3845
-5072
-9200
-1000
9734
-9188
7944
-7104
-6132
-8152
-12064
-10224
-1520
-1004
-786
-12276
-7411
-8152
2566
-10153
-1272
-11232
-257
-13284
2810
-14276
-748
-4064
5884
16
4060
-18428
233
3096
-245
-11020
-3324
-8188
-7177
4136
7901
-10204
4328
-1000
-3302
-11228
6151
-15332
3846
-7140
-257
-8172
984
-8152
3854
-3024
-7930
-5112
6907
-10196
-3316
-9180
2859
-12224
3846
-976
-7437
-15340
5367
-2016
-1505
-10196
5098
-5056
2025
-5096
-10774
-5060
7444
-11192
-4163
-3056
-6425
-12264
2065
-10204
-3579
-8164
1827
-13284
15895
-5064
-1544
5140
-3317
5120
2059
-9184
726
4199
2091
-14112
-9218
-14284
-9748
-8160
-2879
-1004
-29
-9188
9730
-2036
5633
-8156
-3592
-8144
-2325
-9188
2036
-4060
4897
-2036
4111
-3032
759
-3060
2803
-14084
10503
-6120
1532
-8132
1046
-7112
776
-5892
-2071
-4044
5096
-7108
18493
-5060
-2047
-13060
4346
3124
-1033
-1004
-2298
-13280
-3059
-7144
3823
-11248
6919
-15344
-3057
-11204
7922
-11248
14357
-8140
2283
-5916
-4062
-8188
4623
-7128
20
-13296
-2840
-2044
4125
-9152
4875
-13225
4104
-4056
2765
-12252
1032
-7144
1276
-15124
-508
11276
-4363
-2008
-5346
-17364
-774
-6132
-6677
-1992
1017
-5096
-4864
3320
4593
-6116
4075
-12232
-260
-12248
-5887
12
-502
6192
-4147
-10208
-6419
-10204
6909
-10220
-6928
-3024
232
-12036
2572
-11240
4668
-5052
-3813
-12224
-1550
-1004
2792
-2008
4817
-3040
-12260
-2008
-7475
2068
4609
52
3576
-13060
9196
-16368
-3866
-5076
-8957
-13264
3861
-19204
-1788
-2020
-1318
-4080
-3333
-980
3309
-9184
-3367
-9204
-3316
-6120
7198
-3036
1770
-3056
7703
-6116
6133
-15108
7390
-14260
-7170
-12252
8462
-10232
-2825
-948
-5648
-15316
-511
-9200
-3609
-11200
-276
-23256
-1018
2076
6891
-8164
-10967
-16136
17146
2096
-10002
-3020
9208
-1996
-2320
-4064
1552
-10228
2535
-8140
10
-7132
-4594
-11208
1303
-28400
-2549
-9164
16136
-4044
-230
-9996
-6931
-6124
519
2072
-4352
-8184
2052
-9988
-1266
-8188
12312
-6108
3087
-9196
10521
-8156
3062
-19444
6181
-15320
5629
-12260
1039
2076
4623
-10208
-6147
-15332
6162
-3052
528
-6092
6660
-4096
-2542
-14280
-6621
-2044
-541
-4868
743
-1020
739
-11260
-9965
-22236
-2292
-5076
8732
-3064
4865
-4048
-3613
-5088
5410
-18428
6383
-5100
5647
-6140
-24
-13272
5154
-4060
-6937
-3040
3844
-18384
1810
-12232
2258
-9184
-4344
-10008
8180
-12264
-9229
-1812
10234
-5120
3112
-9208
-1562
-10232
2557
-11224
2570
-8160
-4918
-7096
5144
-12232
-1779
-13268
-6429
-6128
1516
-19448
4609
-10196
15103
48
-5127
-7128
3069
-5928
7709
-2028
-1003
-3020
1043
-14272
-2052
-13260
768
-16360
10750
-4060
-7913
-5064
5105
-9168
1810
-5092
4637
-2032
-714
-8188
3840
-9148
6932
-12208
-6908
-16360
-3076
-17372
2065
-15324
1278
-19456
-4123
-16356
-5116
-8132
3330
-6140
3836
-948
-5361
-4036
-1310
-10216
-2543
-15324
-1787
-15328
-1041
-4080
-4066
24
3612
-12248
-3312
-14312
-3856
-2012
5628
-17388
3826
-4080
2805
-3012
-6427
-17204
3566
-6100
-5656
-3048
4880
-6140
9993
-10216
8167
-17360
-238
-15304
-1305
6172
-4096
-3016
2331
-24272
-4297
-15320
2562
3096
-12546
-10204
7645
-2012
-3851
-5052
-3838
-992
5637
-12256
1014
-14320
-1540
-13260
4871
36
246
-10000
9721
-12288
-3305
-980
5665
-4064
-3605
-3028
-262
-17160
8971
-8964
-3340
-12276
-2328
-12048
-2067
-8968
-2039
-12228
4066
-7160
-782
-7136
-4072
3308
-4105
-2024
1815
-1000
1064
-9136
-12261
-7124
2078
