-6088
-2056
-2044
-7152
-6112
-9455
-15308
5368
-2008
3355
-11224
3067
-988
-10766
-9156
6668
-4092
8225
-17160
6886
-4868
-3562
3144
6153
-9180
-2549
-6112
19429
-11232
-4873
-14284
-13303
-18428
3061
-1996
-747
252
7684
-3036
1761
-5096
1765
-3020
11
-11220
7749
-19392
4641
-7168
3605
-12272
6131
-4044
1831
-12228
5384
-10180
5420
-3852
3563
-18404
4330
-8964
-2315
-18408
-8723
-24284
254
4112
7167
-8132
1018
-3044
3567
-16348
-7640
-13260
-4903
-11252
3335
-13288
6888
-16376
-7968
-16144
5146
-988
1577
-9156
5115
-6916
15115
-13300
-4603
5128
264
-10212
1813
-15352
3344
-10200
5382
-13260
-1263
-26328
-3853
-8164
-1529
-10192
255
-7084
-1534
48
6175
-9992
1288
-7144
5358
-5892
-3588
-5112
5348
-10220
-4321
-8156
4856
-15316
5372
-13288
-4365
-8140
1327
-22264
-4112
-6136
-3574
-16360
4866
-15352
-1549
1072
4355
-2028
-2285
-12220
-8157
8444
12814
-7120
15611
-10204
-1777
-12232
-11036
-3048
6902
-10188
7413
-13276
-2571
-10216
2066
-9180
4603
-2824
-3095
-4012
1561
-4064
-5092
-4044
-3585
-11177
8976
-4060
-7725
-10224
-2839
-5108
-10770
-11260
-3052
32
4099
-10180
-2564
-14312
-259
-9164
1030
-18360
7423
-21444
2595
-5068
-4096
-5104
-6608
-4880
-4357
-14332
1538
-6092
7652
-13280
3345
-5116
-5360
-14296
8230
-6948
5132
-10208
516
-2028
519
-7124
4857
-968
-1279
-5112
746
-10220
9972
-5096
2053
-2012
1572
-11216
-530
-15308
-506
-13252
-14630
-14284
-4871
-9164
-4352
-11264
736
-5084
6148
-3844
-6140
-8172
208
-988
-7699
-16332
-7170
-14320
7681
-5052
-16943
-8156
11749
-10008
5885
-17400
-5867
-14320
-5143
-6944
7393
-14316
227
-11220
-505
-10212
6395
-9152
-8459
-6132
-8683
-3008
1809
-9180
530
-988
-10528
-12260
-6663
-9988
2269
-6124
7677
-7152
-2585
2088
-7177
-2040
4883
-13272
4363
-19444
1790
-20460
3617
3076
-5660
-3028
3337
-16340
2803
-8172
5601
-4088
-2035
-6124
2548
-12260
2021
-8156
-737
-11224
1776
-8156
-2829
-12208
-3315
-3032
1291
-10000
483
-15324
1814
-6116
-15625
-13260
297
-4076
-4090
-9988
1781
-12268
550
-13308
1053
-9200
-9499
56
-7425
-19432
5119
-3012
-5600
-5120
-291
-12240
-9952
-13300
-4612
-3028
4384
-10224
1786
-17380
-1778
-6136
11006
-8184
18
-9208
-3081
5156
7688
-5072
3821
-9184
-5104
-4012
4124
-9196
-7701
-5064
6916
-6124
-4117
-9196
-6652
-3064
-1015
-8168
1278
-15308
-1267
-8188
5124
-9121
-3839
-6916
-8208
-13276
-4337
-16320
-7937
-16372
4863
-7104
-3535
-7164
10488
-4032
253
20
6697
8204
5080
-13276
-4631
-9152
3064
-16348
3819
-3000
30
-18404
1029
-13268
1554
5368
7901
-7128
3606
-11244
-4101
-1016
-219
6184
246
-17368
-4087
-11236
2505
8
516
6200
5634
-996
9997
76
3369
-17348
-2852
-14328
-3332
-18396
-1278
-9160
1511
-5108
4601
-9188
-6162
-19440
9502
-7156
-4351
-12264
-5913
-6140
4898
48
1279
-8172
8713
-12256
-8467
-11240
-3853
-9156
3068
-11228
-2296
-12256
6649
-3064
-12531
-12264
-742
-7144
-3074
-5096
-2805
-19420
2301
-7128
-1769
-2032
8184
-3036
-2066
-5092
1532
1040
-5378
-15312
-3057
-2016
-265
-964
5891
-5096
-4571
-11244
2795
-8184
-776
-16356
-10470
-11248
-4882
3084
1540
-11220
-2828
1056
-545
-13252
1267
-20452
5339
-3880
5635
-25344
-6392
-10208
1039
-5064
-10
-9188
1774
-12248
-3071
-10200
-5920
-2000
831
-19452
-3105
-7136
-3562
-7144
-1757
-8184
-3084
-10212
9464
-7156
-3612
-2020
-5355
-3044
4600
-9176
1753
2080
6401
-8124
-3035
-14300
0
-9180
14083
-992
-4833
-17340
4329
-5056
188
-16324
-8188
-4096
3074
-4056
9493
-10216
7930
-7140
489
-9184
-4618
-8172
-7458
-5076
-7710
-8156
9725
-12212
6663
-11196
-5116
-6144
13594
-6136
14047
-984
2069
-4096
4583
-2016
-7709
1080
-4820
48
7676
2092
-2826
-9184
-1317
4128
-17387
-2012
5381
-4060
1002
1060
-2801
4116
490
-9168
-12308
-15328
-807
-14316
2031
-5092
3858
-15348
3320
-10176
-10040
-9180
6683
-5916
3061
-3052
522
-12280
998
-13288
3833
-8192
1779
-11252
7918
-2028
-795
-4048
-13565
-2044
-3333
-19420
-2845
-7136
2812
-21260
-3877
-7128
3071
-4096
3091
-6144
-1300
-3032
-2256
-13272
1274
-8172
9222
-956
7963
-9212
-4854
-4092
2766
-15348
4
-9200
-5884
-17392
-750
-12056
7673
-6112
-3315
-5076
9245
-17356
-7185
1044
-6389
20
7198
-1976
-2548
-7156
5354
-14332
251
-5120
-4622
-12036
-7645
-8172
-1532
-7168
-4564
-8112
4838
-9988
5905
2060
-2024
99
490
-4068
2041
-15352
-1526
-14284
-13348
-9184
-1771
-15332
-3360
-10204
-1319
-8184
-8440
-3068
2544
-11232
-12786
-7156
-232
-14332
10504
-4048
-2294
-11260
10981
2280
-499
-7964
-1519
-5108
4104
-4044
274
-5116
3367
-6037
-761
-4072
5117
-11204
-6913
-12216
-1290
-25336
2019
1060
13857
-5096
-14095
-1000
500
-10240
7447
-4060
264
-9152
-7
-9156
6357
-2008
-4317
-14300
-2819
60
-3323
-12288
-3326
-4060
3091
-7952
-5915
2100
-3043
68
-3074
-13260
4103
-6104
2822
-6132
2283
-1796
-5663
-984
8465
-11236
4614
-10208
-1819
-5076
2509
28
-4820
-956
-2075
-11252
3538
-8180
3867
-3860
-1787
-5120
3611
-10188
-8441
-4064
6151
-12248
764
-4068
4112
-5092
4097
-984
-2575
-4064
-5128
-1016
1828
-4088
13573
-6120
3311
1064
4347
-7156
5167
-4084
-1574
-2040
4346
-11256
4859
-2032
2343
-3048
-3303
-3852
-1041
1080
-7960
-6057
6393
-5080
3584
-9184
-2082
6148
6907
-992
-537
-9212
-5151
-5068
-10244
-12260
-3841
-8168
2288
-10224
-11226
-6132
9708
3092
-2549
-15269
6628
0
5659
-7152
9769
-4080
-1538
-4044
-3342
-5108
3564
-13308
6173
-1004
6387
-5104
3873
-8156
2019
-9176
-2299
-14328
2560
-7156
-3578
-4880
-3287
-13272
1788
-11232
6692
-4076
4105
1068
3820
1052
717
-3024
10509
-6104
3881
-7120
9784
-1796
-6383
-4876
-1049
-8156
778
-11252
-7427
-13260
-4620
1088
-290
-9172
8177
-16344
2318
-10216
8406
-7144
-3836
-15332
-1044
-6124
-2310
-5116
4100
-2036
5659
-3052
-5163
-12264
2558
-10216
-2543
-13280
-3586
-12220
-4113
-5104
-6394
-5068
11012
-2820
-3297
-9184
1247
-9200
-14084
-12276
6673
-11240
-8722
2048
7675
-4088
221
-8976
-11762
-2012
9
-17380
278
-5900
-2099
-6108
0
-9204
1302
-4072
-2049
-3048
-1784
-8144
-3850
-6068
12259
-12256
-6150
-772
-2314
7188
-3829
-11040
-3079
-14328
1039
-14304
6925
-8180
-2512
-5084
4380
-5068
3576
-5088
1044
-11240
-541
-5072
4383
-11252
-4066
-980
-1802
-9216
-1021
-10216
2556
-14288
2809
-11252
3318
52
3304
-7100
-8984
-5088
-3331
-6916
-5607
-7136
3591
6168
2564
-3048
-3597
-7104
-8451
-9152
1771
-6057
4821
-7144
3071
-10200
8712
-5068
5114
-4076
4097
-11260
1773
-3020
-8468
-11232
4299
-13276
-10241
-12240
3816
-16140
5123
-14320
765
-10216
788
-9192
4871
-7104
3110
-13076
16927
-1988
-1279
-10208
237
-6092
-7414
-8172
7678
2084
-2796
-9192
12070
-2016
-6905
-13060
-4605
-4068
-3781
4128
8708
-8132
2076
-13256
-3312
36
-9765
-2000
4605
1272
10983
-1008
2548
-4040
-4094
-12276
-3822
-10208
-8458
-4868
5860
-11216
-757
-6120
-765
-13288
4600
3112
6641
-17388
1522
-5092
3847
-11024
-501
-17400
1044
-13304
4371
-14316
-1746
-19204
2006
-9208
3351
-4048
-806
4120
3600
-8168
4343
-15312
-2319
-5108
3302
-10228
2049
-2028
754
-7104
-2563
-10192
-2574
-9216
5375
-10196
307
3088
-519
3124
2284
-3044
-3075
-20460
495
-14296
-4582
-7120
782
1076
538
-2004
5636
-2016
4865
-12256
4094
-8148
-261
-7152
519
-9216
7189
-13284
3858
-12248
7400
-5092
-4874
-5900
-4629
-12244
238
-12244
-1773
-7156
12790
-10196
13051
-8164
-2017
-9164
-6168
-11236
15088
-5100
3365
-12040
-550
-11184
-5116
-4068
-2523
-8168
1751
-10200
-5121
-968
-7371
-1000
1290
1052
-18
-10224
-26
-10192
-1786
-3068
6372
-17340
-2051
2080
2305
24
2561
-6100
-6900
-5084
11235
3128
3053
-17364
6627
-14272
-5623
-1996
2324
-7124
-270
-3048
4883
3132
9744
-2012
2802
-4056
-764
-6144
1529
-9164
-7939
-11264
-495
-6128
-15345
-4060
3600
3092
4619
-15328
-5126
-15328
-11022
-7136
19
-3048
-1296
-3044
-2569
-4044
10751
-17360
54
-6124
-1
-988
2831
-15348
-8707
3080
11491
-16368
-3803
-17388
1815
-12260
-5114
-12256
-2314
-10224
11530
-10232
-2848
-8136
-2557
1048
239
-11256
6151
48
-3814
-19208
-2043
-3020
13050
-3044
3113
-6100
10755
3100
-2253
-9188
9740
-10200
-4344
2068
6696
-6136
2030
-4068
-3542
-15316
527
-11256
-6892
-23244
-3583
-13272
12574
-12260
-780
-4072
-5379
-5072
4603
-6108
11497
-7140
-6629
-3856
5895
-1988
1774
-4064
2575
-984
-5100
32
512
-16340
1552
-14264
2042
-4040
3033
-5056
-13052
-12036
-9983
-4064
5125
-8152
-2302
-9172
-1291
-9188
10510
-11232
1548
-4088
1759
-10228
7416
-9168
2036
-7132
2029
-17368
4603
-964
3070
-13288
-2817
-3068
-3032
-7140
5106
-7132
544
2084
532
-9192
-10780
-7128
2791
-4024
5122
-10232
-2544
-3016
1788
-8168
2054
-9188
9446
-2036
1271
-7128
14098
-15108
3585
-988
-3341
-10212
3072
3308
-7962
-13284
-10256
-4868
-3123
-7100
-9198
-14304
-2291
-3060
7161
3096
-795
-3040
522
-5092
7936
-2008
-12272
40
7405
-5108
4066
-11252
-1017
-11240
-1536
-12044
-4359
-4068
-5679
-13272
3606
-17392
14599
-4096
-3601
-13276
7655
-6140
2561
-4084
-4366
-11224
6945
-9172
10002
-9996
-10240
-8160
8440
-3056
7405
-6124
771
-5044
-5647
-9184
-737
-6096
-243
-3068
-3092
-8160
504
-13284
1020
-15116
270
-9988
4370
-2012
5364
-10176
3605
-6096
-1503
-6132
-10475
-1000
4634
1060
-4361
-7156
-10259
10284
-3582
-7148
1032
-2032
-2058
-12216
-4364
-2016
-275
-7120
9732
-988
2029
-12268
3080
-4080
6420
4164
2573
1064
-1242
-9172
-5343
-14312
1049
4140
-2259
-15312
-1527
-12280
3829
-6120
4592
-4056
4339
-15324
-2536
1068
-467
-7116
11527
-10180
10285
-2836
4855
-992
270
-2028
3824
-1796
1544
24
4390
-3064
-6435
32
1303
-14300
-770
-9184
8692
-15344
1027
-15336
-3361
-15336
-1274
-6084
-1786
-8184
-10235
-14332
2833
-14268
-8191
5148
-4627
1048
-5895
-14332
5898
64
-6379
-2028
301
-8964
-4107
-3044
9468
-1004
262
5132
-6654
-6136
-1012
3324
526
-11232
-12150
-4036
-252
-4088
9218
-9200
-973
-6080
-3336
-5100
-7192
-10232
-7147
-8176
4087
-5068
-790
-19440
11250
-10204
-3051
-9184
6211
-6112
-3349
-8180
10751
-1796
4897
2072
8702
-3064
-1777
-7144
-767
-8172
-5141
-13276
264
-10200
-4870
-15348
757
-2000
-1541
-13248
-5362
-14312
6393
-11252
4881
-9168
-2035
-6140
-543
-12244
5872
-5104
4328
-6136
1284
-6124
1827
-2820
-1836
-12232
1533
-11236
1287
-5108
-6886
-4088
-1259
-8172
-5647
-6916
13313
-2040
-7933
-13264
8442
-7164
-3089
-11212
1010
-4064
1788
-10228
3061
-2020
6903
-15344
-1049
-10212
-2574
-10020
-1509
-15332
-4358
-11248
-2058
1092
-4380
-18380
-802
-21472
-2572
12
11
-4068
5160
-8188
2550
-8160
-4095
5132
6410
-1996
11512
-5120
11276
-3036
-482
-14268
4325
-9184
-1029
-1816
-6405
-9208
-1787
-6108
-7940
-1984
288
-15340
3103
-6956
1791
-6120
4356
-9176
10771
-10196
-7911
-4880
4842
1068
6148
-10212
-3355
-11216
-3876
-6088
-2079
-3064
1052
-8168
251
-11228
5637
1032
-6401
-6120
5861
-8148
-9741
-10216
1533
-11228
-2832
-2016
5895
-7148
3841
-5076
-2789
48
-7148
-13256
-2056
-8176
-3068
-3064
9769
1072
-257
-8160
-4349
-11240
-3085
28
-1742
-7144
-5635
-4088
-766
-17336
7952
2096
-5605
-14308
-2329
-5092
-11997
-7124
6626
-9180
5655
-9200
-7736
-11248
3839
-5064
-548
-6116
5389
-11216
-996
-10208
5112
-9992
-1032
-13312
3364
-10008
-9453
-2044
486
-4048
7468
3167
1296
-7108
-7444
-14088
7408
-5084
-6368
-10220
3349
-11256
3830
-5072
1779
-11220
5346
-5116
-3590
-2028
2043
-9216
7441
-9196
-4348
-6128
-1276
-10220
-5646
-13068
523
-6132
-5360
-3036
4835
-772
-14825
12
-4622
-10188
770
-10200
3057
-9192
5369
-18428
3314
-11228
-495
5148
6936
2076
-2523
-11028
-2543
-9196
14342
-3044
-766
-952
5123
2288
6150
4168
5590
-11236
-2817
3072
8710
-9192
11000
7180
2069
-11012
4885
-7124
-4617
-12248
4087
3076
8689
-5108
528
-9160
-495
-2996
-7423
-9204
998
-15324
4324
-14280
767
2072
1782
-13296
-4362
-1988
-1506
6148
-5873
-2004
-256
-7136
3576
-15304
-2827
-18400
-5634
-18428
2798
-3068
9220
-16324
2307
1044
7651
-7128
4106
3120
8190
-12276
2788
-10200
-2806
40
-3040
-8128
-3315
-3056
3091
-9180
-1031
-9172
2787
-14280
-8664
-17356
-3347
-6088
-4359
-14328
-4106
-15112
-2284
-10220
1769
-2824
4375
-3024
-9239
-17352
512
-9196
-3042
248
-4121
-11232
-5892
-4060
7689
-16136
-2796
-7132
-7663
-14312
-3824
-6116
-7430
12
-4615
-3020
11519
-14088
4088
28976
5632
3124
3815
-13260
479
-5052
-7202
-14264
-10995
-12284
-7713
-17396
-3814
-9172
1258
-15304
-746
1024
-3550
248
-534
-10212
-2553
-8176
1514
-12260
7688
-13240
-6418
-6120
4620
4340
1577
-6108
-289
-23248
1803
-6124
-3552
-5088
-1342
-7120
-1009
-4096
-3832
252
-6932
-9160
7168
-7164
-532
-13284
2570
-3024
-9728
-14272
-4866
-12280
-10979
-11236
3356
-12272
4838
1064
4873
-10220
2082
-12260
3863
-9160
-4379
-8188
-1283
1076
-6133
-7136
-5639
-11208
-1046
0
-3050
-15324
-2304
-5076
-2821
-18388
-7173
-14304
3351
-13276
2307
-10208
2038
-8160
3267
-3048
9232
-10192
-2779
-9156
8456
-3056
5847
3120
5620
1072
-1271
-5080
-10266
-7104
-8446
-18392
-9274
-10220
-2545
-12256
5136
-11256
-6689
40
12014
-8156
-7908
-18400
-1053
-9184
-6145
-5072
1022
-9200
-1002
-11212
-268
-996
-1012
-18400
7165
-9188
1264
-11212
-2069
-6124
-5347
-11236
5607
-6136
3569
-12244
3087
-9200
10482
-9992
7975
-4068
6947
-10196
1825
-11240
3839
-12236
10488
-10240
-9459
-14292
5634
-10212
5122
-2028
13845
-972
1051
-3048
-1784
-8192
-3828
12
-1779
-10200
-5898
-10204
-5896
-3040
-3565
-12036
-14
-8168
-3340
-11248
-5914
-2044
-2550
-11184
-12
-3068
-4896
-2028
3052
-7112
7171
-10236
3543
-7148
-7931
-7148
2080
8440
3842
-16384
9212
-17360
3568
-3068
2034
-5092
-6177
-3016
-525
-13268
-6115
-7152
11776
-7116
-5606
-10220
-4342
-7136
-1812
-7136
7630
-6132
-518
-11236
-1055
-11260
-6392
-2828
-5891
-16144
3324
-5108
6891
-2048
-495
28
-11497
3136
5911
-12268
-3323
-16332
-1280
-14320
6653
3100
-8988
-9204
-6626
-8172
2067
-8101
-264
-13221
-4579
-3072
-1281
-16372
-5116
-11260
8474
1080
-8967
-3028
-8454
-3032
2292
2300
5631
-1804
-2062
3324
1537
-24272
-6375
-2020
-1786
-11012
-3344
-6068
-2585
-2020
1791
-992
-3047
-19400
3050
-15324
-12781
-9184
498
-10240
-7967
-13296
-277
-12256
-5666
-17168
7190
-11216
745
-21480
-7660
-12244
-7661
-6920
492
-8160
-11509
-14096
-1783
-2016
9740
-7952
-1275
-956
1055
-4068
2534
1036
4360
-19416
-6919
-9208
-4112
-4056
4603
-20244
-1851
-992
1516
-12280
7919
-16320
2323
-13292
6673
-13272
-3104
-17356
-11250
-14308
-7923
-8176
6125
-8176
15688
-18388
-11034
-3028
3585
-17408
-8185
-21488
-1544
-8988
1023
-7156
-2784
-5100
-2034
-11260
-11258
-12272
-4392
-19404
-1012
-5072
-5398
-9172
-4862
-11232
5907
-3848
-2817
-5064
-5646
-10188
4352
-14316
-2547
-9176
-522
-17392
6438
-6136
3867
-2016
-1054
-3052
-1002
-10192
2241
-6924
-5879
-11244
9212
-12268
4893
-4040
1014
-5052
-8727
4108
3336
-2048
-739
-13260
-532
-14268
-7171
-7164
-6424
-8004
-4119
-9188
468
-1836
-3297
-13280
9470
-5080
-4844
-15356
-5586
-5108
-1297
3092
11030
-13276
-4854
-6924
-1052
-14084
13330
-11232
1304
-1012
-1785
-1796
-4882
-4076
1018
-10232
-288
-6088
-17659
-15308
-30
-16348
3073
-3068
-6145
7192
4063
1044
8468
-6116
-3373
-6916
3101
-5060
-7654
4348
-768
-10184
3041
-11200
-1781
-2048
-5382
4096
-6151
-7164
-776
-9188
280
-5088
8681
-9160
7420
-3052
-7447
16
745
-10224
-1023
-14336
-3355
-8188
-11247
-3056
6910
64
4893
-4020
1539
36
-243
1072
2830
-12224
-1033
2052
-2303
-7164
9753
-13248
518
-12036
-2310
-11220
9951
1028
-9490
-16344
9730
-8184
-1546
-956
7413
-11028
4330
-4064
-4107
5140
2807
-4076
2815
-12288
-1274
-13292
1062
-12280
-6940
-15356
3334
-10188
-10004
-7128
5606
-9152
-4380
-18412
-7701
-5064
2035
2076
-11527
-10200
-2792
-6120
-981
-2048
-2839
-4068
-3385
-976
-5870
-9192
3554
-6092
-3091
32052
-6671
-16372
6408
-13304
1046
-3032
-4168
-964
-1528
-8140
-9435
-976
-8408
-11032
501
-7144
-6155
-11020
-2325
4348
-2841
-7116
2820
-11020
-2547
-6112
-2048
-8128
-2546
-8180
4348
-6120
-3537
-4044
-36
-2032
2532
-9184
-4115
-7152
-7950
-3028
1991
11268
1298
-19392
-9481
-3848
11024
-17172
-3843
-13268
-785
-7120
-8220
7188
-252
-6916
-3132
-3856
-6646
-14088
-9961
32
3064
-16344
2324
-4052
-2298
1048
5902
-10228
11512
-10200
1278
-4880
732
-12228
-3836
-10240
5598
-2996
8940
44
8217
-16364
-2276
-5892
3031
-13300
5381
-9192
-773
5364
-11788
-18404
-3071
-10192
-4876
-6120
-8220
-10196
-485
-2012
3607
-13260
11291
-10216
-4869
-3064
-5106
-11256
3087
-10212
5137
-1000
2840
1032
-4074
-2004
2298
-11024
-1301
-20468
-1238
2100
6684
-5076
-8949
-17309
-3580
-12084
-2586
-19216
759
2080
4333
-14316
-4101
2048
-6372
-3028
-2050
28
-5374
-972
-3843
-3052
-6145
-9992
2029
3324
14095
-1992
-1798
-22024
-3068
6160
498
-3844
9
-14316
-1220
-13244
-3293
-19444
14274
-7152
14089
7216
-194
-10196
-522
-6104
-2579
-22236
-5111
-16372
-5126
6184
3102
-8136
8424
-7120
-5109
-10224
-6358
-5064
-1787
-9200
-1272
3136
12553
-8156
9711
-6088
8721
-6144
-4066
2088
-2826
3104
-3276
-8172
1792
-8156
-2810
-14324
6101
-1996
6162
-17380
4
36
4868
-11012
5362
-12236
-2563
-7168
-3059
-9196
-4098
-13280
-2341
-4088
-1303
-8168
-2827
-8164
2265
-4052
3572
-4068
-786
-10188
483
-1016
-1229
-14084
5358
-14316
-11248
-11240
-5077
-6100
-1041
-6120
7665
-4056
11248
-18400
2332
-10184
-538
2104
-1803
-1992
4319
-996
5620
-15344
9722
36
-7920
-1980
5613
-8140
-5669
-17380
-1258
7176
10292
-8156
-8947
-7092
1541
-15316
2806
-15300
-2842
-4064
5129
-5072
-2042
-7116
10491
-18345
-1037
-8176
2041
-6140
-1297
-12236
-4115
-3048
-3069
-6124
518
-2024
8149
-10196
-3793
1088
23005
-5108
1227
-4052
7929
-10204
3063
-2044
-2808
-9996
3519
-6096
3322
4348
523
-9176
-3816
-8176
5617
-3020
-1009
-11024
-4620
-5080
-2024
0
3339
-2832
-8473
-5096
3303
-4080
-7664
-17172
-3837
-9176
-7184
-6144
-2031
-988
4360
-7140
-3820
1064
-282
-8968
278
-9192
-1285
-8184
803
2288
3805
-984
6388
-3048
-8464
-11232
-3569
-4076
3319
2084
1544
-8168
764
-8156
2836
-13252
-4853
-11204
-274
-11232
1774
-23268
-2583
-15308
-3815
1080
-5636
-5900
5643
-3044
-514
-7148
-10228
-13272
-4081
2072
-1530
-10192
2549
-7108
2289
-11248
4105
-772
493
-21488
1772
-16380
4879
-11204
4602
-11196
8700
-11256
1806
-3044
-4375
-5084
3847
-5104
1787
-7116
-2554
-14296
2550
-3056
-2822
-1008
7928
-3052
-11558
-6112
1516
-13296
266
-11200
1301
5164
5871
-7944
8707
2052
3036
-8172
4333
-14288
-271
-2008
-3342
-21260
8427
-11220
4362
-12240
-7181
-6084
1291
-8160
-778
-3068
-2055
-8144
1036
-9200
3834
-2024
-2802
-6916
9216
-6084
261
-6136
4103
-10208
-4843
-18416
3062
-6088
2048
2052
-3124
36
-3074
-6104
-2007
-968
-3331
-16340
5617
-15340
6908
-13288
6687
1060
-4103
-20416
-4366
2116
4595
-3056
10774
-2004
-2825
-3060
-6423
-10020
-273
-6080
-4566
-2824
-3593
-9180
-3850
-5088
8928
-11264
3102
1024
-4114
-10180
-4051
-10188
729
-13256
4620
-10228
-12299
-8164
5080
-9200
-4349
-1008
8682
-1004
3816
-4036
-777
-4080
2813
-6088
-8423
-14276
4828
-8152
-1534
-5096
3102
-14292
6660
-7112
-10240
-19424
-2880
-14304
-504
-6080
17194
-7120
1524
-18400
-6422
-4064
7660
-8132
6180
-19412
-17
-996
1058
-6140
5859
-9172
-15350
1044
-988
-1996
9240
-10204
5086
-15324
5137
-8180
-11272
-5072
6109
-11224
4152
-22264
-9173
-784
1785
-9164
-253
-13292
-8680
-13284
-4379
-12280
-4380
-11224
11012
-6116
1271
-3068
1747
-9172
5652
-3052
-2329
-1968
-1489
-8120
279
-13304
4341
-3056
-8201
-17372
6638
-12244
2077
-4076
5602
-2012
-1522
-12268
-4135
-12272
-8738
3324
-284
-9184
3852
-17408
12568
-10224
497
60
739
-7132
3071
-12036
-1045
-13284
-1031
-12248
-7940
-16332
2280
-7140
6684
-13296
3313
-13264
10764
-4060
5374
-8148
537
-11208
-1284
-11224
3847
-6080
-751
-9184
-1259
-10204
10011
-13284
3585
-11196
5893
-6104
-3339
-10232
-10439
-5092
-3325
-8180
5117
-3024
7412
-7120
-3841
-11248
4343
-10232
2066
-5112
-7659
-10224
-12286
-12252
271
-3060
-2310
-9196
6137
-13280
-10785
-18368
-6393
-976
5888
-9192
6132
-1020
2322
-4056
-9500
-4068
2288
-3048
-4608
-4044
-7193
-7144
-10510
-4060
6142
-6116
-2567
-13284
-3328
-18400
8192
-5896
-15086
-9196
3855
-8168
6187
-6132
-2313
-7956
1019
-4068
770
-3852
-1554
-6120
4347
-2004
7165
1040
-2823
40
-515
5344
4107
7184
-4600
-3044
-11518
1048
509
-2028
-8429
-16340
10226
-15320
-7144
-9212
2041
-12260
-3317
-6112
744
-15320
2608
-13284
-6381
-10216
-2554
-9148
4898
-12260
13543
1064
1785
-5112
-257
-9152
2048
-2036
-772
3096
513
-8164
4095
-4052
17134
-14276
-5131
-8192
1803
-13276
-6915
-9196
5101
2100
-5843
-5112
-286
24
14
-3052
-717
-16380
-1792
-5096
-499
-4068
-1035
-15336
-14102
-3028
5636
7220
292
-4868
6896
-15344
-14342
-6084
5371
-8132
-10022
-8156
-4293
-19440
-1284
-1024
2056
-3020
-4868
-9184
4088
-5068
3391
-17364
-1765
-8164
22
-13296
3355
-2836
-1303
-9172
6417
-9156
-2563
-13284
3081
-9184
-1014
-13068
2819
-4092
1012
-8164
1788
1100
-5091
-6132
12854
-14300
7679
-9160
-3857
-15324
-1018
-7140
2284
-14332
-2291
2088
10722
36
764
-23228
2037
-6096
-7130
-4076
-4044
-7144
236
-11236
8465
-5904
-3577
-13256
-5341
-14332
11520
1276
-13568
-7140
3555
-14332
-2574
20
-5131
-4064
-2607
-11224
-501
-15332
-4372
-8192
-5885
-3072
-13595
-15308
2066
-10220
-5608
28
-6900
-17356
-2577
-8136
6133
-12288
-2055
-12268
-11253
-3064
-300
-13292
-7413
-7140
214
-6120
2567
-12268
-3050
-15352
4351
-15288
-2821
-16352
-1034
-5096
-6146
-8156
6647
-20460
-11235
-12288
-6419
-12244
-3082
-14292
-5355
-10200
-4345
-4044
5093
1060
4354
-21480
2801
-6120
-1807
-16348
-210
-8140
3595
-7156
2325
5168
-5892
-7140
-5397
-6096
-8454
-4036
-1522
-5072
4328
-17396
-6906
4
-8170
-7116
4834
-10220
12558
-2040
9982
-3048
-4320
-10232
-4358
-16356
-1320
-5088
-11538
-3040
-2294
-3028
-4865
-5112
-3838
3116
3076
-3028
-15859
-3000
6915
-16364
6666
2068
-1037
-8160
-4372
-5108
14594
-3032
756
-11248
1827
-4052
-2754
-10220
9755
1060
-1524
-6120
-1513
-11012
-263
-13308
3573
-4048
5915
-6132
2809
1028
-251
-7104
5663
2060
-1796
-13308
6929
-7144
-3072
-5096
-226
-11200
-6391
-11256
15
-11224
-2062
-9168
-1030
-8156
4139
-1976
6126
-9204
-4085
-6096
3299
-15328
5898
-8160
-1003
-6128
-5656
1044
-268
-13264
-3087
-8188
-533
-9180
-3325
-5068
-8205
-7148
-5416
-11236
248
40
790
-8160
-1253
-5056
3827
-8156
12035
-9148
6642
68
-7390
-7096
-4885
1060
-12837
-9188
2063
-3020
5578
-15292
-804
-9180
-9742
-6053
-2273
-6128
4641
-14284
-6134
-9216
-3352
-7108
-5648
-6100
4093
-3052
251
-14308
-7139
-13256
-2331
-9184
5873
-8176
-1798
-16344
-5831
-19432
-4873
-1012
-5109
-6120
-282
-8164
-3310
-2008
2824
-9212
1766
-18400
8186
2092
3855
-11208
6626
-7128
-12550
-11256
-770
-8160
4845
-5116
6173
-10204
3045
5364
4112
-8168
4859
-5896
-503
-16316
-2084
-14336
-994
-19204
-4928
-13248
244
-5112
-479
-10232
6133
-8148
-4331
-13268
5375
-9152
-6377
-11204
-5598
-13280
5606
-11240
6936
-11232
10745
-4064
3336
9244
-4871
-13276
-7900
-11224
5331
-8172
-1277
-19444
-2830
-4080
3307
-14229
269
-15312
4078
-11224
-1809
-12048
-5630
-4064
7166
-12264
2294
1068
3090
-2024
40
-2012
5144
-12252
10279
-1016
-1546
-1996
11274
7168
3587
5132
1257
-11200
-6129
-6116
9739
-12260
2302
-7128
-7422
-948
-3356
-13060
4871
-6108
1036
-4872
-11018
-7100
5361
-7940
-6180
-10236
11794
-14296
-3340
-7948
6388
-14328
-6673
-8964
1249
-6112
-9483
-12272
-6419
-21496
-6652
1272
6921
-6132
-2564
-13292
-14158
-4048
2595
-11256
-4846
-4068
-11807
-8168
6647
-7152
-7660
-12248
4348
-12240
-6
-5096
-3354
-11220
-2298
-12248
2569
-5092
-3869
-8988
12581
-19424
-214
-13304
284
-8164
-9211
-2020
-2065
-11224
3113
-9172
-983
2064
-2803
-10172
-4859
-15332
18166
9256
767
-14308
8673
-12040
-4066
-8148
-3580
-12276
-1262
5372
6408
-6132
-486
-12240
7187
1036
-9489
-12256
2828
-10192
-9956
-13288
-8467
-2036
-1031
-3036
-2303
-10180
-2531
-12260
7941
-8148
743
-15296
-4854
1068
-4830
-9196
2787
-8136
4058
-17388
-4850
-12240
2555
-6076
261
-6108
-2298
-4056
2086
-7164
-995
-13288
-2060
-14328
3311
-14304
2805
-6136
-4860
-14328
-7634
-7168
-7927
-11236
6916
-12252
-7431
-7164
4347
3112
506
-5896
-7418
1052
1273
-13280
-231
-3064
-2286
-17356
-4087
-5092
-2840
-12288
-6939
-6128
10016
4340
3075
2100
799
-3052
1784
-12224
1518
-7156
-747
-6084
1
5164
-8476
-15328
-999
-17336
6433
-3044
-6630
-3848
4123
-5084
7402
-16332
-3346
-3016
-2300
-6104
-2308
-16368
-6672
-16352
-6661
-11240
10
-10240
1792
-15328
3082
-2032
1283
-9212
3569
-6144
9200
36
6409
-11208
-9456
-10204
6911
-8164
2560
-20440
-3061
-12212
6125
48
-2822
-7128
6394
-5120
4119
-15300
-14081
-9156
-4856
-11016
-4097
-17388
-5418
-8152
-1272
-7100
5921
-6132
6912
-6916
-2553
-21460
2038
