-5068
-301
-9996
-4649
-14300
6658
-13296
1267
-7140
-5878
-8152
3553
1056
4340
-14304
-5096
-1980
3569
-4024
-3806
-8148
-1014
-13268
-2044
-15112
-5377
-5904
-5382
-16364
3082
-4052
-2571
-12248
4599
-5084
-4867
-19412
-6924
-12276
-11500
22796
-6414
-7128
-7945
-3052
1525
-6116
11765
-9996
-8684
-9196
-4372
-10180
12036
-4076
-4868
-7096
1011
-16368
1801
-10196
-4079
-12268
-279
-18400
17
-6100
-4893
-8124
-6678
-9144
-5872
-8188
-6182
-5064
10757
-8152
-9458
-9204
5362
-1996
-7705
-3032
-3065
-9188
-1813
-15308
-10753
-6116
12034
-9180
-5411
-16132
-9498
-8112
-3097
4104
508
-3052
-17
-14312
-270
-14100
8733
-6084
1282
-992
3325
-9212
5136
3096
-6413
-7124
2495
-996
-3306
-10224
-1506
-6112
8199
-15300
227
-14308
3061
-2016
3067
-11012
5662
-3052
2579
-11204
4347
-14292
-8168
-10192
-1014
-9168
6631
-15304
-15
-10188
4142
-8124
2832
-18412
-1029
-13272
1259
8240
9
-12252
7426
-9168
5872
-9204
-3585
-4056
5117
-7112
-1315
-14284
752
1064
1757
36
1810
2100
-1841
-2020
-2787
-7944
9222
-4088
11521
-12272
3087
-12224
-1772
-976
-5380
-7116
-7955
-6092
4358
-12288
2101
-12280
4574
-9212
4110
-5100
-12301
-8152
-1011
-14272
6391
28
-2586
-10192
-5357
-7132
6160
-9204
2332
-13288
1540
-12036
4340
-10228
1295
-10220
-2305
-3044
239
-11212
-10
-12244
-6644
-4096
5408
-7124
8719
-4088
1018
-8164
10238
-7144
1798
-3040
10725
-4060
3843
-4024
1311
-15352
-3611
-10196
-6401
-2020
-4090
-10204
1014
-1004
9746
36
5614
-6120
-3050
-19440
1511
-1992
3335
-10192
2033
-4032
4305
-3044
274
4112
-6654
-8184
1543
-12252
4837
-11216
-6662
-7136
-5890
-3848
-5641
-8136
1560
-952
8443
-15296
-497
-9188
762
-9164
-3603
-4080
1819
-16356
-5913
-8144
6
-7160
12526
-7152
9771
-11248
2312
5140
4868
-11216
-1325
-13284
-1063
-7152
6660
4136
-1039
-16332
5098
1276
2567
-5068
5371
-18392
-245
-10204
4850
-5092
-9197
-16348
489
-14320
-1553
-6088
4112
-7132
8697
-9992
4085
-6080
764
-7152
7916
-13272
-3313
-16372
7459
-12232
-7424
-5088
6889
-4024
-5899
-14296
6409
-15320
1806
-13304
-11805
-4032
513
1080
2821
-16360
2031
-972
1546
4116
4577
-16328
6151
1040
4344
-9176
3841
-6924
-3064
1032
5137
-9192
7655
-8172
-2032
-9200
785
-5100
-7942
-11208
6910
-14304
-1296
-10216
-2323
-6128
-9006
-15300
-523
-17364
-4602
-14300
-1825
-9040
-2291
-21492
260
-13296
-2340
-15332
12557
-13280
-469
-11212
-1543
-4092
3334
6212
-1773
-5096
7202
-9192
-5102
-12272
-2577
-7148
1541
-6128
4082
-5112
-1777
-6076
-235
-10200
2324
-6120
1521
1040
-6127
-9140
-1754
-12284
2317
-7132
-7445
-1008
-4604
-11196
3295
-17360
-5600
-12288
9500
-8164
1283
-5092
-2056
-8180
3051
-18428
-1535
-16364
1287
-15344
-2069
3324
-3340
-19408
4338
-15308
823
-6136
1798
-13284
5377
-12228
2274
24
-8458
-12272
-1269
-7112
1525
-10232
12832
-9196
-9723
-6108
-1295
-11260
5608
-4040
785
-988
7396
-2012
-1038
-6112
-2036
-2004
3610
-21464
-252
-20444
305
1036
-9734
-12268
4841
-16360
11782
244
-4107
3076
2586
-11240
6155
-17380
-2577
-14312
3855
-3052
-1261
-13264
5880
3096
4105
-10204
-777
-10024
-2054
-9164
-2821
-9180
7430
-8152
-278
-13264
-4299
-18404
486
-15344
773
-5080
-817
-3008
-717
-12248
-2564
-12244
-5629
-16356
-2321
-11232
7405
-6100
-4412
-15108
2079
-2044
8239
-7136
-778
-5076
-5583
-18384
1791
8
8998
-10208
-5130
-960
1031
5180
4094
-9180
3589
-18384
2039
-5116
-1527
-10236
1824
-9180
6155
-2004
11272
-11188
-527
-972
-5910
-4060
-1278
-1800
226
-6132
4346
-9988
3332
-5892
2312
-9188
4336
-19444
6389
-4040
3554
-7140
6127
-8124
-509
-12244
-5135
-11240
-261
-13232
-2553
-13296
555
-12228
-5131
-15324
-1511
-7160
-3603
-6118
4852
-10220
5910
-3032
3849
-10168
-5628
-1016
-2084
-9176
-4852
-996
7423
-1000
-1543
-5112
-277
-12244
-4652
-980
-15685
2084
7680
-6104
-716
-10228
-8958
-9176
5103
-10236
-3059
-2016
-3607
-14312
6678
-8152
-6139
-10216
-2521
6168
-2549
-6120
3600
-14304
751
-5064
-2327
-13312
-6164
-4872
772
-21488
4110
-11248
-3311
-6964
3570
-6124
12530
-19408
-7397
4112
-5402
-7148
7414
-15348
484
-16360
-776
-9992
-7428
-992
-2287
-10176
-12051
-13288
-12260
-3072
-5145
-7156
-3586
-8176
296
-6116
-3063
3076
-2044
-3044
-2040
-15300
-6934
-9216
10516
-14100
4581
-7128
-5644
24
-6128
-11204
8961
-4080
18474
-10212
3831
-10200
-2807
-13264
-2293
-4044
-2793
-6140
8996
-7152
5406
-1004
3862
-4060
1511
-6928
-2580
-5068
-1262
-6092
-2543
-7144
12013
-14300
-3338
-11248
-2038
-14320
255
-9176
1792
-3044
12568
-9216
-4605
-16340
-30948
2300
6645
-8188
-263
-10204
6639
-13272
-1035
-12252
4873
-10240
6392
-7136
4355
-12268
-5087
-16348
1263
-3032
6916
-5088
-1803
-2000
1032
-5060
-2572
-9192
-775
-5116
-2042
-3032
7654
-15328
8928
-21464
2075
-7104
3304
-13288
1247
-12228
1040
-3048
-4885
-11248
-1306
-12244
-3321
-3032
6670
-13276
507
-11236
-4869
-8176
-8172
-4060
1540
-5104
-3312
-3036
-6933
-956
2029
-960
-3596
-5112
-3573
-8188
5391
-4868
2309
-6080
-238
4120
1012
-4076
6667
-16368
7717
-13268
-2281
-7164
8199
-996
4366
-10172
-999
-15328
-4878
-13292
-6400
-5064
10752
-11256
2050
-8148
7155
-11256
-5103
-13292
-3817
-9192
2054
7208
-771
3100
6669
-7148
-4625
-8964
-795
-6116
-7943
-11216
8410
-5108
-4375
-9172
1563
-10196
3858
-15332
5655
-12212
6410
-14225
4355
-12280
3343
-1984
258
-17364
-7676
1024
2535
-20436
9456
-20480
-1784
-16384
745
-11200
7728
-988
4654
-5104
4604
-7956
-8453
-11220
-4860
-4868
-5380
4116
5129
-9196
1009
-9172
-8
-3844
5118
-5892
5412
-4080
-767
-9216
-236
-7140
9472
-12248
12288
-4060
-2581
-8148
1257
-4092
5683
-12248
5377
-10200
-8734
-11220
-1548
-9188
1013
-4048
-10752
2076
5097
-4012
2800
-21488
-5880
-10192
4874
-4016
6409
-3020
-1800
-9180
7411
1092
-712
-15112
9204
-3024
7682
44
-4872
2096
7699
-21480
2810
-3072
5132
-8128
-9982
-7144
3835
-11204
3080
-5892
-5857
-1008
5875
-12264
-2573
2080
5894
-10208
-7137
-6112
3822
-2008
-4873
-4872
-6142
-11240
-4633
-984
473
-5052
-1289
4160
3607
-8164
1296
-5060
735
8236
-5373
-14245
2321
-11236
-3804
-15332
5643
-13084
7915
-9216
2051
-3040
-6927
-1016
-2320
-2032
8451
-18364
-8982
-5052
4603
-6116
1539
-19436
-6651
-4080
-2833
-8188
-2570
-8188
4906
2088
4355
-16372
-2578
-3060
-1042
-8172
-4370
-984
-2324
-14280
-2804
-5108
-2064
-12248
-10997
-15336
5616
-10228
4348
-4888
-1789
-19208
-2004
-7132
11312
-6112
3109
-13288
6407
-12244
-15083
7220
-3105
-3024
-6921
-11204
1514
-6124
2808
-4056
-266
-8188
5111
-10192
511
-4072
8454
-9156
781
-10232
-280
-9172
258
-4884
-5603
-7148
1015
-8188
17
-11212
7691
-2040
-1260
-8168
13824
-1012
777
28
-6128
-2024
-771
1096
-1765
-4072
-1528
-8972
11509
2116
4
-10208
5688
-13268
2324
-772
-10733
-14272
4873
-6088
273
-13272
1527
-7164
3344
-1961
6182
-10000
-2274
4104
7906
-6053
-3845
-5076
3615
-9176
5354
-2020
-3079
1024
1774
-9196
-6400
-13308
-288
-15336
-1274
-13312
9243
-18404
7950
-2032
9742
-5044
-2070
-15320
2294
-15128
-5636
-20448
2315
-3060
-2767
-3016
-4647
-7160
-9737
-8188
4357
-5080
-1583
2068
10985
-5096
-501
4112
-10788
-12244
1293
-7088
11273
-7128
-3357
8
-1014
-1004
-4584
-5088
-1555
-13288
-2057
-9212
794
-13088
-3844
-2040
-512
252
-1803
-2008
5095
-15308
4065
-12236
-5118
-11212
1032
-9204
7917
-7152
-5632
-4060
-9508
-7144
-3049
-9132
-3850
-10232
4841
-13288
4382
-13264
-4332
-19204
1013
-10180
-3343
-3020
-542
-7144
-7164
-9192
2546
-3048
2822
-12256
-2275
-3032
-3076
-3044
-7168
36
5380
-15328
-3311
-9192
-1807
-15348
-2057
-3044
-5164
-4876
-3055
1064
2806
-6120
-4872
-9168
-547
-15312
-2291
-8140
7443
-7104
4353
-3000
4339
-7152
4104
-12256
5108
-5080
1048
-7136
-4850
-21468
-1769
-13244
-4872
-7148
1048
-11248
5396
-7136
3073
-5112
1023
-5064
-487
-6096
6413
-7116
2024
-15320
7219
-7164
534
8
-5907
-15320
759
-5092
782
-7148
-14591
-7952
-1528
-7144
4353
-13268
1770
-14296
4833
-6100
6172
20
-1819
-5092
-11749
-14276
525
3084
6634
-5048
-533
3112
-3357
-15316
-3045
-7140
4101
-996
7640
-2020
2088
-13280
-13537
-1000
-1290
-14304
-4857
1064
7880
-6108
2029
-12276
-8943
0
-2852
-4036
1
-6124
-3580
-7156
3344
-4088
-4599
-8964
1015
-11264
3330
-6080
-11496
-5076
1562
-4080
-3562
-7128
-5106
-6928
478
-9180
-2553
2104
-1279
-12256
-3326
-13280
-746
-4084
-3864
-5108
8680
-5068
-2838
-6932
272
-10180
6377
3124
-6384
-10220
1239
-18424
1778
-3036
4908
-5100
8983
-7104
1274
-4040
5618
-8132
-12024
-9184
-8952
-8168
-14325
-1953
530
-7136
-2581
-4084
-4350
-3052
-237
-5068
511
-7140
-1275
6168
11261
-5912
-4863
-17360
9990
-10236
3323
-6092
-7416
-15304
8718
-12036
-503
3128
-1805
-4064
3879
-2008
-6679
4160
4605
-2024
1281
-1012
-4123
-12288
7948
-13284
-7934
-18345
-4138
-3048
-1025
-8168
2010
-8184
517
-8144
-1808
16
-1267
-6124
5126
-6068
-15072
-9188
-4909
-984
-8175
-10216
-2006
-3864
-3049
-2020
1528
-7092
-1523
-7144
3328
-9184
3335
-5080
-4335
-4068
11527
-8168
4634
-2044
-1288
-23276
4055
-19428
-9447
-1004
2787
-13284
3062
-7124
-3072
-3020
-8204
-7160
-2059
-10164
9977
-12252
1555
-3036
-773
-12280
2814
-996
4626
-3012
263
-11264
1281
-4068
-4356
-14280
-3332
-5092
3826
-9200
-8448
-3072
-6385
-8184
5600
-5108
-13569
-1992
-985
-13292
5116
-12248
-9229
-10192
-267
-6124
2572
7212
-759
-2848
-1056
-12208
-6360
-1004
7683
-4060
-5649
-15340
-1767
-5092
1292
-9164
-11527
-11016
-6634
-6112
-5624
-16364
-801
20
3322
-5056
-1794
-7132
-2308
-7148
-8165
-11240
8703
-6100
-7158
-996
-1007
-17160
7189
-4064
6908
-7128
2033
-6076
4634
-7120
-2786
-3068
-2073
-6080
11744
-4072
5142
-11244
4626
-5076
-3577
-6920
-3314
-772
11019
-2032
-5117
-13248
-10509
-11200
2296
1084
3065
-7112
-1254
-9164
258
-4068
784
-9200
267
-14288
-1801
-16380
2000
-4876
1034
1068
-1030
-10232
-7672
-14288
1026
-15320
-9180
-8140
3782
-14312
-8
-4040
-7661
-10208
779
-13292
-4339
-13228
6643
-5116
6648
-6080
-3561
-1796
4346
-15340
1057
-8156
-4883
-3004
274
-8156
14
-12268
2520
3092
-3562
-8180
-4891
-9028
-2327
-11264
4349
-19420
-10248
-1000
-3852
-5088
2277
-13060
8454
-2028
-4589
-6132
6650
2088
3583
-16344
-7149
-14324
-3346
-12248
8198
-7104
1480
1252
-250
-6136
11488
-13268
6155
-4088
2068
-2044
-3847
-12236
4883
-8136
8436
-15308
-2283
-11224
-3553
-18396
-4866
-16368
1557
-15348
44
7200
2281
12
3085
-9176
-4645
-20432
1270
-2028
5375
-13296
-285
-4064
-1551
-8144
776
-6924
285
-13248
-3103
-9188
-6158
-16356
8168
-9176
-10753
-16352
2591
-8184
5675
-976
5905
-20412
-8973
-5112
13595
-11204
-1774
-3036
-2299
-11252
-4576
-13256
2314
-5088
2814
-13288
-799
-6124
-480
-5104
1011
-7140
-188
-7140
1568
-17380
-5894
-6928
-7194
-7156
249
-972
-8947
-7088
10490
-14328
3309
-14292
2017
-2012
-22
-3044
254
-976
-272
-972
-8464
-11224
2319
-8128
3070
-15356
6183
-6928
7381
-10208
-2063
-5084
3086
-10180
-4355
-13300
-6359
-22248
4599
-15112
-7922
-5896
-4118
-18416
3597
-7152
-1564
-5060
-3594
-4040
2306
-3032
2050
-12272
6685
2052
-4593
-9208
-3326
-11212
-8937
-24272
6155
-4076
18702
-7944
-1023
-5120
-7968
-10216
-13624
-14320
-1039
-2020
-4873
1068
5610
-4032
1039
-14324
-6176
-13256
-4640
-10216
-521
-13260
2850
-13252
1765
-13288
1030
-7152
3583
-9168
-502
-4076
4592
-2004
-3331
-11240
-285
-7112
4639
-1008
-3049
52
-1791
-996
-13043
-16368
7173
-4884
2555
-10196
-1296
-3848
3078
-14292
474
-12260
750
-8192
-47
-10192
-519
-6124
2044
-988
267
-4084
2345
-10200
8999
-7140
-7156
-11228
-480
-16324
5616
-7148
-2048
-12252
3043
-9180
15853
2100
-2552
-2020
-492
-10236
5087
-8156
8195
-7132
5354
-14308
4595
-9200
-12028
-7160
5870
-10224
-1552
44
4616
7412
3855
-13300
-31
-12284
9206
-3036
2342
-6100
1270
13332
2340
-15320
-2597
-8160
4841
-15328
4069
2296
-810
-9168
-1002
-7140
770
-5072
-4864
-12272
4614
-6144
-5150
-12056
2803
-10216
-2535
-4060
-3356
-3048
-9758
-8128
-1543
-6088
-14330
-16360
-9521
-8148
-4845
236
6132
-12256
-798
-4080
11004
64
1013
-13248
-2805
-3044
754
-6076
-4886
-10220
1540
-6100
-1031
-20460
33
-10196
9214
-18396
-6388
-6120
5656
1036
-7881
-9192
280
-15304
11753
5176
9243
-6116
1796
-988
-2831
-8152
8480
-15308
-1815
-17392
798
-12252
-5904
-9172
-4876
-6068
-8462
-9196
-536
-8164
-5100
-9148
-6623
-7128
-3609
-6920
13848
-4052
-7700
-5104
-13313
-9160
1549
-8128
2331
-7144
-3058
-18376
5612
-9176
-1014
-1016
19231
-13268
758
-12260
8242
-11256
11522
-14328
-5634
-11216
-11277
-8168
-10
-10208
-1528
-12260
1769
-10228
5616
-6924
11005
8248
-3554
-5104
-6376
-3040
1032
-7148
-1274
-4080
-4575
-10228
12573
-2024
1520
-7132
-8948
-5092
8202
-19432
6922
-10228
4604
-10236
2089
-7021
-4099
-7160
-1278
-12228
4110
-5068
-3063
-8144
9731
-6092
-4882
-12264
-4086
-3044
-3065
-8152
-3038
32
-1820
-11232
-733
-7160
-3576
-6092
9467
-15344
-5
1068
-537
-3028
-4316
-4072
-7914
-11012
-2591
-10172
8696
-13096
10762
-13288
-6893
4116
-251
-4096
-1829
4132
1011
-12272
6655
-14308
-7673
-15332
-7950
-16364
-25
-26348
18
-17380
3884
-9196
-3555
-10184
5393
-10232
6650
1040
-8964
-8152
2604
-7152
2316
-3008
2557
-9204
4155
-18428
745
-11224
-8703
-7120
-8672
-5120
-4609
-12236
5405
-2020
4079
-2820
6647
-3044
1833
-7112
-4627
28
1003
-7144
6649
-17392
-10493
-12256
3084
-976
-1556
-11264
-303
1072
2067
-10208
-11027
-4096
-7652
-17352
-6394
2068
2550
-5068
1803
-16320
-782
-8188
-1014
-15340
7421
1048
5881
-21496
-3088
-20444
4
-9156
-28
-5116
-4584
-16348
-11241
-14300
-28
-21488
8189
-3052
2824
-9176
-7452
-10180
-9215
-19396
752
-4072
7680
-6096
-3356
-18184
-2274
-8184
1794
-15328
9715
-12248
5926
-8164
3332
-5112
-9979
-12252
797
-5096
-2083
-3032
4347
-12228
2781
-13236
1755
-13240
3119
-6092
-3358
-6096
1023
40
-8697
-11196
4609
-3044
-1045
-964
-1804
-1996
8991
-16368
4615
248
1001
-7124
-1008
-16364
35
-5072
3596
-28680
-3094
-10012
3561
-4076
-12566
-2044
-6146
-10216
5114
-7156
8176
-13228
-7211
-5056
3826
-16320
-15870
-996
-217
-9156
3848
-9176
2831
-3056
1280
-9184
-6142
-8148
-6410
-12248
1776
-11252
812
-988
-4886
-14292
1036
-10204
39
2064
794
-16332
2316
2080
5629
48
-1507
-9172
257
-11228
-12797
-11208
-1781
-7124
9714
-6108
9235
-19432
989
-9188
-2560
-7164
4100
-10212
3051
-6092
753
-9140
-4852
-9156
4332
-9144
4868
-9188
3588
-14336
1031
-14308
-6631
-6120
-4346
8232
-1235
2084
2819
-17336
-2814
-17392
-513
1032
-4869
-15328
2548
-8136
-3819
-7940
7462
-15304
-4607
20
-7704
-996
-2762
-11220
1259
-5068
3281
4156
2842
-17372
2045
-21456
7902
-944
-1775
-9176
5347
-17400
-5112
-6076
-5357
-6120
1537
-13296
3323
-7116
1304
-5120
1019
-5904
-481
-1984
2539
-7964
-1531
-9164
6107
-16352
-1564
-12268
-1512
-956
-3311
-7156
1574
-3028
3601
-956
2815
-980
-5115
5140
4594
1068
251
-6932
3605
36
-250
-4092
12294
44
-9755
-8184
-4087
2088
-4842
-4072
6915
25864
15155
-4076
-1038
-8164
-5388
-12264
3825
-10232
6421
-9152
3331
-8152
-2562
-15344
5430
-5064
-12347
-2008
-7665
-11248
-2281
244
2601
-13288
3131
28
-3847
8
-5628
-996
5112
-2820
-6905
-6124
-538
-10176
1794
-6104
-2827
-12252
2299
3128
1295
-5116
-3355
-7128
-2327
-9176
-6881
40
-2822
-8120
3062
-6100
-3350
-7148
-4315
-10200
7425
1036
752
-13292
192
-1020
-4339
-3016
9450
1076
3086
-9184
4068
-7160
-1107
-12244
8713
-7092
3604
-7156
4884
-15352
2061
-9192
-3593
-11220
11772
-9176
2036
-9156
-2567
-12244
-4859
-7160
1539
-5896
-3307
-2016
7175
-10228
-4336
-10240
12759
-15324
3875
-10236
-1780
-3036
499
-5900
4107
1076
5381
-7148
-3042
6176
1237
-3008
1758
-11196
510
-20464
-11575
-10224
-482
-7144
-273
-17180
-1250
-12228
-2832
-6084
8733
-19216
3318
-18408
-1278
-26284
5908
-11228
6926
-12232
3571
-13232
-4598
-16344
-8
-8160
9959
-9148
-1774
-16356
6147
-9164
2566
-13296
-5395
-1992
7169
48
-5095
-19428
-4633
5144
2807
-5100
7945
-996
1317
-14280
-2807
-12268
1804
-21460
-6136
-16320
2052
-11252
-6940
2076
7709
-8136
-3345
-4060
5104
-10228
5888
-960
-6900
-11260
-793
-8152
-769
-8188
-720
-7152
-783
-3024
7410
2084
-8422
-6104
-3348
-5064
6418
-3032
7158
-8168
3608
-5112
-4379
-10184
-247
-14284
-3839
-2004
-2058
-7116
10259
-7168
1016
2292
-3578
-6120
-26
-18360
-11521
-18392
5623
-4044
-764
-11224
-7937
-11248
3062
-2820
-1255
-4036
-11006
40
-7957
-4009
2273
-12224
-285
-15324
4592
-13256
-1301
-992
2588
12324
4093
-4076
17413
-11212
-2023
-9212
6398
-3016
2521
-4056
-959
-6120
528
3128
-11788
-4072
-7157
-3044
4865
-8140
3111
-9188
-4347
-8164
-6411
-4064
-2062
-10200
5368
-11216
282
-5092
-1766
-17380
4372
-8192
6895
-12244
-3871
-11244
514
-1012
13604
-14084
-7446
-13284
-7157
-11240
-6405
-10172
-5867
-7124
4338
-5084
5401
36
-2560
-13284
18
-19420
-14
-10240
-4335
-6080
-6874
-6128
-1770
-10232
11013
-6120
-285
-7128
-2804
32
-1040
-13260
-6377
-9192
4885
-6144
4372
12360
-6189
-15336
2296
-2040
-8467
-9184
-1551
-5060
-5612
12
-7702
-11220
9220
-11240
6137
-3032
-6638
-11232
16907
-10180
-7152
-13296
-4133
-3052
7449
-11204
4338
-4084
-8459
-3028
-8928
-3044
8693
-12248
-482
-2832
-1302
-6120
9194
52
-1029
-4064
-3038
-10200
3048
-984
5618
-10220
2615
-3036
5136
-11228
4144
-17384
-2304
-13276
5379
-6940
-2064
-8168
-7451
-12264
8172
52
-4138
-7112
-2837
-3020
3555
-4868
-3318
-7116
-786
-7136
-7157
-5104
2043
2060
-4089
-5060
11757
-11244
234
-12264
-2292
-976
-233
5132
-2041
-12260
-7656
-5044
7157
2088
-2046
12
-270
-5076
-5099
-5104
-9723
-2012
-4609
-19436
-2348
-7128
-6676
-4876
4368
-8160
2064
-8144
-1548
244
6929
-7164
6641
-15144
-12829
-4092
-4034
-19204
11529
-6076
-11
1068
-6403
-5056
-2048
-3032
4326
-9172
-998
-11224
3870
-5092
500
-7164
-7691
-3044
-2832
-15296
2528
-12252
5379
-13272
2088
-5052
6400
-2008
3328
-3020
3340
-8168
-4342
-20468
5335
-9216
3070
-5068
7140
-8188
-2827
-18384
-3852
1048
-7931
-984
3821
-6124
514
-11248
-2070
-10228
497
-12280
-2565
-9180
-1038
-7152
9733
-7136
-15622
-9184
5105
-2844
2564
-17400
4355
-21468
4088
-6108
2551
-13280
1007
-12260
-5910
-964
1030
-7164
9696
-17384
-1494
-3032
2028
-16348
7
2096
-2821
-2008
5636
-12272
-3567
-17356
-7942
-12040
13287
-4084
-3826
-7152
-2051
-8160
5897
-5108
5659
-7156
7946
2288
275
-8168
3851
-11224
-5888
-8180
-4381
-7136
-2826
-8168
1777
-12244
-11
-988
1779
-1992
1289
-4064
-4593
-6132
-771
-9992
-2555
0
-2054
-5116
4635
56
-793
-7144
5920
-11228
-9997
-12272
1008
-9180
5656
1036
5623
-1968
-7455
-9168
1048
-16356
-3080
-3860
-4860
5148
6645
-13288
-2578
-8172
-7670
-11260
-5131
-7124
6140
-8168
1044
-6140
-9229
8244
494
3116
-33
-11244
5386
4148
-2327
-15352
-6175
-4056
2279
5156
-6412
-10216
519
-5056
-7705
-23248
2043
-5076
-6370
-3040
-5148
2092
3572
2292
-7687
-984
6117
-4044
5155
-6116
757
-6108
542
-26320
2035
-13292
-1543
-7116
7155
-13272
5095
-10216
-6199
-2868
-2296
-11224
-7676
-956
-9743
-5100
6126
-3016
11273
-13252
5115
-8176
-6646
-10196
7429
-10224
755
-4052
-12529
-8172
-17
-14312
-208
-3068
-8741
-7132
6393
-1976
-2022
28
-3331
-2040
-4080
3324
7146
1276
-1264
-3056
-803
-7160
-1000
-12212
-4081
-7140
5153
-9204
-7169
-19432
5324
1036
-1781
-14280
-3843
-1008
-8965
-10196
-7686
-10200
-495
-992
5073
-3020
-1240
-5900
3565
-2048
-9704
-19204
11507
-16344
8461
-13288
30
-6100
-1813
-5100
-3849
-10208
-25
-5068
1540
-13296
12798
-996
-251
6144
-3073
-3040
-11
1064
-515
-10176
-1265
-4072
1275
-4040
-12793
-4052
1512
-7132
-4129
-18404
-2002
-8160
3838
-11252
4113
-10220
9486
-9196
-1033
16
8700
-16364
-2062
-5048
-1290
-11212
-2329
-4052
5655
-2020
-3297
-4060
2029
-6092
-2787
-6920
2580
-17376
5635
5160
-2817
-7136
3550
-1796
1254
-9176
-2535
-13292
-11267
-17396
10234
5140
1280
-2820
-5117
-8148
2771
-16332
5900
-12240
-3854
-7124
-8472
-5096
1053
32
280
-13272
5880
-9192
4345
-10204
9222
-14084
-7631
-15300
-5917
-15352
-10743
-6144
5369
-11248
-8191
-9992
226
-9176
2040
-10184
-11516
-13280
4846
-2020
-11799
-9212
-1530
-7136
1523
-14312
-2277
-2020
-7398
-15308
-6649
40
2283
-11240
0
-14280
-3865
-15356
-1286
-10228
2299
-4080
-510
-6104
5373
-3020
2311
-10228
-267
-12256
-1809
3148
8728
-7148
1835
-4088
5110
-1000
2314
-11024
-3069
-5092
1796
-14084
-6690
-12220
-3573
-3008
5413
-7164
786
-14284
1308
-14308
-3302
-13268
499
-11232
-7414
-4084
-539
-5112
6392
-11224
-2557
-23256
5624
-18404
-3326
-11232
6152
-2016
-1796
-1024
-10738
-2000
-4372
-10224
1255
-5112
5638
-4084
1001
2060
2077
-6088
-5335
-23256
6396
-4076
-6644
-9180
-1297
-15336
-2849
-13252
-10740
-3844
-286
3120
-4306
-7132
-1269
-15332
-8950
1080
-2339
-3068
243
-15304
-3048
-11256
-9983
-16360
3832
-15320
-2309
-9184
4885
-1008
3577
-6124
-6880
-3864
-9722
-8160
7198
-1008
3336
-10224
-9463
-2028
-5146
-6132
-5382
-6128
3059
-5044
-1528
-2020
-6389
-7148
-764
-5088
-3623
-4016
7704
-6112
7928
-17344
-5409
-4064
488
-11232
-8701
-6112
1278
-15276
5099
-15288
-9750
-5108
-1012
-4032
6130
-10204
5650
-19432
7450
-7116
-7692
-3020
-2792
-13300
-8209
-17372
300
-8156
1754
-17340
731
-4060
4083
-21452
-5374
-10212
-7157
-8176
-4866
-14288
-1005
-12252
535
-5084
504
-6112
1240
-2016
3028
2092
9245
2068
8165
-10208
3578
-13252
6930
-6112
-4623
-20424
-997
-8176
1796
-14304
2077
-7132
-1771
-9204
2062
-10216
8168
-15316
-4099
-9164
485
-12268
8492
-9192
-3586
-7120
-9458
1040
-239
-12232
2570
2064
-8675
3324
10004
-19412
516
-12244
8220
1060
-5370
-11264
261
-3040
1531
4116
-8751
-1992
-722
-7160
-5911
-10156
-1018
-6140
7984
-5096
-2293
-8160
-4578
-14304
4605
-15324
-1586
-10192
6927
-5100
5109
-18400
8197
-6096
-209
-17364
4594
-7152
-2089
-13304
2617
-8144
4844
-3044
5905
-10208
753
-2036
-9712
80
-11267
-11200
-3853
-9188
2028
-12228
-2553
-4088
1028
-19452
-6902
-4060
-4833
-21468
3092
-12232
-1819
-12272
-1805
-7120
-3053
-17364
1275
-7100
5109
-15348
-7952
-11016
-2042
-16356
2562
-9188
-6635
-11244
-5373
-11204
5835
-5104
1552
-13272
-2551
-6104
9005
-11216
-522
-7140
765
-18388
-6659
-5080
6375
-12252
-273
-8184
-5887
-19424
-11545
-3028
-1071
2048
3053
-9216
5378
-9180
-10988
-7952
4629
-5080
-8
-12240
793
-2008
-2290
-9164
-5341
-5068
-7396
1092
-8436
-3032
247
-9216
-1825
-14284
3314
-10184
9258
-7164
4366
4132
4106
-10224
6153
-6128
10246
1048
6406
-12268
-1546
-3000
2582
-17376
-5646
-6936
512
-7128
1562
-9160
9475
-7132
3605
-12272
2823
-7116
9249
-7132
-3367
-12268
2046
-3036
-3852
-3860
-269
-11232
2546
-18404
264
-4880
16
-7140
-482
-14296
8424
-19448
2537
-5100
531
-8180
-11821
-15356
-4104
-8176
-5114
-20448
-4338
-15257
-3088
-4084
5370
-12240
1828
-1004
6180
-7148
9173
-6096
-755
-10216
3343
-1004
2059
-7152
-3566
1028
7165
-26292
-1517
-988
5112
-15320
317
-11264
8415
-9212
-4635
-4032
5574
-7112
-5114
-17356
-1018
-16368
-2307
-3024
2582
-16340
7908
-17352
-8707
-10184
8179
-12244
1274
-4036
-2570
-4052
4092
-10184
-5635
-11256
-8433
-8972
-1521
-11256
3348
-12224
-3560
-10228
-7404
-11020
-7689
-10200
5858
1072
244
-12244
3301
-2020
-1005
-16368
-1536
-2004
-2341
-22260
5145
-5104
495
-3012
-5388
-12252
45
-11188
5349
-3016
452
-13296
-1303
-8140
3069
-9216
15
-9204
-2804
-8148
5633
-14288
-3049
-18388
3061
-5104
-1491
-9140
8982
-7140
-5883
-772
1532
-13308
8404
-9196
6648
-1020
6413
-8144
-3858
-4088
-763
-6096
-4094
-9172
7467
-4052
-1788
-7148
-3066
-21472
-1033
-6120
5621
-10240
2603
-8180
9481
-5104
6127
-6128
6631
-8176
5127
-5080
2067
-8152
-1290
-11208
3849
-2828
1047
-8192
-3363
-2040
-10772
-13288
9262
-11228
-552
-5076
-4082
-14280
9252
-9160
-4067
28
-550
-16356
2050
-4064
-2066
-3048
1051
-2020
3844
1064
3592
-12260
5135
-13280
3319
-13272
-6158
-5092
-12572
-11232
2318
-6112
10229
-16144
10992
-8152
4641
-16324
-6901
-3024
-773
-3040
6385
-11204
4880
-8172
9716
-16380
6937
-10224
-7697
-4056
251
-12236
-2040
-7120
506
-6096
-5648
-9212
7399
-5072
1525
-4012
1004
-8172
7685
-3072
-3358
-22232
-6370
-12236
-2020
-13268
-7182
-19204
761
-9196
1811
-3064
-1795
-12244
5875
-10236
-1
2068
-1320
-14300
-5347
-8128
10230
-8160
2281
-8164
1536
-13060
5910
-9184
-6179
-7132
-3084
-4060
10498
-17348
-4348
-1012
8431
-6144
-9222
-4052
553
1272
2564
-11240
8953
-7160
10760
28
229
-976
-6931
-2000
528
3084
-12767
-10228
-7717
-3036
-7452
-7116
5356
-15308
3820
-956
-513
-13236
2557
-23280
228
-10204
243
-6100
-1783
-10204
-751
-12252
-1529
-11020
-2053
-10216
-3585
-7144
2295
-20456
-2368
-8184
-10236
2080
-2801
-4048
-2307
-5080
-1016
-10192
4578
-2020
-3613
-3068
6174
-14300
-3846
-2032
-2582
-8168
2288
-19144
10045
