-12268
4075
-2012
5120
-16364
-5374
-15332
-1020
-10200
6915
-4060
-4599
-10192
2053
4140
-7947
-8164
251
-4076
279
-6124
7143
-9184
-2074
-4084
-8710
-6124
-1517
-10200
-6664
-2040
-769
-6112
5640
-13252
19480
-9216
-1542
2296
504
-976
255
-5112
759
-3040
-5639
-7140
6905
-6084
-7172
-14312
758
-8148
1260
-976
1528
1080
774
-7124
4876
-6108
-5873
-4048
2807
-5120
2813
4336
2069
-11208
-3098
-8192
3582
-6124
12018
-11244
5919
-5100
-994
-9200
-1280
-18424
4888
-5096
-8453
-11016
10970
-976
-3597
-6128
2031
-5108
2586
-7148
-3040
8
4632
-13272
5908
-14284
-1314
-13280
-3314
-3016
4370
-13312
34
-5892
-1533
-6116
2818
-2820
-3820
-8184
-3568
-12252
-2826
-10204
4124
28
-5087
-1012
523
-8168
7190
-4068
1840
-13268
-1534
-8156
-11746
-9152
-4892
-7120
8720
-19404
-526
2088
11533
-7144
-3827
-7104
-3318
-8152
-7394
1032
-2795
-3032
6915
-16352
-2334
36
1035
3100
-240
-10196
1026
6168
-6144
-6112
-4091
-4040
3555
-10200
5370
-17156
-1047
-10200
-3831
-8972
-495
-9204
249
-22240
-1291
-10220
-3890
-11256
1233
-7124
4853
-10220
1272
-13060
-10759
-10208
1041
-9208
-500
-992
1999
-12256
-1020
-7124
-7167
-13308
-2804
-9188
4838
56
-3580
-14256
-7672
-3052
4375
1044
-12277
-5920
-7911
-6128
9195
-3056
-493
4344
544
1052
494
-10204
3088
-11244
231
-17388
8690
-9172
-7703
-7124
-3055
3124
-48
-15324
267
-3036
-9480
-1796
-1791
-3056
-8196
-12248
4615
20
6100
-6108
-4815
-12056
2556
20
-514
-3060
8946
3108
1007
-13268
-2802
-6136
5389
-10240
3565
-13228
3833
-9204
-10721
-7148
-3581
3088
-8994
-5052
-3342
-11228
11287
-12264
9770
-14308
-6120
-14316
3848
-12228
-3
-17404
-5604
2072
-1531
9256
-3056
4104
-2588
-7148
5076
-4096
1040
-13248
-521
60
3793
-9196
-4298
-10236
4589
-13312
-2079
2092
4306
-15348
3553
-2024
-3593
-5896
232
-5064
-1782
-5900
5884
6176
1027
-13292
1581
-7132
2258
-7132
-5883
12332
-28
-12256
-6954
-13240
-512
1264
-1276
-11228
6909
-12276
11260
-7116
4330
-10240
-3881
-15328
-6941
-11252
-5891
-17160
1288
-2004
-4861
20
794
1028
-793
-6136
-9007
-7144
10777
-6100
6917
-4056
-4065
10252
1273
5152
-6
-4044
-2282
-5092
2305
-11232
1064
-14320
2803
-7136
511
-3036
-11483
-1004
-6106
-7136
8186
16
260
-11212
-2017
-8148
3321
-9192
480
-1012
2333
-2028
9736
-10200
-4584
1044
-491
1056
5133
-4096
7454
-7112
-8169
-4080
271
-10176
4361
-12264
-2032
-2024
-1555
-3052
5870
-10184
-5132
-1020
-2293
-5100
-490
-8140
5124
-5088
-15319
1056
-8968
-6144
4878
-1008
4098
-13312
2593
1028
3057
-9168
8727
2072
3583
1036
-3840
2068
10984
8432
-1009
6164
-500
-12264
6442
-8172
-1818
1052
4863
-3020
-2835
-6080
4309
-10192
-3328
-8144
-4342
-10228
4612
-4096
518
-2020
2290
-4084
3824
-984
-1027
-5052
4359
-16352
-7968
-13292
782
68
4597
-8180
792
-13280
-5384
-15332
9728
-2024
8751
10284
-2554
-6116
2030
-3040
-8991
-14300
-12293
-3044
-5884
-1008
-6402
-10240
8461
-7160
-5362
-4064
-4854
-12260
4356
-15292
-8760
-4096
-1797
-18192
6903
-11224
-1515
-15308
772
-5092
6406
-13284
-1014
-12248
-2539
-6140
-2541
-16380
1252
7240
500
-3044
-3080
-6068
-1564
-4064
6145
-7156
522
-13064
-2820
-1000
-6163
-2008
-6645
-10232
8492
-7148
-3587
-17392
2055
64
8136
-13292
-6895
-9200
6644
-17336
5646
-12236
3611
-19400
4839
-10228
-6920
44
-1800
-10224
-12038
-15296
14059
-8972
1009
-4060
-6128
-3012
-834
-4096
5651
-6092
3826
-3052
-4857
-8156
-3536
3120
8984
-15132
506
-10208
-5392
-17368
-3068
-20456
-14
-9208
-4584
52
-782
-7152
-4596
-13248
-271
-8144
3548
8212
5108
-15332
3100
-8156
3037
-12260
-4603
3100
2284
-4096
10518
-2020
-4596
-3844
1548
-2040
-4596
1048
5676
4144
5112
-2044
5123
-11228
10484
-988
-2050
-4908
2034
8
8183
-9172
-8185
56
-6929
-2000
-3780
-3848
-6134
-15312
1819
-8156
-9230
-9172
-1269
20
-2310
-7112
-1558
-4076
5356
-14280
3344
1028
-6168
-2824
-9197
-7948
-5405
-6116
-2583
-3020
4598
-7140
-275
-9168
13570
-12232
4355
-10220
-519
-19448
-2772
-5096
-8188
-3072
-1820
-7128
4373
-2000
5858
-18404
-2279
-6092
-6400
2112
-9482
-3848
16909
-5056
-4599
-7144
2293
-18192
1758
-18408
1018
-8188
2573
-8172
3559
-16372
-8189
-10220
7932
1084
-2824
-11224
4367
-3056
6139
36
-2088
-5116
1796
-13264
11804
-10180
-8989
-17396
-7436
-18404
726
-4092
2085
-12252
3580
-8152
8713
-11224
-10175
-2028
5104
-2004
-2089
-8140
793
-8164
-5917
-10208
793
-12040
4601
-7120
782
-14336
-1022
-5920
4877
-6120
7960
1080
-6872
-11216
2072
-9144
-5094
-7128
1038
-18388
1509
-7148
3555
56
6401
-9160
-6636
1048
1050
-6092
-235
-5892
540
-8164
7916
-5108
-15871
-2028
5644
-15308
-3835
-9200
-5414
-5072
6947
-3020
-4631
-8188
7959
-10220
1786
-13264
4848
-5896
8712
-8148
1791
-8112
1005
-3848
1280
-12284
9186
-7116
-4077
-11252
-8986
-16316
14799
-15308
6173
-16324
-2042
-3060
-3084
-1804
4395
-3056
-1549
-8172
-11763
-10196
-1261
-2036
6607
-12060
-1814
-8144
-10241
-9200
1764
48
1295
-960
6445
6168
8186
-6916
1264
0
-8178
-22264
510
6164
1057
-7104
3831
-11248
-2090
-5084
2307
12
7181
-6144
11280
-7128
1539
-3032
-13819
-5072
-263
-4064
-5575
-15352
1524
-4060
10499
3076
994
-968
-4111
-7120
1289
-8077
511
3316
4853
-2044
-3353
-2828
-1301
-10236
-266
-7124
-5140
-11220
3115
-4080
-10508
-6916
807
1028
4343
-9180
3348
-12244
500
-12240
6135
-3056
-7499
-11216
-4323
-7156
2581
-5116
-12274
5144
4836
-14328
-9694
-9196
5138
-16132
3291
-15336
-6145
2060
-230
-5096
4117
-12264
-3317
-11236
3859
-1008
786
-11224
5120
4120
-1785
-1796
-6380
-11252
3563
2052
1038
-7140
1023
-14288
4602
8252
2821
-16356
-5355
-22212
1544
32
-5193
-10204
-5597
-13304
-999
-10208
1013
-11228
6907
-9172
1030
-12044
8180
4
-1279
-1008
5377
-11192
5157
-8192
-3315
-4088
2304
-14300
5855
-8172
3053
-2004
-18687
-1984
-286
-2020
-5132
-6104
5369
-14304
-7150
4136
11527
-11240
1033
-6916
-786
-960
-1300
-984
4076
-8172
5610
-5892
5659
32
1309
-6116
-8455
4348
8418
-5088
-10008
-14312
483
-5900
15605
-14276
2811
-11204
-3345
-12256
1027
-12268
-3091
-12264
6152
-3028
-9962
-12212
-6650
-9156
3080
-15108
2823
-4052
1027
3124
5867
-7088
5368
-5896
-6145
-14171
-2071
-5080
3336
-4064
7155
-10236
6638
5192
-222
2060
17147
-6057
3063
-10204
-5111
-10228
474
-6088
9525
-14328
7179
-12264
-2310
-11228
3044
-16352
9459
-6132
-8230
-16348
-2779
-7077
-4623
232
7390
-8164
-6401
-9184
-776
-5896
2317
-10184
-10472
9272
3319
-6104
-1794
-14284
1017
-5104
-13588
-10192
-2323
48
4364
-6092
10475
-4092
-10995
-5900
8449
-8132
6914
-11188
2291
-1008
4122
-7156
-2564
-12284
12033
-6112
-5640
-5924
2076
-3068
3073
-10232
6894
3316
-540
-6096
8205
4156
-26
-11224
-3812
-1980
5882
-6132
1497
-4064
997
-12276
-10284
-14312
-4625
-6140
5643
-6928
-250
-10236
2839
4108
-1763
-992
-8701
1040
-1269
40
-6119
-13288
-1273
3076
-1767
-8140
24
-12252
3593
-2008
-7192
-4084
4615
-18432
-3571
-5084
1514
-23240
-2039
-9168
-7687
-9164
-4822
-4040
4853
-10200
8408
-11232
10486
-14332
5363
-8156
-5423
-8192
3064
-7116
522
-8164
-11276
-7144
281
-8132
-5624
16
530
-7104
256
-11216
3591
-8164
-3330
-19428
744
-3056
-4113
-13292
-1058
8208
-1531
-4044
-8963
0
1011
-792
-1265
-16352
3041
-11244
-3104
1032
-1516
-3072
-279
-19432
2585
-12272
8695
5140
-13334
-14292
5162
-9208
7714
-10196
6401
-10192
-4080
-5112
2825
-11208
-788
7408
10793
-4092
-2064
-4064
2811
-7144
3023
-2048
-4851
-4092
6145
-7168
7414
-15332
3077
-15340
11312
-10208
3321
-13260
-5361
-12264
-529
-13256
-22804
-3844
-7132
-18420
4848
-7140
-2003
-6120
4336
-9192
-2552
-8180
3586
-7128
3848
-16380
-5635
-18404
6122
-7124
513
-11216
1532
-15344
-4581
-992
-256
-7148
1544
-15336
2098
-1024
9737
-4052
-6410
-3048
6384
-11028
6648
-11252
4840
2244
2312
-8152
-3324
-11228
2552
-9180
-33
-10208
3863
-2820
-1028
-16360
1273
-5088
6402
-2820
-249
-5068
-5624
-3020
-4850
-7164
779
-12272
-262
-5076
-246
-6140
9451
-7956
7191
-6088
-1022
-12264
-2053
-16320
2297
-9156
7415
-15316
-2030
-10228
3297
-2028
-2344
-6084
1308
-980
1276
12
-6400
-7128
6398
-14324
-4888
20
-5
-14332
1281
-16140
-10513
-4048
-3865
-10153
-2873
-2024
4843
-9164
5621
-9152
-4407
-10188
2067
-9212
3331
-7152
6147
1064
467
-20432
-2301
-2044
-3356
-5076
-1300
-11248
2058
-6080
-3814
-7156
5632
-10192
3542
-4048
-5105
-13060
7447
-7140
-2314
-7116
6686
-15308
-2294
-7116
4324
-8176
-5141
-24284
6
-10240
-1800
-4088
3393
-6916
2585
-7140
-6938
-14264
1063
5120
6139
-4056
6657
-7148
-4085
-980
2030
-816
-7919
-12252
-40
3116
1797
-16360
241
-10184
2015
-2961
3076
-16344
3328
-3016
-2807
24
-5883
-5076
-248
1072
-9508
-4096
4108
-7144
3573
-6140
-1843
-6128
-1781
-3068
6156
-10168
-15618
-15360
-1548
-2008
-6392
-6112
-983
-5100
-5898
-5892
4621
44
-810
-4068
3603
-11012
7203
-16384
-2548
-11236
3607
-9212
4907
20
5338
-2012
-14865
-15348
2034
-8188
-6657
-13260
2287
-10000
769
-13300
5405
-3048
18
-10196
5106
2060
-2061
-5076
-1792
-9164
1032
-11244
1542
-7140
2021
-5072
-7211
-4076
-1552
-8172
-4591
-9156
-10482
-15308
11239
-6916
-5383
-13296
8447
-8152
774
28
778
-5896
9718
-10232
-973
-5084
-461
-12232
4909
-5080
3828
-10224
-2061
1056
-1309
2092
9694
-15324
-3340
-15328
2550
-13304
-5123
-7948
-1295
-6128
-1811
-11252
2038
-5088
1561
-13260
-1782
-3068
5614
-5088
-1749
-15273
-2267
-2032
2046
-10204
-2581
-7140
-3851
-7160
-2300
-3848
-5386
-3052
3094
-10208
8699
-8192
772
-3856
7674
-16372
4648
-2016
-212
-3024
-2298
5372
-4384
-10208
-3315
-1812
13046
-6072
-5935
-7132
-1047
248
-3077
3072
-1768
-11248
-4880
-7104
-2813
-6112
2290
-5068
1290
240
-2575
-10212
-2
-4028
-7956
-11204
-6364
-16140
6671
-3044
3588
-6144
-2301
-5084
-5874
-10228
532
-6920
3060
-4884
5389
-5092
-1259
-9204
-8434
6392
13576
-3036
-5103
-2020
-2585
-5044
3805
-3068
-3807
-8156
6422
-4064
-2298
-12288
-2542
-9196
-3541
-9192
2045
-980
-6393
-27356
-9448
-5104
1264
-12256
1555
-11228
-2807
-10220
-4118
-14296
-1782
-12236
-560
-7116
-6675
-12260
3333
-10208
3069
-9152
-5380
-6104
-4098
-14296
-2549
-8144
-2577
-8124
232
-9176
4403
2296
790
3084
-6653
-11208
-514
-10200
-10528
-8152
8418
-10196
6946
244
-11508
-3056
5635
-16340
9244
-10192
2042
-10236
-11222
-5108
9502
-3048
742
-10240
771
2080
5379
-4876
12602
-4036
6677
-9208
2842
6188
-7981
-2024
2793
28
3116
-4060
4857
4136
-4358
-9200
2526
-14336
1795
-12220
3337
-13272
3843
-988
6909
-7136
-6912
6396
-3567
-13284
-5660
-12284
1274
-8132
-2282
-4060
5358
-8180
-2339
2052
-4855
-7148
2292
-3020
1504
-16332
-1788
-9184
-4086
-992
522
-9196
-3553
-7140
6607
-7140
-8929
-5088
-1785
-1016
3347
-4088
-3104
-7132
4072
-16340
5865
-5112
-3799
-5100
5864
-1796
-4346
-6128
3096
-7164
-3090
-15340
-3576
2072
4835
5144
4109
-12268
7402
6396
-1018
-11244
5626
-14132
5897
-8192
7914
1032
1253
-13276
-745
4116
5124
-6100
7912
-5080
786
-19416
-2811
-6108
5925
1036
-3824
-5072
-1535
-17364
-1296
-4052
6661
-1004
-4087
-11228
7455
-19212
7701
4108
4876
-7136
-9727
-16328
-1807
-6128
6144
-10216
2853
-11244
-1803
-10204
6901
8
-3804
-12260
-5152
-3072
-11798
-6057
-2804
3116
-266
-10188
4600
-2048
3331
-9180
3877
-7108
-5900
-9188
3824
-6140
-4601
-9196
-14886
-10204
3088
-3040
985
-5080
-9730
-6112
3551
-3064
-738
-13300
-5090
24
-3574
-12044
-5903
-5084
4374
-4092
1035
-14312
-505
0
-6922
-2012
3081
-8172
-2555
-2040
-6141
28
3833
-9180
1300
-5084
-7661
-1004
2804
-8148
-4614
5148
-1548
-12232
-3325
-2016
5155
3096
-2011
-6132
1058
-9140
2056
-12240
5891
3116
-4309
16
-4849
-8168
1006
10240
-1550
-10200
-1576
-6100
5364
-8168
-7703
-7112
-8433
-7160
521
-12240
1543
-14296
-6924
-14332
19
-11020
-1282
-7160
-3607
-8192
547
-20436
-8433
-7948
-4856
-4064
6163
-11252
463
-11228
2048
-10192
-265
-11256
-2833
-796
7651
-5080
-4593
-7124
13588
-5076
-1498
-9204
-13
2080
-754
-4028
-7665
-6116
791
-5056
-7196
-5084
11508
-16368
-516
-11240
-3334
-10196
-7691
-16364
-3598
-3032
-5384
-18380
5652
-8172
2533
-12244
6168
32
17220
-4084
3331
-3856
6356
-12252
-3841
-7140
-5099
2296
-1819
-8172
1798
-11016
-3365
-6120
-506
-4068
3591
-5940
4092
-13280
5131
-11260
-9964
-11244
-1746
-6116
-1280
-10180
9201
1052
11752
4
-536
-7124
-5118
5120
-4358
2064
4854
-2844
4898
-9192
2604
-18404
12017
-14328
-2813
-3056
-3316
-12288
2524
-8144
-10435
5140
-4869
-5900
3325
-7152
11788
-13252
-9231
-4068
-6892
-12284
7919
-8124
-7681
-6140
1505
-9188
-10004
-13272
758
-11228
6411
-8168
14861
-11240
5895
-3036
-6917
-11248
-5095
-8148
-5587
-5064
-4586
-8156
-2552
-4044
-3579
-984
-2563
-7152
2562
-14320
-288
-6116
-7918
-7164
-5129
-14308
2038
-2820
7
-2036
1573
-8176
-11009
-4084
9176
-10168
-6940
-6120
3057
-5096
-1791
-5112
-8177
-6132
3033
-9996
1256
-6096
5608
-9212
-6365
-3048
-5385
-5116
7394
-10192
-1794
-16360
1999
-4056
1557
-7148
3
-15112
2315
-12256
15315
-4092
-4864
-9996
3857
-8980
-5368
-6108
-264
-10232
-5902
-3056
-2058
-13272
3813
56
-8641
-5096
-4367
-7944
2330
-9188
-25
-11240
4066
2084
3048
44
-7905
-14300
-3068
-11220
3325
-4084
-6374
-13292
1009
-5896
517
-10216
-2554
-6132
-8683
-8164
2303
-13260
2042
-2012
4855
-9144
-4342
-9172
2074
6200
-1544
1048
2557
-12244
-1844
-12260
7175
-13252
6138
-8132
-4622
-11252
3562
-11232
-5100
-4080
-4760
-6144
1773
-7116
-3559
-5108
759
-8148
42
1060
1252
-1004
-6131
-7152
5395
-7952
-13325
-9172
2857
-1996
-518
-15344
10999
-11200
3289
-5072
-7661
-14268
-993
-16340
-7201
-12036
-25
-10184
6948
24380
-3319
-3008
991
-976
7681
-8164
5145
-10204
4123
-5892
1014
-2012
2552
-10240
-3585
5148
-6682
-3004
1742
-9196
-13786
1052
1507
-4064
9449
-4072
-481
-3044
9463
-3028
3861
-1812
-1546
-13308
5876
-8140
7157
-12220
7686
-8124
3828
-3072
-3034
-2024
4609
-5076
-13080
-2040
-3591
-7148
4121
-7136
3562
-13276
-526
-12252
-3832
-8188
-6127
-984
478
-4088
-3324
-11196
-8465
-5068
-1510
-12268
6417
-5100
4867
-2032
5041
-6120
-16366
-5896
-4082
30012
-2310
-18396
2842
-5100
-7948
-8148
6209
1024
10533
-937
3596
-4044
-1017
-8176
-783
-17364
3595
-7108
-8437
-14300
3589
-9144
1275
-9172
4870
-7164
273
-11212
-807
-13284
1579
-11220
7427
3100
34
16
-1060
-6108
-7159
2084
-6132
-9148
-1537
-4048
5877
12
1243
-1996
-3322
-10232
-6153
3104
699
-3052
3858
-1804
-4365
-5100
-6423
-4088
4828
-8156
2288
-13268
-10252
-8156
-4335
-13308
3833
1068
-32
-13280
1517
-11224
10749
-12256
775
-8160
2563
-12248
3054
-1000
12822
-6136
-8420
-12236
3357
-7132
6892
-1988
-2556
-14312
3567
-6128
-6198
-3064
9182
-10188
-3343
-3072
-750
-8148
-2285
5120
2327
-6136
7936
-3040
267
-3060
-14324
-1004
-1558
-8168
-6146
-15316
7714
-8176
4883
-2044
5112
-11232
-757
0
-10243
1060
4116
-7148
-3826
-5084
-5589
-15344
-5419
-6120
4611
2076
-2278
-3060
-4827
-8148
-8438
-9184
-5370
-6104
3810
-8176
1769
-11248
8944
-11236
-8704
-9180
6636
-11256
5150
-6112
3121
-7940
1041
-10145
4083
-14112
2821
-6136
-1797
-15352
-2073
-6124
1244
-4080
-510
-4048
-2555
-16344
-5410
-13272
-2536
-13252
6648
-3052
-5630
-8144
-1483
-2020
2289
-5040
-1790
-8168
6155
-8188
3068
-7136
3377
-11232
-7913
-2004
6138
-11244
9442
-4060
-263
-9144
10472
-7152
8658
-3004
-10468
-12256
244
-14300
4654
-1972
2832
-1996
7641
-8176
-5138
-14304
-3326
-18400
2549
-13280
7139
-9200
-6922
1256
3324
-7144
6636
-10196
5646
-1020
-771
-3036
-18176
-2020
-504
2068
-3573
-992
-1500
-6076
-1057
-3068
-284
-8101
-5653
-7140
1003
-12276
3322
-9208
-11045
-3068
-2796
-988
-4625
-2020
2049
-17340
8941
28
-503
4
5615
-3064
-3065
-23284
4623
-2044
-5405
-4052
5147
-10208
2072
-11244
2555
-5084
13317
212
-4861
-6092
1028
-9184
9479
4136
7414
-8968
-3348
44
5878
-4088
-1793
-3048
-1005
-3028
8980
-7964
-13
-5088
-3092
-8140
-485
-11020
4850
-5112
-780
-7140
-1549
-7124
-9245
-4876
-4329
1256
1562
-10212
2305
-4084
-1508
-15324
-4362
-9180
-2054
-8124
4862
-7156
-12026
-10000
-4852
-2981
4916
-13064
7941
-6128
-4122
-7116
4093
-7152
-4857
3112
765
1056
12780
4
-6409
2068
8175
-8964
5361
-3856
7696
-6116
-7952
-4088
264
-5072
11267
1036
-481
-3036
3310
-3020
-6
-5040
-2798
56
-13305
-9208
-4079
-3024
-4840
-7128
-4367
-10220
-1805
-7104
-989
-19440
-5390
-20436
-497
-10000
-4120
-5084
5624
-5080
-6922
-18432
-8174
5124
-1491
-8168
3075
1024
4096
-5896
485
-7140
2544
1044
7442
-6140
4877
-8148
2585
-10200
-2056
-7144
1069
-13288
778
-19428
2271
-5108
9989
-2024
-4892
-5100
240
-2032
2813
-7132
3046
-7132
-244
-3048
1560
-5084
-6136
-5116
-4363
-7136
2815
-4044
-6409
-21464
-3076
-6124
3835
-2024
-3069
-5088
-3554
6168
-3566
-2032
8402
32
-1051
-7140
5365
-4088
3261
-10212
5368
-16368
-12536
-4032
2829
-5116
1806
1096
-3557
-16376
-1275
-14288
-5916
-4076
2047
-972
-8966
-10188
-3836
-9180
2819
-7136
-7724
-14332
768
-8148
2289
-13308
1541
1244
3566
-11236
3882
-7148
-2075
-14324
-30
-3868
-5171
-1024
8973
1100
-259
-9184
6663
-11244
5134
-12256
-2304
7200
523
2088
6675
-9196
5120
-3036
-2058
-2008
11034
-10216
2556
-12244
-2012
-17380
-4884
-3056
-2859
-15328
5140
-12252
-6926
-1004
4854
-2820
1822
-14300
-3373
-3008
-4345
-3072
6647
-10172
-9425
-10208
-5920
-8168
553
-9188
7431
-15332
-794
2092
-2030
16
-4096
-2028
4340
-12252
-9216
-10208
-3831
-4052
-1811
-8172
2052
-14092
4866
-2028
-3351
-2016
-10243
-10184
-14331
-10216
3071
-14296
6914
1024
-2547
-14316
11248
-15328
7173
-2000
-6404
-6120
240
-7140
-6926
-3064
-3589
-15124
-727
-18404
-2036
2064
-1296
-9180
-2567
-8160
-2819
5360
-6408
-18392
3043
-5912
1535
-12272
-5370
-8176
-2087
-8188
-4885
-8136
18723
-21452
269
-13304
-8215
-16324
-1833
-11192
-1247
-7116
472
52
8449
-1012
-1046
-3036
-6652
-3848
-10004
-3056
-1536
4108
-1832
-10212
-513
-4064
15348
-5100
-3814
-10192
5604
-7124
3317
-8188
4373
-12264
5108
-10240
-4096
-9196
5097
3116
-980
-2016
3309
-3048
1778
-14316
4338
4128
-6658
-16332
3868
4152
199
-8160
-7669
36
4633
-11012
801
-8164
-9460
-5896
8431
-18420
-9486
-12260
8235
-776
9976
-8156
-4595
-4084
-752
28
7925
-9196
-8163
-10196
-4602
-7132
-6358
-2040
-4592
-21492
-536
-9200
5129
5372
1283
-22236
-1808
28
-4644
-8176
-754
-2016
4108
-8148
-4351
-8152
3597
-8172
4829
-6128
3098
-7096
-2295
-13280
-6439
-5068
6664
-6120
6372
-4068
3091
-1800
1027
5136
2810
-3028
-6147
-11260
5093
10272
21610
-20476
5861
-10228
6139
-13284
7635
-10224
5372
-2012
2576
48
541
1256
2272
-9180
1030
-11236
6643
-972
2038
-10232
7425
-8164
-6678
-6916
-8965
-1004
-1258
-992
2578
-11212
3077
-10168
-2072
-7156
2325
6200
4588
-4056
-240
-3016
767
-5112
-1280
-14312
3622
-3036
4090
-7940
-14902
-12264
3572
-5104
3321
-3020
4360
-14288
-797
-6140
-10203
-15336
7
-11228
227
-11204
4901
-22220
7922
-7100
1020
-12244
-2537
2096
-7172
-7128
266
-9192
1292
-19456
-3621
-13296
1338
-4064
4364
-17364
3067
-4064
540
-4076
4860
-12288
1825
-13264
3858
-12248
-2306
-12201
5593
-1808
4858
-6128
-6174
-3036
-3558
-3036
28
68
1038
-6120
6696
-10196
-9200
-17348
-5880
-2012
3345
-5896
4625
-1024
-11789
-3844
2045
-15324
-56
-6920
4098
16
3325
-17392
1287
-8172
5357
-17156
-3565
-14092
-5106
-8176
-2806
-16352
11509
5144
5631
-11256
-10739
-8164
4087
-12240
-1508
-13272
3831
-3028
-13322
-8976
3071
-7972
3093
-11224
1508
1044
-9458
-2004
1504
-4060
3566
-12280
-6402
-6120
1547
-4068
-5910
-3012
2581
-2024
-5654
-16360
-3077
-12280
-2071
-9152
9205
-16364
6139
-8160
-13289
-5060
4862
-11248
4394
-10216
5883
-5064
-1010
-10200
4613
-15356
12321
-7116
-1568
-6088
5892
36
-4602
-12252
-4567
-1008
1270
-11228
9486
-3848
2519
-15320
739
32
252
-7136
-10224
-9176
3595
-12044
3328
-4040
-3813
-7128
5380
-18400
7142
-17376
2044
-11232
-2524
-14304
2066
-2028
-2314
-9184
-8678
-10196
-258
-20448
6642
-12284
-5430
-19380
6658
-9200
-4840
-2024
-513
-22256
3833
-14292
4388
-9184
3860
-18424
-2091
-8168
4133
-4908
-4563
-5072
-3097
-4868
-3610
-12248
-4865
-5080
-3067
-10188
-3573
-5096
8428
-9216
11271
-3056
-9715
-10240
-5880
-6120
6134
-5088
1787
-6124
6446
-8140
4604
-10012
-5399
-4056
1029
2064
-5165
-6116
-7935
-3048
-3592
-9172
4115
-17376
-2074
-9180
-5901
-11196
2843
-8176
4349
-6928
-4586
-12240
-4077
-5088
3622
-7112
-7658
-9180
-733
2080
9215
-6096
-10524
-2032
-12111
-5084
-6418
-11260
3058
-6928
-1547
-15332
-1805
-1016
3086
-11228
13069
-21504
-235
-6128
-6351
-2020
2818
-3060
-5429
-13288
-3093
-10188
-5896
-4088
-9489
-13252
-2554
-4028
1537
-6140
-3848
-4072
-3091
-6088
437
-2020
512
-17156
3347
-3012
-10278
-12252
-2788
-7940
1548
-980
-6894
-7964
2043
-10160
-7946
-9192
-483
-14324
-7915
-17380
3808
3112
766
-7144
4807
-12260
11005
-7168
-5137
-12288
521
-3060
-4380
-10228
7925
-9168
4352
-4876
5868
-10200
4863
-3056
-6394
4348
2566
-3844
8698
16
5153
-11028
-2266
-11264
-12
-12212
-5641
-4032
-492
-15308
546
-4072
-2320
248
6639
-7136
1036
-6100
2838
-18388
-2836
8
4841
-4064
-2301
4156
14840
-8184
8436
-7124
3590
-6124
6149
-3040
3065
-7168
-7916
-4056
5365
-8984
-2581
-8152
-1061
-7100
-7434
-11236
-782
-11208
-1817
-6136
14102
-11248
3882
-21476
-6895
-10216
5392
-8160
-8
2296
-804
6164
2801
-11228
3070
5140
-3042
-2036
1247
-10196
-2831
-6096
-998
-1992
-5161
-3056
-4103
-5088
5875
-5048
-9467
1052
-2571
-11264
282
-9192
-1271
-3068
-2813
-4064
-2041
-2000
10260
-10212
-6136
-9204
-468
1036
6417
-12197
1530
-6936
4637
-13272
547
-10168
8938
-11032
-13545
-4040
-10747
-2024
-2300
-11244
3330
-5092
2580
-8172
4060
-4096
-790
-10228
4347
-5068
715
-11252
-7439
3112
-1296
-8140
-6163
-6096
-5591
-4052
4373
-3040
1264
-17396
8199
-7140
3350
-5080
2768
-15312
3611
-11208
-3053
-15304
7657
5140
-4361
1072
-279
-3056
497
-10228
-3058
-8168
506
3148
2532
-996
-990
-13292
-2317
-11224
-4106
6152
-242
-5892
1812
-4040
-2323
-2016
-2023
-984
-6681
16
2807
-5084
-3296
-2032
5899
-8136
-8986
-5104
6395
-9996
-769
-3060
-2545
-2012
2588
-12244
-7675
-5100
-3545
40
-3861
-7160
-6649
-9196
-2295
-7128
-260
-6080
-2311
-4088
-1773
-3060
5857
-8968
1043
-3068
-3299
-7128
-3575
-12256
-5359
2292
-519
-3012
7174
-1016
8989
-5048
-2595
-8176
-5616
-20452
-11247
-1992
2281
-13268
5868
-12212
-5636
-12228
-4087
-7104
-8429
-6928
6388
-4096
750
1060
-28
-9204
5133
-16348
8440
1032
10523
-15336
1529
-5092
7710
-3068
4344
-5892
4599
-7168
-547
-8168
750
-2824
-1544
-3024
-3065
-7136
6680
-4076
1526
-6116
-762
-3052
-7661
-4072
5888
-2000
2541
-18192
3570
-6128
4370
-9212
2533
-5068
-1285
-20228
2813
95
3074
-8136
9714
-15288
-2833
3072
-3097
32
-4813
-4052
-10507
-4060
-1300
-13260
4881
-780
4321
-5120
-7707
1060
-498
-8160
-5874
-8136
-1522
-12284
-4320
-7148
770
-4052
-517
-15336
5658
-3064
-518
-7156
6642
-7156
-4267
-10212
-263
-6112
-3367
-10212
-806
-9188
2041
-1020
4346
-14288
-269
-15328
-4888
-8132
10248
-12268
-257
-3040
523
-7128
-6652
-964
-6901
-1808
-1287
-13256
-520
-11248
-4897
-14304
8985
-8160
-6922
-9208
-4327
-14300
-2037
-14288
-5865
-5080
-2291
-9172
-4330
-11024
4597
-2012
-3311
-8188
1303
-15336
-3319
-8156
-241
28
-5623
-1016
-10488
-11024
-13549
3108
2042
-984
549
-11240
-7690
-5908
-3620
-7104
-3543
-18376
13602
-5036
-5616
-4072
-4392
-15312
738
3092
4902
-3856
-4058
-4880
2839
20
1520
-7160
3334
-4068
2837
-10208
4613
-7132
1054
-2020
-8455
-6104
7154
-5104
-5658
-8156
6395
2072
8432
-980
1023
-3032
-1272
-12268
-7158
-8160
2053
-3044
-1286
-6112
5121
-12232
2352
-7148
2064
-4076
2798
-12232
-11019
-14336
2289
-6116
264
-2036
-5402
-8184
4882
-9176
2820
2080
-4099
-10164
6137
-18408
11822
-1988
3364
-4872
9991
-2024
6408
-12284
1781
-8160
1556
3088
8683
-11216
15634
-9156
6899
-4068
2590
-5892
-1025
-952
6921
-10224
7402
-4036
-219
-5072
3555
-8164
-3571
-972
10014
-2028
-6935
-15296
-8724
-3068
-3323
-9212
3314
-4052
-5374
-12244
4087
-9196
-771
2064
-5405
-780
-25
-14084
7693
-9172
-1026
6180
-2290
2068
258
-17376
-8479
-6084
522
-8136
-2338
-12272
3054
-6144
3566
-6076
-4115
-3040
-7164
-16372
-1015
-16372
-774
-5092
-506
-9156
-1771
-5088
2281
-6108
11261
-11236
-8183
-10224
-2544
-6100
5407
56
-526
-8172
248
-10240
1013
-4032
28
-4072
7905
-13268
-1538
-24312
1027
1056
-2805
-2016
8209
-15316
-2587
-10208
3856
-14296
-4592
-7148
-8472
-12268
-3853
-18388
3835
-8176
-3594
-10200
-1758
-6120
-9764
2288
4882
-13248
4368
-9192
-3869
-980
9526
-8160
7171
