-11228
-537
-12264
241
-2044
-11495
-8164
4363
-7952
6131
-7140
-9714
48
-9982
-7152
-6945
-7112
3595
-11220
4607
1252
4623
-12260
2288
-9192
6940
-2012
-753
-11244
2269
-5896
6406
-1972
-4840
-14312
13345
-7144
3608
-4076
-1296
-6916
-1033
-21440
1307
-10180
2294
-8180
-766
1092
510
-15344
2067
22296
5340
-7112
-526
-5068
3360
-24296
6151
-5104
-3825
-5068
-1296
-4040
-6398
-9168
-784
-10164
1028
-9152
-3313
-6088
5404
-4040
-2067
-16360
5611
-16352
-4343
4128
1558
32248
7170
-7152
3596
-4064
8736
-9192
-15863
1044
-2067
-12212
-243
-4872
-3073
-11020
-1576
-8144
-1278
4116
2022
-5080
-13862
-23288
-2583
-772
1254
-2008
7417
-22240
-1233
-15328
-750
-8140
8967
3072
5
-11232
3339
-7160
-2041
-4080
7675
-2844
-1499
-8188
1298
16636
2799
-7140
-2321
4132
-1013
-8120
-522
-8172
9229
-4088
-10259
-2012
-4343
-8172
3063
-8164
520
-7088
-7369
-3036
750
-16352
-5350
-992
3327
3108
-8469
-17364
-749
-15312
1789
-13284
5912
-12252
3587
-12268
2597
-9176
4109
-15336
2554
4104
510
-6120
8461
-8172
6891
-16384
-5651
12
-2058
-10192
11464
-8116
-3352
-11200
-242
-2820
-6669
-8156
5377
-3036
-765
-17376
-5385
-5104
-34
-9156
8705
-5044
-1506
-17156
3
-11200
-1785
-11173
535
-11224
-8174
-17392
5125
-2024
4877
-8144
-2310
-1004
-8210
-2000
-3860
-12252
-10759
2088
11759
-12236
2521
-9204
-5644
-5896
-3577
-7148
-5131
-5092
3058
-10228
9752
-10212
-3053
-3048
225
-996
-15102
-11212
-10500
-6108
3334
-20460
-266
-14308
751
-8180
5383
-14312
6917
-4072
-3840
-14092
-784
-15332
-28
-7100
-4314
-4072
5882
-15324
-4629
-11012
3067
-11240
1513
-9184
-5891
-9192
-3041
3076
2839
-2028
-4384
-12240
4644
-14292
-777
1028
1533
-5108
-3849
-9168
-2555
-6116
-5630
-2012
-3044
4136
-3607
-7096
818
-12256
756
-16344
6417
-3044
-7666
-17368
5901
-22240
-249
-2024
7112
-6144
-4859
-2820
-2309
-7108
758
-10216
10512
-18396
-3552
2064
-807
-16360
1273
-984
-3051
-9208
-1503
-7088
1754
-12288
3327
12
5143
1032
5643
-3844
757
-7112
-1284
-11244
-1543
-3060
-5620
-11252
6650
-15348
-10764
-13296
-2267
-15296
-2568
-6084
-4107
-12252
8695
-10172
3378
-13268
3083
-5048
2554
-5092
-2556
-13284
6648
-6924
-16379
-17372
-7697
-6084
-3660
-12256
-6629
-10224
1006
-5076
-9236
2096
-7920
-10240
1254
-12232
-4613
-10228
-7692
-10196
4115
-15312
269
-6136
1496
-5080
6176
-976
4069
-9172
5405
-11228
-1814
-14328
-4870
-7120
4854
-13068
3094
-8156
3569
-6120
-4344
-11232
1018
-14092
-5155
-9168
3340
-7152
3096
-7128
-5657
-19412
-7959
-2040
-1040
-3048
2566
-11260
-9507
-2044
-5399
-4088
-5594
-964
5661
-7100
-3628
-9188
2812
-12264
4874
-9184
14331
28
-2795
-21484
14360
-8116
-5132
-3060
-542
-19412
3841
-15108
4107
-2020
-2337
-964
-7928
-10000
2279
6180
-1517
-10228
-2282
-11228
-1248
-6120
508
1048
-11277
-11240
5091
240
2543
-2016
-1062
-5088
-2570
-8156
-5646
-3048
989
-9184
-7660
-7164
9987
24
6669
-6136
-6378
-4048
-7440
-13288
7690
3072
-5132
-14308
-272
-8152
7417
-17404
1993
-17404
-8986
-1992
-13583
-11236
-2288
-9200
6147
-14320
-4869
-11244
-1540
-17384
1238
-2024
-3822
-6916
3598
-21492
-3338
-6136
3084
-10188
-4109
-14300
-4322
-9156
-6370
232
-266
1060
-2846
-11232
-9462
-6100
4356
-4884
-3085
3088
-4156
-15320
3583
-8180
271
-8144
3302
-6084
-13862
1060
-4629
-13284
12597
-10204
-4136
-3072
9729
-6932
-7174
-9196
-8167
-9180
-6
-3004
-6670
2064
3585
4136
5641
-11240
-2822
-4068
1003
-17376
10258
-3016
3569
-11252
480
9236
5646
-7144
9173
2072
4351
-10188
3077
-4056
-5888
-13264
-4344
-11240
-11047
-7112
2791
-6088
499
12
-1283
-5064
-7666
40
-2824
-10216
539
-4064
10486
-8180
10224
-3024
1299
-6072
-7454
-6948
-784
-12260
14590
-10212
-1776
-15292
-3112
-964
2305
-6124
5333
-6128
-3574
-964
-452
-10228
1510
1076
-288
-16356
-5131
-7132
11005
-1008
-2313
-10172
-8963
-2044
-1552
-5084
-2030
1272
-3059
-6116
-5130
-19448
2302
-2044
-485
-15328
-3069
-2828
-6653
-9156
-7177
-14096
-1786
-14284
1762
-11216
-4327
-17392
7202
-20448
-495
-6124
-12540
-19384
3309
-3040
750
-3028
-1288
-3024
-5342
2068
3574
-8140
-1035
-15332
-2282
-9160
-2082
-9172
14
-7104
5131
-8132
-302
-18420
3337
-13268
-1256
-19353
747
-6112
-1554
-14308
-1794
-8144
1549
-5900
8952
-17372
-10183
-9168
-2572
-5064
5888
-3056
3816
-13264
272
-8152
2833
-5832
-744
1048
-6684
-7140
8428
-15320
-9717
5192
1054
-8164
13330
-7956
-8425
1048
-2541
-10224
3106
-9168
9436
-11256
772
-5104
-6913
-11200
-4100
-17356
3053
-4048
2080
-13304
4560
-4080
1002
-2008
527
-5080
771
-12248
-4627
-16368
-4601
-14328
1551
-10196
5900
-3048
-8418
-3032
746
-3000
6394
-15328
6664
-4076
-5622
-16348
1031
-16300
7444
-18372
-5086
-22232
9470
2084
10266
-5104
6173
-19440
6631
52
10484
-4032
-308
-7124
-7375
-11212
8426
-15284
1797
-5088
-9971
-15340
6887
80
-2302
-8180
745
56
-1288
-996
3838
-3044
6913
1092
8971
-14300
2045
-5084
-290
-8176
2326
-12272
3328
-9208
5599
-6100
-2789
-11212
10020
-14284
2279
-7108
-4079
-5096
-14380
-2004
-1
-12264
-1815
-16340
715
-14304
-10239
-3044
-15064
-16368
5655
-12220
246
-12284
-1803
-12244
-2560
1068
-489
-8164
-3839
24
5634
-13304
-5132
-7108
-2585
-11256
-1002
-992
4348
-11236
-3324
2092
-3332
-5120
4826
-7124
758
-10216
6662
-10200
-6651
-18396
4584
-996
-5124
-5096
-1513
-14300
7161
-4060
8452
-11224
-1815
-11228
-483
-8164
20520
2052
7670
3108
10770
-19436
4860
-14280
-499
-8168
7695
-7108
-5329
-12260
-5623
-4096
17653
-7148
-5577
-10212
811
-8168
5415
1207
6144
-12244
-292
-6080
-6125
-1000
6415
-6072
3607
-9184
3115
-13308
255
5120
3599
-10224
545
-7152
6489
-7108
12301
-5072
-5925
-12228
-4598
-5060
-4367
-13296
-7957
-12044
1465
-15300
775
-5108
1786
-7116
14337
-12272
6910
-3048
-4867
-16152
-3822
-9148
-3852
-7148
7160
-14288
12028
-9180
-6134
-6116
-1043
-15360
10739
-7112
4889
8208
2566
-6116
-2013
-9152
2292
-12268
-7983
-13236
-7406
-7940
-7679
-17348
-2045
-5092
6375
3324
4613
-15344
-2030
-11224
-8231
0
-6143
-1988
14597
-7952
-12048
1064
2795
-11228
2824
-5896
3319
-20428
-6935
3120
-8165
-5076
9480
-3060
2306
-13276
513
-9172
15302
-5900
-13343
-10196
5367
-14272
-5661
-13300
2025
-10200
3563
-14296
10479
-4032
-13574
-11220
476
-6132
4089
-20456
-3582
-9168
17
-12264
-1296
-7124
470
-3024
-4887
24
-7671
-11260
5114
-9180
-6118
-14320
-765
-10216
2564
-8188
-2555
32
-504
-2840
4590
-18396
3578
6180
-8725
-7128
-1820
-5892
1245
-12260
9754
-6128
3049
-15352
7896
-8188
2603
-10172
-4869
-1964
9483
-6092
991
-4084
1770
-4068
4379
-11196
7134
-6112
1270
-12236
-1786
-14272
263
-19412
5348
-12036
2036
-14268
-4594
-8168
-37
-11204
7924
-13064
-1235
-18408
9930
-4048
-3055
-13312
-6645
-3056
5400
-5116
5922
-10192
11016
-3008
2339
-12212
8205
-9184
2292
-12240
-5129
-11016
-2820
-6136
-3577
-6128
-509
-2832
4877
2076
-3046
-5088
-4584
3080
-4379
-12248
-8227
-7140
-763
-10228
2546
-18420
551
11300
-8208
-17364
5380
-13268
-2299
-6140
-3826
-10232
10982
-6092
-9201
-7144
3325
4
5611
-7168
295
-6100
4085
-7952
11996
-7136
-3069
-8192
5111
-15296
3325
-11232
9248
-14336
-253
-14320
9218
-16360
-2561
1272
-1534
-5104
-1257
1052
4610
-2000
1798
-11244
-2516
1064
3323
-11196
4603
-6132
3077
-4052
6622
-2824
-5920
-4060
2577
-14304
5610
-5072
-7400
-15312
-564
-1976
-267
-2024
3829
-6072
-9757
-5096
-792
-12252
-3308
-13268
-5350
-8180
-2533
-17364
3061
-10204
516
1060
-259
-8140
-8175
-2024
5886
-12224
-3078
-15348
-8934
-8136
754
-3040
6910
-7944
-9453
-10208
5635
20
1799
-1800
-10476
-11236
-9187
-1988
-2054
-8144
6141
-20436
765
4
1778
-816
6405
-17380
4356
-8188
-1807
-3068
255
12296
3556
-12288
-3823
3112
8958
-13260
5887
-17396
-2802
-9160
-1265
-10188
-2567
-8180
-5119
36
988
-1012
-5383
-4868
4854
4112
-7716
-11256
1562
-11244
3562
-6100
4066
-1000
263
-4032
5386
-1992
2304
-5084
-3039
-19392
4614
1024
-3353
-11232
-5
-5108
12073
-12236
807
-7128
-9996
-7156
4606
-3064
7456
-10236
-1030
-4044
-248
-19440
-3320
-13268
9224
-15332
239
-6144
3359
-11228
1291
6148
-2551
8224
-5910
-2032
-750
4
-4354
-8140
-1031
-4088
5626
-14296
1494
-992
-3598
-8152
4868
-12260
1545
-1012
-3309
-3032
2485
1080
-293
36
-8928
-988
-2311
-5108
-1779
-18420
-6651
-3048
1292
-3036
-2034
-3060
3046
-10236
5890
-8160
1296
3084
-3851
-17376
-8218
-14308
-4592
-1016
8964
-6120
289
-11196
-10763
-14336
-2064
-16328
-10779
-10172
-4340
-6064
10242
-984
2048
-10224
9725
-7104
3065
-5096
3344
-12036
-269
-8180
532
-7124
4597
-8156
-1558
12
3570
-8176
2561
-8140
-13288
-10220
6147
-3848
-8719
-9160
10024
3096
-3816
5148
-1280
-18368
18448
-5088
-6375
-4044
-9472
-9156
-8465
-16360
2815
248
-5174
-5076
-5138
-9160
-4344
-17380
-3814
-15312
2576
-14300
-2343
-3052
754
-1004
1540
-6060
1575
-3020
3337
-8156
-2016
-10228
5629
-1016
-5128
-4084
-7913
-8176
-9211
-20452
-5369
-2044
513
-22024
-5867
-6104
5651
-9204
3629
-7144
3069
-2020
-6166
3076
3066
-10200
-8445
-11220
21977
-9188
-747
-7116
-5341
-9188
-11780
0
-6405
1048
-244
2100
-3628
-13072
-16148
-13292
773
-3044
2049
-9188
-4620
-4036
-4349
-19412
-3314
-17356
6387
1048
6901
3316
1
-6144
-12024
-3008
-10748
-11256
-1062
-16364
1544
-11192
-1491
-11240
9467
-3056
-5337
-4052
-752
9468
-3333
-3040
-1286
-11236
3845
-772
6891
-11252
-5381
-8192
-6686
-10212
-7439
-772
-1020
-12240
3069
-6136
-5615
-7136
-41
40
-2035
3100
1513
-9188
11070
-2048
10503
-8168
-7184
-4076
-250
-9192
-770
28
-749
-1996
-3335
-16348
-7948
-8164
16591
-11016
3867
-9148
-12579
-972
18182
-9216
-4877
-2036
-18
56
274
3096
-754
-11244
9463
-7140
-8432
-6924
3589
-4048
3581
-976
2023
-6120
-1790
-5108
5893
-8972
-6679
-6108
-2052
-5060
6372
6172
3352
-4884
-1285
-7132
1267
-5072
-2563
2052
-4644
12
-2011
-2008
6154
-7152
-5122
-4068
-2800
-11248
8973
-10196
-8473
-5064
-1542
-3028
-1521
-9176
266
-7148
-2827
-7116
-4328
-3048
-8200
-11228
-5927
-7940
3613
-3056
10201
-9172
-1746
-17160
-3325
-3860
4843
-18372
-2527
-11244
-4351
-11256
-2819
-2040
-10463
-1008
-2285
2080
-3084
-3852
5381
-2040
4830
-1804
3338
-5112
-2321
-2024
8436
-19400
-10497
-11256
-3057
-5112
-6397
-5076
6948
-6132
-4116
-8132
1044
-9164
6172
-9992
-765
-5900
6640
-11216
3095
-4084
11235
-9180
-6411
-13072
6383
-11204
279
1256
-5366
-8176
-4872
-7940
494
-4040
-13
-7116
-1034
-7128
-1246
-18376
11516
-15336
10007
-18380
6354
12
-20
8
6654
-7148
-4871
-14284
-4616
-11196
14549
-13292
796
2064
1813
2060
-248
-11216
-2853
-12244
-1834
-8112
-12260
7248
7683
-11240
248
-6100
-3085
8432
1514
-11228
2557
-4056
-3604
-8168
2057
-5112
-4328
-992
-1824
-9208
-3828
5368
-10253
-7132
4599
-10204
-5841
-7140
-1510
-6096
11285
-7148
-3589
-5892
8197
-4052
-970
-6060
-4062
3148
1004
-14324
758
-2008
-5625
-10212
7182
-4072
2092
-9176
-4857
-11252
-2560
-11252
7410
-6112
5120
-8976
-3536
-8168
772
-12256
-7404
-15296
4886
24
1550
-5100
6376
2104
-2581
-15356
5116
-980
-7940
-11024
7979
-5120
8437
-4040
-9764
-1016
2525
-11248
17417
-12248
-5917
32
4620
-2048
11524
2092
755
-12264
-250
-14132
4552
-8144
7167
-4872
9748
-6140
4090
-12260
-6103
-8140
-1053
-6116
-5334
-4072
-1308
-20440
5377
-11240
-9453
-2048
8159
-6124
1785
-2012
-3618
-2008
-2008
28
4077
-17352
1008
7192
2784
-9196
17409
-8168
-15920
-1024
8714
-972
-289
-7152
-6410
-16380
8991
-2024
1784
-6136
6141
-14312
-8217
-2004
-2593
-19424
4854
1040
-2046
-7108
1243
-6096
256
-7120
-11074
-12248
-5382
6172
-4097
5140
-2572
-7160
225
-10180
21
-10220
497
-4076
-6628
-964
5688
2060
277
-7140
1266
-14300
5345
-13232
6443
-4076
23
10260
1038
-8176
2301
3148
-2049
-6108
3337
-10232
15588
16
-4076
-10220
6147
-7108
1762
-6112
3279
-3844
522
-6116
-1286
3284
-8157
-29440
-1033
-6132
5667
2064
5109
-13296
7658
-15124
3594
-2004
-2052
-8168
10486
2068
-2031
-16344
-4357
-5096
-1028
-8120
2566
-10236
6395
-10224
1036
-6120
-7141
-9196
-1858
-14300
-2826
-3048
-4073
-4068
-3363
-15336
-1829
-6108
-7677
-6116
3838
-11248
3083
-6112
4108
3100
1806
-14272
-12246
-11260
7679
-9196
3307
2300
-11555
-17160
-6928
-6120
2581
-16360
1801
-6132
-8462
2052
-3585
-4048
-6922
-16364
-1758
-17380
-267
-17368
-522
-8164
-513
-9180
-12533
-7136
-7696
-5076
7661
-8164
254
-996
1001
-13288
6646
-12244
-4113
3124
1286
-10180
-28
-5108
-3600
-4965
6652
-9204
3631
-4060
5649
2064
16644
6192
745
-10200
4353
-3064
-267
-3044
8174
-5096
246
-4076
5432
-2840
-12567
-6108
6632
-7144
-226
-8136
9206
-7156
6919
-6132
-7410
1276
-6415
-5092
1515
-7140
-4866
-2911
-3845
-11260
2805
-3032
1780
-6104
-519
-7136
-7977
-9168
-762
1032
-1031
-996
4636
-10000
-6129
-4080
5312
-2008
-7463
-11212
-1507
-5088
7661
-14336
-4101
-3032
4634
-10188
4854
-15320
4828
-11216
5079
-5084
-8728
-4068
2076
-9208
-2336
-1000
-3100
-10200
11536
1076
5875
-1972
-8941
-4088
-2821
-6108
4362
-2012
2034
11296
6650
-4024
-5896
-3036
6390
-8964
8436
-11028
-9468
-17356
2579
2076
2307
-4068
30
-17372
1252
-6116
-1236
-8184
10469
-11248
13573
-12244
-8974
-12264
-5649
-4064
-2588
-10153
14079
-10012
-5078
4104
3857
-980
1027
-6916
6418
8212
-984
-14336
8943
-8172
5413
-9204
2301
-8184
-3068
-12268
5152
-8968
7957
-8160
9280
-7144
-498
2064
-4891
-9184
-231
-3040
-4336
-8180
38
-11236
2553
2048
-6675
-5029
3590
3088
-4873
-8180
7399
-3052
-4849
-2020
12570
-7152
-2296
1076
-3052
-7116
773
-15312
-1226
-4060
3
-16344
-252
-10240
-265
-6112
-5411
-3056
-1526
-16352
-529
-2852
-3086
-9196
2786
-8160
-9203
-7160
12326
-8160
-2321
-14308
-2049
-11192
9518
-2828
295
-7944
-5627
-7940
-8173
-5088
9973
-9184
-2332
-9148
2337
-2048
-6344
1028
-15943
4
-14316
-11200
6368
-3060
2029
-10204
-1532
-17372
-9226
-5112
-5383
1052
7446
-20444
3822
-7140
-5622
9236
-1287
-1988
2077
-9176
-4584
-18180
3072
-13268
262
-12216
5086
1080
5634
-9164
-3569
-10236
-1023
-21260
-1291
-8152
13
-13280
-771
-2020
2023
-6112
4106
-6116
2342
-7148
2519
1064
-2037
-7944
-4869
-3880
3330
60
-1541
-13084
-6397
-10228
-7711
-8128
5901
1072
-224
-9200
6918
-7136
9958
52
-2038
-10224
-9185
-2012
7678
-7116
3591
-13296
4823
-7136
-5590
-11216
-2589
-10232
19755
2108
-4894
-11016
-4874
-988
6161
-6076
5403
-5100
-5351
-6064
8965
-5088
4353
-11228
-8199
-12244
1576
-11220
2552
-12248
10995
-14296
3604
12
-3850
-11212
-5113
-5056
6671
-19432
4049
-4064
1003
-11220
1534
-2012
5612
-4052
-792
-8152
1030
-8152
3579
48
-5115
-10188
269
-5084
-2063
-7108
-3058
24
3604
-10192
4621
-16324
1543
-8968
5619
-5112
10214
-14304
-2304
-12260
773
-976
1295
1064
2552
-3856
-6650
-8132
3082
-10176
-1027
-6108
-736
-2004
249
-14312
-284
-6088
-3095
-10240
-5384
-8156
-6917
-6100
527
-15320
-2299
-7096
-3296
-4064
-4068
-9156
-7203
-7152
1829
-5084
6107
-9168
-4364
-13276
-4623
-7140
17
-9176
-1530
-5108
3042
-13288
-2559
-12268
2037
-19448
-8175
-3068
-7209
-12216
-737
28
-1548
-9204
-6655
-10216
10244
-17364
-9269
-14328
-6165
-20460
-2837
-10212
-9474
-13252
2564
-3024
-8687
-10204
-5134
-20476
-276
-6116
-6152
-6112
-5149
-7152
4085
-11228
3095
-9192
-2523
-15292
5643
-10212
-4616
-12232
2842
-7132
6878
-11252
6413
-2012
-4074
-12260
-7983
-10220
-542
-7124
7401
-6116
2041
-4868
-1784
-6124
1774
-16384
-8730
-10212
6372
-12260
1558
-960
2027
-9212
22
-7120
5406
-9996
-11288
-5060
-7948
-13284
5626
-2024
1816
-12248
767
-6128
2300
-17384
-2557
-3060
224
-4056
7682
-6116
-3864
-3056
1047
-4088
-3841
-11236
-1547
-3064
-282
-5116
-5900
-12228
6921
-3032
-2515
-2020
2277
-5025
-1790
-4080
3305
-9164
3043
-3048
11039
-9176
2562
-4080
-10775
-9172
-6132
-11228
-3321
-9168
789
-10137
3301
-10212
-3089
-8176
4085
-5080
-4344
-6124
5084
-6124
-1294
-16308
6901
-6920
-1241
-10216
1264
-10176
2809
-4072
-3330
-9988
-3547
-14328
9715
-4044
798
-3040
263
-16360
-3601
-4060
-510
-17380
2513
-13284
-227
-15320
-1032
-3052
-4884
3163
-5629
-996
4340
-15324
-6118
-8116
-6382
-11024
8187
-7148
-1263
-8192
-3084
-9192
1257
1044
4365
1032
-1279
-984
-8448
-10224
7181
-12228
993
-15360
6655
-13280
-2869
-12272
-4604
-11224
-8458
-7952
2278
-4076
-10720
-5104
3827
-4040
1509
-5096
-561
-7120
7910
-3048
-745
-9168
7409
-8152
-3064
-15340
2803
-13284
2050
-13264
1313
-2036
-527
-11248
-3548
-14300
-12040
2100
-996
-14268
-3850
-12268
1556
-11252
4595
-8164
-14608
-5060
-783
-20432
3569
-15300
-15835
-10236
471
-8116
-1240
-9164
8690
-8136
-26
-964
-1020
-7116
-9977
-12288
1527
-8156
-3068
-21464
1557
-8172
7935
-14324
6922
-10224
-6431
-9144
4111
32
-10980
-6076
-8716
-11248
-14
-8108
-1028
-12260
-3316
-4880
6172
4112
-3311
-4076
-3547
-16336
8693
-17360
-5108
-19448
-2841
-980
9469
-3036
1305
-8116
7166
12
-10236
-15300
4365
-6072
-4075
-3052
-31
2104
-11526
-11252
-8961
-9180
228
1068
-1783
-776
3114
-2036
1062
-4024
2022
6152
-3817
-10192
5132
6144
7708
-7120
1786
-6060
10758
4100
-7677
-6140
-1273
-11248
-4103
-16368
10263
-5108
-8978
-3020
6674
-7944
6904
-18400
-7915
-1008
2267
-9212
-3366
-6096
-2776
-8176
529
-12264
7665
-8148
3276
-9196
746
-9196
-2036
-3072
-4882
-8120
12057
-11196
3338
-3036
-259
-8968
8978
-10204
-2317
-10200
2308
-2000
3812
-784
-1321
-12252
2807
-12232
-2042
-968
-2837
-5080
3555
-13288
-1001
-3848
2844
4132
-6642
-7128
501
-11016
-2801
-4064
-15124
-14336
-2031
-1000
1531
-5064
2836
-11208
-6653
-7148
-2821
-9152
3363
-8168
-4641
-16348
-5081
-12228
3858
-9180
2026
2096
-5115
-8120
1538
-6136
8968
-7164
6891
-2024
7438
-10224
-4340
1084
-3622
-14292
-253
-7148
-1535
-3028
4350
16
8181
-9160
-1015
1056
-9197
-4068
-5895
-4052
2017
44
1536
-13272
-1241
-14336
-8990
-13268
2023
-18384
-6412
-5072
-1766
-4084
4341
-9184
-2037
-15112
1055
-7136
7440
-14320
-6651
-10200
-5155
-10188
-6888
-7940
-1278
-3044
2323
-4092
-9241
-7124
757
-15340
5862
-6136
5111
-17380
1281
2076
-3560
-10196
3327
-13284
3068
-3852
519
2280
5418
-8152
-740
-17400
2062
-1004
7403
-7168
-4578
-10216
-3074
-9196
-9717
-988
3833
-6920
-2803
-5096
5099
-13292
-2582
-7160
2038
-4064
-5373
1088
524
-4072
-5141
-5096
-4351
-13300
-7172
-20448
-3065
-8164
5149
-16336
-5108
-4092
1775
-12288
3042
-5100
-463
-9188
1013
-11240
7691
-13280
1033
-992
4110
-12272
747
-4056
-7411
-8116
8462
-13296
4900
-9184
2559
-3032
-2274
-7128
9710
-12240
-5420
-7124
-1013
-11228
-10508
4144
-11013
-6136
3831
-3064
-779
-4892
-519
-14308
-5116
-14304
-2817
-10216
536
-4868
-3576
-8172
-6404
-7940
6925
-929
5892
-7120
2338
-2820
3589
-13276
-1795
-6108
-253
-5100
-6131
-12260
2600
-12284
-11002
-16356
-8962
-8168
6911
-17392
4848
-8168
2820
-9192
14625
-4076
-2075
-1000
-3597
5132
-5625
-964
2007
-6104
8455
-11228
-3868
-4096
-1760
16
-7398
-2008
-13
-7148
1569
-3848
5892
-7140
5919
-17156
-5366
1064
3588
-5112
517
-3024
-8163
-4096
-5131
-3072
-5117
-6112
-15859
-3016
1264
-7120
-7681
-6104
-3836
-13276
-749
-9192
5104
-7081
1550
-6120
-1538
-7132
-3835
-5100
10029
-3052
9984
-7128
-265
-7128
-1015
-7152
2826
-11248
3588
2096
1542
3120
3057
-10180
4335
-7132
-1762
-9172
2784
8208
-5101
-14296
2790
-7144
-7412
-8172
-9716
-9172
5686
-23256
1278
-9204
-8456
-9168
-2347
-13292
14051
16
-7153
-10236
-17162
-8184
-3081
-4084
1000
-5092
-2835
-11220
1288
-12040
-783
-4028
-547
-11228
3827
-6104
-8448
-4048
7
-2036
-4129
-976
-17145
-2000
-1312
-9132
1754
-11236
-5888
-6928
-5912
-14336
6645
-9200
3289
6200
2075
-5076
-5107
-1020
6420
-11256
-13321
-1008
-4110
-4088
1036
-11208
-10548
-9200
3320
2084
10513
-14292
7915
-12204
-3825
-13252
9226
-7108
-4344
-9988
2542
-11016
-5146
-7160
9174
-8168
-504
-7148
7448
-2016
3603
-9196
4630
-22216
4
-4868
6128
-5056
498
-8176
-4316
-11240
9481
2076
3592
-992
1520
-6116
-1307
-7164
3635
-5092
-3047
-4084
525
-3052
-495
-7952
-251
-9180
6405
-7164
-740
2068
4811
-7160
747
4120
-17
-1004
1045
-3852
6159
-8176
6638
-8172
-5611
-7104
490
-14292
985
-8156
-232
-6924
-6683
-9180
4366
-7116
3354
-12272
-8997
32
3074
-984
4657
-9188
3321
-11264
3091
-4068
-767
-5076
5399
-2044
5892
1076
751
-7128
542
-5076
6137
-4072
2027
-11228
-26
-2032
-2560
-21448
5396
-1816
4607
-10204
7160
-8180
-1052
-9988
-7423
-1004
-8468
-5080
-1535
-8972
7146
-17368
-14652
1064
-4365
-12272
-773
-10220
526
-12280
1794
-9188
-5130
-11216
2307
2060
-10145
1052
12287
-5084
1265
-7132
10225
-16340
8171
-6144
4382
-7148
4867
-2028
-1017
-3072
11494
16
-8700
-8968
3537
-10212
-6133
-12268
-1850
-11248
756
-3028
-5614
-10200
523
-13256
218
-13225
3829
-14312
-7149
-11220
3281
-6100
-6663
-7156
-6627
-6112
6666
-12236
-4111
-9184
3884
-18352
-13044
-6080
5356
-7116
3316
-10212
-5336
-11024
-523
-12256
3859
-4052
9467
-5104
-8968
-4068
-2043
52
4874
-9988
524
-14316
1026
-6116
-4370
-19420
-1827
-10204
-7401
-14304
4592
-10224
237
-9168
-3056
-17392
11783
-6112
-7930
-8172
-9444
32
10537
248
1536
-15356
-6694
248
7919
-14284
-739
-15316
-9161
-6920
1268
-12264
-1272
-16364
-2087
-10216
257
-11256
1269
5372
-542
-12260
6142
-2004
252
-4036
-1009
-8144
-8158
-7148
9223
-4080
803
-12044
4110
-11212
2315
-988
534
-6088
-751
-6136
5357
-7152
5635
-9208
-5880
-11244
2875
-2044
744
-12288
-5610
28
-8173
-7124
507
-4084
1288
-1016
1771
-17376
-1798
-2012
-10234
-17372
-17382
-22252
-3042
-15320
2850
-9216
2573
-5064
4624
-16372
7396
-9168
-502
-7148
-3321
-13272
13029
-6120
-5878
-9204
508
-11220
-6887
-14324
2833
-18396
-4114
-17384
504
-16372
-4334
-996
-559
-5116
257
-2008
13584
-8976
-6614
-5100
-293
-3044
-4097
-2040
-2075
-2040
3060
-15316
5121
-4096
-2318
-8156
-5379
-9216
-3839
-12276
6656
-6924
9241
-16360
-9957
5144
-7141
-13080
5615
-7120
2055
-12252
-4584
-1012
8187
-3056
-4097
-2016
-5628
-8188
2312
-8120
2784
-8180
7435
-15356
1
-9196
-11791
-14268
1002
32
3822
-3860
-286
-11236
2041
-7136
10020
-5120
3593
-8144
1803
-7940
-2566
-2000
1522
-8136
3313
-12256
2858
5192
4880
-19212
-2499
-6124
-2542
-1000
-284
-5084
768
-2040
3322
-6140
6437
-14328
-817
4124
14329
1040
-3838
6200
-11760
1084
2793
-8980
265
-14300
-498
-11248
515
1060
-5663
-12240
-11287
28
4600
-5048
5900
-5108
14861
-11244
-3584
-4044
-492
-14320
1020
-6096
278
-3012
3073
-9180
-8405
48
-4867
-11240
-758
-6080
-490
-11216
15080
-7144
5351
3320
-3339
-10204
2578
-14292
-4082
-1020
-3587
28
-8960
-9105
-11015
-17380
2556
-8184
1506
-14284
-5642
-4064
2827
-18400
-1014
-6096
-4082
-12040
-491
-7160
1265
-11216
-4612
-6136
7196
-4056
-6114
-8124
-1275
-10204
2077
-8156
10247
-3048
14839
-1004
6417
-10184
-1283
-4076
-4620
-13296
6654
-19428
4357
-12248
5368
2064
3837
-10180
-1534
-2828
3345
24
-1270
-13072
1284
-9204
-3308
-6092
-3090
-6104
9999
-18376
-3082
-3008
527
-7108
2326
-3060
10734
-6144
-1517
-1984
759
-10192
-9929
-19208
-1051
-7132
1005
-7116
-10742
-9172
1516
-8172
4108
-952
-1521
-4020
488
-23272
-9741
4132
5151
-11256
2055
-9188
4070
-7156
-3637
72
-15337
-6144
4377
-976
999
-11252
5389
1088
1793
-10172
-8487
-6084
-3059
-5056
-1514
-1992
6149
-2032
3792
-15344
-8202
-11232
-1291
-12276
1504
-9172
-5352
-9196
2797
-5060
2058
-6924
-1538
-5104
6149
5148
-5857
-7112
7938
-4052
792
-5060
1048
-6128
11271
-8132
-511
-3052
-6136
-11256
-1326
-11192
-5085
-8148
5122
-2012
8722
-2032
1573
-5112
5072
3076
-811
-11256
-31
-17356
-5895
-10200
-549
-4076
4125
-11244
-3047
-8172
19
-14324
-1561
-12244
245
-7124
-4363
-10176
1020
-15352
-1784
-5072
3097
-5096
-516
-13292
-273
-5116
-4096
-10220
10003
-10212
-1042
-1004
2580
-6132
9487
-15328
2568
-3060
486
-7108
-8208
-9180
-4068
-12240
7419
-5120
-4640
-15336
-28
-6108
5614
-5104
-8711
-6120
-7160
-11240
1764
-6120
-6160
-4088
1548
-8164
5360
-16312
2555
-20452
-3317
-4032
-4591
2096
3306
-3048
-3858
-14296
-6141
-6916
-6116
-6916
3552
-14084
526
6152
9228
-6120
-1285
-5080
-1836
-11196
-1330
-17352
-4863
-4040
3821
1064
5632
-11248
1297
-5904
7158
-4060
-8438
-7112
6649
-11252
5890
-19448
-2807
-4092
2539
-9988
-3373
-13268
-5850
4340
1515
-12264
267
-9160
-6918
-5056
-522
-15124
1252
-9184
2840
-16340
-3362
-1024
-2546
-12280
-5682
3104
-4098
-10236
2332
20
-1254
-6104
-3830
-6132
1801
-7144
7194
-5892
4086
-4068
7457
-9208
758
-2016
1046
-8984
1033
-4080
-778
-7140
-4886
-12048
8691
-11212
-741
-6096
-2328
-16356
-16892
-4084
-8222
-24248
-4353
-7096
1538
-780
-1812
-4088
-264
-6916
8972
-3068
5343
-5060
-6409
-3060
4357
-6916
-1785
-4060
-2299
248
1796
-1796
6401
0
1568
-4088
-8445
