32
6888
5188
7709
-9160
-2311
1056
-13070
-12264
3076
-6088
-507
-2048
5639
-8144
1000
-5896
1821
-5076
-9166
-4072
8471
-10168
2546
10292
2082
-11232
-1295
-8120
736
-12240
2293
-3024
1291
-6120
-2859
-2824
-1019
-7120
-770
-3860
3313
-8188
1537
-992
3077
-6116
-2527
-16364
-1529
-5116
-3821
-972
10767
-9152
-4605
-7160
2585
-6916
1054
-11240
10514
-3052
3843
-10184
7411
-13300
8729
-12268
2832
-9196
-5641
-8164
10248
16
779
-6108
-2
-8176
-10281
-14328
2277
-8140
2835
11312
-5122
-21464
-1024
-2820
-10751
-8176
-2294
-6116
-9991
-6120
-755
4140
4853
-1008
2566
-7128
8931
32
-1253
-5076
-4069
-6104
1822
-6104
-1057
-1012
7961
-8180
-1235
-8164
3053
-10216
3322
-8976
-2345
-13300
3124
-14296
-1760
-1004
-533
-4048
-4639
-9208
5137
-13240
-18
-6116
4872
2080
-1020
-10184
1250
-3040
-3832
-8152
14104
3320
2534
-9204
-7410
-5088
8462
-992
-10502
-3036
2051
-3060
-4616
-13296
1805
-6120
-7713
-12276
-506
-8168
-5109
2068
-6137
5176
-3292
-8172
527
12
540
-7144
1295
-10216
7164
-11252
-7934
-11248
-257
-2012
-1550
-2036
-2788
-1008
6147
-14320
1266
-12268
-1007
-9172
5103
5152
2288
-13272
2006
-3016
4865
-15360
499
-13272
-1301
-9184
-3565
36
2561
-10184
-3648
-12252
2307
-3036
-6648
-14316
11509
-15316
511
-14304
7155
-9180
4868
-13276
-786
-1992
8437
-14296
17662
-8156
2308
-996
-4080
-17360
4347
-11220
2575
-4060
4893
12
-6914
4152
3851
-5100
1775
-10208
4346
-15108
3344
-2024
-10007
-6116
534
-10184
-5143
-14096
-2020
2088
-7176
48
11054
-9212
11253
-2828
6388
-15344
-4852
-10204
3058
-19416
-2050
-6112
-5899
4136
6156
-7148
1019
-11024
1545
-15344
-2539
-8160
2832
-2844
-504
2296
4630
-10212
2293
-8176
-5143
-7156
-520
-2016
-3572
-11248
10727
4100
-7938
-6920
748
20
-4139
24
9477
-7956
-2530
-16356
-3076
-6140
-3306
-13064
2564
-1996
6909
-8148
-8980
-1020
2040
6148
1028
-14280
-2290
1276
3299
1052
1299
-15296
-7959
-20436
-220
-8128
-3344
-9140
11029
-10196
-999
-2048
1547
-16376
-2342
-4096
-5609
-8964
5901
-11252
-5621
-1012
-7678
-16344
2296
-6132
2607
-4072
6650
-16348
-6158
-17164
-9983
-7132
2303
-7168
-529
-16348
-2287
-6104
-3134
2096
-12296
-13280
-2827
4172
-1530
-3844
12286
-9192
3332
-2044
-4342
-1016
2267
-7152
-11777
-11232
-806
-13260
-5156
-16376
-32
-11244
-4339
-14092
7191
-4068
2813
-4096
-8462
-9164
-4365
-8176
-3081
-14268
1003
-2036
-3358
-10188
-1816
4128
-1531
-15324
5400
-13284
-9463
-4876
4384
-8148
-3612
-10004
965
2068
768
-15340
2569
-12044
8962
-7156
-5430
-9188
5388
-11228
8677
64
8441
-4068
-1552
-7148
-6901
-12228
-1284
-3856
3603
-3012
-10028
-7104
-6362
-8144
525
-6108
1775
-10236
-10219
-17364
4619
3128
4620
-7140
-4405
-6112
5140
-10220
5646
-8176
-4099
-8972
3349
10260
-7909
-11204
5155
-17164
-3298
-9168
5117
-10224
-7154
-9992
1541
-10228
1545
-2032
-305
-1024
-3322
-17372
5619
-7136
3575
-10200
-1515
-14328
-2287
-9212
-1512
11516
-533
-7124
5347
-15316
6631
-2020
-4355
-3072
4121
-12276
-778
-988
-3842
-7148
8446
-8176
-9719
-5056
-2567
-19428
-3599
-3040
7177
3088
15893
-8988
-3544
-8164
1045
-7132
-969
-6948
-6661
1032
4591
-984
4
4128
529
-5116
-1523
-956
-5359
-8964
511
-22244
-3066
-8164
1304
-12264
12063
-2012
9202
-1020
4074
-5084
-4088
36
-6133
1040
-6367
-9176
-1284
-8148
3832
1044
768
-6108
-1506
-4068
-248
-14320
275
-8152
8967
-11240
7918
-2028
-5114
-17164
22267
4336
5909
-8168
3591
5124
-12575
-3900
-4594
-8172
476
-8124
-7945
1036
-11525
1044
11505
-2024
-9718
-7144
2263
-9172
-2594
1276
-7178
-6096
2561
-3064
-9475
-5080
5395
-7120
3837
-6920
-5357
-8132
12270
-9212
-7938
-12256
-1820
-10196
726
-6100
-8206
-4052
-4087
-11016
981
-22256
-4077
-5076
248
-7160
12023
-16348
-13338
-10200
7916
-10232
2850
2068
3565
-6100
-527
-12240
4868
28
1542
-15308
-4372
1048
-4846
-1000
5625
-2820
1277
-12232
-15352
-7148
-4903
-15336
4839
-7116
1775
-5060
-287
-25304
-1271
-16336
-5913
-7120
-9974
-12244
-59
-5060
788
-1804
-18971
-5892
-1790
-18388
-773
-4064
-7192
-11216
2319
-10192
6141
-11236
-12298
-1016
-3833
-13052
5128
-15312
4561
-5104
1027
-2004
-3335
-5064
-5378
-23276
-8706
-3060
-5125
228
9483
-11224
3825
-6080
-2568
-8124
3330
-9192
1239
-8144
9960
-6104
-263
1076
-3328
-13304
-4069
-6132
2321
-18400
-1315
-14252
6934
-7148
1545
-7128
9475
4156
-265
4104
8441
-8148
-6146
-10208
-3802
4120
-7676
2088
-2555
-7136
4091
2076
481
-8156
-2033
-6136
5125
-6116
2831
-12244
2818
-3052
1810
-2012
1272
-11228
4336
6392
-9222
-8176
6384
-12236
-1795
4112
-3601
-6124
3091
-972
-2574
-16328
-7195
-3008
-7707
4116
7926
-3056
-9669
60
5880
-8136
-260
-3036
1253
-2008
41
-13284
-1019
-9172
-3572
-12252
7898
-3020
1250
-11196
3
-10212
9737
-11232
-4131
-15328
6650
-5100
-3074
-8184
5676
-7092
1770
-3060
6157
-3012
-3834
-14092
4846
-5033
7946
2100
6141
-6112
6931
-3040
-10250
6196
-828
-6108
-9995
-10142
-6626
-14280
-10507
-15324
5148
-5092
-6158
-8152
6439
-2012
-3572
6152
4834
-2028
9976
9244
-3101
-3856
4356
-23272
-2286
-3020
-771
-24292
-4350
-1984
-5623
-9144
-4060
-5104
10273
2092
4353
-7136
2791
-10232
-2544
1064
-2782
-10168
1778
-13260
-4119
5180
11292
12
11552
-3052
-297
-11248
-513
-7156
-3327
-7120
9475
-10180
7
-6140
772
4116
4613
-13272
-2326
-8972
-5122
1080
1785
-5100
-4109
-8192
-3083
-1016
-3317
-3032
-5595
44
-2848
-8168
-5363
-6140
229
-11252
-731
-13080
-2591
-14328
-5611
-6136
-2037
-13300
4096
-5120
-1320
-21440
-12525
2064
-6662
27952
1270
-6104
-550
3104
-1521
-5096
4618
-5068
4368
-4080
6655
-2012
-1539
-3028
-3839
-4084
7167
-1984
-5155
-5100
-7698
-10204
2302
-4076
-6671
-11256
-11033
-6952
1027
72
-6410
-7116
252
-4868
-2567
-6096
-7674
-6120
5866
-2036
-3325
-13268
-4567
-7160
6917
-10232
-2043
-2824
-2061
-16364
-4574
-8156
-5611
-21476
4373
-17380
-250
-8976
-4848
-8168
-3586
-2012
-2053
-14252
2596
-13240
3306
-15312
-6158
-22260
-8703
-11016
-6153
-5100
6396
-11236
5609
-15120
-1577
-16328
-2546
-8176
-11488
-13284
-239
-6120
-6647
1036
-2308
-1000
7164
-15324
-4872
-7144
-4333
-13280
807
-12272
2846
-13300
-2306
-7144
-4365
-11216
-512
-4868
-1563
-7144
-8703
1048
987
-8140
-1057
-7112
5151
-12260
1771
-3032
11301
-10240
-1555
-7116
-2808
-5100
3347
-16340
5399
-12256
-2774
-7144
2040
-2020
-1489
-11200
3538
-17384
-7946
-15316
-4907
-15300
12743
-11244
748
-16320
-2299
-14268
1790
-3036
-9184
-5104
-491
-6128
2297
-4060
529
-11184
3815
-16352
6901
-13068
4944
3116
4077
5172
-5124
-11212
5142
-4072
223
-14304
-5887
-6128
-3329
-4028
4876
-5092
-236
3096
-7715
-8156
-1299
-12276
-4351
-8180
6412
-13264
5112
-6092
8665
-13284
-3326
-12280
5901
-5100
2026
-15348
2314
-13280
-3557
9284
6428
-15324
8949
-6132
10727
-8148
5121
-7132
-4356
-2040
3333
-11212
-9704
-7156
6895
-2028
-778
1072
-5381
-4064
-2546
-6116
2313
-4080
-10979
-13276
3605
-13292
5365
-964
-5373
-3856
6935
-9180
-3369
-8152
-8987
-12264
-2042
-8180
-8174
-8192
7437
-3844
771
-8160
4886
-1004
-5365
52
5868
-7132
-6405
4108
-5142
-18372
4862
-5060
4865
-19436
-3866
-4060
2800
-7140
7148
-5904
-3582
-5072
6671
-7128
5914
-9192
-257
-13268
1504
-18420
-5892
-7144
5626
-10172
-7446
-9164
20737
-11204
1783
-23236
-1284
-10196
-16356
-4040
1793
-12256
1767
-16136
-3253
-2028
274
-13292
4120
-7940
226
-14316
7423
-7120
-2819
-9164
-1792
-9160
-4605
1068
-5880
-11232
5393
-8136
-5114
-10224
4084
-15324
3788
-14316
338
-3040
3309
-15292
-2811
-15320
9970
-6120
3856
-2824
-2288
-984
-4582
-10216
-9713
-988
1023
-5080
-481
-11256
-1056
-14088
-10471
3096
5055
-2048
6926
-9180
5649
-3068
5621
-9164
-5411
1056
-3821
-6916
1063
-15316
7175
-9184
492
-13292
-5916
-8176
6652
2072
-761
-7128
1555
-2036
3048
-12284
1800
-3012
2070
-8160
2522
-12236
-5898
-6136
2314
-5104
5373
-10188
271
-8136
8440
-5100
1277
-6124
3329
-5084
-3813
-4036
-1330
-4872
3090
-4056
-2533
-5908
-5121
-9184
9210
-2048
-6663
1064
6105
8
-1530
-7948
-10249
-10192
-16176
-12260
-3083
-3072
-1023
-8184
1492
-13272
-9452
-3012
3833
-2036
-2835
-11248
-5388
0
2583
-6920
2317
-11208
1802
-7148
2809
-12048
3605
-6140
8932
-11240
2046
-9216
-1549
-4868
4384
-6144
-2069
-8136
535
-4024
-3846
-5080
-7415
-11220
1009
1076
8680
-9204
-7156
-10220
-8446
-15332
7135
-7120
-7392
-2832
1295
7200
-5884
-8120
-7122
-6916
-8183
-19416
2270
-12064
9480
-12040
-8230
3108
11777
-7148
-9999
-10232
-4068
-13268
-6168
-9208
-2046
-12260
-1761
-6108
-12278
-9204
-4594
-8160
-2847
-16144
8706
3120
4114
-3008
7419
-8132
-4370
-4084
4104
-5092
3096
-11228
-1041
-11248
-1037
-9172
-9717
-9988
7182
-1016
6661
-12276
-738
-13288
2571
-8156
16904
3320
251
-2048
-6630
-17376
5883
-3040
5361
-7144
-8970
-18416
-2570
-12256
-8461
-6104
-33
-8188
1286
-5108
1804
-7140
10244
5160
-3064
12
1554
-2032
-6188
-5100
9477
-14324
-4090
-13064
-722
-3048
7162
1084
-260
-18392
-3362
-4072
2548
-3052
-7676
-14308
5901
-13280
9220
16
5914
-20456
-5366
-10240
-8193
-21452
-1064
-8140
3351
-18432
3573
4
-5089
-3028
-1292
-8136
-3844
-13280
4881
-7144
-1499
-15332
3863
-3052
-301
-3856
-224
-19444
-2820
-8156
2574
-4080
-2835
-6096
7430
-16332
1020
-8172
5432
-11212
-10477
-7116
-500
-5096
-5095
-15324
3293
-4044
-4614
-6092
1495
-996
-4573
-3044
2836
-11260
8476
-4052
5389
-7128
9736
-19212
-6638
-15312
-7139
-11224
2053
-4072
-1496
-19420
-6397
-8152
-4585
-7148
1789
-1008
221
-19416
1291
3076
-8185
-1012
-4091
-2036
9734
-4048
-2571
-4072
1028
-9172
240
16
-7928
-11204
3819
-9184
-5090
-12240
4315
-9164
-2854
-9188
-1760
-6916
-980
-21460
2033
-9176
8956
2092
-5598
-15352
9203
-2016
-4877
-16344
3050
-2000
-11758
-5060
-12801
-976
7958
28
-3333
-14312
2322
-3040
-760
-16360
6931
-1020
4085
-8140
-7963
-6104
1794
-9176
4083
-7132
519
44
-504
-14280
-1765
-13288
1010
-2008
-5883
-6108
3574
-11224
-6627
-11252
-1844
-15340
-12268
-9200
1054
-4868
-5900
-3052
1795
-5084
-3306
8
-10682
-12260
1551
-2024
-4890
-10212
2271
28
1770
-10224
2585
-8160
2817
-4080
-996
-3024
-256
-9208
-8970
-3064
-5322
-9172
291
-2036
-1014
-7144
-7192
4124
-7693
-6112
773
-6924
7369
-11220
6943
-4076
-2077
-10208
-7690
-4056
1771
-5084
4071
-6096
-10216
-18396
-5585
-9176
-4110
-6112
2562
-8160
-2510
-7116
-1535
-16352
-7673
-4080
7873
-8180
5938
-10212
-10247
-4040
-4128
-7160
6875
-16356
4890
-10220
30
-14308
9494
-9988
-790
-9200
-8464
2060
-3848
-4080
-4621
-7136
2312
-3008
508
252
1034
-2016
-3610
-16364
-9204
-2024
6414
-4876
-7681
-4040
3031
-8968
-1270
-12208
-763
-6100
-486
-6132
-781
-18396
-7973
3072
5958
-3064
7934
-8144
-6657
-1992
-1045
-12256
-6
-9996
5148
-14276
-520
-13240
-9729
-14332
-1003
-10184
5110
-4052
4112
-3072
8444
-15316
4363
-15328
14064
2068
-12540
-9152
793
-9160
2595
-9204
7942
-11204
3572
-16352
-2791
-2012
1014
-6128
995
-13300
-4630
-6096
-10745
-8148
1290
-9184
-4837
-19424
6402
-11212
9964
-4880
-6949
-10228
-2553
-7108
5134
-6112
-8186
-1000
1774
-5080
-1019
-6136
-8420
-6124
-1546
-7136
-4305
-13284
-4851
-2044
745
-8188
13053
-4060
2310
-992
-9230
-6144
6639
1100
4831
-5108
-1267
-11256
2295
-3848
-2831
-9144
9764
-11228
-216
-12236
4646
-12252
2314
-3008
-8964
-4060
-790
-12244
-10225
-9164
5624
-8188
-9972
-4056
8960
-18388
-6928
-14308
-4831
-15312
3331
-18424
-4618
-13276
-3372
-9144
-7416
-5080
7185
-6104
-5147
1052
2553
-10204
-6127
-4048
513
-6916
3065
-3036
-4638
-9188
12818
48
776
-7148
2570
-15300
2314
-13296
7698
-11256
6391
-6132
-5871
4116
-1297
-13272
3851
-12268
4593
1068
-8873
-5104
-304
-13268
30
-9164
6683
-5060
-758
4096
490
-10228
-1065
-17364
4839
-11016
2326
-6116
-7687
-10008
10487
-2020
-6671
-12268
5352
-13304
-7148
-8152
3298
-6132
2319
-10208
-3088
-6136
5897
-4072
-1804
-11024
1009
-8148
-7986
-4092
-7941
-8968
-2582
-5064
-6935
-4068
3306
-1004
-261
5136
-258
-14292
-253
-5084
2582
-3032
-2533
-5072
2810
-7124
-282
-11228
-4330
-9204
-516
-6144
5639
-10172
-8652
-4052
3841
-9172
-7954
-11028
-2810
-7144
3599
1052
-3078
-11204
11270
-16364
4085
-8160
-1026
-7160
734
-8168
1791
-8164
-2086
-7140
1
-9204
3315
-17408
256
-13284
-1244
-6116
-2310
2076
2311
-13288
1566
-3052
-3314
-13252
6411
-4044
3586
-12260
-10000
-17344
3079
-15304
-8
-2048
7904
-6132
-2042
-4092
3807
-980
-5631
-4044
2538
-11228
525
-3004
1308
-7124
-3853
-8128
-5065
-1800
10274
-3032
1565
-11252
-4831
-10240
13569
-2004
-1770
-5088
-5355
-17348
6651
-4096
3567
-6084
5351
-7132
12
6172
4609
-9196
8948
-11256
10729
-11252
-774
-11208
-3314
-14316
5886
-7108
-6678
-7108
-6106
-11024
-7667
-11236
-3344
-8136
10004
5164
7929
-14264
-1792
-6104
4363
-8184
3811
-1008
-4319
-772
4893
-7144
8942
-8168
5372
-11204
16124
-13272
225
-10224
-475
-13280
-780
-8172
4105
-1988
-6647
-10220
-12532
-4056
3560
-5076
-473
3320
-3838
-3048
507
-5092
-1293
-8124
3319
-4084
7415
-1024
314
-3052
4101
-17360
5379
1052
-2274
-12256
-2055
-9144
2805
-8148
7924
-15308
-14073
-10196
3069
-7156
-2788
-6116
-7437
3092
-11016
-19216
1570
1040
8412
-10008
-8937
-13268
1018
-5904
-2286
-6132
7391
-10220
-10758
-5048
-7410
-15108
-2068
-8164
-10254
-7136
-40
-8160
-1537
-7148
-3602
-7108
4376
-4060
1038
-7148
-7457
-5108
7172
-4044
-528
-10188
-2087
-14296
11025
-5096
1817
-18420
4097
-14300
6907
-6096
2535
-8168
-3128
-22268
-25
-980
4118
-5096
-5905
-12248
4878
-10188
2292
-11212
229
-3064
-3
-10188
-5626
4
-5897
-7148
-4354
1256
2056
-12040
-2586
1076
-9746
-2028
-5606
-6124
10238
-2036
-3609
-3032
-10528
-10156
-5132
-13272
-6924
-2040
2316
-16360
1018
-15336
3084
-7168
-12547
-10216
-1530
-4084
7672
-11028
10
-12268
6137
5184
1046
-14320
-5368
-13260
-6138
-13264
3555
-7124
-6661
-7108
-8941
-12288
8986
-4068
-253
-13292
11030
-10200
4369
-13300
2033
-9168
3856
-8144
-2003
-3048
-11007
-11236
-4624
-17356
-1818
-10228
1567
-7132
4062
-9192
-3080
-5084
-7673
-8980
6117
-4080
-4568
-11256
3817
-3056
536
-11232
-7178
-2876
5866
-8180
-3041
-13280
-763
-4052
6150
-9216
-3338
-11236
5388
-6120
3108
-9216
6424
-964
3553
-12232
3054
1264
2046
-7136
-6664
-6116
-8211
-14088
3593
-3044
-9710
-14328
-6977
-10180
-6114
-960
-2083
-11200
-5420
-10200
-8143
-3844
-5862
4348
259
-1992
-2039
-4024
-5604
7216
5868
-9176
-8195
48
-266
-14332
-11048
-5108
6432
-4088
2255
1072
4354
-5112
3355
-6092
4087
-6132
5108
-13272
1271
-8156
-14315
-3056
1258
-4036
-510
-10224
-755
-14308
-998
-5076
-245
-6100
-8201
-14320
2802
-9192
1543
5188
2817
-9216
-4849
-18396
499
-4044
-214
-7092
2315
-7944
-3822
-6096
5123
-5076
5117
-2008
1278
-10172
-2289
-6128
-4048
-3064
5110
-6128
-2085
-18184
5645
-2008
-11028
-6104
-6911
-5096
5137
-14320
-2078
-10224
11008
-4072
5371
-10212
2565
-10196
4366
-9152
-4862
-6080
2773
-11240
6432
-7168
759
36
-7444
-5096
1526
3108
-10219
-11240
5098
-5096
-4624
-7152
-19736
-7168
8467
-4056
-3826
-22240
3310
-11220
-4878
-2836
6140
-7132
10506
-16372
-13567
3096
808
-7132
4104
-16328
-2578
-10236
7168
-3060
-4074
-8156
-4879
-12256
-2817
5160
-5132
-12268
-2816
-8172
5142
-15348
4071
2096
-1281
-984
-243
-16360
5174
-5080
-2254
-4060
-2795
-14304
-2832
-5072
-2331
-10196
3593
-4064
7957
2076
-4361
-7160
-11019
-12268
-6934
-972
6172
-10176
-2326
-972
2070
-2028
-1282
-8152
5383
-13292
1804
-4088
260
-12244
-2030
-9988
-2332
-4080
-3820
-3048
1757
-2048
5357
-20456
2809
-13304
5608
-20464
2285
-15316
1032
-1020
5602
2076
-3841
-12280
-218
-22260
781
-7140
-2553
-6116
750
-6124
14348
-2008
1819
1064
6660
-9200
4885
-9192
-1040
-1004
-3625
-13300
1066
-11236
518
-12248
-2284
-8188
2288
12
-6889
3120
-774
-18396
-1048
-10192
10217
-12220
11513
-11224
7706
-10188
524
-10212
4844
-6088
5376
-8172
-8961
-11012
4102
-6096
-1832
-5076
-15587
-3852
2540
-8156
1030
-3048
-4367
-8168
4631
-7148
13077
-18184
2809
-13272
-5111
-15348
10497
-13272
-1057
-4080
-2314
-7112
-6135
-3036
2845
-6104
6918
-8156
6445
-15328
-541
-8144
763
-11228
1304
-18388
-3843
-15324
1787
-8160
-5106
-7112
511
-8168
3332
-10232
778
-3028
-247
-8184
14350
-8168
-9483
-16344
4355
5140
1534
68
2577
-11224
4332
-9184
1801
-12216
4879
-13276
-12066
-6108
3809
-20440
-8468
-12248
-7147
-996
15333
-8188
17
-5080
-1545
-5068
1830
-12232
2289
-13240
-2287
2084
-2313
-1012
8218
-11240
2529
-21448
-163
12
2054
-2028
-1572
-17396
560
-5104
-3096
-20460
-1793
-5108
-3311
-4092
-1552
-5092
-518
2060
4392
-996
8952
-13308
-1282
2052
10745
2072
-7191
-15280
3061
-4052
9234
-7132
4142
-7152
2065
-8172
4882
-3004
216
-17368
1037
-12248
-1809
-16332
6389
-1800
-2269
5188
-4075
-2820
-5113
-23240
2525
-9192
4630
-12288
-9482
-5064
-1025
32
2823
-6092
-6424
-9184
13317
-8172
-11548
-7132
-4885
-12256
-1799
-8128
8429
1276
-1549
-8172
6683
-16352
-1043
-9188
11287
-5100
7675
-11260
-3852
-20436
-506
-9176
742
-8180
-1521
-10176
493
-12260
3354
-7120
1304
-9992
2602
-10228
1029
-5068
3798
-3072
1798
-12216
-14328
-12284
5135
-7120
-4863
-13276
14858
-13280
-11796
-7144
2063
-12244
-5912
-10188
-10254
1076
9683
-3060
5372
-8172
-1023
4116
-6119
-14316
-4088
-10224
-5871
4
-237
-12248
-3308
-14268
11002
-16376
2828
-7132
-3578
20
-5617
-16136
1264
-11240
2775
-13296
6917
-10208
-5402
-11232
-3349
-11240
-4336
52
-2299
-6128
-1026
-4048
-1042
-4084
-3071
-3032
5088
-3016
-9752
-9204
-251
-8164
11530
-14300
-6377
-6940
11009
-9176
-3558
-10200
7124
-11188
1278
10248
-1793
-2036
5617
-16368
-748
-7124
2543
-4044
4341
-4080
2796
-14320
-10997
1036
3079
-10232
-10500
-9996
2574
-13268
-264
-6128
-10474
-5120
-1020
-21480
-2015
-15352
4368
-19412
-4844
-12276
-16675
-5900
-1520
-3844
-12276
-976
5361
-28404
8434
-4028
-2032
-8152
-3049
-8160
8964
-9160
-1289
-15336
-4899
-8148
-5618
1024
4852
-16312
6415
-11244
2544
-6952
3561
-21432
-4862
-1816
5625
-8172
240
5144
7202
-7156
6943
-14288
-1523
-6116
-14079
-9204
2580
-10204
3859
-5912
-5631
-988
-1783
8
1029
-6116
772
-13296
-12759
-9152
5386
-12248
1256
-996
7673
-8152
520
-7128
6944
-11232
-3607
-10204
-8424
-14264
3820
-11016
6920
-10192
8459
-17396
-3063
-8124
-8717
-2004
-6934
-6120
3833
-16384
1293
-17372
2580
-4016
6362
-6076
-469
-9129
-6966
-11212
-4066
-7144
-8446
-9188
-5852
-4060
4127
-6920
3850
-6140
3811
-6924
-12535
-7116
-4385
-11228
1825
-7100
3577
-18372
8941
-9140
-4078
-5104
983
-9192
3280
-19424
-12551
-8168
1035
1088
1028
-8964
10026
1072
3349
-7136
8193
-10208
5628
-8168
-7174
-9184
-1796
-7116
-7162
-20444
-4366
-17380
3324
-7148
-496
-16312
18904
-6144
-2578
-6128
-6388
-11173
-241
-1024
1059
-14296
2044
-8172
-232
-12244
-12295
1072
-6649
-13288
7187
-12244
7704
-4064
253
-10220
5164
-3036
-2280
-8136
533
-5116
-3551
-1004
-8977
-8144
-13840
-10228
7166
-17400
-2057
25904
5371
-11208
-7716
-11177
2087
-11232
5077
-8128
4078
-14268
-3094
2068
-7452
-956
6916
-18424
3311
-20452
8689
-7116
2796
-11244
-2323
-12064
-2264
-4044
3339
-5029
253
-18400
7943
-8152
-7398
-10208
-7163
3136
2804
-8148
-1255
-17380
-8190
-12048
-4860
-8148
499
-1016
9218
-3040
-4111
-8164
6162
-10216
-2572
-8156
-2275
-10188
8983
-5096
1810
-10224
-1047
-14312
992
-3036
4069
-15356
-5886
-13068
-2839
-17396
3083
7188
1802
-10216
11247
-9184
2298
-15324
-3841
-5056
3065
-15336
4891
-10176
1014
-1000
1026
-6120
9242
-9188
-1761
-2024
11487
-1968
-5118
-17364
-2827
-16364
5897
-10228
241
2064
5384
-992
5127
-3020
7647
-5088
-5663
3088
-7678
-9216
9712
-8972
-1010
-22252
2282
36
-9737
-7128
-6135
-12272
-6622
-5056
-2607
-18424
7134
-8172
793
-6124
-3331
-10228
1801
-4096
7465
-9136
-5844
-5064
-2308
-3060
-3083
-7120
-3576
-7108
3314
-5080
-13557
-15332
8425
-6100
4363
-10232
3089
-9192
791
-14320
-8452
-7104
-2289
-6100
-2016
-14280
9232
-12264
6647
-16368
4072
-12228
-1018
-9160
-5364
-23224
-11532
-5056
-5359
-8988
-4330
-18420
4091
-12236
-1522
-5052
7178
-4876
2566
-6144
13063
-6144
-1792
1068
-5097
-9216
13055
-6128
-2565
-11212
-2058
-16368
-1547
-5068
5135
-8132
7167
2076
4095
-15312
-5092
-10192
533
-15292
-8465
-1984
6619
-1008
-1290
-5108
-2537
-11256
4107
-14284
-484
-3040
-7918
-3028
-5145
-9160
-1295
-6084
-4609
-6088
1799
-11264
8478
-10192
-6642
1044
11272
-20452
2295
-14320
-10484
-5092
1276
-12268
8686
-7108
5124
-6084
1503
-4052
10009
5204
-2820
-8176
5913
4108
-2047
-7164
-5144
-8184
3289
20
-3333
-14316
2006
-4872
4088
-9192
3320
-10224
-2561
-14312
-4585
-5080
3075
-9988
2539
-6092
-2050
-12260
5354
-12244
-11034
-2032
-3363
-4084
1031
-9180
0
-2028
-6903
-5080
3787
-3012
-1477
-14324
-2056
-4048
-7921
-6924
7398
-7160
-4377
-14328
-7178
-15332
2054
-12256
3536
-15304
-1071
-11169
-14061
-14300
2821
-1000
-233
-2020
3074
-11012
-4094
-13280
-6673
-9176
8968
-5084
-5154
-19396
-1220
-6144
1039
-1008
3846
-5048
-2778
-9160
-7701
-972
778
-16328
-4070
-14324
2019
-10228
-260
-1000
5627
-1804
-4642
-6108
-516
-6128
-6129
-15320
1541
-6132
-6393
-17356
3816
-14312
1050
-8980
248
-18372
-4103
-3884
270
16
-4381
40
3840
-3020
3360
1056
3581
-14272
-9721
-14324
9160
-17352
1279
-11240
-2084
-9164
6656
-4072
3587
-800
-12287
-5076
236
-992
14
-2000
-2
3120
-5620
-10180
2577
-9168
11
-6080
-6651
-12276
2314
-6136
-1824
-9184
-5881
-5100
-1047
-11216
-9971
-8120
241
68
-3076
-4084
-5108
-4876
1792
-5100
4084
-12036
-3119
-12280
7155
-12276
-7440
32
4618
-13288
-2298
-22244
3827
-7120
-2517
-9172
3612
-8168
4890
3132
-770
-8180
-5117
1036
-5643
-7128
-2047
-5120
-1056
-16336
2067
-2028
-7460
-6100
7687
-5100
-5622
-5088
4362
-2028
1291
-10188
-7159
-3848
3580
-8168
-1778
-7940
1586
-2000
-2067
-5100
3309
-4076
4352
-4092
9733
-3072
1050
4160
4639
-5108
-1066
-15276
-5380
-4060
6133
4348
-2582
-4044
-2043
-11244
-1520
-12268
2028
-5084
-2816
-8140
10467
-8152
767
-8160
6908
-6072
5629
-2004
-7659
-8144
-1275
3084
-1274
3084
506
-2020
12581
-13080
1316
-9180
2824
-2004
-1559
-808
-11287
-1988
762
-10188
-3852
-6096
2037
-8128
8682
-8148
-4129
-8168
7180
1044
748
-10208
-2577
-5084
3056
-11244
-1805
-7152
10280
-13288
7439
-12264
-2300
-2016
8427
-3000
-2316
-11196
5920
-992
743
-4064
4371
-6100
3062
-4088
-5395
-8172
-1260
-13296
1284
-5108
6117
-6116
2573
-6140
4613
-988
2848
-11208
7181
-14296
-9735
-7116
3821
-12224
-9522
-4068
-1572
-7124
-3863
-4072
3094
-12272
-1529
44
-1240
-13288
-4370
-13272
6425
-20472
15607
-1012
5107
-9184
-8964
-8144
-4575
-5084
2548
-10220
-2847
-7120
246
-3040
-2046
-5056
-730
-988
6919
-7152
-6634
-6072
4889
-9164
6134
-7112
-232
-7116
5876
-6916
5867
-10204
-4342
-6104
-1050
-5080
-1823
-12264
2039
5152
1750
-5120
2083
1052
-2562
5176
-2023
-8156
2593
1044
-8249
-7128
-3068
-6140
17
-4048
9226
-10188
-242
-19404
547
-10236
5129
-8156
-4591
-3868
529
-17380
5145
-5104
-265
5156
8207
-21492
1248
-14308
-519
-12036
-4101
-4056
9221
-7164
4591
6196
-5877
-19456
1275
-15340
-2537
-23060
4892
-2004
2816
-4040
-2074
-15316
3862
-13284
271
-5072
242
-14276
-5338
-8176
9746
-7140
3559
-5064
530
-7136
1538
-2020
-3337
-6100
-2106
-2000
-763
-17408
-2299
-14241
-530
-8152
-1310
-12216
-7422
-11240
-6377
-12280
7933
-11220
2524
-10220
-760
-16332
-4849
-6108
-291
5172
-250
3084
1542
-3024
8472
-5116
1774
24
-1020
-984
-4103
-19448
-3831
-2008
1795
-6049
-807
-15312
3073
-21456
-4846
-18184
4366
-14312
9694
-6084
1002
-12256
8703
-8160
-1045
-7132
-4046
-4076
1784
-4080
3075
-8980
-15102
1032
-4637
-11044
-3822
-4036
2782
-11248
-7439
-1820
-6136
-10204
6149
-11204
-748
-3036
2819
-3036
-3306
8248
6378
-3016
-1276
-4892
4632
-15328
-35
-7065
-5373
3096
-40
-5100
-6943
56
-6898
-10204
8689
-4908
-3571
-13288
5152
-3048
-4367
3144
1800
-2048
-6883
-3044
-5374
-4052
3046
-2040
549
1044
-1751
-2012
-266
-8136
-6700
1252
2306
64
2296
4332
8691
-25292
4354
-6112
-3340
-12232
-5117
-996
6145
-11260
-13051
-8152
2576
-4072
-13564
-9160
3355
-13308
-4335
-13288
3839
-9188
7178
-5084
-4324
40
5175
4104
-1040
-16360
2534
2072
4621
-5080
2741
-5072
2551
-5088
2570
-12276
-1784
-16344
-6947
-6136
8749
-10208
-3317
-6132
-3352
-11248
-1777
-3032
499
-3036
-5373
-8168
795
-16356
3057
-8124
-1291
-9212
4096
-10192
1747
1052
-2544
28
2
-10204
4103
-7132
2553
-13292
1284
2096
-2295
-17360
4340
-15324
-1251
-7116
-548
-10220
5902
4100
-11231
-13268
12543
-16360
-6665
-7144
3323
-10220
-5901
-11244
1240
-7144
3820
-12240
2335
-13296
5863
3080
-6403
-3072
8750
-2016
2058
-5072
-9214
-10180
245
-6100
731
-7112
-13565
-22224
12554
-3844
-1000
-1988
-7477
-968
2045
-19404
-2305
