1044
6442
-13260
557
-5064
-6159
-9216
3338
-984
-3845
-2024
242
-18208
6668
-4072
6390
-11220
8418
-9216
-9201
-4868
9972
-17180
9730
-13276
7674
-2020
-755
-4076
-6394
-6120
514
-15344
-11258
-13272
-1299
-17340
8451
-9212
-7415
-1992
-2064
1252
1259
-16380
816
44
735
-984
2282
-8140
7157
7208
-520
-10216
-3045
6200
-7380
-9125
6930
-11012
2032
44
2075
-6104
5
-4092
-5102
-6144
215
-15312
6906
-9180
5151
-5116
-511
-4088
1008
-2028
-7146
-7948
2567
-6112
-17
-996
-1831
-13280
5838
1056
-3855
-1016
-6911
4128
-11066
-13268
2563
2092
-6651
1032
2529
224
-230
-16344
4351
-7112
509
-5092
1777
-996
-2285
-6072
1785
-9192
-2557
-4024
1793
-964
2081
-7128
773
-4068
7164
-14312
1034
-784
3319
-17372
8963
-6104
-2281
-9176
5346
-4048
-5917
-7144
-3302
-6100
523
-7156
-1035
-14328
-7675
-6136
4847
-14320
-6142
-12260
-7198
-6120
7655
-3044
12033
-8972
-1555
-2004
-11279
-22264
-5385
-10224
-2301
-8152
3044
-6128
4377
-7156
-1496
-7132
-12832
-15320
-10796
-6104
1041
-4048
3806
-6120
9754
-13276
-1807
-7132
1814
-11264
2837
7232
-1781
-25324
7381
-11228
-5637
1056
2012
-9212
7209
-5080
-1811
-10212
3866
-5096
-5629
-4080
9484
-8148
-291
-6116
-3343
-10184
-2560
-11256
-503
-11216
1279
-8128
-3079
-992
4885
-4020
7456
-2824
3349
-7120
-3857
-8156
1260
-9176
-2026
-12228
-5394
-5068
1032
-14292
3585
-7160
3075
-9184
-9429
-5104
-13614
-2836
-5408
-6920
509
-10184
4870
-15348
-1022
-4068
7726
-1000
-2014
-11248
3822
-7124
-1545
-1016
2039
-3068
1528
-9184
-542
-18200
9756
-16352
3862
-5084
-3362
-7156
-6901
-1804
1508
-12280
6910
-7160
5123
-8160
-2613
-3028
-7426
-19448
4085
-6112
-1030
1260
13313
-12268
7402
-6144
23
-3064
13811
-8172
-4569
5120
2804
-5076
-6636
-5088
5391
-10240
6163
-5892
232
-25836
-15
-11236
2289
-12268
3610
-10228
-5400
-9172
-4600
-2036
2559
3100
-512
-13256
-3333
-2008
5650
2300
8718
84
5356
-5080
4123
2096
-1845
-9172
3316
-3060
6157
4120
-7456
-3040
5132
-7168
4337
-1992
10213
-7160
-2812
-2016
4370
-5916
6114
2080
7227
-12232
-1302
-17156
6393
-17376
-4906
-7168
-7139
-7152
-525
-3032
3306
-11244
6911
-6108
-2316
-15320
7450
-5120
2034
-13308
-8195
-8172
-11237
-7112
5396
-7128
1794
-10121
-8185
-2028
-1554
-9180
2061
3104
-9191
-4088
-5861
-11173
-12533
-11232
1817
5148
4616
-8188
1557
-9172
4662
-5892
-493
-5096
5368
-5068
-4379
-5076
-1247
-8160
1519
-14316
-4087
5132
4875
-4068
4863
-9180
-6408
5144
-1284
-6920
1547
-1000
-10745
6164
-6163
-956
3856
-14300
-2085
-8184
5390
-14312
3329
-9176
2555
-2036
-3075
-13304
4306
-15324
1770
-7116
13572
-17388
2078
-15132
3829
-5896
-6927
1268
-2813
-17364
-14586
-3040
9734
-4084
6137
-4064
2326
-9176
2820
-3056
-3589
-4072
3060
-8176
3080
-7940
1531
-9188
-12536
-8160
-3838
-4076
-7410
3092
-6633
3104
1039
-9184
-9227
-7132
-2080
-17388
7148
6172
1810
-4072
6151
-17392
1283
1076
4914
-9184
-1817
-9168
4875
-10012
-4600
8204
1266
-14320
-6117
-10220
-1823
-3008
-3336
-1800
1548
-14268
-1251
-12252
1558
-13072
5641
-3864
-1283
-4076
-4845
-3036
7178
-11220
3315
-13280
-9245
-7144
-276
-5092
4828
-7124
1545
-17332
7398
-15344
4551
-3032
-558
3163
3354
-3024
791
-11224
6664
-8184
546
-5104
-7455
-13264
-757
-17380
744
3076
-775
-9192
12521
-12252
-4581
-13268
3338
3116
-4843
-7160
7974
-6132
7408
-8152
-1796
-10176
-5629
-12224
3067
-9168
-6863
-16368
-4631
-2028
8208
-7120
-2877
-1016
-248
-18184
-11777
-11248
1
-7168
-8169
-5096
-8205
-5088
728
-8156
-1548
-10224
4593
-4036
4864
-14300
-13842
-1808
-6912
-16364
-7951
-8132
-1254
2072
-3054
-996
1773
-2820
9517
-6084
-4375
-8144
-762
-9200
-1784
-15332
253
-2008
6912
-2024
1270
-11232
4630
-2012
-1551
-8180
1826
-12256
5848
-11248
-2825
-17380
4583
-8132
-496
-12236
1789
-13252
8189
-12232
2578
-5088
1520
-2820
-5142
64
1526
-15336
1799
-1992
285
-4060
-5634
-11248
2552
-18384
26
-3020
2814
-11256
1794
-13296
3303
-13284
-6390
-4016
6140
-5088
5861
-17156
-3859
7200
2555
-6144
-2308
-4084
-1019
-7136
-6702
-15340
11013
-6096
-489
-8188
-9463
-5120
14312
-5068
-2565
-17380
2306
-20440
-1770
2072
8720
-4064
-520
-10236
-11029
36
3064
-15356
2806
-8160
6163
-7944
-1790
-10228
14602
-12256
-3364
-9204
-4577
-4044
-754
-11240
3836
-11236
-11247
-14320
-4098
-6104
-6915
-2044
-8982
-7940
-514
-8184
2263
1028
7440
4
8688
-5100
7956
-8140
-3092
-8152
-2795
28
8438
-10228
-5922
32
-2021
-15308
-778
-13260
5128
-11220
-1810
-15348
-2587
-1012
-5620
-12232
-5078
-25292
6376
-3016
-5679
-16364
536
-17164
-6154
6184
-4610
-13268
5886
-8184
-5635
9268
10799
-18412
-4567
56
-10496
-6124
-1512
-13272
5632
-11236
-1547
-11252
-1507
1068
-3819
-4036
-8947
-976
-745
-15316
7411
-21472
-3335
44
5601
-6116
-4611
-18400
4827
-11157
-2315
-6112
764
-13284
-503
-12260
-7660
5168
507
-4872
10244
-13225
-8210
44
2306
-5060
6668
-1996
-9718
-8140
276
-3060
3820
-11248
9730
-5060
-4107
3136
4094
-16360
-4101
-6116
1796
-4052
-784
-13272
2827
-17368
-4099
-7136
-2049
-12276
-2315
-9152
-9741
-8964
5655
-4084
7689
-8105
2313
-8120
-2039
-18424
-2547
-6132
13298
-5120
-7158
-9196
-9188
4116
-1319
-4084
3882
-19420
-3052
-5892
-5374
-12232
4622
-2012
-751
-18408
-12804
-12288
-11001
-2032
16907
-1996
-462
-2020
287
-3024
-2
-12280
1754
-5104
6401
40
8181
-20248
-772
-1812
4834
-13264
-5372
-7116
-3581
-13276
6359
-13308
1284
-10164
4588
-7156
-6889
-5076
-4367
-10200
4593
-13308
-4589
-10216
2563
-14288
10762
-2032
1271
1060
-6182
-7148
4365
-3036
3100
-6116
2291
-12276
6673
-8164
6653
-3860
-8985
-20428
-4616
-11188
1795
-8136
1531
-9160
-14348
1028
4596
-7128
-3577
-5056
8439
3088
3593
-1016
-4655
-11236
-1276
10252
10016
-1000
746
-17388
-3346
-6124
-5429
-5064
-6919
3320
-3088
-9176
40
-7132
3251
-4080
-2272
-8148
-2038
-8184
4618
-5052
-7669
-10212
-8232
-8144
-1812
-13272
3061
-6104
-4100
-5900
790
-6952
-9971
40
8711
-14320
535
-7140
-2029
48
1780
-7116
-1509
-3052
4643
-2848
16666
-16344
-769
-14332
-2060
3308
-1031
-1988
3573
1032
-12254
-16380
-1790
-7156
-6364
-12228
5133
-1008
2555
3116
-981
-3036
-3088
-8160
481
-3036
4854
-6120
4390
-7128
-6898
-12256
997
-7120
-2856
-7164
-771
-3848
3599
-7112
-4344
-2020
-3092
1064
6680
-6112
5359
-3028
-1016
-3844
-3597
-15296
3879
-3024
-7443
-6116
-3056
-2044
2598
-6096
-224
-12240
-2808
-8188
-2819
-4076
-499
-6136
15879
1244
-5896
-11228
-11807
-5084
8981
-7948
4348
-6100
7957
-7156
7723
-5104
-7705
-7108
1527
-3072
7718
-10180
-6922
-10212
11264
-14324
-4069
-9192
1827
-15316
-20
-5076
5145
-4088
513
-6132
-3017
-2004
5130
3324
-2548
-15308
-521
-13300
753
-7144
-4572
-6128
5928
-9168
7693
-7940
-5346
1068
20753
-6112
4365
-4088
2030
-13284
3308
-2012
-5871
-9188
-2544
1068
757
-9160
-2547
-10168
-5142
-10149
6667
-5112
6158
-10232
-1510
-10200
6907
-10208
4095
48
3306
-8148
-7673
-5088
2090
-984
-6181
-16352
-10259
-11016
-263
-2977
-289
-11228
-489
-5892
2075
-3032
-1774
-7100
-3063
-988
-1764
-11212
-2539
-1797
-2288
-12268
-7649
-1992
2570
-6080
-2854
-972
808
-18384
3596
-12240
-1034
-6124
3075
-4080
5656
-8964
-1225
-10220
8195
-11240
1047
-16332
1272
-5112
16
-9188
514
-7168
1047
-5056
749
-5096
-7685
-11244
3310
-14304
12809
-10220
-6411
-5064
1026
-8968
218
-8120
476
2300
2309
-3844
-3597
-5088
6368
-3860
1291
-12240
3572
-3060
12507
-5064
-8414
3316
2838
-3060
2788
-5076
-5372
-2016
-5378
-11244
4443
-5060
-495
32
9234
-15356
2541
-2044
10506
-12276
777
-9164
1588
-4092
3107
-9152
5099
-6132
14336
-2988
8187
-12244
-1018
-14316
7954
-15116
2298
-14280
3564
-18364
-4611
-9172
9002
12
9249
4336
-2607
-10236
10753
48
-14369
-8144
-2802
40
-4904
-9204
-5902
-4892
-3564
-11012
-794
-5904
-2844
-5056
-5374
-16356
2552
-15320
11506
-7128
-10739
-3020
-5628
-7140
5439
1056
503
-10232
-2814
-2824
8742
-3024
18944
-18384
-7143
-6112
-10473
-9192
-13311
-10220
4599
1040
-5642
-9184
4100
-12256
526
-2008
794
-8172
4579
-11212
8687
-2032
-7678
-11204
2052
-8172
-3304
-2024
1294
-12272
252
-4044
-2044
-5892
-1802
2076
-4865
-9184
-248
-12268
-10774
32
-541
-2024
-2821
5124
-12284
-14320
12267
-5892
-5384
-992
3084
5148
-3845
-5112
-2598
-5084
-3834
-5112
-8475
-9200
520
-11244
-240
-4036
3836
-7940
-5877
-4068
-1539
40
-1238
5140
7682
-9000
-4610
-7120
3877
-3004
-5132
-12264
1525
-7132
-4878
-9988
-42
-8152
-7663
-12228
752
-7152
4130
-8180
-4112
-15320
7457
-8180
-3100
-12240
2321
-17156
-3066
-15308
4580
-8168
3063
-15332
-533
-4064
-8209
-16336
-3349
-12260
772
-5064
10229
-9196
2788
-17332
-2011
-7152
-8689
-14284
1013
2088
-5413
-18392
5634
-12252
5089
-18364
1534
-17372
11013
-5104
-498
-11260
-7670
1084
7428
-9176
5139
-17372
11482
-13288
-3577
-7132
-11003
-7128
1782
4
4348
3128
-1558
-10208
10501
-7144
1497
-8176
16141
-3044
-6435
-10200
557
-8152
1547
-8184
-803
-13280
-2309
-2016
-2317
-10204
-5623
-15300
-3309
-4060
-4603
1064
1513
-988
-18195
-11204
11279
-11236
1024
-12256
-7411
-3040
254
36
979
-5084
1795
-11264
-3860
-4084
-5408
-10180
-3586
-11204
17
-9164
-6646
1064
-3852
-4060
-2074
-11232
-16891
-10168
763
-13292
-10267
2072
781
-14092
-2836
4108
-8955
-20440
-2053
-19204
-2063
-12260
2048
-13272
516
-5112
-5109
-13272
-10955
-8172
-7656
16
731
-16344
-4623
-2824
9710
-2008
-7134
-5048
-3854
-3048
4101
-11212
-4615
-6136
-2779
-4064
-6716
-8168
8229
-7152
-5875
-8172
-2836
-15356
-1500
-3048
-1510
240
-6158
-3844
3840
-10204
-1247
-12228
-10798
-14280
13315
-16344
-7407
-11216
521
-968
8957
-2028
-5351
-4072
-8682
-10172
12249
-14332
-3591
-12276
-7939
-11220
-239
-4076
5128
-8160
-771
-12260
-1821
-10204
-3074
-5104
7913
6188
-1017
-11236
7440
-9152
995
-19416
-778
2088
-2785
1276
2553
-10180
5146
-6100
1299
-10228
-3583
-7100
-5610
-8148
-6422
-14308
-5861
-16140
7672
-18404
-7661
-6128
3028
-18388
-1281
-6144
256
-16356
-226
-8176
-2054
-12252
-3591
-17360
-1044
-16336
1062
-8164
9224
2064
12518
-4068
1012
-19452
10510
-11232
6152
-11204
2568
1052
2293
-8168
-3033
-15336
3560
-9192
6405
2112
5656
-14288
782
-10200
2074
16
2069
-6128
-3825
-10232
14337
-8144
-762
-15356
2307
-3060
9211
-15340
-6652
-6064
-12569
-10200
7690
-12048
-6418
-9196
-5676
-2016
-3859
-5100
1524
-12264
253
-15320
-7409
-6916
6152
-8172
-4584
-15320
-2796
-5092
-5
-992
-2318
-10212
-6445
-1000
-1531
1252
-1540
-12232
-11258
-13292
1005
-7136
-6404
-11216
-756
-6112
1559
-6112
-3563
-4088
-289
-8964
-784
-3032
1290
3096
-5386
36
2832
-8156
-3813
-5904
-4601
-15320
-1784
-10212
6934
-6096
-765
-15344
8692
-3056
8212
-2016
4370
-5084
4117
-14300
-4877
-11216
5892
-16340
-3363
-2040
2311
-11236
-8436
-17388
3848
-9192
2299
-8132
-7639
-4072
-3818
-8140
-1530
-1016
2276
2108
-2260
-13284
-5663
-9160
4072
-10184
-8721
-17360
-3336
-14312
279
-3072
3813
-13260
-2030
-2024
-5130
-2028
211
-988
-5624
-14276
3343
-6112
5351
-7136
-5880
-4060
-2034
3092
-4112
-13296
5157
-9156
6899
-10160
-5398
1064
-11541
-7116
-497
-11028
-783
-4048
-486
-4052
-2543
-12280
2331
-1024
-1811
-6920
-13
-16320
3823
-3052
10252
-13284
4325
-6120
3593
-8172
-7741
24
-2292
1064
6891
-16360
259
-18396
-748
-11220
-6860
-8148
-1019
-5088
510
-7104
-2285
-12240
3847
-9164
3091
-15340
4372
-15332
-984
3104
1032
-11220
-5908
-9168
6157
-13276
-1256
-6053
4043
-15344
263
-9196
5898
-3016
-7694
-15328
-792
-10236
9229
-6072
8460
-21452
8978
3132
-5142
-5100
-2584
-10196
6904
-9164
6178
-6092
4339
-10188
1263
-4068
-790
-15348
-2063
-5904
3888
-10240
-2798
-4072
3336
-13292
-1049
-6128
-780
-10212
-5588
-4080
-2016
-12220
1265
-968
-11540
-9164
-1018
-8136
9463
-2004
-1256
-10204
-4369
-7160
727
-8176
-1534
-11232
-10251
-6112
7452
-2020
5130
-3020
3324
-5076
-5617
-10232
5918
-5100
12037
-4868
5886
5160
-2030
32
-252
-6132
1055
-4048
-8428
1084
12258
-11028
1805
-9180
12816
-2824
1817
44
-8969
-6132
-3791
-14308
2827
-8180
2044
-21256
3362
-6916
1804
-12232
492
-16360
9974
-15328
-5916
8
-2029
-5100
6111
-2008
-9483
-9180
-4590
-6108
-261
-8140
-7195
-2036
-2045
-6924
-1081
-11248
-4355
-5912
-2830
-12056
1539
-7144
-275
-6100
9470
1056
5881
-1968
-8439
-3020
6891
-12252
-5353
-18420
-9762
-7140
6126
-6104
-3077
-7124
24
1064
-481
-7168
7717
-2824
3565
-5116
-11523
4152
-1779
-3056
-4336
-7140
-6141
-8192
-1275
-6128
1805
-2828
-3100
-9212
2
-4048
4859
-8148
-2048
-10176
524
-11236
1270
4112
7144
-3040
9472
4112
1015
-14328
1582
-996
-291
9272
-10773
-7132
-489
-6132
-7416
1072
10513
95
6662
-5076
9212
-8140
-2334
-3032
-5890
-6116
-3041
-8136
-1580
-16348
1260
-5100
-7389
-6088
-1519
-8140
4098
-13280
-1296
-12236
-4631
-8184
-4326
-4036
-1307
-13068
-9222
-12264
-8439
-8168
-1039
-2828
9998
-3860
-2285
-5908
-2543
-7956
-12523
-10208
6391
-12248
10750
-11232
2344
-6112
-44
-8160
-3066
-10216
7203
-4068
-9476
-12264
9996
-15324
-6887
-1024
-1016
-8168
-8705
-8156
10766
-7132
-767
-10036
2339
-5076
6642
-4068
-9197
-6128
-5894
-4072
-4351
-3056
7733
-1804
-4838
-13252
9742
-17388
10541
-3016
-511
-13272
11810
-10216
1551
-6104
-1774
-776
1514
-1984
-233
-10164
5874
7188
14601
-8980
-15122
-3036
15113
-4076
2578
-5076
280
-13304
-2055
4108
2062
-10236
-1799
-7148
-2316
2084
-4848
16
-6904
3100
5911
-3024
538
4176
-1514
-3036
-2035
-8160
5885
-6120
4364
-12260
6416
-11208
1003
-14276
3332
-8968
-6932
-10176
271
-11256
5878
-6136
8187
-11260
6156
-3004
-4874
-8140
-2046
-8180
5626
-17356
-7145
9220
-783
-5080
2576
-11024
983
-4884
-12503
-6140
31
-7128
2075
-7956
-499
-7128
-3572
-8188
-7431
-2020
-249
-7164
2024
-976
1535
4
-5615
-3060
3883
1044
10770
-11244
-758
-13072
4613
-7148
-3079
2092
-4115
-9204
-3340
-14328
7953
-2016
8994
-2828
-1286
-5072
-1037
-1000
-3310
-6100
846
-11232
-764
-16324
8217
-7128
-4602
-19424
2845
-12236
10475
-8164
4370
-6100
-5632
6188
-6931
1056
6696
-17404
-4354
-13304
-3614
-984
-2311
-10216
-4640
-11212
-3311
24
-3342
1272
7131
-12256
-5340
-1000
-3829
4096
-4885
-14308
2545
-11216
14372
-6104
1012
7420
5660
-8184
16
-8136
3556
-9992
-26
-10208
4871
-7136
-2816
-14332
-2568
52
2065
-15324
-13087
-4072
6893
-4056
1283
-15328
1274
-17400
2030
-3028
-9710
-988
4130
-7100
12540
5140
8184
-10180
-2326
-3056
761
-1804
8453
-9192
3586
1104
-9736
-9140
7937
-12256
-3348
-11244
2304
-4052
0
-964
-8187
-2032
4098
-5068
-9460
-14272
1771
-13252
1038
-10208
-780
-5116
-756
-12248
7144
-5100
-2784
6208
6874
6160
1004
-11240
-14
-13268
-7159
-9200
-39
-12280
8978
-6100
1551
-4048
-7405
-13288
5374
-4096
3049
-10228
6685
-16364
-4303
5368
3845
28
1807
-10192
3331
-7140
-2820
-11232
-11278
-1992
2014
-5088
2565
-3852
-8454
-2028
-5642
-9180
5872
-10216
5661
-5108
3340
-5064
-3087
-7164
-10956
-9204
-4886
-2828
4046
-20432
-4874
-10220
-1268
-11252
-6429
-7116
1028
-14328
4114
3108
-7667
-5088
9943
-4060
4626
-15356
-3857
-11248
5665
-8156
-3844
-15308
5892
-6124
-18
-4072
3600
-4064
5925
-8188
7151
-10200
477
-8124
-6895
-9216
259
-5076
-2323
-13276
12777
6172
-10756
-13264
-287
-8172
-517
-7120
-3590
-3032
-3079
-8156
269
-16356
-12549
-1937
4594
2096
2039
-1000
-4870
-23248
-14605
-5096
1023
-8140
-1055
-8160
1273
-11228
-2331
-6112
-748
-5116
-7405
-10196
-4317
-4056
-1556
2072
6675
1064
-3862
-6128
3342
-5060
3839
-6100
-4102
-5104
-1539
-5100
-3082
-10224
5386
-7144
2589
-1984
7730
-18416
-1736
-9192
2524
-15316
-8196
-17364
4901
-5096
-1566
-16340
1292
-19388
16154
-2820
2293
-4036
492
-17384
1768
-6108
-5110
-6916
-1566
-9216
-1776
1260
-6357
48
3347
-13284
1793
-12048
-2308
-9156
-1008
-4092
-3070
-10220
2561
-3036
5114
-4040
8959
-12252
3076
-9140
3
-14280
-3834
-6920
255
-11232
1778
-6944
275
-13296
-6400
-13272
-4875
-4072
-2033
-10228
2832
-3864
5152
-9196
-8957
-3844
-7145
-12256
-3375
-7108
-6855
6184
4072
-12260
-499
-9204
2312
-4088
8965
-3016
-1279
-6112
-3313
-17400
-4362
-6920
8693
-5116
7910
-15320
-7127
-10188
-3
-10224
15619
1036
-6148
4096
2326
-5084
-1811
-4048
-236
-4024
12782
-12248
-8168
56
1531
-11236
-4102
-12040
2848
-13300
-1265
-15120
5894
-3048
3042
64
9464
-4088
-3328
-16364
-9487
-4072
17763
-3028
-9953
-6128
6900
-11228
-2565
-10232
1287
-10196
5385
-7128
2046
0
-768
-1000
-13028
-6120
-1279
-1008
1005
-8176
1791
-15332
2810
-2028
1287
-15324
-1297
-3044
12011
-12256
-498
-8128
4834
-6092
-2296
-5896
-2087
-6088
7693
-4072
2563
-16348
509
-14272
495
-6072
-6626
-13284
1021
-992
-2546
-9188
6
-12036
246
-11212
-508
-11212
-7899
-5064
-526
-9164
781
-16140
7678
-5104
4891
-12232
5635
-13256
-5406
-11236
3849
-3020
-4335
-17360
-1305
-8164
493
-2040
-2304
-7124
4101
-9192
793
-980
-6679
7208
1794
-8120
-3598
-8156
3856
-3040
-777
-6108
-7153
-6112
-1233
4100
3583
-10008
-476
-13260
-1281
-1800
-1046
-7104
-758
-2040
6150
-12252
-3858
-10236
22550
-5892
4689
-8140
8926
1076
-6945
-980
3114
-964
-6141
-1804
1253
-7164
-7402
-5116
1274
-5092
-3560
-3860
-13
-5900
3856
-8132
-978
10488
510
-13260
3823
-8168
3345
-15348
-15115
-10216
-3353
-9164
254
-5080
-6392
-11244
-4320
-1008
6663
-4040
-7435
-12288
3069
-11216
2034
-5900
-7912
-18432
-5378
2084
1281
1048
5593
-4048
-1500
-1980
2557
-11232
-1510
-9160
7683
-7100
-8674
-10212
2565
-1796
8211
-11232
7184
-9168
2575
-4052
-283
-1988
6425
-5080
-5115
-14308
-222
-3064
-2059
-5092
15
-5084
6668
-17336
-7232
-19440
-6938
-14308
5115
-8144
-10276
-14308
4070
-7940
7186
-15304
-8985
-1808
8443
-9176
999
-992
3317
-6924
765
-14324
4115
-17376
2295
5120
-4050
10240
454
-2012
-9470
-11232
7405
-5088
-1778
-5896
-5911
-14328
6394
-6144
-1511
-5108
4087
-8180
-2550
-988
-7942
-3032
-1011
-6124
2801
-8148
-5121
-2028
-1786
-2992
3059
-1992
-17147
-8184
-3850
-17364
-1532
-14100
3584
-4052
-4597
-18428
-53
40
9476
-7124
-8404
-8164
4851
-8152
-3099
-8156
7971
-16340
-1534
-9164
-2321
-17348
1283
-6132
-3318
-7960
-4351
-3028
5100
-8152
-5125
-7116
-6134
-7136
2848
-8069
-6148
-3052
-10509
-12256
7961
-10224
-519
-6120
-1012
-14288
5103
-5084
-3561
-13284
-2030
-13252
-5409
-12276
-2804
-24288
-1797
-20448
-1784
-2032
-766
-13292
4380
-5088
2803
-10208
509
2068
-4344
-6124
-1510
30484
-10501
-10224
-5072
-3044
-269
-9172
-7630
1100
-14597
-6132
4332
-17364
-6135
-11204
2037
-5104
5126
-10180
-9468
-5076
-7202
-9156
6619
-4044
3862
-11232
-4575
-4048
-254
-2044
10524
-7160
-1546
-11248
-2847
-8172
-3826
-10188
2277
-18408
-1020
-6120
3554
-10236
284
-9156
11512
4144
-8676
-5068
-1303
-5088
-489
-16368
-1283
-17400
-3853
-6076
4357
-5916
2048
-8172
1791
-8144
-1021
-6112
-2833
-6100
3329
-4068
5346
-1020
2065
24
-2514
-11216
-2329
-5112
-1267
-9988
-3600
-7956
-2322
-8144
-1789
-3064
-3805
-5112
-2849
-22244
1785
-6924
-1533
-13308
-2022
1024
-2828
-4056
-2284
-9192
2040
-9988
7684
-7124
-7404
-7140
-241
-4020
-6932
-4056
552
-4084
-3819
-10200
2807
-11216
-2827
5152
5127
-17392
-3564
4160
-5876
-1004
-6661
-2048
3807
-20452
4374
-1996
-1524
-6124
259
-12260
-476
-11248
5353
-4040
10236
-1016
-4630
-6112
-4868
-19448
-3070
-3072
-3313
-14308
-4634
-7120
3850
-3052
-6928
-13240
-746
3116
278
-4052
767
-6128
-251
-8184
-4862
-8160
7401
-14320
1796
-1988
-2804
-13280
2794
-6924
-4610
-4020
-4338
-4080
-1838
-11188
-2037
-4060
-2560
-9176
-1790
-6124
1023
-9192
11788
-7128
1573
-4868
-9524
-10196
2830
-11220
801
-5072
2303
-14260
-1060
-4024
-2811
-10236
-2841
4344
1269
-5072
-2027
1032
3084
-5116
4361
-10212
-4831
-5104
-2516
-2008
-5364
-2028
5090
-9164
2841
-15336
3300
-11252
-2819
-9188
-5377
-4872
-2548
12
237
-9144
4382
-12248
1278
-1024
765
-2044
-776
-16360
16
-27384
9246
68
-999
-15116
2777
-16368
-5644
-2820
-3598
-9192
-240
-780
-784
-4080
12286
-14272
-4358
-8164
2321
-10200
990
-3036
-6140
-2000
5378
-11200
12590
-6060
-7420
3072
252
-8148
13033
-15324
-6158
-10172
1560
-7112
2034
-3020
-6919
-9188
766
-12052
-3361
-16336
-4078
-20456
-1297
-12220
12286
-1988
2037
-10192
3329
-6132
3329
-7156
-4083
-13280
10197
-7164
276
-7940
-773
-5076
-3073
-9176
2054
-14280
-6144
-14328
10760
-3844
-7699
4
4856
-20412
-6346
-15324
-9998
-11256
5909
-2008
-3589
-16352
3822
-12280
2065
-9208
-8193
-1016
-9497
-2028
2051
-3844
-4354
-15320
8689
-10208
3293
244
3585
-13260
3018
-6096
1019
-13308
-5107
-11236
-1540
-10220
-5627
-8164
-2067
-9192
3057
-5088
7144
-5088
-15124
2120
-991
3080
-3093
248
220
-6928
-3554
-7164
2804
-7120
6376
-2044
-1291
-5080
-4862
-15304
-17
-10200
-9497
-7164
3090
-20456
-5626
-13308
1554
-9216
11279
-11228
-1271
-12264
-8970
-8156
11018
-9212
5369
-8168
2503
1064
793
-1000
8954
2112
-2032
-1816
4833
-9192
-6910
-4044
2853
6172
1231
-5112
-765
-11212
4064
-4096
-6152
-13296
-5609
1040
11496
-14336
-11531
-9992
3329
-8164
776
-8136
-7945
-12284
-4371
-5892
-7415
-11264
-507
-9180
5191
-4880
-6965
1044
-1541
-9160
-24
-984
4578
-19432
-3377
-10192
-6912
-13300
1271
3092
5644
-9184
26
-7136
-279
-10184
-2298
2064
4611
-9160
-5118
-12260
-6116
12
4371
8
1556
-6136
2566
-3052
-8724
3136
3628
-17384
-311
-13280
-7689
4120
-5099
-6096
10691
-9996
-6134
-3064
-989
-8164
8439
-4064
-2325
-11248
1038
-13244
-1027
1036
-4339
-10153
3601
11264
990
-13288
-1020
-18416
743
1072
-3868
-4060
-2035
-15304
6129
-16348
5355
-6116
-716
-10212
-4843
-11216
3053
-10224
1544
-2020
-795
-3052
8224
-8188
-2041
-16372
5158
-9196
6379
-9168
-6140
-7152
8216
-7148
-11529
-8172
-1294
-10232
2854
-12272
-1255
4132
1783
-17384
6891
-2024
1805
-13252
8206
44
1789
-13304
2317
-3012
-8189
-14092
500
-5088
3581
-10200
-3071
-15360
291
-4076
-3562
-12252
1053
-7140
8448
-6140
-569
-15344
297
-6136
-1553
-2032
3585
-10196
-4603
-4868
3835
-18200
-5908
-16348
2035
-996
-5605
-1012
-1047
-9992
7439
-13272
10005
-7096
529
-11208
-3342
-13080
5620
-8160
-4612
5156
2585
-4092
-8989
-15316
13564
-7160
1250
-1004
4375
-13292
-5653
-15320
-11283
-6916
5350
-1004
2043
-20428
3570
-7144
-252
-12216
6659
-10208
273
-17384
4363
-9152
-7674
-3044
-5689
-13312
-242
-6104
-5106
-12252
-782
1060
4367
6156
-1264
-16324
2026
2056
-1293
-2036
2043
-9180
-4605
-9216
-7957
-3028
504
-4072
-3337
-1012
2053
-11220
6434
-2008
7656
-11260
9976
1056
1803
-5088
-14101
-2044
3330
6148
1263
-16360
-516
-17388
-5650
-12212
3102
-1024
5384
-10200
-9483
-12256
5361
1048
-8159
-4868
516
-9168
2310
-8184
-3065
1044
-1809
-14284
6656
-3844
7146
-5088
3061
-6132
1855
-21456
4067
-2008
-8195
-8984
4860
-6112
-6908
-8148
1506
-13236
8724
-10216
-948
2076
9456
-12248
12293
-16372
776
-8980
4594
-6120
-4851
-4084
481
-10200
1027
-12256
11492
-3036
4344
-7160
-9196
-5092
522
-12272
-2052
-6084
-2529
-12216
2063
2084
-5884
-12272
4099
-6112
2356
-6120
13537
-4092
6376
-9176
3041
-11244
11277
-9188
-7669
240
3330
-15116
278
-6924
6644
-3040
5118
6152
-243
-6116
-12
1052
8202
8248
-1778
-6084
-8479
-15324
2290
-6092
1776
-8176
-4353
-3060
4064
-7144
-2313
-8964
13579
-3844
263
-4032
525
1080
-1306
-2000
-744
-9164
-7904
-2016
-1791
-8156
-3550
-7112
-741
-3032
-4363
-8156
1506
-5084
5627
-7124
-8438
2084
-2043
4100
-1799
-7136
8935
-4096
4380
-2032
-9478
-4060
5161
-13225
-7161
-12264
5845
-4076
277
24
-3334
-4076
-7919
-11240
-3583
-7136
4847
-1008
5677
5364
2821
5372
-734
-10196
-1779
-1008
259
-3012
-234
-12236
-10
-6108
-2810
7408
2036
-14316
2319
-5068
263
-7168
4371
-2852
1033
-7168
-8709
1064
-6411
-2044
268
-10220
4100
-15340
-52
-7156
-11765
-21476
-3604
-6120
10506
-8188
7423
-2848
-4097
-7952
-2812
-7940
-5885
-5096
3272
-10240
8225
-13288
-4355
1268
2313
-6112
3091
-6096
-6139
-5092
-6144
-4064
5402
-20440
3077
-5112
-12300
-4068
4357
-5060
9746
-10196
-10197
-5060
-9224
-9192
-8179
-7124
2805
-14312
-7422
-9176
2300
-11184
487
-6120
-8216
-5916
-978
-8136
7668
-11256
-2302
-17380
-1254
-15112
4871
-16344
6123
-9208
-9481
-2012
8213
-2048
-1283
-11248
2538
-10204
-9200
-12244
-9174
-4068
760
-13288
-9941
-9148
-262
5188
-11258
-10232
-992
-12260
-1725
-9204
7185
-3040
-495
-5084
-4098
-12260
5389
-4072
-529
1080
-3345
-9204
3098
-24292
3107
4152
-10981
-10216
11777
-11244
275
-9144
3299
-20460
5614
-996
-2527
-14288
3625
-8172
-4580
-6124
-7956
-12288
-13357
-13060
-536
-9208
1
-776
-11022
-8176
-1333
-9196
2835
-10093
4858
-6140
16408
-16356
-2832
-17317
-2301
-980
3609
-1812
1745
-12244
3333
-4084
-2037
-6096
3611
5148
-792
-9208
520
-11220
1808
-6140
-3316
-3048
-770
-6144
-4638
-3040
-3068
4112
-2811
