-13260
-3325
-5892
-3821
-4012
-8945
-4084
-2615
-972
-2538
-9188
-759
2064
2269
-15320
2109
-7140
223
-5068
-7368
-10216
-7682
-11252
-767
-9184
1024
2092
-2020
-12268
-12810
-10204
-5385
3104
3866
-10196
4607
-3052
8202
3096
-3848
-3032
-13343
-16136
-6384
-16356
3313
-18372
9760
-6928
4619
1072
5890
-3036
-4379
-8980
-4345
4
-12757
-12280
1008
-21256
7928
-9164
4835
-7100
-2030
-2012
9749
3144
-8736
-3032
7168
-7140
2819
-14284
529
-12280
-5628
-8172
7940
-17368
-4363
-9184
-1269
-6128
-7171
-988
7977
-14300
7145
-3016
11052
-10220
-3066
-13292
-11270
-3048
1262
-2012
2046
-5060
1530
-12264
1782
-13296
-1563
-968
7962
-8128
-5369
7188
5613
-1000
5655
-12232
1031
-12280
-8190
-12272
-526
-5076
-3128
-11224
2811
4136
-9203
-14336
11250
-3052
-17355
-2048
15601
-4064
-343
-12244
4863
-3048
4877
-2032
-4099
-10200
-2595
-10204
4057
-3860
-7925
1076
5123
-15356
1764
-15328
-8975
-11256
-1284
1272
26
-15120
-3577
-12048
28
-1016
1555
-3852
8927
-13248
-1041
-980
8444
-14324
-2555
-8180
10779
-8152
-809
-968
1066
-7148
234
-5112
492
-2004
-2064
-5116
8457
-5084
511
32
767
-7108
-4592
-9212
2550
-5072
-231
-2028
-2004
-9188
-4134
-4056
5626
-13292
5135
-13280
5343
-3072
6628
-9212
5659
-4024
10794
-3056
-2333
-10216
9487
-3024
1285
5148
4608
-4084
6152
-6100
-7142
2300
-2843
-5104
4602
-6116
-2044
-1992
-1308
1036
-528
-14304
6961
-20464
-3294
-14092
-11277
-8168
2304
1088
-3832
-3036
-1222
-11020
1296
-6120
-2564
-9188
2348
-3040
-4596
5372
-2322
2068
4350
-2028
1283
-10228
-5611
-12276
-6937
-4072
4604
3324
-4583
-8180
1272
3096
-1241
-7120
3046
-7148
7424
-4092
6150
-3028
-5118
-4076
8216
-5092
1808
-7940
1770
-10028
-4828
2084
-1002
3084
-2817
-5100
-4606
-1984
-1520
-12288
-21
-5104
-515
-9204
3081
-3020
-1053
-15356
3844
-1000
-5660
-2008
-7427
-4088
3341
-1016
-2332
-13260
753
-9172
7134
-16308
5377
3080
1522
-4056
3856
-8180
1038
-976
-6635
-11248
8975
-8136
1521
-6080
-787
-14304
548
-12268
10248
-15336
-7166
1060
-9738
-9160
-501
-14316
6680
-7156
-6420
-17404
243
-7100
1018
-19440
3120
-14296
-10774
-27348
-1268
-9156
-6677
-8140
3824
-16376
8959
-2028
-16121
-4064
-2542
-10164
-2849
-5092
9750
-21260
-1490
-6108
8691
-15344
-1606
-13276
-4068
-12228
-4638
-13292
-4079
2096
-3332
-10020
-1776
-2016
4849
-17380
1573
-4092
3807
-14088
1022
1072
6942
-960
1540
-3036
-497
-13312
-1289
-2876
3847
-17384
278
-2828
9730
-17376
3069
-9188
2054
-3040
523
-19392
-544
-11252
6379
-10000
-4615
-2024
11258
-5084
5136
-7164
5127
-8964
5876
-1008
4086
-10212
5874
-15328
-7428
-5096
-10994
-9200
8195
-8188
-6400
-6916
-7941
-12272
747
-8160
-3348
2072
2527
-8184
1764
3088
5161
-13288
-1320
-3028
-8751
-2024
2296
-10168
-2280
-17380
3047
-7132
2042
-5076
-1023
-21460
3353
-8168
11783
-3072
-9423
-13284
5376
-11264
-3062
5132
765
-6076
-1555
-3844
-788
-8164
31
60
9438
-10216
-994
-4048
9933
-13272
-11787
-8180
4058
-9180
-1284
-4052
2048
-5108
4628
-10216
-773
8
1772
-13300
4611
-5104
-6411
-4080
3345
-12272
-5400
-5096
2079
-2820
-1
-12268
3114
-2012
-5849
-2820
1752
-4080
8731
-17388
750
-17368
1565
3116
-4099
52
1013
48
2803
-7940
-4098
-13268
6640
-6084
-3553
-17392
-7159
7208
-2790
-21492
6884
-3048
8430
-12244
-4604
-9156
253
5140
-7670
-20452
3353
-4072
6143
5128
-1034
-7152
11538
-8964
-4108
-2012
-4351
-3044
5395
-2024
2043
-7164
6921
3100
-8439
-10008
-1045
-6144
4857
-10208
-3817
-6124
3069
-14320
3580
-9208
-5394
-3040
5390
-9156
11799
-1012
-5086
-3004
7939
-10192
-6366
-10216
9964
-996
2060
1076
281
-15328
3845
-3044
-9202
-11196
6131
-2024
252
-10204
-3883
-15340
-1805
-7144
-3061
-3048
1257
-9176
-781
-5084
2295
9284
-2040
-8160
2043
-15316
4637
-10188
476
3116
-2062
-10228
-6671
-1796
-12256
-11252
12798
-18404
293
-8168
-3097
-14324
-4634
-5116
1843
-2840
-6641
2056
2276
-16352
-2510
-5088
742
1268
-8693
-1000
1297
-4028
-3
-1820
-2564
-3068
-9998
-10200
-1041
-10200
-2814
-1000
3855
1080
3552
2288
-3345
-8156
-1533
-16160
-4611
-7152
3591
-6128
3340
-4040
-526
3116
2832
-9168
4881
1068
-19504
-4044
2074
36
-3320
36
-6189
248
2566
1024
-10
-5108
-4378
-13272
-4591
-16336
-3318
-4092
25
-10224
7934
-8164
-2310
7224
6905
-4076
5382
-13272
-1011
-4872
6646
-7144
-4337
-6120
4855
-5092
284
-9192
4125
-5100
4589
-12048
-3046
-8152
-277
-10216
3290
-12272
-12
1024
-10222
-9988
4839
-21464
1516
-13268
-214
-8180
514
-8176
-2593
-17164
3300
28460
222
-5088
4863
-968
1019
-3036
-3051
3100
1289
-1020
1808
-6088
3053
-16356
237
-988
4400
32
2849
-1804
-11513
1060
6627
-8160
-2032
-9212
-7175
-2048
-532
-16380
6429
-14260
-9209
-3868
-2026
-17396
5618
2080
-3351
-11240
-1021
-10200
1794
-12284
6911
-6120
-4621
-12264
5893
-16360
4879
7216
7906
-18356
-1511
-1004
5123
-22224
-746
-11200
-2283
-7156
-4384
-11236
-2582
-6108
-6632
-13260
9697
28
-745
3316
-5889
-5056
23
-5108
-2297
-3016
-9989
-8160
12267
-6116
1041
-9196
-5905
-7156
3337
-9188
-994
5144
-2324
-10224
-6654
-5108
8674
-6128
-6389
-7940
3329
-10184
-2570
-15336
-4108
-6096
-5613
-10200
1803
-1812
-1770
-3060
5080
-12177
-5370
-20456
-1776
-13264
-2301
-9192
2044
-4040
525
-5104
-5
-17340
-2827
-6104
-1518
-8976
3597
-4076
-1018
-2016
8947
-12280
-2800
1036
3070
-5112
739
-10216
519
-10220
-1013
-15352
-4625
3116
-4335
-9192
12772
-19420
-3583
-1976
4080
-14328
4610
-7160
-1300
-10196
-2326
-10204
6410
-11252
-8451
-3048
-8684
-11216
-9968
-19448
6895
-6092
-1281
-17384
-6117
-22224
5347
2060
6149
-14292
2044
-6132
1810
24
-1285
-10240
4863
-6120
3305
-9180
2824
-6116
3340
-4064
487
-8964
6132
-13284
-5570
32024
2592
-10224
-3363
-3068
-1250
-16368
3337
-12252
-3846
-15324
2570
-10212
2275
-11260
5147
2064
9217
-5088
9510
-10208
-2312
-8136
-3845
-6112
8460
-20460
-4830
-9180
-2038
-2820
2281
-6100
243
-4072
-4611
-1000
1529
-3024
5133
-2028
4350
-7952
-8199
-7124
-13811
-11232
-6907
-8168
3303
-15344
-9754
-6120
17656
16
-11521
-13252
-32
-2000
-4890
-16312
2055
-8176
-7408
-4052
7442
-16364
-2576
-8148
-1529
-13296
7661
-13244
7450
-8120
-1285
-11220
12777
-6128
-4354
2080
-715
-5088
-807
28
-744
-8160
5351
-5092
-7701
-6920
-1261
-11224
-1837
-15340
-5354
-13244
4563
-11196
-2314
-4080
-3290
-5892
-744
-956
6400
-4048
-4392
-10188
796
0
-9469
8
31
-23268
2811
-6100
-1569
-5096
7665
-10212
8961
-5104
-7905
-12276
4084
-7096
7150
-11012
-9
-5116
1238
3136
5636
4140
-7720
-7152
6939
-3048
-5121
-10228
-2785
-5108
-8170
-16372
7138
-7152
5155
-11224
1557
1044
503
-2836
-5922
-19448
-2823
-11200
262
-11248
-2842
-5056
-6382
-8160
-6930
-8140
1052
-6096
-5408
-1968
-1786
-11224
521
-9168
-8183
-7136
-2035
1056
2830
-5084
-558
-8152
-6921
-4888
-2571
-11228
-4335
-8152
4341
-8184
3827
-4064
37
-11208
4643
8
-4123
-9996
9714
-10184
-6390
-7136
-244
1040
2309
-8168
-3309
-1812
-5135
2076
-7170
-9168
-2027
-3876
7678
-20452
4871
-12240
8968
6164
-4374
-2012
-5910
-3012
-253
-15304
764
1040
-275
-11212
-1498
-11232
-6901
-4076
-8951
-3844
5621
-4080
-7694
-8184
6401
-3064
6678
-9200
9478
-16324
6172
-14312
-1796
-13284
2030
-9192
-3371
1048
-2316
-7148
1825
-6120
-11016
-11212
-1579
2288
-2790
-1004
6637
-1796
1286
-10240
2308
-11240
3622
-11256
-11242
-11228
7908
-8192
760
7168
2292
5120
-2540
2300
-748
-6112
-5611
-9156
-3864
1072
-2305
-10236
2818
-8144
-3882
-2992
4352
-3032
-5915
-792
-6137
-1988
-7941
-7152
-5157
-12276
-6142
-5068
-5656
-12272
-9708
-5084
3052
-9172
4627
-5100
-1509
1052
3557
2068
-4623
-13252
-1807
-7144
-1530
-8972
-790
-4096
1005
-9200
5625
-2048
-1508
-2008
1794
-8180
4337
1040
-258
-8160
1038
-15300
5131
-13248
6124
-9200
-4038
-10168
11268
-6072
-3847
-7168
510
-10216
-1056
-7136
-7181
-12264
2818
-3032
-4110
-15112
9
-1984
2059
-5112
-9227
-7152
1569
-5100
1261
-13064
1015
-16348
-3093
-8156
742
-15332
2024
-3040
1798
-5100
-1056
2092
1806
-7148
8191
-8164
2081
-1980
-4614
-1808
5135
-7132
2306
-14312
-5373
-12232
10530
-10176
21539
3080
1003
-16384
3828
-5104
-998
-1808
4093
-8156
1263
2292
2596
-3032
-2567
-13288
-3365
-7136
-3085
2048
-11515
-9180
-6161
-9200
1744
-3040
-5144
-4056
-4347
-18404
-12536
1048
-2574
-8156
7686
-11244
-5131
-8156
2034
-2008
-6925
-11020
-14056
-4076
-2009
-16352
3563
2292
3592
-3036
-7689
1068
-4103
-15316
-9462
-8140
1532
-11248
4093
4124
2546
6152
500
5156
2306
-15269
2809
-5900
-2053
-5092
280
1080
1000
-2008
494
-17368
2549
-6132
3805
-3072
-3103
-4072
7693
-10220
3583
-8148
-263
-10240
-10486
-9188
4352
-15332
-5146
1032
-3577
-7136
7131
-7152
2322
-976
2813
-933
-3306
-5096
4351
-16336
5376
-11248
1267
-10212
-526
-17372
-5127
-14292
-6367
-14312
8193
-10232
-13801
-11244
-295
-7140
-1035
-14336
-4830
-11232
12792
-18408
231
-10212
-502
-16372
3258
-3040
-1556
3132
-5881
-7140
9201
-6916
-9984
-13268
1298
-8148
-4565
-15140
3054
4100
3563
-9208
795
-10000
2530
5128
-3540
-14084
-538
-5076
-6126
-6140
7407
-6136
4602
-5096
-2324
-992
5903
-10012
-1527
1036
-6676
-6132
-4382
-6064
3116
8
-8158
-20464
-4097
-12256
6370
-9216
-5930
-11236
-2059
-5104
2063
-5088
-5127
-6100
490
-2032
-4847
-2828
6105
-10224
-4065
-16364
15
-4068
-3350
-11264
1785
-8176
1550
-8144
1564
-2044
-2575
-7160
9433
-4052
-2563
-12260
1551
2076
-4373
-5096
-753
-3032
3855
-4076
-8447
-13064
2598
-11216
10777
-5052
17694
-9180
2047
22300
2556
-19424
-14
-16364
-1339
-7116
3569
-5060
-8
-10156
3871
-9148
512
-14332
-8202
-18412
5350
-4072
-4873
-10216
-9195
-15348
7430
-4080
1527
-11212
2609
-11252
1070
-9136
-6914
5132
6399
-3844
4400
2080
-13838
-3020
6915
-5052
-4075
-9148
-4884
-6140
-14076
-17368
-4884
-5120
-257
-12276
549
-996
15860
-3028
-277
-2020
-1271
-6128
5911
4128
2087
-8160
-1556
-5088
4586
-4056
-4595
-6108
-2808
1272
2833
-2040
13810
-9172
7960
-13304
6606
-11264
5833
-964
-11017
-9200
-776
-4068
7190
-12252
777
-9216
3534
-11252
-4621
-14304
1219
-11252
4577
-7128
7196
-7140
17397
-12040
3603
-20420
7658
7204
-7459
-968
-12792
-8128
3311
-10184
6421
-11216
-1579
-14336
5160
-3860
3330
-12260
28
-4092
-1762
-12284
3849
3112
-5624
-16376
5630
-3064
-5126
-18404
11766
-8176
-3113
-15128
-7641
1064
-9222
-7956
19231
-4892
1242
-14316
-5618
-4092
2823
-14088
-830
-6076
-7398
1028
-2108
-780
-3337
-14088
-3077
-2004
-4315
-14324
253
-2028
-1813
2052
-2810
-13268
7183
3104
-7459
-12256
-8187
248
-291
-7144
-8129
-6112
-1050
40
-540
-4072
6912
-1796
-5588
-7124
-247
-10184
-1275
-10212
3815
6176
1258
-6132
-4348
-9172
7437
-2020
-5357
-12284
6635
-15265
-12
-13225
6667
-14316
-10725
-20428
1056
-7108
-4590
-2016
-2807
20760
-4348
1028
3338
-16360
-2075
-12256
-12220
-3072
3338
-2024
-8704
-3024
-4826
-15344
2825
-17176
3582
-9164
249
40
8971
-2036
-1294
-10228
3048
-15140
-4593
-15328
4860
-7944
-3825
-8160
4593
-3040
1276
-10129
542
-13060
-4563
-13252
-1294
-8168
-5091
-7132
7891
-5100
3306
-7156
-7664
-12252
4124
-8188
-4861
4348
-7437
-992
6920
-11232
-5887
-9204
-4856
-11040
8216
-996
3049
-3060
1505
2072
-7680
-6128
-2261
1264
2021
-5900
4355
-8140
-5380
-8176
-1784
-3052
5356
-4056
2821
4140
2779
-8164
-3363
3084
-4349
-9172
-5125
252
5877
-2032
-499
-7132
-3329
-11228
-6412
-13264
-5142
-5084
-1005
-3056
7638
-7144
3063
-11224
6385
-4084
6930
-7120
6144
-3040
770
-7124
-7698
-10212
-5375
-2012
3810
-7140
2803
-14328
-5654
-4060
1517
-4036
-2817
-9184
-12834
-2008
4587
-7168
4901
7200
7718
-3064
-1570
-4056
-2304
-6116
-4394
-3052
244
-8148
-1803
-4052
268
-4080
-522
-4052
2590
-6112
5129
-996
15131
-8176
-802
-2024
-10774
-5896
1289
-8136
-5630
-772
-13555
-5084
10227
-13280
-3842
-4056
-771
4144
-4585
5132
-1265
-4868
16
-6124
-4370
-9164
-1526
3088
-2299
-15348
6858
-4076
3052
-8132
5362
-7144
2051
-12240
528
-4096
992
-9176
-2792
-10204
-11770
3320
6108
3104
-2316
-10204
7438
-6092
-1801
4124
3863
-12268
-3611
2072
-498
-6124
4100
-8160
-3823
-9156
1769
-4036
2301
-7104
-4103
-6124
242
-7136
-1031
4124
4377
-9172
3048
-9208
5874
-6112
2848
-9192
-262
-8184
9214
-11232
-3043
-10212
7144
-9160
-8435
-8192
3552
-13268
-9
-5116
-288
-23280
-1780
-2032
-6925
-4876
-2005
-972
2270
-15348
14828
-12288
-3304
-4088
-5401
-12280
5354
-10192
2014
3088
1771
-5080
-3574
6392
-7921
1084
-1030
-8188
4108
-8992
2552
-1008
-6665
-7116
3084
-12268
6160
-16360
5625
-5892
6906
-12252
537
-4044
-5627
-16352
6658
-6916
8453
-6920
-2050
6192
-8678
-16344
2532
-5116
2041
-3040
3826
-3032
-7691
-6120
2544
-8144
-13
-3052
3076
-4048
-13308
-11016
-3301
-4080
-1016
-10184
-7965
6188
-1271
-11264
-4327
-8156
1252
-956
3333
-12280
-503
-8176
3071
-10232
-1295
-12048
-1567
1060
6659
-10216
3583
-6104
7683
-5092
-6929
-8148
-10497
-12268
3818
-13260
11775
-16352
-6156
-16348
2045
-3872
522
-9184
-2062
-8148
266
5128
-3612
-13076
-5104
-2044
-7422
-11256
-4624
-11016
-1783
-6088
-6695
-7152
261
-11196
-6625
-1796
4380
-6916
11522
-9180
-5071
-16376
1526
-9160
2034
-14316
-517
-10188
1022
-12252
-2036
-1008
-239
-13276
3578
-6124
-3603
-12264
3346
-2048
-2087
-10000
-1285
-4056
5375
-6128
-2081
-3844
1276
-3844
12569
-12264
-5108
-5892
-8
2096
-7904
-8144
3820
-3040
-997
-15336
756
-13300
-2060
3084
2070
-5092
2043
-9184
-9457
-6088
-1032
-4088
6707
-9192
7911
-5116
-2315
-10228
-3859
-5112
-12311
4144
3598
-7144
11819
-12280
2552
-5088
7940
-5112
-7188
-3008
-12525
-8168
3845
-6100
-10226
-13276
4892
-8968
3088
-3068
4328
2092
2304
-7128
-13541
-16360
1556
-9152
-256
-2020
4100
-19436
-2796
-13300
-16
-12268
-3582
-14316
-8484
-13296
1059
2072
-3577
-5084
-4110
-11224
-3583
-8160
3565
-11256
-5858
-4032
279
-4056
-1001
-12228
6687
-18428
220
-2016
-252
-10200
-1790
-7132
-3576
-3044
-790
-9148
-504
2084
5909
-972
1281
-9176
1753
-12268
-3069
-11232
-1039
-8968
5067
-7160
276
-9180
8479
-8136
759
-6144
-4119
-2012
-3372
-15356
5110
-8152
-2021
1028
11032
-6092
-1826
-960
2798
-3028
5133
-4092
-3032
-7148
9717
-13300
234
-9188
1518
-2024
8434
-16356
-3583
-5112
-4071
3088
1275
-4044
6390
-11260
14348
-5112
-766
-3032
-11002
6184
3070
-2048
742
-2832
2051
-11192
8909
-12244
2057
-976
10726
-7144
-6112
-11224
-2553
-5900
-1804
-5100
-1521
-15352
-6898
-6144
-5139
-5068
-3303
-21464
-7434
-5100
-3857
-15308
-6928
-3868
3077
-3032
4590
-3856
3902
-6128
2311
-8148
3574
-10184
6907
1028
5399
-9180
-4085
1080
-561
-11248
500
-10196
7434
-12268
-8673
-3052
-1266
-8184
4880
-16364
-6960
-11252
-1254
-8116
8440
-2024
-1785
-15324
11507
-17376
3865
-3036
-15
-11240
4135
-8160
-4650
-13244
-1742
-6936
3597
-8168
9747
-5080
-4077
-8160
-5385
-5044
516
24
2103
-6116
9454
-13284
2815
-8156
1838
-12264
-6641
3080
1307
1040
6439
-7108
223
-13292
-6166
-6928
-6136
-1961
5898
-7108
1334
-11232
8439
-3032
2577
48
1797
4132
9491
-12232
-8709
-15316
6398
-8152
-9230
-13284
1797
-10240
-5374
-1808
-5141
-11264
-4880
240
-1524
-6100
765
-18392
-2530
-1996
-3304
9280
7450
-13252
4057
-2028
11240
4
-3296
-5100
-10750
-6920
747
-14296
-3137
16
-3624
-14308
-5657
-4012
4621
7180
-4357
8236
34
-5104
-7914
-11252
1838
-8164
-10274
-15352
-534
-10196
-2029
-7952
4328
-11252
3104
-4072
-1807
-11240
-9716
-7160
3596
-3072
-2073
12
7133
-11248
2542
-9180
-7200
-7116
-6687
-4068
-1295
-11224
-1012
24
-251
-17360
-2530
-5096
4093
-7156
4892
-10208
-550
1056
2838
-4068
3807
-15312
7423
-6916
-3061
-18396
998
-14332
3831
-12264
-1774
-6136
5350
-6104
524
-9200
-2572
16
-1800
-2036
-2060
-7940
7439
-8168
-3317
-13296
-5395
-7152
2785
-8176
510
-2840
-3357
-6128
-14071
-6132
8947
4172
4329
-6128
3580
-9192
1275
-6104
5169
-1992
1814
-7104
-233
-8144
3821
-6104
2806
-8160
1031
-10208
2016
-8176
-5869
-11228
-4366
-12284
-5124
-776
1746
-11216
-15340
-6116
-1014
-11252
3379
-16364
2036
1268
7945
-5112
6386
-6924
-3068
-4068
16656
-6132
1005
44
-1999
-6096
-4828
12
-5942
-4068
-8200
-2028
-1503
-15344
2316
-7164
1017
-3068
-2058
-1804
6643
-10196
527
-3040
1055
-5912
5141
-4036
11776
-12036
2542
-11240
-4103
-7148
-5868
-1016
-4088
-16384
11020
-11204
1020
-3044
3081
-9200
3600
-8152
2824
-8144
-2855
-8152
-5380
-9216
4102
3112
-14
-13264
-8966
-11224
-2856
-10236
-4
-9176
-517
-10232
256
-13068
9726
-11212
-2053
-10208
-5905
-11248
3833
-12276
2008
-9192
-6652
-1024
-498
-10184
1304
2084
-1029
-13308
786
-1996
-5901
-4868
-3053
-3056
6121
-5892
-6129
-4064
3077
2088
-1557
-12284
9730
-7156
-8213
-4072
-2279
-10000
-5138
240
755
-11184
9733
-14320
-19740
-8188
-4363
-5092
4607
-7120
-7654
-8176
4620
-2024
2039
-18396
-2044
-3852
11025
-14260
-6660
-3052
2789
-7940
-7640
-3052
757
-6120
-530
-5076
-8426
-13268
3346
-8101
-2817
48
-5096
-8176
16861
-12272
11544
-15340
-4307
-7140
2819
-6092
-8191
6160
7939
-15360
9459
-13288
8693
-8184
-2802
-4044
5118
-8140
-5624
-1804
-8959
-3044
-7442
-10196
5907
0
2325
-9996
-2319
-9164
-8225
-14288
-11015
-8164
11255
-5912
3309
-10216
-5865
-11248
8956
-6108
191
-3056
7385
-7956
-10477
-3024
10476
-4868
5369
5136
-8454
-4024
-235
-3044
2857
-8168
5377
-15312
-8719
3132
-4852
-6128
4080
-8188
499
-6140
-1279
-2048
1271
6396
770
-12236
2255
-8964
6942
-13304
-9217
-6920
2547
-11252
4611
-1016
8464
-6100
4879
-10232
1541
-1020
503
-7152
2020
-15284
815
-12280
13596
-11220
-540
-13225
1540
16
3078
-7136
6381
-7104
6634
-14312
3350
-14336
534
-5088
-4127
-5088
3853
-3032
4103
-2008
-8475
1028
2046
-6128
8148
-3040
3354
-9988
3834
-4060
3325
-8152
-254
-11236
-500
-19448
2022
-10184
2800
-4060
8464
-4060
-4863
5136
-2817
-11244
-4127
-5092
3840
-9216
1540
-14308
1826
-1000
-2832
-4096
3095
2104
-1559
5148
-780
-6104
5072
-3072
2569
-10004
1511
-18400
2599
-8188
-1773
-4076
-989
-6128
3850
-3068
-4579
-9216
-9208
-13264
-8435
-20452
1296
4136
-1328
-6112
-1056
-10192
1526
-9216
1316
-4048
-1522
-8180
6134
-12272
-5135
-2032
13306
-2040
2345
-8992
10225
-8964
4637
-8184
997
-4064
4618
-8176
3063
-13296
11504
-9176
-3607
-14296
-261
-7156
11784
-1800
-4574
-988
5128
-2012
26
-14316
-4342
-8168
-4609
-13284
6388
-6132
9212
-13300
6631
-18404
2083
-2024
-2043
-15336
10226
-13308
785
-4068
-3614
20
4090
-3052
755
-10212
-1293
-15340
14106
-4072
4105
-4868
-5393
-4080
1262
-9996
-3616
-24268
9690
-4084
-9708
-21472
5886
-13288
-1853
-980
-1753
-4064
4849
-7140
-10292
-12232
3573
-13276
10496
-7148
4628
-1008
2037
-4044
-7443
-956
-7429
-11024
-7141
-9156
-3079
56
2328
-4068
-2546
32
-8977
91
536
-3044
2593
-6124
-5370
-13300
4367
-12228
-1510
-17396
1776
1104
1297
-10212
10736
-7128
-491
-7132
2299
-13221
-2855
-19416
8174
-4068
269
-7108
-777
-1000
7482
-16348
2560
-2048
-3354
-2016
-3835
-3040
3594
-12260
2318
-4884
4886
-8968
4130
-13268
-8163
-3052
250
-22220
-4865
-5100
1521
-984
5900
-6120
3096
40
-7398
-14312
9481
-14304
-8180
-3052
2056
-3036
-7669
20
12799
1072
-4601
-5072
-7964
6180
-11769
-7077
-487
-4072
6419
-10188
3012
-1968
-3324
-12260
-5863
-1004
-1553
-6124
5369
8
3369
-17364
-4
-10212
-3531
-8176
-12751
-5100
11047
-2024
4580
-5104
510
-4060
557
-12276
6382
-19432
-7636
-7120
1532
-13284
3343
-15300
-2038
-8164
6113
-12240
1808
-7108
-2050
-9172
5874
-4096
-4058
-3056
-1550
-18400
2050
-3032
5141
-5052
2294
-10204
-14337
-8188
-4116
-9184
-9725
1272
12022
-7124
-6887
-3008
-750
-7156
-2561
-12260
-2029
3084
7946
-9192
-2330
-10212
4884
-4052
11005
44
-2078
-9180
-497
-10196
5362
-1020
510
-8148
2567
-14316
-297
-13260
9991
-5116
1543
-9172
-5919
-12288
-2838
-10184
-5365
-4084
2568
-16348
1548
-10208
7450
-2008
5115
244
4624
-3848
-2809
-12256
-7214
-7128
-4081
-2040
1035
-18416
-6412
-5092
-4395
-6092
3069
-10216
-26575
-19396
16862
-4884
-8421
3156
7720
-7120
-3347
-13256
15121
-6120
1029
-9168
4096
-6112
-6408
-16368
2290
-6924
-4342
-9208
4860
-10216
-5115
-15352
14343
-3052
1794
-5092
4369
-1016
-772
-968
11769
-8164
-4331
-14312
5086
-16364
-6122
-7132
-11024
-9180
-3063
-5116
11289
-10164
3859
-6080
-1537
-7148
508
-5088
223
-5068
-12008
-13264
2031
-9156
-10497
-15312
-494
-14100
8947
-17344
-477
-11256
2293
-9144
-5343
3108
8195
-6096
5095
-10200
-5175
1048
-2304
-10236
8450
-4064
10262
-8984
-5336
-4084
7720
-16372
-5387
-9180
17935
-5116
3096
1264
3354
-9200
-10953
-9212
7439
-3052
2565
-11212
-1503
-7140
3845
-7140
1755
-2024
9967
-2044
-3352
-11256
5639
-5068
-1295
-4084
-5607
-2024
-2569
-5096
4626
-4060
1557
-8132
4350
-6132
784
5372
1850
-10236
-3078
-4024
6932
-11204
5172
-7140
4585
3096
-2546
-1828
-2824
-19400
1035
-3052
-774
-3844
-1019
-980
-229
3324
-1550
-11024
-3826
-9160
5124
48
-1050
-7132
-3340
-7156
-4862
3096
1007
-13240
-1022
-2044
8957
-14320
9217
-12248
4632
-16356
9758
-10204
-2081
-1000
13053
-10232
6383
-15108
-7441
-4072
6682
-2032
-5122
-4044
-285
-4064
-9704
-9188
4856
-20404
-2274
-7088
-536
-12272
-506
-6100
-6622
-5096
5634
-4092
14324
-11232
1028
-5044
5622
-8148
7194
-4068
-4134
-7019
-5104
-8964
2031
-8180
520
252
4861
-11248
-4078
-5044
1520
-9152
-1511
-10212
4577
2056
3061
-6136
2290
-11236
-10733
-5104
-2281
-4076
-4897
-8184
-1039
-13288
4601
-2020
-511
-4048
-4365
-12228
1264
1044
-4046
-15320
-11763
-6924
11510
-7152
3839
-13276
-1055
-7164
-3104
-9188
-1779
-13304
3588
-6128
1020
-5092
-533
-7136
4861
6152
2554
3072
-10239
-6136
5616
-960
-2530
-19392
8692
3088
-7916
-6124
7672
-2032
10499
2060
4861
-12044
507
-9188
7930
-16348
2809
-22260
-5112
-11016
1273
-15344
-516
-4068
6140
2280
-3286
-14092
5368
-3036
7433
-11240
12844
-11024
2561
-9172
5366
0
-6406
-9180
8201
0
-4347
-1808
-2297
1068
10516
-7160
-4082
-15332
14068
-15300
-1776
-3064
4600
-14280
3286
-3024
-1306
-13288
-13064
48
-2311
-25320
-2083
-13280
-14318
-12280
-6904
-9188
4329
-11184
-6137
-6104
-5096
-17372
7147
-11264
-5407
-11240
-2310
-1020
-7967
-15288
-2808
-7156
16
-7124
4
-13292
3560
-3052
542
-8168
4105
3092
3822
-9184
-252
2072
3049
-3032
-1561
-3056
5382
-6100
-2783
-10200
9513
24
12549
-17384
3061
-968
5342
-9988
-775
-1012
-3557
-11244
-506
-3068
3866
-3020
-3310
-2024
5112
-8156
-5642
-7956
245
-15344
13806
-6076
-4042
-5120
-772
-6116
2292
-5084
4847
-15316
-3869
-4060
1079
-13300
-5348
-3052
2811
-11240
1786
-4064
-10490
-10196
-1011
-4064
5649
-9144
3297
-4032
-7211
-4036
-502
-8160
2052
-10220
8174
1032
-2046
-1984
-1550
1064
-2632
-13280
249
-8136
4582
5124
-4846
-5116
1052
-8160
-3338
-13304
-2035
-11252
212
-15340
-13307
5144
-5882
-9196
2044
-11264
8937
-4028
-759
-968
2051
-8168
-8202
-4072
10009
-8132
3788
-5068
-2824
-780
2577
-8176
-3357
-13221
3059
-6112
3598
-5112
-503
-10224
6386
-14316
5146
-5112
-1540
-15328
-6423
-11248
-3312
-10236
5117
-1012
2528
-9176
-1516
2296
2065
-2020
3846
-15320
267
-9196
-549
-5048
5145
-7148
1023
-1992
-3573
-9200
-11247
-7152
9745
-11016
-14864
-4072
4616
-17376
-1014
-8144
-1306
-9184
11772
44
9463
-11228
-8453
-6116
1306
-4056
6700
-8176
-518
-5100
258
8412
-3599
-4052
-253
-18380
2264
-14096
495
-3068
5107
-5096
-1018
-5112
3864
-3028
-795
-14292
-753
-3028
5610
-13248
11297
-6120
470
-11260
-3582
-18396
3320
36
2564
-22232
-3085
-3012
4381
-15328
5113
-14308
-6926
-9208
-1277
-13292
-1790
-3036
-4087
-11260
-5360
-18372
6435
-12036
2559
-7120
3348
-9168
4882
1276
3061
-10212
-14570
-11208
750
-3860
4380
-5072
-5629
-7144
-3867
-5904
5619
-16376
214
-3848
3642
1272
-2534
-6132
497
-4052
-3825
-17396
998
-6116
-9735
-996
-13327
-11248
-1543
-7140
-2080
-6136
-1544
-2004
2570
-11200
-2342
-8160
3561
-10228
-3307
-4096
-2575
-14320
1801
-3064
-6916
2048
2271
12
-1051
-2836
786
-10216
11
-4868
-1755
-7136
-3063
-788
15913
-5116
5868
-11240
7671
12
5381
-6084
-220
-20420
-1803
-20472
4117
-8964
11019
-980
-8955
-14296
5134
-11212
5355
-15296
-3091
-3040
-2811
-18372
4817
-14237
-4328
-10220
-2285
-6132
7704
-2832
-289
-10196
9476
-12272
7435
-11236
7184
3096
-1016
-6136
-4089
-4076
-3806
-6112
3334
-7160
530
-4052
-507
5140
5141
-12264
-2546
-10220
256
-14292
-292
-6116
-260
-5060
-9763
-8164
-11530
-8184
-4076
-3032
7973
-8148
-512
-2020
748
-8148
-284
-11240
5135
-11256
-16684
1076
1548
-12248
-9002
-7148
999
-18372
267
-4060
3606
1028
3853
-14300
211
-12040
-7402
-7948
797
1064
-6666
3092
12550
-10232
-799
-7132
-7386
-6108
4580
-8168
-7707
-4040
-265
12
-4864
-17380
-27
-4048
4091
-7152
9977
-18180
1802
