-13256
-3341
-15324
-1283
-15360
1552
-10228
-5936
-5084
1044
-17344
-263
-2828
8479
-10212
6670
-3012
2825
-10220
2512
-10208
-4883
-13268
9752
-14280
-6620
-4072
-8420
-19372
-8456
-10180
6412
-3028
1046
-12248
7168
-3844
2046
-4092
9759
-10168
2782
-5052
-520
-2000
-14362
-13272
-9518
-9212
-1276
-5104
7155
-3060
-7960
-11220
2825
-7140
-749
-12280
-5878
-8140
-3834
-17372
2578
-8968
5138
-11228
9458
-7152
-505
-11260
2584
-13264
1556
-17388
-220
-5072
-8227
-7100
3551
-7140
-749
-12272
765
-12276
4826
-11220
-2544
-5096
3573
-7148
3323
-9200
1795
-10192
1832
-11228
5627
-10228
-4119
-3060
-2845
-14276
6636
2088
-3842
-10196
4326
-27344
-3061
-10212
-543
3100
-8722
1052
9727
-13268
4864
-4012
-4624
-7152
24942
-5092
-9496
-13288
2034
-11228
1269
6396
4103
-12224
5910
-5080
2804
-17344
5372
-19408
-5633
-1016
-799
5120
9727
-7140
8200
-8164
-3514
-7116
8922
1036
1542
-12224
-9193
-6120
7960
-10192
-1259
-14304
8434
-12232
-4860
-7152
-3869
2076
2301
-5064
14834
-9188
31
-2048
-4361
-7128
-264
-8160
1554
-7148
-2314
-8172
-8421
7208
5335
-22268
-1009
-3072
6373
-14100
979
1036
-9732
-9212
-7214
-3032
4080
-10204
-1769
-10208
-2814
-4064
2277
-5104
4361
-16384
10294
-11252
-1273
-14296
14853
-7152
-4874
-10236
-728
3100
4822
-6108
3836
-7956
2832
3116
-11503
-3012
2545
-4076
-2599
-2032
-3344
-14316
6642
-5112
-5356
-2828
-1291
-3052
1807
52
778
-1016
5627
-5088
6365
-8972
-5128
-11196
-8456
-3036
-1260
-11220
-1287
-10192
2032
-1996
3300
-13068
-2807
-10212
-1802
-8164
-3610
-15344
269
-8188
-4091
-14284
-4367
-14300
-8458
-9168
2034
-5072
-2289
-15116
-1295
-13280
-2593
-22764
1548
-8124
-14065
-8136
-3068
8228
-13
-6128
-3855
-8136
-2845
-7144
-8690
-12240
-8719
1256
-5911
-4056
2059
-8172
3096
-16320
2818
-10228
-781
-3068
1012
-22224
-4616
-3052
518
-5112
11267
-4064
5878
-16352
-4860
-8152
-5896
-8136
9728
-21472
-7939
-19376
3276
-5068
-7168
-1804
8432
-6120
10240
-8136
-2288
-13268
-7680
-1984
6665
-2036
-244
5356
3047
-19428
-3054
-7128
3322
-16340
-3593
-15340
756
-3032
-4614
-7144
-15078
-8156
2818
4124
-1761
-3020
-495
-4072
-3352
-20460
2558
-8152
9201
-7152
11274
-5120
-7406
-8124
15
-9196
2585
-20428
10484
-17344
1574
-5080
0
-7136
3877
-6136
5382
60
3606
-13304
-4348
-9176
9988
-2036
-3304
-3056
6670
2068
-2019
-13296
-500
-6084
-15626
-6116
-251
-6920
5381
-1992
-2042
-10188
4597
1044
9747
-11236
-1086
-12252
-1022
-14312
3053
-12264
-17943
-984
-6907
-25340
1519
-18216
3573
-984
-6675
-15336
1823
-7088
-8986
-8964
2596
-1800
234
-5892
-9978
-980
3091
-6920
5
-4056
-1808
-8180
-2093
-6120
16
-13284
-4600
-11248
29
-6080
-11242
-3064
-4628
-7152
497
-7140
-5889
-6920
2554
-9216
9724
-7160
7683
-20464
521
48
-5598
-17156
-751
-2012
5385
-7120
-767
-21492
-12023
-14312
-4150
-10212
6664
-2012
-3580
-9184
3068
-14288
-6158
-3064
790
-4068
-2059
-13280
11284
-964
-6634
-2008
-3079
-8148
24
-12240
-2345
-14308
-6642
-11228
3320
-6088
766
-9168
-7132
-11252
-4887
6396
-4071
-2040
1033
1048
-10738
-19448
-6421
4148
6634
-772
-16875
4128
-2600
-11228
-5638
-10196
2274
-15344
12781
-19424
-10767
-5892
3315
-3060
-1809
-5100
-286
-4084
8736
2088
500
-4092
4094
-9176
10023
-10196
-4089
2068
1061
-3876
-2553
-11228
-1271
3300
-5112
-4005
-3598
-7128
4848
-2028
5089
-3036
8199
-11232
3571
8204
-2789
-8964
-5132
-13276
-6695
-12284
-1004
-6045
-1025
-6120
7409
-2048
761
-13276
-2314
-6112
5869
-12276
-3544
-6116
8721
-5112
-5378
2080
4060
-10184
-753
-5112
-11261
-9184
-7662
-5108
1548
-14088
-11531
-9192
-4886
-8188
-4395
-7092
-7423
-11228
1773
-7144
-6404
-18404
-3052
-10224
14105
7204
-5627
0
3349
-8188
1025
-4056
-491
-8108
7901
-9200
-1299
-20228
2801
1068
-769
-3040
-6142
4344
254
8212
2537
20
-4375
-11264
-7434
-6116
-2569
5172
4048
3096
-246
-5048
-2813
-5080
-775
-10204
5663
-13280
3599
-13248
4100
-9164
3290
6172
1273
2296
-1022
1276
-2558
-6100
-2092
-12264
-4634
-2004
32483
-9184
2336
-20440
2278
-8184
6906
-8140
-8159
-9176
10753
-9188
-509
-9144
301
-11016
-7942
-17376
-5096
-1992
2570
-8176
2333
4112
-5100
-13064
-221
-7156
-2838
2052
-14
-11220
-9711
-14324
6380
-6120
2855
-2828
-3552
-15312
8199
-6140
3104
-6136
11542
-15344
-9734
-12260
-3367
-12232
-8972
-2028
4590
-3004
-2045
-7112
-3818
-9200
4857
-11248
-2320
-6096
-5337
-5104
7408
-9172
1787
-8176
-5369
-9176
-12838
-11252
-1052
-10188
7201
-1984
3841
7180
500
-3036
8455
-6140
2284
-5104
12541
-9196
-6118
-7092
8184
-15312
-2822
-2032
9231
-15324
1283
-9188
-7907
-7152
3856
3112
11272
-12244
1506
-9184
537
-9188
-5093
11292
-6405
-4052
-2774
-9184
-10488
-4868
5362
-6136
737
-2016
-2306
-5092
-3573
-5104
1786
4100
-756
-15304
249
1088
-4124
-6928
-5634
-4060
-7131
36
-1293
-9164
-1527
-8164
6419
-11240
-1548
-6128
1546
-13272
-6674
-11232
-1569
-8152
-5375
-22228
774
-1796
7166
-13292
5361
-12244
-3084
-1980
6110
-772
-8447
-6140
3819
-7140
2290
-1016
-5628
-7152
2028
-8156
-3832
-10000
1768
-9208
7145
-3844
-2810
-4888
-2003
-10192
-1294
-9192
-1033
-7148
7408
1056
-4605
-6112
-2056
-11264
1484
-3048
-3321
-4076
-7467
252
-2275
-8968
1781
3084
-2052
-8172
-4853
-3032
6146
-2016
8688
-9200
-2080
-11264
-2807
-4068
-3051
-3068
3318
-16348
-7667
-10216
6932
-8188
6907
-16380
1232
-12256
-3074
-2016
6164
-12256
-5644
2072
551
1060
1537
244
-4877
-11264
-5637
-6128
-5103
0
6182
-5092
-5378
-11012
3544
-15352
-4853
-976
-8472
-6124
-513
2132
9238
-11188
-4373
12
-5369
-3060
-9954
-7164
5141
-11232
988
-10200
1785
-988
-2047
-11248
5403
-7104
-1788
-11264
3073
-10232
-3585
-6116
3601
-3072
4856
-10192
-757
-6124
-744
-3036
-3344
-14284
800
-13276
-2054
-7960
1528
-13276
-1518
-3044
-5896
-7160
-4374
-5892
-4609
-992
3054
-1024
-2798
-2040
-1041
-9204
-775
-7128
-8954
-5092
528
-9988
-3548
-13248
9255
-16372
522
4152
-3343
-20452
-6138
-8160
-1045
2288
-3068
-10216
-556
1096
-2553
-7124
3860
-2828
-10999
-1024
-4335
-10192
-3834
3116
-3343
-15340
4348
-6924
-1540
-6116
2273
-8128
-743
36
10502
-17408
5618
-12264
1797
2072
-4863
-27376
-6
-1008
-3581
-15352
7414
-13272
-3316
-9160
-10989
-7132
11233
-3036
-3315
-8140
3830
-12244
-8210
-5100
-7197
-4088
-5903
-7144
4858
-8164
-2838
-9192
-3599
-10000
-4622
-2032
-9977
-3040
5615
-1008
-2796
-10180
3549
-13248
-3862
-9184
-795
-1004
2040
-7944
-3367
-14324
5111
-11232
-2829
-11212
3574
-8164
-3330
36
1292
-11252
3082
8
-513
-4056
-9994
-2040
261
-14280
3088
-4084
7927
8216
7953
-11204
-1554
-2824
-10242
-14316
-1524
-3024
8973
-5096
-7165
-3044
1246
-11240
-480
-1020
4857
-3040
-3356
-10212
-4358
-5100
9501
-6116
3611
-7136
-6901
-20460
246
-3040
12
1264
-3593
-6924
3536
-8172
7425
2108
7685
3304
788
-3028
-501
-11220
9978
-10172
-3056
-996
-1543
-3040
3052
-6120
6364
-13276
1269
-7112
12804
-14308
-4077
-10224
-7450
-5112
-801
-5068
-13345
-6116
242
-10228
-1272
-8160
10733
-4080
52
-1020
-6660
-3048
1503
-9216
-5892
-4020
-4880
1064
6674
-8184
2055
-4044
2264
-13276
8461
-9164
6160
-9184
1286
-3848
6404
-6100
-1513
-12260
3077
-14336
-6408
-15108
10249
-7132
8465
-5928
3815
-8188
-3879
-13288
-4340
-14092
9
36
248
-4064
-521
2072
-1554
5180
7388
1276
-1785
-7112
2530
-7164
2010
1064
-3575
-8188
-7411
-4052
-5146
0
-478
-7144
237
-8156
-3617
-8188
-5152
-1004
-8966
-10208
1752
-3020
-15100
-13292
-8208
-6124
6668
-11256
514
-11220
15077
3108
7164
-6132
244
-11240
-4371
-4088
-4128
-13284
7418
-12252
1011
-21464
47
-14272
-2825
-7144
-4113
-5084
5901
-3040
26
-6136
5381
-7124
250
-8124
1809
-7136
-7442
-6076
2050
-9204
1280
-6084
11273
-14320
-4095
-11240
4883
-8180
-3856
-8136
6395
-2000
1271
-27368
1564
-3028
-3082
-10184
-6839
-14296
4365
-6100
-3049
-3044
277
1064
-4137
-8184
2060
-14296
-792
-15352
-7184
1036
10770
-5076
-2297
-7952
-4350
-1808
272
-9196
793
-4868
-523
-2828
6124
-10204
2288
-13312
-7176
-14336
510
-11248
5094
2052
-523
48
-4137
-9180
6648
-6124
2854
-17356
-1010
-18396
-10771
13316
264
-9164
2068
-2036
-8204
-14312
4102
-996
-10996
-4072
5138
-9180
-2826
3116
3600
-12252
-7919
-7112
2799
2068
-2803
1060
-9248
-9216
252
60
2848
-4092
3846
-15316
2540
-2844
-5907
-3072
-1016
-5100
-514
-2024
9223
-8156
-9170
-956
-770
-1000
3600
-7144
11252
-12268
-6410
-2004
10495
-11260
5137
-1012
-4863
-6080
-1231
-15316
-5937
-10208
-1267
32
3843
-11200
-5096
-8168
7195
-9148
-1834
-12232
-487
-19424
1788
-5088
7960
1044
2775
-11260
1289
-6916
-4339
-7136
8198
-12232
-1761
-4060
1792
-12252
1530
-8176
-6134
-5116
11008
-11204
5109
-18184
-2063
-996
-6130
-17364
-10276
-5088
-5891
-3000
-1785
-14292
-2594
-5104
5872
-10208
-7939
-7100
-6148
-7112
2782
-3048
1017
-8192
3591
-15356
1012
-2000
-9968
-17348
-8706
-13292
3075
1076
774
-9196
9496
4
-3322
-13284
7687
-14324
-9213
-7152
10749
-7132
-3102
13388
-2543
-12240
-9226
-12220
-2325
-12208
-748
-10208
-1530
-8148
1041
7208
2537
-980
-800
-776
-12
-988
-6408
-6144
-7646
5140
-1508
40
1024
-7140
3840
-11016
1327
-14300
2838
-16372
-1283
2056
4879
5140
4677
-6128
5351
-10204
-4108
-12240
-1492
-4064
-3307
-6108
-1805
-6100
-4091
-8188
6138
-4028
736
-7164
-2271
-8964
989
-10212
5376
-3048
5134
-4080
3845
-14304
-1586
-10200
-3858
-3048
-5887
-7944
268
1272
6117
-12260
4874
-6932
-5393
-8164
-6689
-12216
-3353
-8160
-13794
1048
-9188
-10228
441
-11228
8472
-11224
-503
-10232
2019
-13300
-6952
-7156
9508
-1812
779
-4052
27
-996
12009
-14316
-4364
-8140
-479
-9148
-2316
-6128
-2571
3088
-481
-7124
-2561
-6084
-3599
-10196
0
-9200
782
-17364
-1032
-6088
-3314
-6124
1785
-13260
-1797
-5116
5879
-9188
-8945
-4080
-9983
-4068
-5133
-6116
-224
-6100
-7688
-2016
-9952
-12264
-1537
-8160
2062
-9164
-735
-5056
3852
-1008
-5138
-2824
4323
-10208
-9735
-7128
2811
-6072
-2032
-14280
9476
-3036
1805
-1988
-2543
-4040
4078
-14300
-230
-952
9483
-7940
-11771
-8152
-10769
-10184
-250
-6116
11468
-5080
3817
-10220
3840
-14280
12784
-17404
1048
-11236
-2542
-12232
-8174
-5108
11274
-12276
-5637
-3044
3301
-11012
5651
-11212
-1003
-14088
7145
-17408
5379
-30216
-6384
1080
4110
3312
2842
-13276
-4324
-6116
-4348
-11232
-2558
-1996
9461
-6092
8951
-10188
1024
-13256
-2833
-16352
7660
-13252
-5394
-5104
-6924
-11256
1321
-9152
5866
-8168
-759
-7116
5392
-3848
8222
-6128
-1784
-8156
-263
-12264
1270
-10200
-7648
-9121
8698
-18376
-3075
-13304
-11498
-7132
-4139
-13288
8150
-6136
1526
-7164
5088
-14328
-10220
-7140
1010
-3044
3077
-9188
1504
-996
-5903
-14288
1288
-8192
9228
-13244
3316
-980
3804
-7124
-8960
-9152
243
-1004
-6634
1044
6698
-7160
7924
-8124
539
-13288
6130
-7120
6664
-984
5166
-13264
-785
-9156
-1555
-8184
13549
-10220
1530
-8192
-7647
-4064
43
-5092
-2800
-17384
3316
-6088
-4103
-12284
-2294
-5088
1280
-7944
5615
-2020
2314
4
-7140
3128
10264
-12252
-8414
48
1062
-9156
3846
-7148
-3353
-14288
-506
-11252
287
-10208
-4076
-6100
9005
-9184
-4880
-9188
758
-7148
5155
-10212
-4833
-11240
8964
-7152
-4364
4116
548
-16136
5901
-3012
228
-12256
-1042
-15320
1784
2080
4356
-2044
-6663
-8164
8391
-3000
9473
-9160
-490
-9216
7671
-3036
1021
-9208
-485
-6092
5897
-10212
-8198
-15320
-3071
-6140
4097
-13272
-3810
-15276
2081
-6116
-3846
-6084
-10251
-2024
5878
-11240
4621
-13296
-1828
-12220
5108
-9160
6955
-2012
-8189
-13260
2787
-6136
1776
-7152
-494
-9992
4633
-14300
525
-8156
5374
-10216
-7426
-6936
6140
-8128
-1556
-11036
-2284
-12280
5105
2104
3067
-8180
-234
-8172
-8443
-6064
11537
-944
-6118
-11192
532
-1012
1005
-976
-2038
-10204
-1555
-6076
-3323
-4048
2578
-9200
-4863
-16328
1475
-7128
-4885
-17380
-243
-6100
-2560
-8120
7942
-968
-7642
-3012
4375
-7164
-1316
-8156
-3597
-11252
11019
-7944
1304
-1020
208
-15328
-2558
5172
-2300
-11228
1
-11133
-489
-992
8431
-14328
6899
-996
-745
-12284
-8164
-9172
-3836
-18360
8183
-6136
-2039
-15316
4854
-10208
6145
-3056
-6653
-11192
1789
-23244
-5140
-6108
-12783
-6108
4601
-9176
3353
-13284
-9985
-10200
-1740
-11180
-3086
-8160
1039
-11232
9452
-11216
-8425
-6112
5364
-12244
570
-6108
1298
-7136
-2541
-8964
-7710
-10228
3572
-10160
4876
-8168
-10996
-5108
-6671
-2020
3835
-21488
779
-13288
4350
-7132
-1269
-9996
-1052
-7940
-1524
4120
7149
-16352
5624
-17400
-9220
-6092
5871
-25296
301
-10214
-1292
-4092
5601
-6140
7136
-6108
3072
-10204
-5880
-7108
-2537
-8176
-16
-5112
-13845
-15304
2810
-8176
3065
-5112
-224
-3016
-7437
-18424
1537
-10156
-1519
-6116
3299
-8148
-1270
-3016
276
-4040
7937
-9160
7431
-9180
-1225
-16360
10743
-21452
-3554
-9188
-4086
-9212
6403
-7120
996
6208
-5856
-15336
-6140
-11224
-2570
-8140
516
-11020
-11539
-5096
-488
-7144
-4347
1064
1272
-13260
1022
-6100
-8722
-5112
2564
-5112
1287
-10204
-7970
-6920
-2336
-7140
-4837
-7116
2589
-12248
-6673
-2016
-2058
-6132
1580
-10192
2089
-5056
6419
-8116
-6685
6172
-1800
-8156
2295
-8152
-9237
-9992
-20759
5172
5590
-17364
-6136
-15276
2009
-8164
-7944
-5080
2306
-4080
2585
-5088
-1279
-6100
5591
-16360
-4086
-9204
1559
-14284
9448
-22248
1039
-1988
-4058
-5100
-2843
-8144
-4062
-9156
755
-9204
8208
-9212
-4845
-2820
-1587
-3052
-10782
-17368
-2297
-4072
-7437
-7136
5146
40
1261
-13308
771
-9184
4875
60
1534
-8180
-6633
-4060
-10776
3128
-310
-9188
-2305
-15320
-10244
-14092
-7698
-3048
-6141
-12268
1531
76
-5379
-4056
1822
-4084
-9706
-12276
3847
-3856
1752
-2028
-6917
-13236
3875
-13304
1020
-2024
-4849
-7140
4074
-9148
2575
-10184
766
-19384
-9455
1068
3363
-16348
-3069
-11232
-1550
-5108
-6940
-14312
2056
-13252
497
-8160
1329
-17368
8424
-14276
1806
-1996
-2313
-3052
-2343
-11196
3808
-988
1799
-8988
789
-5116
-2040
-10176
6187
-13240
-7200
-5112
225
-14088
-516
-13296
3561
-7088
-1818
-14296
5322
-11204
-5336
-6092
504
-7156
-10741
-11240
8945
-16360
2823
-1996
3570
-9192
-4363
-5096
-9738
-10212
3322
-10208
10720
-10220
283
-8144
-13558
-14300
3860
-16336
3834
-12236
19
-9132
3853
-5076
-6893
-16332
-4
-4052
3060
-10228
1803
-2032
1781
-9168
3581
-11264
-757
-11204
3076
-14324
-1006
-10212
3590
-5088
10771
-2048
-9236
-16320
42
-2020
-2072
228
2299
-20432
4111
-12040
-3346
-996
6122
-14292
1055
-2028
-4338
-2024
2847
-1000
5394
-7124
2542
-12216
4878
-9180
1004
-17364
-1529
-6100
2066
-8180
3836
-11248
2313
10316
4890
-8184
6377
-4052
-4344
-7104
11755
-3028
9980
-13284
1823
-14312
2304
-7140
10798
-6092
1818
-5112
-8688
-4064
-17162
-6116
5383
1068
-5390
-14320
-2307
-6132
-17
-3044
-7178
-4876
1009
-2828
-1008
-3032
4872
-7112
-479
-8140
18935
-10228
-1033
-6140
-4067
-14296
-6148
-12228
8425
-6924
-8696
3096
212
-15304
13817
-8964
-5386
-7152
-3050
-8160
-6408
-8160
-5371
-6104
1796
-3064
6661
-10224
-498
3088
-10235
-12040
-2067
-9176
-528
9232
-486
1044
7172
-13252
-3109
-11248
6652
-6116
-5651
-13264
-4837
-6124
1526
-12256
-1749
-12236
-254
-8168
-4107
-15308
5677
-4064
3079
-9200
-2037
-10240
8496
-20468
-1303
-14288
6418
-9208
-9989
-9196
2835
-12224
-2588
-14292
273
-10224
-1788
-11020
5647
-10200
2312
-10212
2595
-8148
5894
-12284
5352
-11212
-22
-13264
-3314
-15324
-2795
-22248
-3063
20
8207
-4052
-7457
-10200
5659
-14276
-4601
-9188
-3593
-16368
-5926
28
-8669
-5900
5403
-5068
-3542
-11248
-13833
-6096
-8409
-4064
2820
-7120
-5632
-12272
2299
-8192
-6651
-11228
3837
-5080
-12545
-3056
767
-14296
5142
-9176
14603
-4088
-10710
-9160
2552
-11180
1805
-7152
3322
-9188
2075
-5096
-254
-10204
-245
-6108
-8254
-8172
-3839
-14312
10011
-2044
505
-8980
-3063
-14268
5594
-7140
-4080
-14256
2291
-5072
12288
-3032
-1790
-19396
-3321
-1012
-5
-14304
1542
-10192
1780
-9188
2564
-12272
-1765
-9204
1249
-16380
-3624
-14304
-12017
-7156
-2327
-2020
11019
-11232
2560
-14304
-3592
-5080
-16347
-11024
-3036
-19420
-2023
2108
5124
-11240
8185
-4876
-1811
-6108
-2509
-10192
-1816
-16384
-12012
-16372
12790
-10224
5899
-15332
1014
-8156
3054
-11024
-8450
-9992
5342
-8140
-9739
-14320
-1008
-8144
-4112
-5900
-1777
-2004
11486
-18360
-4837
-6100
-7924
-12268
-7917
-13284
-5111
-1980
-8691
-11012
-2058
-3000
8967
-3060
-2795
20
482
-17160
-2055
4108
-3118
-9204
-6089
1072
-2820
-2020
-264
-6100
-2061
-15328
501
-4068
-3597
-984
-535
-780
5097
-6092
8694
-7128
-4847
-15344
6155
-14320
1033
-19392
-7433
-7116
-782
-7944
5095
-4040
3596
-16336
8414
-988
5134
-9196
760
-3016
-203
-12228
9178
-5892
10
-10224
2290
-2992
3870
-17372
-221
-7136
777
-6128
5591
-976
1019
-10180
-1246
-18392
2044
-13296
-3331
-3032
-7166
-14304
5874
-4056
-8175
-2016
1021
-9196
-2016
-7156
3033
-14320
-2810
-14312
-1055
-10212
-1280
-11236
-9984
-15340
2776
-13296
4347
-8164
-6422
-9992
3307
1076
-4125
-7108
4065
-6124
-1026
-8968
-3593
-7108
-3079
-4036
-522
-4092
-3588
8224
-2065
-13288
-12046
3104
-8219
-13300
15
-7148
-3326
-6112
758
-8128
4827
-8168
-2811
-10192
39
-5092
8718
-12040
-4887
248
5407
-15296
-744
-13064
-10494
12
3087
-10208
508
-15324
7189
-10204
1489
-17380
769
-11184
-3304
-6112
-5156
-5120
5168
-3044
-513
-7156
-12549
-4012
-2025
-10004
7234
-13284
5142
-9184
6911
-16297
237
-13264
6133
4144
-5401
-11224
3837
-10200
2066
-5080
-6886
-8168
-4873
-7116
9263
-14272
-287
-4084
1296
-18184
-753
-2016
5374
1048
-1297
-8148
7176
-9152
-8765
-8128
-14610
-4048
6131
-9192
6896
-11248
1261
-6104
-1537
-9992
-1573
-3016
-2300
-19440
-1553
-15324
-2809
-9172
4118
36
-11796
-5116
9733
-7132
2291
-2024
-2840
3088
-10503
-4096
2589
-8188
-10738
-8160
3095
-9168
-4867
-15336
5087
-10141
3585
-3060
267
-10200
3339
-2020
-4365
-15108
-2322
-11232
-3602
-7156
1820
-10220
-2292
2096
-242
-10168
2846
-7156
2317
-4072
-3294
3100
2280
7204
-2031
-5064
758
-7944
-4614
-17376
9487
64
-12273
-8132
-4418
-9196
10246
-6144
-3320
-776
-4363
-6924
2015
-6132
6432
4096
5136
-5096
6670
-8184
-1786
9252
5396
-5088
-3589
-8136
1793
2088
-1016
1076
8915
-6124
-275
-8148
4380
-6116
-247
-4076
771
-9176
534
-6136
4612
-2040
3610
-4076
9461
-13304
1292
-4080
-4586
3104
265
-8172
11525
-6116
1028
-4068
-1482
-12248
-1049
-11256
-10780
3096
-7726
-976
767
10268
3845
-15348
6894
-5116
-8950
-11244
5644
3324
-3347
-7164
5861
-4072
503
-6092
-2283
-9204
-9
-10212
-1508
-10200
1279
-2020
-5118
-3020
8926
-13280
1288
-7124
-4855
-4868
10501
44
1796
-7944
4856
-5104
-773
-8176
2813
-8968
8194
-15344
-6156
-1820
2808
244
-9694
-9172
8190
-4036
2040
-2012
-11793
-7156
-3837
-8148
1532
1060
-8718
-992
1273
-3036
7178
-3032
8735
-12220
1522
-984
788
-7168
11270
-11232
3575
-7124
763
-17336
-11037
-12264
-16466
-4072
-6645
-7160
2320
-11224
-219
-6136
9173
-15320
-5360
-3012
14044
-7940
-529
2096
-3302
-20468
-5111
-1024
-3574
-9188
-9958
2088
5352
-5092
-14586
-9204
2831
-10184
1042
-10216
3092
-4872
-4840
-17368
-9482
-6916
-6375
-6144
5375
-7944
738
-11212
5373
20
3629
-4068
7924
-8164
12785
-12272
-2838
-12260
1031
-3044
6134
-17400
8693
-11212
509
5152
-4339
-4001
5600
7212
-6396
-10200
233
-8168
-1306
-15340
2551
-2820
-5626
-8136
-4105
-7156
5614
-9176
5921
-11228
-297
-8120
-13821
-9196
2280
-2016
-2579
-7148
-5114
3163
8460
-9216
-494
-21484
-6850
-7148
-1268
-15356
-1497
-9188
-14588
-12252
4375
-1004
-4614
-5072
3832
-11232
230
-14284
-4321
-5068
529
1111
3022
-10232
2049
-968
-4337
-15296
1588
3128
-1775
-10180
-10207
-9204
3827
-13260
2340
-7160
-483
-15336
7646
-6132
2528
-6120
31357
-3064
14572
-7148
2855
-6088
5401
-3012
-5866
-9184
-995
-10212
5653
-11256
-1785
-9180
7688
-4080
5149
48
-8180
-4048
-2038
-5072
2552
-4036
2549
-3040
7447
-21492
4332
-15308
2829
-3844
1031
-4072
-768
-12224
6131
-6116
2051
-2824
1810
-13312
-3802
-12272
6422
-4060
8698
-16336
-777
-9180
-777
-2004
6922
-3064
7150
2072
5142
-15328
4060
-17380
-5667
5180
6684
-7124
-2575
-14300
1316
-3860
-2554
-14264
-6650
-3000
-4589
6184
-775
-3048
-7195
-12280
4105
-6084
4345
-16368
-5391
-7132
-10228
4136
8208
-3072
-1019
-4024
-197
-5080
-4125
-9200
-3537
-6124
-4901
-5108
12856
-5896
12538
-14328
-2558
-12244
2303
-8148
-6153
-10208
14600
-4076
4638
-13268
-10233
-3020
-7910
-8148
504
-5092
7450
-6116
4636
-9180
-11261
-2020
-1800
-3028
8439
-13272
2604
-9200
1070
-2016
-1800
-6128
-7649
-3048
-6665
-18368
-1790
2088
7428
-9156
-1843
-18400
3840
-8180
-1012
-4080
6398
-8152
-3867
-4088
1772
-11220
-4106
-7120
-6111
-9172
11487
-9192
6406
-7084
3100
-17356
-1054
-2016
8165
-8128
7946
-7136
-10483
-5072
-2767
-11252
1048
-984
4331
-4032
-4084
-12272
-2081
-12284
2548
-8180
-7415
-10196
-760
-16340
-3349
-9176
-247
-2969
6136
-13272
-5127
-9200
771
-4028
1550
-14320
-1800
4140
-2562
-15308
-5
-5096
3071
-5108
1046
-9136
-729
-7144
1546
-7940
-5124
-10208
3301
-992
7965
-10212
-1229
-8968
6145
3108
-7962
-2028
-1003
-4096
-745
-17392
-4106
-12252
-1505
-4068
-1550
-9208
-1767
-12276
-2325
-5084
-5130
-6112
-5120
-10200
4106
-12264
6910
-10188
1045
-12212
-2060
-12240
-9211
-14304
8709
-10212
-2570
-19416
-3580
-19392
-6618
-3040
-4123
2264
-1805
-7136
-509
-9192
4094
-6140
5343
-7104
-2031
-4064
6123
-17400
-13596
-9184
4340
-1024
-2805
6216
4606
-8180
-5346
-976
7389
-4076
-1520
-4064
-4349
-5892
10266
-9208
4097
-9996
3371
-11200
2295
-7144
1792
-3000
3054
-2012
5374
-10192
3071
-9172
-2050
-8188
-4103
-14328
4365
-7164
5373
3092
4
-7152
506
-3876
9506
-988
8687
-6112
3060
-23252
-4891
-11256
11795
-11232
6875
-11220
-4580
-7148
1797
-4012
-7690
-15340
-4571
-8172
7426
-12252
-776
-8124
-5096
-3040
3078
-18424
-2043
-3052
-3568
-980
-5910
-11188
1541
-3000
750
-1000
-28
1056
-2040
-3004
6904
-11208
819
-11240
-2835
3120
267
-4868
472
3140
6648
-13292
5654
-6112
7420
-10216
5389
-12256
-5898
-5096
-1552
-27332
7383
-2024
9718
-17360
8972
-14092
-3088
6196
285
-12244
1258
-5048
-3040
-16380
-4127
-8156
-1546
-6088
6927
-10216
2052
-6088
-13776
-8172
-1584
-12228
4371
-23280
2297
-4024
4890
-1988
3
-17364
-3582
-14316
-6139
1088
3568
-4044
4340
-6124
515
-13272
-776
-16376
-13
-7120
3560
-9192
1262
-4088
-9979
-17360
7646
-7140
-1268
-16368
-1065
-15360
16383
-12256
-7152
-7164
-4835
-2016
-263
-5916
-3579
-8976
-4625
-16348
781
-6124
-8197
-10204
3345
-12260
-3841
-14308
259
-10236
-7168
-7152
4594
2088
-4332
-14296
-5116
-1992
-9235
-2008
-3600
-18384
5849
12
1786
-1996
3606
-3040
-19
36
-13
-7144
248
-4064
-1246
-4052
7641
20
-279
-960
-2815
-11252
-6357
2060
-1290
-7148
2312
-3060
7950
-6128
2286
-12208
6889
36
3313
-9160
1254
-6144
1252
-2000
-8730
-9164
8722
-10200
3817
-972
5870
-4068
-1534
-1996
-7682
-12264
6895
-7152
8181
-16356
5908
-10216
-769
-6936
-11016
-7948
6917
2064
-1003
-1012
-8188
-1000
3072
-7944
7172
-7160
9988
-12260
1546
-17364
-3828
8
8995
64
2003
-13236
-1514
-14296
1015
-11032
-4349
-11212
-2815
-1984
1485
-10160
2570
-13280
-5152
-3036
3806
-12260
-13574
-14316
4326
-5892
273
1052
14
-7124
2559
-7144
235
-2992
-2073
-5048
-5406
-8172
794
-7160
-10775
-7096
1539
-12232
4112
-2036
5382
-8132
3067
-13268
-497
3324
-519
-14304
-2594
-6116
-2060
-5076
8421
-4032
-762
-5088
4863
-10192
5372
-8192
1023
-7128
-1052
-5088
4082
-6100
-3855
-7100
2
-7096
7666
-3008
-9494
-11220
5657
-4060
1270
-16352
-2545
-15265
-3308
-11208
-6131
4124
-549
-7100
-2080
-14316
-9487
-9168
-4314
-12232
8957
-11200
7679
-9180
-1285
-2000
-11767
-5048
-1034
-12252
1030
-14268
-4878
-4084
5117
-10240
-8694
1064
-5085
-1012
-2328
-2036
-496
-10200
-4320
-772
1021
2056
1812
-11240
524
-4080
3094
3124
1792
-13248
-2014
-9164
2053
-5096
2812
-5092
500
-3012
-5891
-15328
-1284
-9188
-5378
-11224
9248
4132
-6122
-7104
-1277
-2028
2860
-17384
8994
-17344
-789
-7152
12065
-10216
-12818
-8188
2068
-3032
-3076
-5104
-2558
-952
-2067
-13252
-2076
-8168
-2579
-4076
-4635
-12276
-1281
-5084
9478
-8192
-3349
-9184
749
-6096
2799
-14264
1799
2104
-6680
-7168
1799
-8188
5091
-6124
-4892
-24304
2328
2072
-1267
-4036
-751
-3052
6695
-14272
4882
-3060
-230
-11236
-2304
4104
-5111
-12240
4599
-3032
-3343
-5112
-10966
-9184
6922
20
-8187
-1000
6131
-10192
-471
-7144
2320
-17380
2274
-10220
-3312
-15348
4858
-16316
776
-11244
-5362
24
-280
-11196
2534
-5060
-2479
-10216
7659
-9200
1047
2080
-9209
-12284
6387
-9164
3090
-9212
6957
-8164
-2071
-3016
-3078
-12272
-2566
-6100
-9273
-5088
521
-18432
6135
-14308
-3634
-16336
6654
-7144
-4097
-4084
-2790
-13268
3568
-4009
-2840
-12036
5139
-4052
8954
-6100
4618
-6104
-4361
-9204
-4903
-6108
5131
-8140
-1547
-15324
-2811
-12044
6405
3316
-18688
2076
-2549
-4096
-2079
-10212
-7149
