-10236
-14110
-10208
-5111
3136
-5095
-10188
9985
-10212
9724
-2820
-3850
40
4121
-16372
-9158
-8148
4343
-976
8753
-9208
4078
-10176
-3056
-8976
11004
-4036
-3550
-4060
-2818
-4868
2279
-6100
6368
-14332
6130
-11232
11029
-7152
3126
-4080
-4362
-13300
-1489
-2024
-1023
4124
6138
-6132
2804
-10196
-6652
-1796
-2824
-4056
-2817
-5112
6662
-5068
-8185
-10192
-6652
17424
1268
-7116
1033
-9216
-812
9224
2569
-17348
6891
-7164
6378
-2024
-8943
-22204
-248
-13260
3839
-7128
8446
-8148
7939
-1012
-5104
-4056
3595
-1796
1761
-10212
-4834
-10212
-1810
-5088
10484
-7128
748
-13300
-3061
-5108
9231
-10216
3076
-12260
6424
-10172
-3620
-13300
5097
-22244
-802
-13296
2264
-9200
12810
-8180
3797
-9192
3817
5176
-3795
4132
-776
-5112
8948
-8152
-1289
1032
4337
2088
-1495
-11228
-2347
-5112
-4577
-996
2299
-5072
1813
-13072
-2076
-4072
527
-10228
-3607
-11200
6356
1028
520
-11204
-7180
-3028
3825
-6120
7660
-11224
2023
-5064
-4310
-12272
2570
-8156
-2049
-14300
6134
-4084
-269
-6120
484
-19404
-7440
-8132
6154
-7104
-2315
-9216
502
-9200
1771
-19408
13
-11260
7202
-11016
-1765
-11260
4040
-11264
-2331
-18380
-12033
-12256
-541
-10204
-7116
-10172
3094
-17340
9201
-15324
-3083
-13304
4893
-10172
-3076
-2012
3840
-4052
4570
-3040
-2041
-10004
4062
-4048
-3555
1032
-3559
4132
3042
-16132
-7139
-15344
1770
-13292
2558
5200
-279
-9172
-7190
-8172
-9763
1028
-5918
-15336
-1511
-3024
5353
-5116
-4657
-11212
2031
-6112
532
-7112
4132
-14300
1004
-8132
-2285
2068
10983
-10200
255
-796
9715
-7144
-2292
-5104
4621
-10240
-3088
-4060
-5134
-14280
2297
-10176
8452
3088
-1268
-11224
3558
-14268
-1279
-8172
-4626
-7156
-1273
-6132
2052
-9180
280
-5040
6956
-12276
3861
-1812
2824
-8180
-2794
3104
-288
-5088
11023
-6132
1008
-8172
-774
-15352
-9988
-20476
-3850
-10216
-3069
-13296
-3318
-12284
-3334
-14292
-5593
-8176
-2076
-11256
-4360
-2020
1015
-4076
-5401
-8164
7424
-14288
-5420
-8156
2573
-2020
4597
-10216
-10509
-5060
5371
-6096
7172
-17352
3815
-9192
9212
-9184
-3344
-7128
-3071
-3028
2816
-16364
7204
-1008
5609
-6120
-4049
-16360
-1290
-6120
1528
-13284
757
-14276
-3812
-7136
6384
1092
6400
-12260
2041
-3064
-7696
-7136
-1573
-11256
1271
-15308
-522
4
11516
-12256
-6388
-12240
-6410
-3848
-5382
-6116
1046
-1020
-1791
-6104
3616
-19208
780
-2012
8690
-14324
998
-21432
12534
-4076
-3610
-7144
-15621
-12252
-5139
-1012
3340
-980
-3615
-4052
7655
1068
5371
-6041
508
3120
-9472
-6104
-1020
-2048
-9514
9256
1774
4336
-6921
5184
753
-16340
-2076
-5092
-2784
-7144
-2801
-4032
2832
-7960
10000
2092
-8430
-8156
5863
-5088
-3358
-980
-2753
-12244
3842
1068
1296
-11236
-774
-3028
-3078
0
2015
2080
16621
-11252
2321
-9144
5895
-13292
3841
6200
8221
-9992
-3279
-4056
1265
-12248
6667
-12256
6675
-4076
1518
2088
1831
-10164
8181
-5924
-3049
-10204
-519
-20440
-250
-1996
1041
-4088
-7944
-16312
7642
-2024
-2283
-4044
-11506
-3056
3605
-6120
3331
-15340
17150
-11232
-7186
-1808
5387
-14264
-6408
-3052
4357
-14308
1534
-10204
-6145
-14316
728
-13292
-12281
-12284
-3850
-6124
2049
-14332
3064
12
-1513
-9172
-1022
-1008
7661
56
1523
3320
3561
-14320
3342
-3024
767
-7168
4118
-11228
-7173
-5088
-4607
-9204
2059
-9992
270
-6104
-757
-7160
10975
-996
-6389
-8160
-1014
-5092
11978
-12224
-283
6148
-11039
-3860
-538
-7152
-505
-5104
-6364
-8124
-4877
-7136
6147
-12228
-517
-7100
-1529
-2016
-1047
-9180
5869
-11252
-4631
-12232
-15393
5144
20
-3860
5142
1040
6194
-12040
8942
-15324
-1291
-9196
-10252
-13260
2303
-8188
5918
-8968
-3845
-7140
6667
-13300
7460
-13284
223
-968
-257
5160
11281
-2036
-4342
-3032
-5121
-10184
-1802
-4084
-748
-8168
-1281
-9216
-3594
-11248
-11
-7144
-6914
-7136
4369
-18384
-4334
-5068
3582
-2012
-1539
-9164
11020
-6128
-3340
-996
-2547
-4048
-6404
-2032
4873
-9160
6890
-15348
-1539
-17376
-15126
-6112
775
-6100
7130
24
6
-4076
-4853
-9172
-6919
-8140
-1276
-12036
-2803
4128
-2606
-8160
7412
-7156
-6138
-7148
286
-7944
6380
-4036
5633
2088
-17915
-9192
-6695
3100
-7680
-16364
1530
-8168
-6654
-16312
2033
-4068
5626
-8192
4878
-5920
5893
80
-8403
36
3590
-9168
2866
2288
1277
-6112
3870
-10216
1537
-6108
8434
-6116
-507
-4048
-1802
-8156
-3303
-16376
1803
-1012
-1266
1060
-2582
-16376
5615
-8156
-5861
-12244
4337
-10216
-4318
-7156
252
-7940
-5142
-9212
5622
-14312
9238
-15320
-7164
-1812
-528
1276
770
-11236
-1511
-12280
758
-968
-5641
-11236
6653
-8976
1265
-6092
-730
-13092
-7413
-8176
-1537
-6132
-3787
-6120
-2049
-3044
6415
16
1793
-10216
5878
-5072
-3077
-16344
-247
-10212
-6645
-4052
-7971
3104
21
-10184
6929
-9184
-15
-9184
-2031
-4868
8947
32
256
-2036
-3589
-7144
1022
-16340
-19
-7136
-724
-10204
-2035
-9140
4122
-4036
-2059
-7140
-8176
-15324
-2554
1088
6150
-4044
-3068
-9184
511
-12280
-5148
-8184
16359
-11212
3114
-19432
-3588
-5896
-6691
-784
517
-11224
-6633
-7944
-8927
-4048
-7910
-10212
220
-20432
722
-13284
2834
-13252
2035
-4024
-4865
-12272
7167
1024
257
-3032
2542
-6096
-6637
-5072
11003
-8164
1743
-11216
1530
-11212
-12561
-3000
-12012
-12256
4073
-11224
-1290
-7140
2300
-9204
14351
-15336
11022
36
1811
-6920
5619
-9188
-529
-10220
-2289
-980
-5626
-12268
14277
-13300
262
-20428
27228
3128
5653
-3056
12524
-6120
-1803
-3056
-2302
-6084
4368
-7140
1808
-2012
-3326
-21432
-6664
-8160
6638
-4064
6677
-22232
-2841
20
1285
-18196
8681
-5104
-9495
-5076
-2304
-2028
-1026
-5092
-17216
-5072
19404
-6920
6147
-7140
-3316
-13272
-5106
-8984
2020
-5896
-4597
-5104
-2273
1276
1817
-8964
-6642
1024
-3585
-5900
14325
3088
-4589
-3008
-260
-8148
-2040
-9204
-1769
-4064
-6714
-12232
5612
-10188
-4583
-13268
3104
-4080
5114
-6132
4624
-9200
-2787
-2016
-10762
-12228
-1767
-13268
2052
6200
-4614
-10236
-1551
-12260
-3065
4104
-9510
-7132
5347
-2012
3878
-5044
-1791
-10228
-4072
-4880
1535
-2012
-5117
-14324
510
-6136
-10463
3080
-4610
-3060
-1792
24
-7140
-15312
-1299
-6120
1765
-7128
-15613
-3040
-2844
-17380
-1546
-3860
2042
-10232
2316
-12264
-3576
-8156
5345
-6092
-6135
-1996
-8718
-14300
-1288
-16348
-3567
-10224
-4852
-976
-1772
-8184
9732
-15328
-3322
-6116
-3582
-6936
-1771
64
4849
28
-3325
-12252
-3829
-7136
-2332
-6076
9509
-4048
-3099
-10224
5904
-10228
6880
-19440
-1573
-4088
-9744
-4080
-4345
-5084
4088
-8132
-8197
-9180
-5619
-1012
8452
-16380
551
12
8690
-14288
3332
-7116
10237
-10216
4602
-13304
-11263
-12228
-4095
-16360
-484
44
2813
-12256
-7974
-14312
1831
-11252
3110
-7120
14076
-15352
29
-1008
9988
1268
1802
-10228
2279
-13296
2315
-3068
-6173
-8156
-2591
-5092
-2841
-7148
800
-13304
3310
-17388
-2294
5132
-3591
-13284
-6411
-3072
6667
-4056
-266
-16384
1027
-12272
1049
-5060
463
-4056
-4600
-3036
12806
-2008
11719
-11012
510
-3036
-11034
-4064
-2303
-5025
5345
-3036
-8687
-8168
-515
-9156
8172
-11252
3857
-1004
-1291
-9208
7166
-13300
4607
-2032
-2045
-6068
-1789
-16352
-2838
-6124
3844
5140
5902
-5064
-2855
-11236
-6161
-984
11020
-8164
5361
-16316
-2574
-13312
-7976
-5096
3603
-8180
5367
-9160
6418
-3036
289
-7144
7136
-10212
-3065
-6916
-11252
-19388
4341
-8176
5892
-21460
-9753
-13280
-4091
-10000
6396
56
3309
-18404
2031
-4076
5887
4340
3842
8224
-4121
-10208
11555
-8152
-3833
-4036
-7687
-4072
-3060
-13288
5893
-12252
-16910
-10224
-3837
-7128
-4105
-4088
4105
-8964
-2297
-1000
-7178
-13276
-546
-9196
-9968
-6104
3334
-7156
-15084
-12248
5352
-976
-2056
-1016
-2833
-11244
3053
-24272
-2843
-2036
2606
-8172
13042
-18416
-1725
-13308
-1
52
3841
8
-480
-804
-3267
-10172
3070
6144
797
6156
2286
-9176
1036
-4040
-3086
-9188
-5624
-12244
14829
-9164
5943
-3024
4586
-11240
-2348
-10224
-4053
-2028
5114
-4028
3094
-5100
7426
60
-518
-11220
-9207
-1988
-5641
-7156
7402
-9164
5654
-3848
-5890
-16356
-5606
-1800
-2568
3128
475
12
-1812
-5100
-7671
-5104
-1539
-12240
-5892
-5096
2783
-13264
34
-2020
2840
-5064
-7434
-3032
2566
-4060
509
-14332
3341
-780
-4330
-5076
-6894
-992
6122
-7152
2542
1092
-1807
-4080
-280
-13236
-8415
-15340
-2552
-9200
-5657
-12288
12560
-3036
-7948
-12240
7911
-8136
-4
-14324
247
-7148
-5339
-13280
7694
-4060
5648
1088
7939
-12268
1051
-10200
-12057
-968
240
-8144
-5361
-9192
-1021
-4076
2287
-4044
-2802
-6120
-2796
-9192
-3308
-4064
-285
-6092
10978
-3008
497
-4012
-1798
-12236
-7163
-14304
-5632
-12284
1529
3112
-3105
-11200
7939
-2820
1304
-6128
531
-1024
-517
5136
4872
-5060
2029
-6104
1282
-5120
-5918
2132
2059
1068
2054
1036
8726
-10240
7164
-11244
2809
-4048
2814
-7148
-549
-15112
-1571
-17156
8925
-8128
-986
-11188
-7428
-13296
4071
-11204
3113
-1016
-7950
-5108
-3568
-6120
-244
-5076
-790
-6092
-8712
-14300
-1785
-996
-515
-9188
-5154
-14324
-9442
-17356
3585
-13280
-2819
-4076
7150
-9184
2306
-20432
496
-10220
-1565
-10220
8214
-10216
7416
1068
-1047
-14100
8920
-11232
7666
-12280
-10778
-5076
2609
-4052
8742
-11216
12270
-2820
-2538
-12236
2028
-11236
1062
-6112
3104
-13288
4893
-5080
2073
-3036
-3819
-7128
492
-13232
-530
-8168
-1785
-15308
-3341
-9196
-8723
-11232
-3840
-8168
241
-7944
-11773
-4088
3100
-10204
5097
-9196
-988
4120
3132
-2016
254
-12268
7133
48
-7175
-8148
3092
-4084
-2046
-12260
2523
-16148
-3325
-18412
-8947
-1796
1021
-10220
7468
-3040
-7397
5192
3323
-3848
-1508
-16372
-4598
-4052
2084
-6104
8181
-13272
-2314
-14276
1544
-12268
-7701
-9212
5099
-12264
-2345
-8168
2300
-9188
-4839
-13284
-2851
-7164
3344
-19420
-13819
-6088
-2046
-952
-1779
-10216
-6108
-6088
5608
-8160
5916
-18416
-2323
-3852
-1269
-9988
-5129
-11248
-567
-7148
-2837
-9212
-7155
-12260
-7423
-12272
-7467
-5088
-9486
-8124
-1035
9252
9207
-10224
-8956
-16360
-2051
-12228
250
-13272
4401
-2032
-43
-2040
-3314
-9204
-10244
-10216
9966
-9200
4592
-10172
-1555
-4072
6409
-980
-4349
-14268
-12559
-10188
5114
-2040
8473
0
-5872
-10220
-6677
-9125
6407
3320
10
-6108
-15353
-7132
1012
-2012
-2042
-21484
-10203
-5076
4302
-8164
-4620
-1996
-8433
-6076
-5663
-9164
-8196
-8128
760
-1968
22
-2012
-4368
-5116
6928
-10208
-4879
-7096
-255
-8176
6414
36
5100
2084
-7429
-15324
-9745
-3044
-2811
-4096
1540
-10192
6158
-9164
-20
-5892
8188
-19416
-1524
-6124
7907
-16364
3070
-7144
-8954
-13288
7946
-12248
4628
-3028
5389
-4064
9724
-8148
-261
0
4075
-6128
-1007
-3044
3318
-5084
-5627
60
4094
-12248
2813
-14300
5614
-10184
-10739
-8172
-5636
-15108
1293
-15356
5156
-7136
-4638
-3072
-268
-9200
-3096
-9196
-811
-1012
2317
-10208
246
-5068
-5650
-7120
-763
-5100
-2043
-3052
-4859
-9192
3578
-9156
10495
2080
-7186
-17380
-3147
-14280
1016
-11220
3038
-9180
1813
-21480
3355
-13284
7162
-8144
-12081
-25316
308
-3024
720
-6144
-776
-11204
-18180
72
2069
-10240
-9
-8184
-252
2096
10770
-13268
3050
-5072
-9995
-2004
-6100
-10236
-506
-6124
-2809
-12280
-776
-4088
-1808
-2820
7437
-9164
2033
-20428
-500
-7128
9209
-3048
5343
-11228
-529
-10236
5927
-6104
-1280
-9184
16913
-4884
6221
-11240
-3867
-8180
18
-3024
12290
-944
-10707
-15340
-8213
-12268
-5095
4136
2279
-16340
-1021
-2016
-5397
-4040
-2553
-13276
7719
-11236
6115
-17388
6949
-11228
-10205
-4060
5129
-8160
-3558
-8184
986
-7152
-7930
3080
2071
-14292
-1804
-11248
-2784
-1004
3355
-10220
-3828
-16360
5895
-11244
-7474
10312
11025
-6100
-7466
-3044
-7433
-3040
-2798
-10176
1782
-4088
-4116
-3036
9698
-7132
5142
-11260
-2573
-17380
7195
-9172
1275
-6128
4607
-7136
-6158
-3048
5113
-16344
-228
-1996
3553
-13272
776
-16320
2765
-8152
-8470
-8152
1537
-8168
-5896
-7132
-8733
-17380
4841
-8164
3355
-2036
-8151
2096
-1547
-8172
3809
-4056
-1565
-6112
-13
-2044
2030
-16336
-3291
3072
787
1056
4849
-4064
-3610
9236
-5100
-14324
7930
-1000
262
-12052
-1825
-6140
-1250
-15308
-3341
-2028
-748
-5100
3589
-14292
2068
16
-4086
1040
8466
-7948
-1546
-11232
6376
-13060
6415
-6140
-3024
-10192
-11036
-7120
-5644
-992
-1814
68
2841
-9160
-1246
-1016
-6125
40
4368
-15344
-1052
-4076
-3861
-3844
3854
-10204
-2313
-6128
14329
-12212
278
-15344
2832
-9148
-10753
-2000
2047
-12236
260
-3860
-3581
-19436
-6695
-8968
-11535
-944
4843
28
-4631
-4068
-8472
-5080
13823
-8136
-1
1068
-1557
-13280
4116
-8164
-11002
4116
5929
-19424
-738
-11260
2497
-5104
7156
-2044
5392
-2032
-3039
-4052
-2297
-13296
6171
-4044
3088
-16352
3842
-6100
3890
-10216
-1815
-11232
1001
9240
1303
-6108
-12027
-7140
-2856
-6088
-1559
-8128
2080
-16348
-7139
-7944
2786
-4028
-4856
1240
-12295
-18424
-3319
-16360
1006
-12256
2813
-11212
-1309
-984
-4335
6176
1561
-11212
2534
-2996
12273
-10000
-2278
-7152
-7417
-4024
3810
-6916
8967
-14264
-5846
-3044
1804
-15316
-2779
-4052
7422
-17404
-7465
3108
-4118
-3036
26
-1812
-785
-5076
256
1052
7159
-5084
-1559
-3072
-4613
2064
-563
-12268
5931
-10200
-999
-1988
-791
-964
3326
-13300
-250
-13304
518
-6120
5906
-7124
1757
-8152
8205
-22240
-15381
-8156
-1836
-5088
6124
-7128
-3073
44
-5362
-996
233
-12228
3870
-6132
2555
-780
3561
-7152
-6911
-11252
-251
-968
1295
-5096
-529
-12264
783
2088
768
-2028
5139
-4020
9729
-4052
4093
-5088
-10252
-968
11271
-9176
-6167
-12260
2044
-5088
13328
-11248
10008
-16364
-1286
-972
-997
-24248
-4374
3072
3858
-5044
1782
-992
10228
-15340
1823
-15332
-3047
-22268
-5115
-7156
756
-4040
6680
-8164
-1039
-7156
-4106
-992
4642
-15312
-2320
-15324
513
2080
-8923
-980
13286
-12036
-6138
-13284
-12591
-24288
5378
-8968
-3577
-10220
-1025
1040
-3830
-12268
1811
-10200
8951
-9996
564
-12272
4108
-9176
5662
-6120
-1313
-14332
-3855
-3048
-4592
-13088
-448
-9204
-13
-1016
5095
-15284
-4837
40
2302
-5900
6172
-3044
5103
1036
2079
-10172
-232
-17352
-1533
-2048
3789
-10220
2545
-12240
7421
-5080
-10243
-5080
7730
-8124
7653
-10208
250
-8164
792
-1976
-2554
-15312
1796
-9184
-1005
-10200
-18961
-11248
-13324
-13292
2300
-14292
2568
-10228
-1241
-16136
5631
-4060
8967
-16368
-2025
-18400
2043
48
2567
-10168
-8220
-7132
-523
-964
-3051
-12264
5633
-8160
-794
-5092
-7177
-4052
-1531
-10184
10768
-14332
1049
48
-2784
-7100
1529
28
-526
-2020
2810
-9208
-1528
-10216
-3067
-9148
-1231
-7156
4115
-9176
-493
-12256
8944
-9184
2035
52
2536
-17348
1806
-2024
-2849
2060
-8187
-16356
-3599
-960
-1275
-14312
11004
-11244
256
-9204
2578
-6924
-2068
-784
4630
-8140
-7415
-12264
-1264
-5108
1763
-14092
5115
-7148
6915
-5056
-19184
-8172
10485
-7144
-1763
-8156
-1550
-11252
5090
-5116
1041
-9200
-3856
-3068
14836
-6100
-4081
-10200
4836
-7124
6129
-8128
5129
-10208
-5915
-6120
7681
-992
13791
-21456
4360
-13284
-2834
-5084
-1290
-11236
-3566
4124
-4872
-12260
-4367
-15316
-3833
12532
6136
-8152
-5897
-7160
5856
-12224
797
-8152
-784
-14316
8230
-2028
-10734
1036
-4877
-7144
1263
7216
4076
-7124
-2571
-13264
-5374
-10196
7908
-9184
-6646
-13272
-11818
-7140
4589
-6144
-6857
0
783
-1796
-9456
-14320
6405
-12256
14580
-13288
-7401
-17392
7439
-2000
-279
3104
-1226
-776
5907
-9216
-1287
-1016
2841
-16356
2048
3112
-4836
-5096
-1038
-2008
10261
-2020
5625
-3036
6144
-6076
-3077
-4036
-2089
-11252
3071
-6104
-8704
-5096
-8946
-5892
-5138
-7940
7684
-12240
2070
-15320
-3585
-1000
-3585
-17364
-3835
7172
5327
-4068
1257
-9988
-9753
2064
2296
-9192
-8423
-2828
9193
1064
-1267
-11212
513
-12036
-2567
-14276
6388
-6116
6426
-17356
1005
-6084
-3055
2084
7160
-7096
-9441
-12252
-8681
-17360
-6173
-19212
2080
-3020
2317
-3036
6931
-10192
-10245
-5096
-3359
-4092
-264
-15296
-7140
-12276
767
-5084
7961
-10200
13108
-984
-2331
-11020
-1810
-21456
-2825
-9988
288
-9216
6673
-7132
-6625
-3000
3560
-4868
-1821
-13300
5361
7180
5107
-12276
-7
-7112
-2795
-7148
3616
-8152
-521
-9180
-2280
-776
-1575
-17384
4887
1060
5646
-11224
4836
-4092
1290
-6132
-2318
-7128
2548
-7128
5108
60
-3568
-5896
3310
-14120
4111
-8180
-7447
-7152
-1780
-8188
-7378
2088
768
-5064
3087
6388
-3836
-5088
-4615
-8136
7477
-7140
-7162
-15348
7196
-6108
2845
-14292
4353
-7164
3361
-16352
-6679
-2012
7678
-16340
3594
-21492
8961
-12280
771
-7948
-2784
-12220
11798
-10176
4586
-8980
-776
-12268
-3343
-13292
-1536
-10184
494
-18392
-4372
-8156
-4334
-14288
5119
1056
-11286
-21428
2831
-10180
-3351
-10196
-233
1072
13551
-5900
-4344
-3028
15394
-6136
-1473
-3032
6401
-13060
-3572
-5064
2549
-6096
-4390
-3032
3067
-10232
-7187
-17352
502
-6132
1037
-11240
6371
1032
-3091
-10188
-1502
-10188
-11495
-9140
-3872
-6928
10176
-2004
-3055
-15340
-4573
-13068
4613
-2036
-1766
-5108
996
-7140
-11787
-1012
5650
-3032
-8454
-12288
-2822
-7156
7933
32
10494
-12264
-1557
-3056
11280
4124
1013
-11264
-4607
-7136
1272
-7081
4635
-7160
-10500
3096
-4589
-9168
8733
12
-4841
-9168
-10255
-18372
6378
-10228
3874
-4064
2040
-5064
2064
-9144
-1251
-9212
10233
-996
-7149
-5096
-4358
-8120
-11257
-12224
-2277
-13272
-1278
-11264
3336
12
-1777
-6132
-2564
-2016
6647
-14284
-5148
-16348
741
-3052
7702
-7124
4363
-5120
4380
-5112
-8180
-3056
-1027
-15300
-6909
-7144
-7186
-4064
10213
-7128
-11771
4104
11529
-16356
-1791
-8172
-248
-9172
-1750
-8180
-11260
-6136
-7
-996
1301
-8176
4599
-10200
1307
-5908
-1549
236
-2800
-7160
4630
-5092
13293
-4072
5674
-2048
-2805
-13280
6683
-6084
-8698
-9200
3584
-12228
-2567
-5076
3345
-16380
-1802
-1004
7879
-12268
-5897
-7940
-2858
5168
-4067
-6136
7470
-12248
4602
-7124
1250
-13272
-232
-11248
2248
-8124
-1041
-10228
-5648
4136
-8186
-10204
-1771
-25304
-7208
-11244
-7167
-5112
-1266
-5112
11786
-8128
3837
-9176
11253
-6924
-2320
-12252
10267
-5104
-1538
-2044
5628
-6112
-2064
-4044
-2334
3080
-3303
-1988
7407
-12252
-3551
-7156
6374
-3052
-7407
1088
3338
-18412
-4380
2116
-4321
1068
5127
-9188
-6406
2288
-524
-5928
3319
-10216
2335
-15108
1524
-3052
-6099
24
7458
-968
-3846
3080
-2801
-12264
-2822
-13296
-266
-2820
-6388
-9988
3610
-7088
-767
-8172
12064
-6112
4363
-9192
-1536
-8008
-3854
-18376
-1001
2076
4341
3096
1277
-10240
-523
-3036
-2795
-10192
6918
-14308
-8687
-9988
-5855
2060
-6418
-9164
-1308
-5080
-4342
2296
-9208
-16148
6694
-5060
8203
-6096
-14576
-784
4354
-8148
3594
-18416
-2315
-3048
-7643
-8156
4053
-20412
-3567
-7124
4416
-9992
-5367
-13284
7394
-8172
0
-1804
-2044
4108
2795
-4084
3133
-6944
-4873
-8184
-4900
-2016
9194
-6144
-522
-8156
-7904
-12240
-9222
-3052
-1796
-11248
1244
-8184
6904
-9216
7156
-18372
3094
-2048
-8466
-5108
-2583
-20440
4619
-9216
-6404
-8180
6679
-6124
-3586
-9176
4594
-12268
-3838
-9204
-5604
1060
6410
-7156
-7989
-13272
-9471
-10176
-762
-13256
-4305
-15112
-9193
-17364
-1265
-2032
3574
-27392
-14866
-14324
765
-4088
1033
1056
-2541
-11260
2070
-15360
1064
-9208
-3319
-5048
-3075
-8164
745
-5060
-764
-10192
-5149
-3056
4118
-5084
-224
-2028
3874
-14304
-5129
-14316
1006
-4080
4061
-13296
-3316
-8180
-5392
-11248
-4352
-8156
261
-10212
3345
-964
-6936
-10224
5418
-9172
1310
1048
5644
3324
-8988
-9180
10281
-6100
-1781
-7120
1543
-8188
1787
-8184
3836
-7944
2565
-5048
-1296
-11256
-5350
-13256
4903
-14292
4321
-11240
1514
-4080
5103
-12052
-4863
-6112
-2011
-10236
-5155
-13276
-4084
-3020
-2813
-12236
-12
-13244
-256
-5116
227
-2008
-2084
-2016
256
-5080
-3566
-2028
9739
-7136
-511
-8152
2570
-16360
10247
-16360
537
-6144
3342
44
-1790
-6092
1541
-13100
-1281
-4076
1248
-988
7693
-5100
-3337
48
-740
-4040
3344
-6116
-5128
-8156
-2574
-9184
2
-13068
2051
-10133
7180
-19452
-5616
-8180
2591
-8964
-993
-4064
6422
-11236
1290
-17348
8431
-3024
6955
-13292
1057
-8160
9202
-12272
-8688
1072
-4921
-12268
-4849
1260
-6898
-11252
5360
-15332
-8447
-1012
9472
-10236
2014
-14304
-6180
-6116
-1022
-13276
2852
-12224
-8433
-13296
-1292
-9188
1495
-11212
4874
-7144
7934
-1996
1813
-14268
5054
-2012
-6636
-11240
-3031
-17400
12542
-8176
2035
-6104
1813
-5092
6885
-5080
5126
-6116
-3582
-7144
5626
3124
4373
-5092
2076
-12236
2545
-2020
5612
-7152
-7439
3128
1278
-4048
-7452
-4040
-486
-5100
-2559
-7144
-15081
-10196
206
-8140
5895
-1992
-17642
-11224
-4603
-7164
1291
-5116
5606
20
3858
-10176
-3857
-9192
-7683
-1004
751
-6928
3575
-3056
7675
32
1548
-11232
6147
-13284
3076
-5084
-7644
-15344
521
-8964
-240
-8188
6886
-11236
-4886
-13288
2774
-6140
-3323
-3040
282
-8156
232
-4088
4861
-15320
7415
-2032
823
-15360
17666
-8168
3322
-10184
252
-7116
-10415
-23260
-4358
-9188
4341
-7144
-1291
-14300
-6378
-13268
7391
-7160
-257
-2024
-9450
-2012
777
-6108
-2793
-10180
-4810
8
-1568
-10236
-6924
-10204
-1029
-8156
-790
-11244
-255
-6916
2553
-7132
1042
-11204
-3590
-12232
-4329
-5104
5636
-1008
-8459
-11224
5365
-10212
2348
-9184
-2049
-5096
10009
-14324
1042
-9172
7913
-984
7431
-6100
-2521
-2820
-10
-8148
11256
-5116
-4363
-8132
9510
-4068
4895
-5088
-5869
-8148
-1044
-15332
-2038
-15320
2311
1048
-16
-2036
5367
-4060
-6623
-4068
1788
-14284
-2829
-8108
5105
-7160
1003
-8140
-7626
-9156
-2815
-6128
5145
-14280
2278
-19420
-5360
-8964
1753
-8152
4072
-5108
3078
2068
-2056
-4096
-5850
-6128
13028
-952
2834
-12252
5638
-9188
-7695
-8192
-5616
-6108
4349
-19388
1027
-8152
12300
-20476
10260
2084
3586
-13076
1008
-6108
-510
-4084
4582
-9148
3353
3316
4608
44
-802
-2008
2558
-18408
2800
-5892
-5108
-8156
9708
-5072
-5636
5132
2840
1104
7688
-16144
5117
-5092
3585
-8164
-8941
-11208
-3080
-14324
-6662
-1980
-12038
-6092
-3315
-4068
5616
-9188
1313
20
4342
-18420
8725
-2024
-4582
-13084
3585
-14288
3562
-10184
-6654
-13272
5115
5148
-5140
-6128
-480
-8180
-8726
12
249
-9196
8680
-12256
1034
-2016
-8725
-12268
1040
-5060
2550
28
-1008
-4088
8181
-2044
-5647
-12256
3082
-16144
3100
-16384
1254
-9168
-2262
1024
1281
-8964
6913
-8184
-228
-11264
-3089
-10216
-6116
-1016
-1320
-4064
3069
-3040
-12274
-13264
-2048
-8164
5142
-12272
1830
-4072
-3802
-9988
-4900
-7140
1784
-9988
-4054
-3016
-6156
-12264
-4613
-9192
-5909
-8160
-6891
-15340
7647
-5068
-2067
-10200
-8966
-13284
-252
-9164
4829
-5112
-8954
-7144
3301
-12264
3896
-9184
-2059
-13284
-1775
-13236
-755
-21252
-4334
2100
-3324
-8008
-2053
-4064
2316
-5896
3593
-20460
6679
-20448
3602
7180
6168
3080
2266
-6096
6897
-6144
-9724
28
4323
-13280
-506
-6112
8219
-8148
-6181
-5108
2814
1056
6132
-7136
-6370
-9188
-4568
-15296
6110
-6088
788
-6100
-4099
-3060
-2805
-10176
12054
-4084
-9759
-9176
256
-2048
-12303
-16332
739
32
-2304
-4064
-7909
-13252
-6642
-9204
3568
-15344
6687
-2036
-8702
-5092
-1274
-16356
-3858
-2012
7427
6160
6663
-12256
1286
-9196
3374
-6116
-1303
-2048
10260
-10192
3061
-9208
-2023
-2844
6414
-4024
-520
-4904
-4639
-16344
-5405
-1008
12300
-11228
271
-4092
2575
-8176
-5345
-2016
3835
-5108
-6388
-4076
-6374
-10176
1303
-11224
-2840
-8192
1276
2068
-1295
1060
3084
-12264
-2305
-18432
2067
2068
4872
-19440
1306
-3048
-2546
-16352
-3873
-14332
-5660
-15352
10756
-12288
-10771
-2024
-6383
-4056
-4335
-8168
-15
-10196
7443
-11260
8466
3080
-7662
-5088
14098
-2024
5863
-8188
2071
-4080
-8473
-780
-5450
-14280
-52
-13292
-9486
-4080
-787
-12036
747
-6116
-5386
-2028
1528
-17368
2037
-11240
2318
-14328
-233
-6108
-2819
-23248
5358
-3028
2059
-9160
-4090
-5084
-3084
-8160
5652
-8164
-5878
-3048
-1555
-4060
1803
-9152
4586
-16356
2580
-12284
-1275
-5068
-4082
-12264
-4662
-4092
-3590
-7160
-9218
-9176
4351
-929
4341
-5068
-3072
-6116
-2808
-5064
5644
-15320
8683
-8156
-2293
-5072
5134
-19424
4328
-8160
-2
-3028
-5634
-15116
10500
-11224
-3354
-9212
-781
-12264
5118
-4060
6151
36
22
-17360
980
-14324
-10490
36
3586
-9204
4620
-12232
-7426
-9196
-3556
-10208
-5836
-14304
4829
-3852
-4359
-5092
5642
-6100
2561
-5100
-3064
-11216
-767
-22240
755
-9152
8426
-17340
783
-3056
-3322
-9204
-2027
-12228
5907
-6136
-11251
-4080
7972
-10180
3292
-6088
2053
-4056
-9465
-4068
1058
-15108
-4098
-16356
6152
-9148
-4600
-6100
1278
-13300
-2545
-10164
7955
-5100
-3327
-4064
-1762
-4060
-5635
-6144
5642
-15300
6655
-12260
-4384
-12248
-1745
-11240
-5394
-2044
1014
-8968
5141
-1004
8179
3092
9519
-8168
11294
-11220
-3551
-6132
4613
-9176
3102
-11216
3311
-10232
7919
-18368
1854
-14284
-1261
-10137
1786
-8156
8984
-7152
3061
-16376
9728
32
10254
2084
9205
-13296
-1757
-11264
-1300
-10212
5122
-899
14311
-6144
-5405
-1004
-6203
-4060
2045
68
4141
-11220
-4866
-4056
-769
-10220
-8208
-12252
1734
4
3345
-14308
-10997
-12256
12
-1012
-6371
-4056
-11814
-3004
-2061
-7124
-8729
-10236
-1285
-13312
-2304
-7128
6165
-20448
-1249
3124
16357
-7132
-792
-9208
-5403
-2036
-1596
-7124
1548
-8168
3555
-4088
4360
-5076
4350
-13248
19720
-19412
8194
1024
3325
-3032
4349
-18364
-497
-7140
7645
-8964
9939
-5092
-7159
-11012
5372
2056
3606
-8988
-3053
