-18360
-3851
-4068
-5630
-3064
-2807
2088
1026
-15332
6958
-4092
282
-5100
8951
-4044
5407
20
-3072
-8176
-2303
-2036
-8456
20
-7446
-6100
8415
-5072
-2053
-15108
6138
-18404
59
7200
-7674
-2032
4834
-13280
-6621
-10212
5123
-980
-2801
-8132
1503
-7948
2283
3112
261
-3036
1273
40
-2025
-7160
13339
-2036
795
-11220
4109
-4060
-3613
-16332
-3809
-9176
6432
-1988
-2071
-6096
-5130
-9208
12542
-7116
-4871
-9168
-7175
16
-3074
-5068
3311
-9156
5117
-1992
1770
-992
-1805
-14268
2546
-12040
-516
-15348
-3325
-12284
6398
-6136
3568
1060
-1805
3112
-768
-14312
-10228
-8192
-9474
-6128
-7422
-9184
2305
-8164
-21
-15328
2337
-7156
-4337
-14100
-11300
1272
507
-12272
3838
-12252
11814
-3036
2806
-8184
5114
-11212
-13559
-10149
-3875
-7124
2050
-5064
11297
-6104
-4624
-10180
5363
-1012
-4344
4136
7662
-5116
247
-2836
765
-9176
1243
-5060
-7165
-18372
-3106
-9188
5146
3084
-11232
-2040
-514
-7156
-536
-13080
10463
-17384
7965
-12248
9479
-7152
-3047
-3028
773
3324
272
-9204
4583
-17380
3607
-11248
6424
-11248
-4372
-15340
-5109
-7128
6389
-3056
-2582
-14312
21
-8168
5875
40
3607
-10192
4610
-14328
6659
-7144
-6394
10256
-10743
-10236
-7197
-9144
4860
-7112
5097
-13284
782
-988
-6682
-9196
6402
-7132
249
-10232
2328
-5080
-2575
-7964
-9711
-12036
-279
1052
6432
-4084
2599
-5056
2047
-19432
-5894
-3060
-7915
-7152
-2836
-1008
-525
-4048
6669
1064
1549
-14304
-3087
-12284
-2545
-11248
4079
-3020
-2030
-14268
5641
-14288
2059
-4052
-279
-11212
8976
-11256
-8456
-5080
1819
-4084
-1573
-4048
2821
-5076
4115
-10216
-6427
-9196
2835
-1020
1817
-6116
-2045
-9184
9990
24
5140
20
1816
-17376
1043
3072
9195
-5100
-5109
-11244
-3585
-12252
5666
-1004
-8696
-6104
1009
-12260
1527
-8093
-4374
-11212
-2790
-8172
-257
-16352
2813
-11244
10744
-3036
4338
-2032
-542
3076
6396
5132
-5820
-4040
5618
-10240
-4328
-13244
2527
40
3046
-8180
3796
-15316
-3577
-5120
3815
-8140
2594
4132
2841
-6112
1532
-4096
4357
-14300
2304
9224
-542
32
-2836
-6100
-3068
-20448
5131
-20436
-5154
-11248
-1763
-9176
-5884
-10188
2537
-9208
-3070
2076
7159
3096
508
-6140
-262
-10220
-1027
-10176
-7959
-13272
-48
3124
-4355
-11196
522
3116
6643
-5096
-1032
-10188
9194
-980
6659
-3020
-792
-9192
-6457
-972
-15
-11165
498
-5088
-3558
-9164
8699
-11240
4862
-7140
-3838
-9168
-2053
-10196
5900
-1804
-3603
-15308
-2323
-12240
-2311
-7136
-8482
-12272
-2531
-8176
-4082
-2020
-14878
-7120
-5629
-10188
7406
-5060
2547
-1992
4851
-2040
217
-12272
1787
-8188
1815
-7073
5647
-9180
3339
-4088
-2012
48
1786
-5092
5369
-5108
7153
-15328
-2284
-9196
-1307
-6124
-11773
-3040
-754
-13264
14055
-4092
-1802
-13256
-7679
10256
792
-8964
-272
-6132
-3321
-10216
-8729
-5092
-8686
-6116
-5132
1276
-2572
-15336
-1319
-7116
4547
-7136
-1558
-4084
-3338
-11200
-2305
-8140
1022
3076
6609
1080
-7959
-12288
-6663
4132
-8430
1028
-6900
-3060
754
-13276
3076
-3044
-5872
-13288
10489
-8140
-1533
-3032
-8225
-13248
538
-3048
6138
-6140
1017
-6120
-12032
-14328
-508
-18388
7153
-5092
-513
-3040
-4656
-5116
-3322
-9208
4325
-992
-239
-4068
2053
-5052
8968
2088
-12031
-7132
6664
-20412
-2810
-10176
275
-11244
9217
-11204
-8692
-17340
-5115
-12280
-1761
-11012
1268
-12264
10269
-11248
13314
-2048
2289
-15304
3113
-12256
-8182
40
12013
-13264
288
-7944
2055
1060
-11765
-1988
-4600
-3036
2792
-8168
4355
-2012
4
-7096
-3842
-6100
5596
-10228
-7417
-10232
-5858
40
6403
-4052
-4092
-11196
2045
-1984
4084
-19384
3326
-1988
3083
-20428
2041
-1016
3281
-4080
-3069
1100
-511
-7144
2812
-6116
3320
-3060
-5413
-12268
4362
252
264
12
-6115
-12248
8975
0
555
-7944
3329
-16304
7688
-18412
-542
2068
-9720
-5892
-21
-1796
3349
-7128
757
-6112
11263
-20452
271
-8172
-10285
-9176
487
4
-988
-2036
-2526
-7160
1803
-18412
-4616
-996
747
-8152
5640
-10188
4628
-2048
7929
-10224
-4616
-8144
-1820
-964
-4869
-12244
5641
-11192
-8693
-10216
-6917
-12185
5608
-3040
5123
-7148
3590
-3036
-5865
-5116
3029
-11216
-6632
-4048
-10244
-6120
-5162
-7944
6374
3320
2812
-6108
-5128
-11192
-5120
-12272
8693
-2836
-8717
-10176
1771
-13308
-1016
-11216
5095
-3072
-266
-6116
4826
-5056
-6642
-11236
-3599
-10240
1783
-11224
-24
-12036
7150
-11252
-1766
248
5954
-12240
-1034
-4068
3838
-10212
11536
-1024
6908
-11228
4870
-5112
-523
-11236
1505
5279
2267
-8140
2085
-10220
-511
-8176
-5368
-2044
6641
-14312
-4359
-10216
4067
-20456
1043
-16368
3067
-9168
-6153
-6084
24824
-3048
-5612
-16132
2579
-9164
239
-3072
-1495
-12264
-2797
-6136
-2338
5140
1780
-12276
3067
-7136
519
2064
-1025
-3016
-1816
-8136
-16387
-11264
-5135
-5092
3591
-4064
1524
-956
11048
-14280
-2290
-5104
-756
1032
-3115
-7164
-2814
-2836
-3104
2076
-5633
-14304
5649
-2032
4899
-18404
5632
-1804
-8177
-5072
-9449
-11240
-507
-1000
3083
-3844
2052
-9196
-6144
36
4595
-3036
-1792
48
-532
3112
5645
3088
2305
-10192
-7174
-8972
13293
-12268
-5612
4
-3583
-15324
1032
-2032
4352
-6124
-3552
-6104
4088
-10220
4350
-9200
2008
5188
-2575
-8176
-4595
-6088
1034
-8968
2274
-4904
-2032
3092
3340
-5900
4108
-5104
784
-6124
-12006
-6112
-1032
-6132
7432
-5108
-5390
-10236
-4572
-5088
7929
1260
-4343
-8188
-225
-9204
-23
-12288
-1041
-4060
5624
-10220
5103
-10220
1556
-9996
-2325
-9216
7670
-4068
-1025
1044
8222
-8188
1546
-8176
-481
-8140
-1817
2080
11485
-6108
479
-12248
-5903
-1808
8192
-8148
3841
-10216
757
-12268
-787
-10224
1794
-7132
-6422
-3064
3600
-17172
1797
-12248
-1306
-5116
-3096
-8140
1001
-7156
1040
-2000
4869
-6108
-3869
-7124
-2828
-24308
-1011
-8128
2300
228
2551
-16340
3571
-5060
1052
-12256
-6647
-3016
-6409
-8172
9474
-9176
-2025
-13284
4323
-7168
-16
-10220
509
-1024
3821
-7160
3849
-10184
4349
-7168
3583
-19216
-9231
-6108
6410
-6136
4630
-9180
-2055
-1024
4091
-14292
-7191
-10188
-269
-3064
2819
-14320
-2291
-4032
5150
-8168
-15
-2032
-7184
-2016
17932
-10008
-9969
-5056
-8198
-4044
-2529
4108
6123
5140
-5887
-7128
-7173
-2024
12035
-2828
-1304
-8148
3337
-9212
8424
-2032
-7702
-13260
-2288
1056
-1309
-8124
-7692
-9196
1245
-10236
11782
-10204
6178
-7140
5895
-6084
-6887
-3056
4351
-6132
219
-8192
-3074
-8156
3833
2072
-9214
-4076
-9971
2088
-818
-13068
-1769
-2840
-8728
-9180
-9457
-12256
13289
-6116
-2321
36
12031
240
2796
-7940
-3072
-17384
4106
-1004
5088
-1980
6647
-6084
9471
-19436
5580
-4060
-2800
-8144
-1806
-13068
-10768
-10220
2608
-18380
1
1036
-2859
-10208
-4117
-10216
-1779
-12248
6892
-1012
-753
-12280
4608
-6060
1051
-10220
-6957
-13288
-5102
-4064
-497
76
9215
-6124
-1992
-8152
774
-776
-3314
-1980
1767
-4084
-6158
-10012
3582
-7128
1296
4124
-7146
-11196
6391
9220
-782
-11232
1276
-13232
-510
-788
1519
-10000
4590
3096
-5890
-12280
551
-10212
2073
-18380
-8711
-5072
10262
-10212
-2293
-22268
1290
-6096
7154
-9176
-6906
-3844
-1233
-21472
516
3096
-4330
-8168
4871
-7948
-2314
-11256
-2366
-4872
-535
-11232
-10021
-8188
-6886
-10220
-8188
-960
3814
-2048
-9731
-9988
-6152
-6104
781
-3040
6657
-11264
275
-7116
-6645
60
235
-4044
-11231
16
-10270
-3004
8430
-1800
-2298
-17376
13
-12276
8185
-5116
-277
-14320
-7686
-7124
1783
-968
5627
-5084
-5643
-3016
9758
-15316
-4585
-10180
3607
6168
2844
-15348
-2568
-6144
-29040
-3060
5118
-6092
9715
-11228
-1305
1123
3096
-13312
-1287
-16384
-7917
-15304
3830
-7168
-4879
-11236
760
-7128
-2830
-4036
-526
-14316
-5882
-11256
-20
-12252
-3078
-9992
-1556
2056
2600
-11236
-5141
252
-4858
-11220
2576
-3036
1278
-8168
4118
-14084
-1809
-7104
-12282
-5096
2025
-4052
529
-7964
-5
2080
6406
-6120
3324
-6916
-10229
-8144
-6426
-12268
-11002
-8156
-5918
-10224
-498
-3048
-493
5148
-3345
-10224
-4087
-5900
-4610
-23276
2808
-8124
-3581
-7100
12032
-16136
-4572
-6932
5578
-9992
9486
6196
-5887
3088
5636
-10220
7174
-4060
7708
-12240
24
-3032
2272
-12244
-9468
-1020
-5628
-7168
-519
-6104
-5909
-10164
3584
4104
-2325
-11216
-2045
-7136
9171
-15332
-11919
-8136
28134
-992
4572
-4056
-2279
-12284
2832
-15332
-5407
-7144
-9749
-7136
11280
-13268
13569
-17392
8950
-9204
3067
-976
3604
4152
-6148
-5080
-6660
64
22
-3052
9231
52
-4889
-1004
-9186
-7108
6191
-7120
14601
-3872
517
-8164
-5346
1048
-6157
-2048
8941
-5084
-1264
-19416
-787
-18392
-4883
3100
4864
-9160
-3600
-6132
1779
20
11286
3108
-6159
20
-1814
-16348
-4102
-4088
8
-6100
-318
-5060
-11502
-9180
-2555
-6140
2021
-988
522
-19412
20
-1980
-5915
-3032
3832
-3064
-1
-6120
-9460
-3072
3313
1028
-2539
-7128
3073
244
-3086
-7148
-506
-7152
3352
-1980
-6121
6184
-3330
-9188
3847
-8176
-8205
-8984
242
-2820
-5380
-7952
-6128
-9988
-9448
-3844
542
-10240
11017
-7952
-1519
-11256
509
2288
2817
-9188
-9958
-2020
-3818
-12036
-1818
-17352
3019
-12276
-11749
-9008
-1
-20416
1259
4128
-3599
-992
2552
-16380
5650
-2040
-5139
-2016
4355
16
-221
-15320
520
-1804
-549
-6144
1043
-5068
7149
-1988
724
-8976
4572
-7140
4055
-9192
-5879
5128
5123
-9988
-1229
-15336
-1040
-16352
-5141
-10208
-6875
2092
-1545
-10228
11499
-4884
8441
1044
1539
-7952
7957
-3056
3101
5160
8177
-10220
-4097
-12284
-2283
-8172
6134
-5104
1828
-1804
-244
-3040
6910
-1968
-8669
3116
-9237
-19432
-8243
-11244
-515
-18408
-542
-6132
-3589
-15360
12554
4108
-11505
-10200
2801
-4084
-1284
-10208
3068
-14312
11012
-8168
3600
-17348
1810
-2012
2048
-14300
13069
-10208
-977
-6100
-5110
-14316
-3574
-6104
-6374
3112
-499
-6116
-2036
-6100
-529
-3064
10502
-8192
-3568
-9200
4322
-2020
3807
-8172
3570
-18412
-6417
2048
6615
-7140
-3066
-3032
1805
-2044
2569
-9188
5093
-5104
-6378
-11236
774
-11020
4332
-11232
4837
-8192
2528
-15308
2797
-5088
-3096
-4876
-1028
-14304
-1800
-12048
7151
-12260
1273
-10196
-12534
-10236
-5127
-14280
8265
-10212
-3597
5160
7927
-2040
3580
7188
6916
-21484
-786
-7144
-12070
-1024
-2286
-8164
-10227
36
-12295
8192
11538
-2028
-6416
6208
9496
-3032
-1514
-5104
9248
3108
-3846
-8964
4079
-7152
-3103
-7128
-548
-6116
-34
-3072
-9966
-6136
8161
-9164
1530
1276
-291
-3032
4600
-4096
2299
3100
3867
-5088
-736
1096
7413
-6084
3055
1048
-3579
-6088
-6112
-8152
-1021
-4064
-2565
3104
-25
-10196
-4121
-7120
1761
-3000
3315
-7160
7421
-6072
2032
-8172
-2289
2300
3065
-13268
-1763
-9996
-7433
-4072
-11743
1108
-4613
-6132
2065
12
8694
-3032
-3823
-6112
-2544
-12280
728
-984
-9733
-12252
7691
32
-12539
-5052
6902
-3008
3558
28
-1526
-2036
2028
-6108
7203
-996
-1297
-8136
4386
-6108
1288
-6124
-6170
-10220
2061
-11208
-3551
6216
-3092
-6084
4864
-5108
-3049
-14328
-265
-6136
-2063
-5088
-8229
-11028
10263
-3004
5882
-10236
-272
-20468
3880
-17376
6668
-12268
6911
-1804
5087
-6124
-3834
-7132
1739
-6136
237
-12276
5355
-3068
-7450
-5100
-2564
-7156
-2810
2080
4106
-9184
3345
-12244
-1825
-15312
1323
5140
-3862
-2016
4879
-19404
3593
-1800
-211
-7160
11790
-8160
2052
-11204
4391
-6084
5362
-1992
-1304
-5104
793
-11236
-4638
2056
-748
-10216
7648
-3064
-2806
-4064
-510
-3020
-3551
-4092
-6637
52
-3829
-5052
2800
-10232
7182
-1004
4605
-7148
-4664
-7152
-1001
-14268
-988
-10204
1039
-15340
-1507
7200
-1328
-19436
-9773
-1796
8172
-9085
-9479
-10184
9982
-9180
3079
-12276
6669
-12232
5927
-10172
563
1040
498
-992
-10208
1276
744
-12244
4576
-992
-9483
1028
8172
-9176
5863
-7160
-4598
-9216
27350
-4028
-1268
28
-8689
-8168
13566
-9204
-1608
7188
9451
-13264
1539
3080
-2061
-4044
-5334
-8192
-1007
-14088
3059
-11224
-11318
-2000
4881
3096
1313
-11264
-3327
-11236
3339
-6140
1016
-18420
6912
1040
-5375
-3032
-1039
-5088
-2310
-8180
-768
-4064
-12281
-8112
2071
-4096
11997
-11236
3347
-4072
-254
-7152
7949
-12268
-8479
-6140
7448
1024
5895
-4072
-2829
-12240
-6916
1044
-1523
-4028
-5599
3096
8696
-14292
526
-13244
6393
-5064
-2288
-2040
-2814
-5096
6648
-5072
725
-9184
-4353
-16356
-8446
4096
2548
-5088
-1547
-6120
-6628
-5052
11263
-12244
-3338
-15340
2351
-6108
-16728
-9200
-3877
-3024
-5636
-4088
2813
-7952
4618
-9172
-13342
-6096
-4091
-12244
-5393
-12216
9467
-10204
-7416
-988
-5406
-7124
13065
-9192
-4129
-5076
7677
3132
1816
-14284
4628
-9988
-6160
-15324
745
-4060
-5875
-8156
-5628
-4084
775
-7152
-3317
-3844
3588
-8164
-4356
2068
9480
-11244
1280
-9212
2045
-15112
2818
-4084
-16919
-9192
-6149
-13268
-7189
-8152
-483
-20236
2038
-10200
-3595
-7160
-6389
-12276
15144
-11232
6
-10232
-3794
-16348
-272
-16344
-5635
-8152
-7183
-10196
3539
-15332
11277
248
-5671
-10228
1057
-8156
1022
-5096
2035
-1988
3603
-2028
-289
-6096
278
4140
-4629
-7140
1014
-5096
-4082
7244
-9691
-7144
-1282
-6140
3014
-3880
1813
-21452
5348
-5100
3330
-1000
-1562
3100
-3321
-9168
7706
-5092
-2316
3076
4830
-2028
-7128
-8160
1522
-2044
-6881
-11248
-4888
-3052
-5125
-2036
-4881
-972
-4878
-14324
2820
-8964
-7908
-12232
4651
-10032
8714
236
794
-3040
1829
-6128
-3082
-3068
2533
2076
-5390
-6096
-1809
24
3316
-7168
-3327
-3072
6344
-11236
-9709
-5068
-4586
-6112
819
-7132
-2590
-14304
7679
24
-3602
-968
-7665
-1020
1048
-1024
3050
-3044
-6661
-2016
2277
6176
-10767
-6088
7145
-6128
-11006
-7124
766
-4084
-2564
-11212
-2567
-3024
2551
-7132
-214
-9144
3605
-12236
5895
-5072
5129
-6140
7707
-9176
6155
4116
-2545
-6132
5381
1080
-8454
-8160
-5907
-5092
7419
-3036
-5354
-7156
-4882
-5104
-1045
-2032
-3296
-11256
-814
-8148
3584
-9184
3056
-6104
4373
-7136
-3811
-5096
6128
-13288
755
-9996
-9520
-3028
2592
-16332
-3799
-14276
8711
-2000
790
3116
1776
-4020
1295
-8164
-3107
-4088
3873
-7124
532
-9184
235
-12044
7960
-8160
477
-940
2311
1032
4874
-5100
-4095
5164
-1029
4116
-1778
-11232
-5363
2072
4345
-6128
1778
1072
-1522
-1000
4092
-2020
-7965
-2024
4081
-7124
6446
40
-5646
-10212
990
-3052
12568
-13072
764
-9204
6156
-13060
-3337
244
-1300
-10212
9978
-9196
-1766
-13292
-4331
-13304
-2802
-16332
-2093
7240
8222
5176
8218
0
15105
-12044
3091
-5108
-4583
-12232
-3065
-988
3092
-5116
1527
-23284
-4126
-10232
-1528
-960
-1047
-11252
-17
-7108
5656
5148
-6158
-9204
2801
-9216
-2545
-11232
9740
-10196
4650
-3012
35
-6144
3606
-9172
6149
-4080
-5632
3096
7179
-4060
-5092
-10192
-494
-9168
-762
-15360
-6638
-14320
-7421
-9212
9953
-10240
1295
-1996
3847
-10196
540
-19444
2317
-7120
2055
-6132
743
-10176
-1278
-10232
6437
-5100
2576
-11020
2086
-3024
766
-7136
-3353
-11224
-1800
-1796
-1033
1084
-8167
4116
-3856
-6112
7666
-14312
-233
-12256
17
-13296
6143
-8192
3597
4100
-266
4140
-4346
1068
-2595
-4096
2035
-980
1501
1044
-3602
-9196
2525
-13304
4597
16
-486
-1796
4112
-10220
7907
-11256
-7707
-18428
3100
-12256
8701
-6096
7382
-3044
-9188
-11248
15866
64
9502
-11204
-1009
-3056
-4339
-3040
7456
-11260
-7218
-6136
-233
-2008
-6661
48
4613
-12240
4866
-14096
2063
-4076
5380
-11264
-5112
-2024
-5363
52
-1553
-16316
-3324
-5080
3577
-10184
-8665
-6072
5339
-6100
-501
-10176
7177
-8132
-3586
-5104
19218
-17384
-10738
-3040
3831
-16352
-7152
-11232
-2814
-7140
-1515
-7100
-13843
-15316
7134
-11208
-4624
4100
1777
-7120
-3319
-4064
2553
-11252
1570
-7116
2073
-8148
6392
-6928
-4911
-8184
-2263
-7940
2036
-4868
-2777
-16336
239
-2040
-4103
-14092
-31
-5092
3347
-9204
-778
-11244
2056
-11244
-6673
-11220
-9221
-6092
-2796
-2824
6154
-8160
3868
-13240
4592
-8172
-1522
-13284
-1257
-9180
471
-15340
533
-8160
-4389
-9160
-4081
-6068
-2037
-976
12297
2068
1034
-11012
-7644
-4056
5903
-3040
-3829
-992
-3616
-7140
3058
-12040
2543
-12052
3306
-7944
2806
-1800
-7199
236
1553
-5112
6906
-3048
-10032
-5112
-1767
-13280
7400
1036
2054
-7152
263
-11240
3877
-14316
2542
1060
-12275
-3852
-12787
-12248
519
-7152
-2075
-8160
24
-3048
-2580
-13296
4598
-2020
-3862
-10200
-7155
-10220
-3578
-13276
-3614
-1796
790
-17372
5374
-1988
-3305
-9176
-6692
-12040
7914
-3036
-273
-12252
-4850
-11016
-7430
-13292
-1783
-5116
2562
-5116
-3079
-7120
-4387
-8136
2559
-15308
5156
-8132
-260
-7160
-6895
-6112
13314
-6076
-9223
-15320
-5396
-11220
5390
-11220
4890
-7944
-3633
-6100
1270
-8964
710
-11228
-5359
-9196
-21027
-1996
-11017
-9200
277
-956
5931
3116
17937
-2000
-2836
2076
6418
-4880
-2054
-9184
4832
-13252
-8448
4348
-6099
-10192
8926
-7140
-2028
-9180
12543
-12256
1797
-12256
-2842
-19416
9734
-12260
-3885
-10224
-3600
-14312
9497
-4080
-767
-980
510
-8116
-4593
-10220
-2046
3092
-5888
-4084
-3359
-8164
-6399
-2020
6927
-992
14875
-1980
274
-15344
-4850
-1812
13083
-1012
-2287
-10240
6618
-7144
524
-8184
3283
-992
-3863
1036
-6163
-7120
4075
-2840
37
-4080
1775
-17396
-7173
-10220
-3622
-11260
-10212
-3060
-527
-3052
5895
-11252
2038
-10204
-5869
-7160
-1258
-9212
-1523
-5096
-2040
1068
-510
-14292
3036
-15340
4880
-2836
10781
-18412
-1241
1040
-2290
-6924
-8419
-7144
-2576
-8164
6887
-7156
-1992
-19456
3593
-19404
10797
-12240
7168
-17392
4856
-7132
-5118
-6128
-3313
-14084
-1297
-11228
4358
-10220
-5094
-13252
2841
-11196
-1244
-13284
6903
-21472
-7
-12252
-8159
8192
9500
12
5903
-19380
6900
-6120
2039
-10204
3580
-1820
-3570
-9168
1516
-3040
-7644
-3072
-10751
8212
509
-9156
1735
-8176
790
-21476
8713
-9160
-1270
-5088
6898
-4020
-1498
-10196
3089
-14312
4856
-6920
-2012
-7128
4354
-12276
2283
-7140
-243
6380
3321
-980
-3057
-14304
-5648
40
7934
-14292
-2557
-7156
-488
-1968
-247
-3060
-1036
-6076
-3268
-13292
4318
-4072
-11782
-3056
-1555
-10228
5649
248
-732
-6104
-2568
-11236
-2049
-8152
-3595
-2028
-3576
-12252
6914
-7120
-6936
3104
-1056
-13304
-14068
-10176
5124
16
499
-3064
4111
-7940
13581
-3060
789
-2012
-3832
-14296
-4844
-9176
3296
-8140
-3321
-15308
-1300
-16336
8997
-7120
3333
-14084
-4886
-11220
2578
-2032
-3332
1028
-996
-10180
2841
-1000
5142
-11212
21851
-6144
-8170
-5064
9978
-3044
-2307
8248
-5117
-6116
-1806
-4040
-7898
-15300
243
-1976
3630
-10240
1544
-10216
-5377
-8168
4113
-5064
-210
-8160
-2305
-7128
1290
-952
-5894
-9160
3565
-11016
760
-7108
4571
-13088
38
-1000
1046
-9180
-4602
4336
20
5132
6898
-13292
247
-7132
4860
-12228
7125
-10232
-6136
-12284
5379
-10208
-4891
-12036
-541
-11192
5626
3100
3313
-9988
755
-9184
5595
-8148
-10221
2076
3836
-7148
-1805
-3060
-2846
-5104
2781
-13276
-9995
-6124
-5633
-12244
-4888
3320
5891
-17156
537
-9200
4645
-16352
1789
-3020
6676
-19440
-6929
-12264
-7681
-9184
-9717
-10216
4863
-14308
-5388
-9164
-5381
-11180
-1518
-8140
1806
-8172
5115
-22228
-2025
-11232
-4868
-18408
512
-17384
10470
-4068
-2281
-3024
-475
3120
-4351
-2012
2834
2076
1574
-12260
-13310
-14284
2311
-8164
8229
3320
496
-11200
-1546
-13256
1801
-7124
5407
-19400
7693
-9164
-6153
-7144
-755
-11220
-5100
-10176
5908
-6120
1801
-20416
1247
-11216
784
-12256
-3322
-25320
4871
-15292
2067
-992
-3612
-1996
-7157
-19436
-7171
-24288
-7204
-3056
-13304
-10208
-6662
-7124
-7414
-4072
-4087
-17384
5133
-10200
1801
-13280
2825
-1800
5365
-5060
256
-10176
-237
-13252
6942
-10208
-5881
-11220
-2039
-13308
2578
-5900
5649
-11260
1
-12260
3808
-14308
1022
-10129
538
6192
5359
-9204
-4088
-3052
-2041
4144
499
28
5099
3100
-1277
-11236
-7200
-4036
-5379
-3036
6388
5148
264
-6104
10736
-3844
3579
-14328
242
2300
-3065
72
15
5144
-9753
-6124
776
-15332
2572
3088
-12022
-4044
9448
-5040
-8444
-3040
2036
-4056
-10477
-7952
-5102
-9184
-3081
-776
-8461
-9192
1505
-9204
526
-7136
7940
-20236
4620
-15344
-763
-11260
493
-5896
1044
-5108
2553
11284
-11558
-16285
9972
-16368
-4088
-7132
-1553
1108
10236
-11252
-2833
-16356
5082
-7144
8469
-3044
11799
-5080
-1506
1076
-1241
-4092
-1264
4128
-258
-4052
-3086
2052
-4090
3112
4326
-6112
1288
-11244
-10995
-16316
3082
-11248
234
-13256
-10518
-2032
-750
-12048
-9497
-12248
-6908
-3064
-3835
-10216
5908
-14292
-773
-14292
1555
-988
1295
-4872
-525
-9156
9198
-5120
4915
-1020
-6709
-5104
7922
-2044
-3318
-5088
250
-7140
-5693
-10240
-3848
-1968
2553
-5040
10
-14288
-12599
-11204
11765
-23228
-6125
-5076
2810
-13064
-3114
-1961
-6652
-20448
-4370
-2828
-500
-17396
1804
-12280
7937
-14316
3591
-14320
5386
-9208
2046
-12280
2821
-13228
-3593
-19416
7956
72
-508
-9172
5616
-7140
5633
-780
-8463
-2024
-755
-10200
7447
-1972
1247
-3040
7182
-15300
-3324
-7092
1781
-9208
-8954
-8164
-4855
-16340
1554
-3048
-8697
-6100
-11004
-6096
12034
-3852
4362
-11228
3828
-3040
2052
-18368
4120
0
-3320
-4032
2550
-992
-5872
-4080
8172
-5892
520
-7124
4362
-9176
-7393
-9204
-5108
-9192
7636
-6136
-11770
-8176
6188
-10204
2313
-15312
-1785
-8144
-4844
-4064
-27
-10220
-3299
-13296
6397
-784
3601
-12044
1059
-8176
-2548
-6108
2079
-12272
-2035
-1992
-3307
-6112
16387
-1016
-1488
-4040
3310
-16140
4069
-10204
-3047
-2828
-498
-12240
-3315
-11260
-1803
7220
-4865
-1992
-6127
-9204
-2580
-988
2791
-3032
9215
-21504
3106
-3072
3092
-5068
6430
-15344
8200
-14096
4398
-10228
6663
-12236
-3146
4132
-4332
-5892
2514
-1016
-3536
-7148
-4830
-8188
8713
-8972
1283
-8980
-5407
-8112
989
-3072
-3059
-7940
9472
-6136
-1317
-4092
4880
-14288
-3608
-3032
-2547
-10224
3046
-7148
-294
-3848
-509
3076
246
-3056
13797
5132
2096
2048
-1773
-6108
-4328
-6132
-9759
-3036
6906
-1804
-536
-12252
2566
-9196
-6683
-8160
-7196
-4876
7688
-7104
-1303
-7140
1267
-15360
-8414
-9196
8701
240
-4605
-12244
-5390
4124
-3037
-3048
-4087
-4084
510
-7112
3084
-10224
1274
-14312
-3325
-4876
4060
-12228
5883
-10224
-5865
-2020
531
-3008
-1520
-3844
-2030
-4032
1014
3092
-7713
-12232
3355
-5080
1548
-1808
5083
-12252
-13852
-15284
-480
-6116
-6398
-7144
-11784
-5108
-1775
-2988
-1286
2260
262
-11244
-1536
-2012
-2609
-14296
-7679
-17400
2805
-15344
3851
-13284
-5887
-11224
-5130
-9196
2566
-10208
2305
-15336
-5138
1064
2308
11284
-6170
-10232
2804
-7136
1538
-9152
-1808
-2048
-8976
-6120
-2051
8
-4631
-10208
-8425
-10212
3573
-4064
4367
-3020
4091
-4068
4114
-3056
-5882
-4076
11790
-3072
-3286
-4052
10758
-8184
4897
-11012
-266
4164
7703
-17408
-13813
-14292
-6647
-2000
5404
1056
-3570
-11236
-518
-13260
268
-4068
5386
20
3087
4096
-3325
-13272
7921
-20404
2313
-10236
-8427
-13276
3579
-14100
-1530
-15332
1259
-8164
1790
-13264
3576
20
-8968
-6916
-256
-4068
-5865
-3048
-4113
-12036
-4851
-14084
-3324
1044
-9191
-980
5401
-5040
-7386
5152
7429
-11260
-4638
-6100
6406
-12264
1791
8
-8976
-7140
-8702
-8136
-5130
-19420
-2864
-10196
-2038
1064
-1824
-7104
532
-11240
11570
-7108
-14856
-17384
-797
-2032
5921
-7116
7653
-14332
3360
2116
4078
-10176
12809
1272
7668
-8116
6429
-17368
2819
-17156
5118
-12040
-4099
-11216
-6896
-14304
4582
6148
12566
2072
-10718
-5072
4082
-6092
-1833
-9184
-5636
-5080
7421
-11260
-9496
12
35
-7096
7705
-984
-10265
-4096
-29
-6920
2057
-8964
-8
40
-516
-16332
-526
-4060
-2582
-4072
-18154
-14296
6913
-2040
8997
-9204
1793
-22224
-793
3120
-10740
-15320
6651
-15312
1521
-5108
3300
-10236
-1798
-14304
-9201
-8168
1816
-6112
-2819
-11248
-5888
-9208
-3081
-2044
8938
-8176
-2536
-996
4614
-11224
7663
-9160
221
-4872
981
-2012
306
-9192
-6128
-9184
524
-8176
3092
-996
5381
-980
37
-13280
8712
40
1805
2096
523
48
3811
-2036
-519
-8164
1029
-9164
10219
-17408
-12492
-7140
4821
-8152
-2561
-7112
5919
-8184
8202
-11240
-4095
-15308
3327
-9196
-6921
-2020
1795
-18368
5081
-7116
3329
-964
6420
-964
741
-8172
-2837
-3060
-10784
-9180
-1788
-9192
2839
-5080
519
-11236
4109
-9216
11539
-12284
220
-3848
14092
-11236
4603
-7940
-5087
4096
8440
-11216
-7618
-5072
6399
-5120
776
-6124
-4863
-4024
-2555
-11220
1562
-9208
1803
-8184
-995
-5100
6140
-2024
-7420
-2020
-4113
-10200
-5622
-960
557
-6116
-4864
1040
5908
-5044
6892
-12216
-3283
-6140
1007
-13304
6151
-4868
-3587
-4084
-6394
-2996
-1286
-3060
-8201
-9136
-5381
-10228
-3084
-16344
-10503
-4080
14832
-2036
-3061
-8140
-3329
-14284
1026
-7160
4116
-4052
-8960
-976
9203
19484
2072
-4052
-1776
-7092
2808
-4028
4339
-7144
1275
2064
-771
-11200
7951
-8156
-3072
2064
-2076
-1996
-11
-776
-5134
-4044
-12298
-11256
-789
44
-6916
-8152
5644
-9172
220
-12268
-6150
-12040
-4606
-6116
-1025
-10228
8722
7188
-2038
1092
-537
-7948
1261
40
-6688
-13068
3586
-3016
-3068
-8160
3372
-1020
-3087
-5096
-1009
-3028
2302
-4040
6636
-5080
-1521
-8184
-764
-5116
490
-3056
-5353
-5092
-6634
-13248
-8156
-6144
-4854
-6128
4846
-6112
4339
-7164
-4083
1072
-760
-2024
6883
-6124
2313
-7948
509
-4072
1258
-16356
1783
-13240
3037
-3040
33
-3000
-5601
-6924
-6128
-2008
-9997
-5084
2315
-11228
3599
-3056
1779
-17164
-3326
-5076
3877
-4092
2065
248
-3562
