-8168
-232
-5088
4088
-9176
-5628
6356
-1540
-11252
4115
-9212
-5631
-7136
5634
28
-11022
5128
-2072
1272
-8221
-1000
-3553
68
2831
-13300
5352
2060
5109
-3072
4623
-13300
5659
-8136
-10228
-11252
3357
9268
-1041
-7168
-7448
-17368
13360
-4056
6395
-16376
7159
-13280
-725
-7120
-5898
-7156
7448
-5116
7461
-3036
-1047
1052
9487
-11216
3585
-11236
4617
-9204
2301
-6116
6934
-996
8198
-14312
-986
-5084
1021
-10240
-3108
-1988
8697
-6108
-8185
-2012
-6946
-4060
-2779
-13272
-3573
-7144
3857
-7168
-7722
-14320
-8172
-15296
5673
-11236
3879
-10232
513
-14332
2022
-19440
-13537
5160
-2024
-4060
2805
-21480
-4608
-960
-5355
28
-5413
-1000
1278
3304
14097
-10184
2044
-12256
241
-2004
-21530
-12252
6624
-12248
6422
2092
1280
-2012
-1545
-11016
7668
-8148
-4339
-13260
225
-10196
8189
-18368
4584
-9196
2564
-2840
-2333
-7128
3311
-6132
4109
-12272
2811
-937
-798
-7152
8961
-11192
1804
-20468
17126
-3848
779
-5088
-273
-7148
-3824
-8192
3065
-10240
262
-6132
3044
-11016
-4334
-18180
5624
-11248
-267
-8160
7409
-16324
3335
-3056
-197
-796
14845
-5104
-5369
-16352
510
-3993
-754
-3016
6130
-8140
-9664
-4868
15102
-7152
7171
-14324
-2548
-980
-5615
-2040
6891
4136
6163
-2044
2552
-7152
3088
-3060
9958
-5068
-10530
-11208
9261
44
6194
3096
4598
-6104
-2044
-12256
1543
-8176
-7711
-6104
5871
-12244
5871
-10220
-8252
-8112
2322
-3052
1537
-3040
-5372
-988
-3856
-4052
4889
28
-1294
2096
7154
-17360
2849
3156
1054
-14276
7176
-5044
4085
-2012
5118
-13300
4654
-11220
2568
-6124
6873
-23236
-4093
-13304
238
-4056
7446
-12248
-4342
1040
-5358
-3044
-1537
15384
2803
-11244
494
-4092
2568
-9192
-5359
-6144
-1039
-5052
6146
-9988
11008
-13288
741
-5908
-7176
-13276
2335
-980
2056
-4880
2831
-4092
1299
-4080
6355
-18392
-4609
-4076
-8686
-6128
750
-6088
3097
-10212
-748
-13292
11229
-17404
-5859
-7112
-5100
-3056
11003
-15316
23018
2076
2055
-7156
-287
-3032
-6922
1064
-13796
7220
-7690
-5088
2285
-9176
3066
-13292
9227
-16344
-277
-5092
-1525
-2016
7154
-12264
-11243
-2000
-6141
-8164
10247
-15124
2282
-10192
4102
-2000
-1070
-11236
-2791
-14308
295
-3064
7378
-6100
-7400
-5076
3295
-4084
-3319
1064
1286
-4052
3346
-14296
-2558
-2012
1794
-2028
475
-8164
4361
-2012
11541
-6108
-2795
1268
8219
-13264
10983
-4892
-1790
-4080
3070
-5904
2077
-2844
2017
-3876
1018
-6136
-529
-10000
3559
-11252
-6131
1064
-3583
-5068
1553
-6140
8203
-8192
216
-17372
29
-10208
-4644
-11244
1314
-11216
-2841
1044
-3360
-6124
4099
-17396
-6428
-6108
7186
-2828
-3536
-7152
-283
-2028
46
-1012
-1036
-3044
5903
-7156
-3312
-4056
512
-7156
-237
-15312
514
-3036
778
-13260
-3344
-2032
-15607
-14300
-2055
-8116
5104
1052
4837
-5068
-1523
-5088
-1036
-3048
-2789
24
-3090
-8176
5123
-980
-8448
-16352
-7910
-3060
-3325
12
-4880
-9200
5846
5140
-3800
-8140
-1011
-15328
-3321
-6132
10524
1032
-6921
-10204
6916
-8128
8435
-9164
-13228
-4092
31954
-7132
-5910
-14328
7694
-12260
5376
-4092
-4837
-10204
5650
-5112
1255
-11232
-13019
20
6667
-5088
-14331
-2004
-8481
-6104
-7933
-3036
2274
-5088
5116
-2828
-503
-18396
4837
-13252
-1282
-6124
1285
-984
1517
-17368
4638
-15328
-769
-4056
3329
-5040
1256
-13300
1796
-1984
-6909
-6144
2072
-7164
2574
-8168
-13342
-7140
-3570
-984
6133
-5900
3358
-944
1540
-9988
13557
-12264
-253
-18412
4848
2068
804
-2824
5083
-12268
5125
-13292
-509
-11200
-9727
-5120
8457
-7132
-7403
-11220
-2598
-6080
-6136
-24304
-513
-988
2309
-19456
-2330
-3016
4357
-8176
529
-4028
-540
-4040
-6656
-11232
4084
3088
-504
-15344
6153
-6120
5849
-10204
-297
3292
249
-6920
-6385
-8136
3595
-7160
-2032
-5084
5
-19428
268
-4868
6125
-7136
-8415
-11248
-18201
-15320
-1490
-1024
1804
2076
-2060
-5088
533
-9200
524
-14288
1818
-1996
3341
-15108
5383
-20432
-815
-980
3565
-7152
2824
-11224
-1548
-7152
1004
-13304
6421
-7108
-5404
-9208
-2532
-9176
12067
-992
-7415
-12193
1034
-4088
6907
-13276
1246
4128
10261
16
-10480
8196
3308
-6084
-3100
-8156
4896
-11252
7640
-12284
257
-2000
8472
8
4343
-7128
-1033
-6108
-6654
-11236
1524
-28136
-1312
-13288
-7407
-8160
-3321
-7116
12560
-13272
6138
-8140
-1019
-6080
11013
3096
-21
-984
4611
-10228
9981
-7104
4120
-7152
-2306
-15308
4888
-6092
-3842
-10196
3831
-11244
521
-14332
7903
-9188
802
-5896
999
-8140
4116
-5080
-822
-7168
-1043
-7136
2073
-7108
-8434
-11188
5135
20
-3069
-13300
1820
2072
-4335
-7168
-248
-8164
4610
8200
-2800
-14316
1775
-3036
4330
-5108
1562
-13292
-1029
-5064
-7449
-6072
2819
4128
8442
-3064
-7673
-17388
5362
-7140
-8441
8424
4639
-12248
3585
-10236
-2779
-5120
1521
-6108
-4853
-4048
-6392
-8136
7674
-6136
9493
-1992
-5924
-5096
1808
-8136
11500
-8144
-12524
-11224
-781
-3008
-4609
-996
259
-1024
-2556
-10176
-5396
-7168
-7139
1032
4108
-9184
2305
-16324
-759
-5104
484
-2836
8214
-5112
6385
3096
2279
-5100
-4060
-5092
3875
-7128
495
-2036
11021
-10228
-7612
44
-800
-7956
-5642
-11256
4107
-10192
505
6192
-5386
-7136
-2048
-7140
-5896
-968
4098
1040
1533
-972
-513
-7948
-1263
-10208
-6929
3088
2070
-2008
-4358
2068
5352
48
-4627
2092
2024
-7132
-9499
-6920
3071
-5052
-11511
-4032
-3557
-8972
6416
1068
-2553
-2008
-29
-11216
-2835
-7960
8972
-2000
1005
-8980
-488
-11216
9743
2112
-3344
-10212
9744
-16356
4628
-2044
505
-11236
-5103
-2040
-500
8196
-512
-8148
785
3088
-9728
-9168
1526
-9996
-1293
4148
7165
7192
-3808
-16344
10193
-3012
3110
-6092
-6644
-6112
-801
4128
780
-4880
12579
-9168
5393
-3044
-3068
-9160
-4138
-11232
-4875
-972
-4382
-13276
-4592
-11240
-4627
-10236
-2567
-5120
1574
-8180
97
-15320
-4855
-3064
-8206
1032
3824
26420
1579
2124
-10034
-5076
3316
-18432
1755
-8152
1294
-3048
-5363
-23212
-4360
-20432
-7743
-10012
-4601
-12260
1008
-14316
-1797
-10000
-2048
-2897
2840
-4868
-1028
-3044
-3837
-2020
-4356
-6088
-4081
-19452
-536
-5088
2314
-6104
-4563
-10216
11027
-16360
-3802
28
-2817
-1796
5118
-7132
1282
-14300
-10503
-992
16913
-13064
-9733
-2036
-8963
-14304
991
-1000
1290
-8172
-7468
-2016
-2308
-5892
2306
-1988
8940
-14304
4866
-8192
788
-10208
2789
4100
3563
-8148
6640
7220
3066
-6088
4896
-8964
-3090
-7164
-3083
12332
1803
-2032
7429
-4060
-5645
-15304
-5437
3084
-10747
-15356
-2591
-5100
-1541
-16344
4569
-3032
-6170
-12252
2813
4156
1782
-12048
-6394
-12276
3048
-2008
1215
-4068
263
-2012
-2830
-4028
1793
-11228
-8434
-4084
-8697
-3060
1021
-7140
-3588
-8192
11548
4164
-271
-2012
6400
4124
6901
-4868
1824
-4084
-6221
-3060
-2554
-8188
-8986
-12036
5607
-11252
-243
-12272
-2340
2096
7684
-9216
-268
-4076
-4859
-10240
14103
3132
-9464
-7144
-8206
-10208
-11260
-14332
-1771
-10180
4109
-4092
6191
-9168
-1278
-10208
-5376
-9996
-5871
-4060
4117
-6120
7143
-14304
-2356
-7156
2562
-10228
-1280
4144
-7139
-12280
4890
-15332
8689
-12268
-794
-992
7698
-1980
3556
-5092
-4658
-5112
-6684
-3024
-1276
-17356
5134
-11208
12518
-19456
-1021
-6092
5084
-11236
1038
-4048
-500
-5080
-7933
-8156
2280
-6132
-10982
-7128
10799
2100
-4870
-10204
3333
-8976
1027
-8192
3329
-18412
3640
-10228
-6899
3104
-794
-11236
1283
-1008
-511
-5072
-1532
32
6399
-11244
-532
-9184
725
-6144
-2560
-9172
3071
-9176
8462
-5904
-2307
-2004
-12575
-11228
-510
-996
-4341
-10208
8749
-8172
10497
-5104
2322
-11216
12042
-10204
2568
-2832
-7634
-4056
15
-13264
-4074
-14320
6635
-8180
11796
-6932
-8416
-9184
-3047
-7104
7415
-9204
-11233
-8152
4827
-17160
7706
-4052
-8648
-10204
15118
-7152
2823
-14304
-1782
-12288
-5368
-7112
-3081
-14292
-1017
-1012
-4355
-9200
6127
-12280
-756
-2048
7455
6200
2293
-4084
2569
-7152
-12031
-13276
-3581
-15124
-6405
-1996
2804
-6132
-5930
-3040
-3308
-16360
1307
4116
-5
3104
3588
-28408
-2558
-9188
-5136
-4044
6377
-5120
1311
-7168
4122
-6100
-2593
-12284
-2832
-8168
2836
-984
8
-12280
5612
-10200
5371
-2832
4898
-5072
-3863
-1004
-511
-4056
-1282
-6128
4638
-11228
1530
36
-3834
-7136
5388
-8148
4861
-7144
-7429
-7124
4344
-3040
-2829
5164
2308
-12240
-1272
-6140
-7171
-11244
8969
-13296
3332
-14312
-4120
2292
5672
-7140
10516
-17168
1807
1028
-7432
-6124
-1007
-18424
-14878
1048
2825
-6920
1291
-12056
5701
-4056
-3364
-9188
-4869
-13296
5654
-8980
7199
-4072
-4389
-10228
-4846
28
3879
-2012
6140
-8172
3575
-3020
-3091
-5056
269
-3060
-6156
-17384
8178
-9196
3854
-5096
9194
-1000
3856
1044
1060
0
6128
7188
11028
5152
4343
-8160
-8149
-5104
-8751
2084
-7715
3116
1259
-12264
-8717
-11216
2564
-10196
3318
-17364
-2820
-11216
-4623
-7128
4840
-14296
3056
-15312
-1798
-5892
-2554
-10240
6637
-7156
-274
-12272
-996
2084
-4092
-2836
2813
-4076
-5918
244
-1528
2060
1542
-9212
7990
-2820
-5372
3124
15131
-9152
-3873
-6108
3571
-11252
-1797
-13264
-1763
-17376
9009
-4052
274
-6104
5158
-18424
4631
4112
-9230
-4084
5385
-20389
-3863
-12252
-1282
-6124
-255
-12252
-279
-2032
3066
-9188
2776
-12256
-2802
-772
2057
-13264
4855
-16144
10258
-2008
7937
-6100
6108
-996
-4100
-25336
3311
-5052
-1291
-9208
-2066
-8164
3338
-20444
-8731
-7124
-5893
-5108
-2538
-6116
4086
8240
-9978
-6092
-11273
-4028
-2316
-6108
7422
-7948
2312
-16372
3069
-4096
8225
-5896
-3056
-15108
-3626
2288
2575
-8184
4587
1036
-6184
-5108
-4391
-9192
2069
-976
6659
4104
-505
-5080
7937
-14332
2867
-7132
-4355
-11224
-4862
-13264
-509
-13284
-3044
-6144
10207
-13292
-10729
-10204
1021
-6128
-5617
-15356
-2059
-1008
-245
-4072
2047
-3044
7173
-13272
-5595
-11248
1256
-5092
-2261
-5092
3588
-9156
2058
-7152
-1557
-6128
-5113
-15316
-1253
-5108
-1777
4104
2046
-6092
-772
-12264
-2531
52
1311
-13284
-6
-8964
-4353
-9184
-3103
-3028
5382
-4092
-1792
-5092
5865
-10224
-2534
-14280
-3595
-11240
794
-9196
-2879
-4064
6907
-2016
-4337
-6940
1013
-8140
10490
-18404
-2048
4152
-4872
-12272
10736
-3056
-8712
-11228
2564
-4892
-4083
-3004
-277
-11232
4094
-1968
-4138
-8108
-4870
-5080
6898
-11240
501
-17364
-3628
-16348
5645
-14308
5347
-8164
-10512
-13312
2765
-8128
-476
-8968
-17710
-7164
14830
-7132
-253
-14296
-5125
-7944
-2571
-11204
-4858
-15336
-4068
-10196
-1527
-6120
1079
-6924
6648
2060
4053
-7148
-192
-6124
-3589
3120
-4863
-1012
3873
-9216
2818
-2008
-3800
-8180
-6159
-14336
8711
-9200
2268
-2028
531
-12260
6672
-2008
-1237
-17360
6115
-18408
5116
1096
6647
-9192
-6165
-16340
4881
-7140
7662
-13228
4850
-20440
8953
-7156
2859
-21480
-1553
-10228
6923
-9168
-7915
-11224
-4858
-12252
8420
-3848
-1274
-12252
-12756
-13248
7165
-5060
493
-10176
-1570
44
-2331
-10224
1553
-5088
-1545
-2000
-2288
-9172
-4346
-2044
4099
-4068
5907
7228
4
-19436
2831
-2028
1532
-992
-2285
-7108
10008
-8148
-18710
-4016
-2565
-11020
1765
-18380
1038
-12268
1295
-5092
-1062
-7077
-7405
-8192
13297
-13060
254
3092
1008
-7144
-1511
-8136
-2060
-10188
-4078
-22264
-4101
-7940
2064
-3032
-4328
-12252
3818
-11224
2027
-17352
-1522
-10232
-6669
1268
-2089
-15312
11516
-1804
-5896
-14108
-1803
-6120
-1278
-11196
-15627
-16348
20250
-3000
2582
-9152
6898
-21472
-1807
1024
260
-4080
2813
-10204
-2783
3116
3842
-9992
-11266
-5084
3865
-6924
-549
-18404
4597
-6916
-8718
-4060
-3087
-7112
-1815
-8964
-2026
-10212
-5099
-7956
-542
-8136
-3592
-5100
-6937
12
5366
-6096
1030
-19456
1045
-3068
6381
-9176
3070
-9200
1259
-2012
-5879
-5908
5106
-11236
-3575
-16348
6650
-10220
6687
-5116
6395
-11240
-8706
-10224
-1007
-1004
10238
-968
3320
-15308
-14064
-4092
-2301
-9204
2031
-11236
8977
-5096
525
-15140
-7421
-3052
-532
-6140
-2794
-16332
2314
-7156
-4611
-12260
-4782
-12260
5366
-10216
7412
4132
12552
1064
-735
-2012
1032
-17392
4325
-8184
3335
1024
4094
-5096
-3585
-3044
2282
-4068
-7949
-8164
-7436
-12288
-3076
-9196
7175
-18412
2565
-6124
-794
-5924
8484
-11244
498
-2016
6386
-9196
-1278
-5900
2031
1272
-3830
-13308
-5
-15308
2061
-6092
1304
-9168
1545
-5092
1807
-1984
-1540
-5072
6412
-1020
-2573
-9188
4626
-16324
-1271
-14320
-245
-4048
-1534
-12240
1261
-11224
-9979
-6916
-17
-16380
2051
5144
-15082
-9200
-5387
-11232
-2826
-12240
-4074
-18428
2004
-7124
-2808
-7144
4886
-11228
5885
-12268
-4605
-8156
1295
-6120
-7425
-5088
7671
-2036
5644
-8984
1011
-7140
3094
-3024
-5114
-8144
-1060
-10236
-503
-16308
3860
3100
-229
12
-1545
-4872
2793
-10188
-1806
-3044
7710
-12240
6718
-9164
-1525
-16344
799
-8180
7443
3120
-4115
-5076
11532
2080
-7668
-19424
-5902
-7156
-7409
-7132
1014
-13264
275
1024
5377
-5896
3061
-6140
237
-10232
-4379
3092
2820
-3040
9464
-812
-1011
-8976
9456
-980
1276
-7940
-3319
-7148
8489
-15328
6422
-7944
1767
-13308
2573
1056
3838
-2004
257
-13288
10995
-19436
1800
-5096
510
-10208
6396
-20456
-7376
2056
-478
-10240
-4660
-7164
-9203
-2036
5620
-8128
-1534
-2028
9488
-10176
-14867
-5076
-5091
-10160
4094
-16297
-4364
-13268
3566
-19396
-8959
-7164
264
-17396
5918
-18412
3291
-10200
-7410
-8964
2286
-6088
2304
-12276
-6163
-11204
-4097
-6140
4111
1040
-2816
-984
8693
28
-8220
-980
6167
-8168
27
-4060
-7914
-2852
-2843
1044
-4644
-3016
-4871
-3012
9726
-6108
1796
-8176
7676
3088
3355
-17400
-3063
-18424
760
-8140
5874
1048
-2115
-13264
3088
-5100
8413
-9212
-4112
-10188
-1276
2088
-246
-3044
7714
-14336
3054
-10208
1508
-1972
3608
-2028
506
-2040
1775
-4076
4085
-23284
3347
-15336
3105
-14332
1018
-8176
-3315
-4056
1515
-8164
249
4128
4118
-11212
1272
-3044
763
-9200
-5144
4144
1781
4108
-4625
0
4091
-13296
3599
-5084
3845
-12240
2069
-3044
6174
2284
-7161
-8964
3578
-3028
-5684
-996
5362
-1816
3522
-8172
5131
-9196
6930
5132
1520
-5892
-5862
-13288
-1825
44
3630
2080
4874
2080
6665
-10236
7419
4124
4329
1256
-3332
-6096
7671
-16360
-8437
-14288
-230
-10232
-8397
-10000
6872
-11248
-3854
-3020
-4640
-4880
-7920
3104
-1054
-2040
-232
7212
5100
-6140
2815
-14300
4392
24
8179
2300
2596
-4060
-4359
-19452
-1829
-5912
-2572
-22252
-2312
-12244
2049
2056
-1528
-6092
2807
-11244
11535
-16304
-1285
-2020
15373
4096
522
-6112
1296
-4048
-6637
-12276
4885
-2004
-1045
-4080
1055
-6104
-1560
-15112
-2346
-9184
-3090
-6924
3096
-8184
-6387
20
1509
-5080
-791
4140
-7934
-3044
-5630
-14328
3589
-11036
3579
-4072
-1519
-11252
-1766
-13264
-3361
-13296
744
-10220
-3582
-7148
770
-4040
4830
-5017
6151
-10192
6901
-10220
7928
-14288
2331
-4068
8
-3052
1027
-7156
-1774
-9992
-3114
1064
1838
-13304
7660
-13272
-7923
-14284
-18
-10216
2027
-5896
-3840
-16344
1809
-11212
2059
-10188
4648
-3008
3334
-12240
1276
-13300
-2059
-4064
509
-12072
1332
-8164
-9487
-4048
-12051
-15352
-10262
-9180
-12027
-9988
10982
-10200
9726
-9188
7422
-2828
-13074
-5100
10731
-5052
4111
-8172
1550
-10236
5374
-964
3095
-10232
-3576
-9188
-3578
-968
5128
-2040
1557
-21492
-7408
-13280
9969
12
2575
-3032
503
-2020
-3349
-8144
-11530
-5108
7129
-1996
-8983
-12264
8962
-2000
-4336
-8160
-2302
-19436
-1030
-11248
10257
-5088
8221
-3036
11268
-13260
-9477
-5108
9691
-4060
-6889
-9188
8934
-8164
-1542
-8168
-8202
-7148
-5122
-10228
17
-11204
5602
-3848
-7131
-4024
-1311
-3024
-527
-6104
-1268
-7160
4350
-7968
-2552
-7120
-3613
-4076
-809
2048
-1244
-12272
2849
-11232
4833
-11248
3065
-3012
5116
-4048
-2322
-13300
1257
-1000
-5141
-4028
767
-9152
8204
-15344
-3053
36
-6126
-12248
2286
-3044
-1290
-5076
6611
-2020
4100
-14312
-2779
-10216
6144
-15328
2069
-6092
2271
-1008
1275
-14084
-1797
-10216
5087
10248
240
28
-510
-7948
-526
-1992
1010
-2032
-7146
-992
3051
-7140
-8713
-4044
-1553
-3012
-9223
-14260
2562
-996
1539
-14272
2004
-11236
-4586
-18364
4338
-9172
-11503
-13288
-4081
-6136
-4851
-10149
-2290
-5048
-3318
-9184
5643
-7952
-759
1040
-999
-12232
-1300
-3040
4861
1080
-6401
1264
-3316
2288
-6646
-5096
5859
-4052
-2319
-17364
1008
-4064
4105
2120
1801
-6092
-12056
-6112
1056
-5112
-274
2080
-2074
-14312
-7154
28
7399
-6124
2789
-992
5097
-5908
3346
-5116
6677
-5096
3046
-8168
4075
-8172
2295
4116
-5614
-5068
-2047
-14316
-9191
-2020
2048
-7096
11281
-7156
1553
-11232
-1532
-2820
1538
-3060
1803
-9192
1544
-2004
6141
-5104
-3064
-1016
5891
-4868
8453
-2040
4050
-3040
-3048
-4060
8963
-3060
-7153
-8168
2872
-5116
1533
-14316
-4861
-11244
1267
-8192
4110
2108
4604
-5084
6171
-4052
-3619
-14280
-5653
-10200
756
-7148
-4323
1044
-8420
-3036
6107
-9168
-1240
-5076
7976
-6104
-9
-992
-2067
-19428
-3801
1044
515
-5084
-8197
-15108
-6936
-13260
-3073
2084
-1516
-11248
9687
-1996
-8952
-17380
2585
-13272
-2047
-8168
2057
-2032
-2538
-11248
-9997
-14320
-3305
-15336
-1281
-8188
-4081
-22240
1326
-3040
-5631
-8964
8443
-4088
-8739
-7128
13048
-7092
-2317
3096
-6690
-6128
-497
-792
5378
-6132
4379
-8152
-8472
-8164
5651
2120
-753
-9204
-8428
-7152
-11261
-20448
7950
-15344
234
-10008
494
-15328
-5408
-13064
263
-8176
-4363
4100
8202
-11228
1783
-9988
-3286
0
6125
2280
4615
-6132
-4847
-3052
1807
-7956
12041
-10228
-501
-996
7931
-5056
-1774
-22252
1531
-6100
1515
-988
-2583
-9164
3085
-12256
7666
-4060
2321
-6124
-1753
-14260
5144
-16372
1034
-12256
3110
72
8213
4348
244
-2828
1544
-8148
4577
-2981
11799
-7136
2307
-8152
8169
-2032
-6171
4096
229
-11236
-2047
-10160
-69
-9148
2336
28
-766
-5088
-4091
-6120
-1037
2084
-2557
-13292
1520
-3036
-1560
-4028
-1834
-7136
2350
-13284
-3288
-5048
-6394
24
2051
0
-1538
-3927
-1749
4096
2325
-12284
6642
-17392
-2566
-5096
-8425
-2028
3856
-11248
-753
16
2285
-8180
-1513
-10200
1549
-4060
-5634
-18196
-6145
-7140
202
9256
-15319
-10196
3542
-2000
-9445
-13280
4601
-772
246
-7112
-2800
-5084
2044
-996
-788
-5120
2304
1056
-3323
-2012
2574
-4056
-5375
-6112
3342
-14292
-3310
-9196
2565
-3032
5412
-4088
2820
-4044
5122
-11232
2587
-3056
3336
-5120
-4626
-8188
-8983
-5076
-2567
2104
-794
-4068
-499
-7144
-1581
64
-2552
1024
3572
-3028
7153
-4056
8462
-9192
2064
8236
11552
-1964
-12523
-988
5145
-9200
-757
-7148
5097
-11256
3089
-3064
-5119
-3036
-6163
-6140
-753
-5056
-4828
-11020
-4393
2096
-2822
-20476
-4844
-7132
6160
-16340
246
-8168
7159
-6112
-1536
-6096
-4602
-5084
5368
-8168
1013
-7940
5393
-8160
-7184
3112
-5173
-16340
-11539
30976
3568
-11244
-3836
-9212
-9453
-7156
5643
248
-7950
6148
495
-5080
-4337
-8156
-3586
4140
3562
-11208
9436
-14292
6635
-3028
-3801
-11252
7668
-7120
7460
-3064
-7660
-11256
7145
-8152
3296
2048
12043
-6124
238
-7156
2797
-12280
1553
-11240
-7697
-9125
-484
-7132
-10747
-996
986
3316
-2061
-10224
-8164
-8152
10020
-5100
5377
-7164
769
-3064
6160
-4868
-6130
-7128
5366
-14272
-28
-7112
3309
-15324
8182
-13225
8471
-21432
8486
-5076
1027
-5076
-4076
4348
6130
-1004
1057
-8172
9710
-11012
2274
1044
280
6172
11012
-8144
5589
-12260
-2806
24
3115
-7156
-2536
-2028
5375
-9204
-3047
-4056
-5906
-3008
727
-996
-11295
7184
3599
-9176
2529
-5104
2807
-7128
4073
-7144
-1781
-996
246
-9160
4878
-15336
8401
-5100
-13570
-9168
-6645
-2032
-12242
-12272
8178
-6132
-5376
-11240
2845
-8148
34
-3040
4614
-4872
2549
4112
4362
-7128
535
-4072
-8476
-788
-3541
-7128
13540
-3020
2317
6388
515
-6124
-4846
-4076
3071
13324
2608
-9180
8201
-6928
7671
-4060
-5400
-3048
4119
-7116
5152
-15320
1525
-13296
-3548
-15292
4117
-8164
-6185
-6116
-3298
-13268
3104
5136
4846
3112
-3808
-5104
3092
-4036
3556
5168
-3836
-6124
-8200
-3844
-6939
-3040
4587
-5092
5153
-14292
11287
-4032
509
-5092
7182
-8964
250
-968
-472
-10224
491
-14288
-5606
-6116
-3343
-16348
2588
-13072
-2
-8172
-4884
-10224
1771
1044
-9472
-5056
-5885
-8172
-1006
3084
-10014
-18384
-3086
-5096
774
-3008
-3079
-5076
7402
-1008
3824
-11240
-2810
-12064
-5651
-3036
7180
0
293
-6092
-6391
11272
3846
7224
-4873
-2012
-4861
-968
-2293
-780
3332
-15312
1292
-11244
-9701
-8168
-1297
-12040
-9243
-8136
-275
-5060
-4858
-6124
3091
-11244
-11519
-7144
-4865
-4060
-6141
-14296
3574
-14304
7147
-10208
-1767
-2032
3847
-13280
5124
-4044
2313
-3020
-13297
-4084
6388
-7120
512
-12260
-5385
-11056
-14367
-3060
12556
-7148
2017
-5120
8203
-6140
3351
-19420
-10234
-13304
-6683
-15328
5912
-8140
-7164
-12264
3864
-5108
8965
-5064
11229
-4036
4566
-12216
5538
-4056
801
-16364
3325
-17384
3089
-1984
-14607
-10200
281
-10208
8194
-3044
515
-11240
-6394
-10180
9
-15320
3533
-11244
4586
2076
-3600
2064
-7178
-21480
-5120
6188
-1789
2128
-243
-4052
10748
-2992
-5907
-11212
-8704
6192
-1505
-5064
-2819
-5076
7416
2108
-3873
-4092
4358
1032
-8723
-17192
7903
-12264
-2284
-7948
8969
5176
792
-4064
-3619
-10149
8676
-12248
-1519
-11240
4124
-3052
-2576
-5080
-1011
-5084
5421
-2048
531
36
-4606
-13276
1808
-13256
3084
-15328
-6672
-8184
-8960
-9184
-2559
2280
6409
-12244
8200
-18408
-7939
-5100
3858
12536
-4663
-14332
279
2064
4589
-11260
506
-13296
-7928
-3032
-279
4140
-4094
-948
2049
-13292
-4346
-4044
-793
-17356
257
-7132
-509
-13072
3586
-16372
-2561
-8976
258
-9164
-2807
-5108
-2276
-7152
-1277
4156
3587
-12260
-1261
-4060
-9227
-15340
-3111
-1004
740
-12268
-3854
-10216
-2590
-3048
-11037
3116
-3300
-9192
8437
-2044
-13806
-5080
1729
24
4576
-8148
-7935
-4052
8969
-10000
4637
-8128
-559
-13140
-23058
-8176
3031
-12268
255
-7164
-4094
1028
-1266
-14276
-5379
-10212
4088
-16344
12809
4156
1770
-13288
5115
-6080
4343
-3048
-24
-9164
7671
1036
-11777
-3036
4364
-8188
-10486
-15336
2541
-8148
-5378
-4060
-741
-3064
5127
-7152
11268
-2048
-2847
1272
2053
-7140
258
-17380
4347
-16348
3576
-12252
1026
-3044
5407
-17396
2596
-7132
3322
-14308
-1286
-1796
-790
-19432
1022
-21496
-7173
-8144
-4078
-8188
5122
-14316
-1494
-14332
-5637
-2044
779
-6928
-2583
32
7665
-19440
-1255
-6088
4888
-772
-3531
-22264
5124
-2044
2053
-4084
-1017
-7144
-8735
-25320
3580
-9180
1553
-14336
7436
-10212
13333
-2040
10226
248
-769
-1020
-6141
-4044
999
-4080
-4324
-1984
2555
2072
-4100
-11212
8487
-7164
1531
-7132
4329
-10141
1287
-3036
-2294
-7108
-1272
-11212
3587
-776
-9457
-1000
16619
-13308
-4857
-10180
8493
-6132
-7903
4132
810
-1004
1287
-12252
3282
-16316
-3314
-22272
-1550
-4040
7217
-1008
4336
-3048
5346
-2028
-6345
-4072
-5698
-4009
-1029
-25284
-12353
-10200
-7935
-8164
-1505
6184
7924
-3040
8701
-9212
-2323
-4056
-5619
-776
4828
-10208
5347
-6916
-38
-4056
-2573
-15316
308
-11228
3343
-5116
4887
-7140
4621
-14292
5123
-14096
8213
-2028
3319
-12264
-519
-11260
-7
-14260
10006
-4088
2058
-7136
-5099
-5064
-2293
-1988
-1807
-6116
-4344
-8128
-2581
-9204
-2557
-6920
2025
-10212
14584
-4868
765
-14288
-1241
-1800
-4359
-3032
-2839
4348
-2336
5356
5386
-8152
-3337
-17380
3322
-7104
5629
-9212
-7923
-5112
-4620
-13300
2072
-9152
1551
-16348
6388
-15320
-5156
16
11002
-9200
1335
-2840
-1782
5140
1247
-3044
-10992
44
7680
52
758
-5108
-5640
-4016
-11006
-17404
-6917
-12260
6153
-11020
6914
-13272
500
-7152
-5912
-12264
1045
-6100
1541
-5072
-2578
-10208
-2785
-3052
-2584
-10212
5613
2096
-4356
-6108
265
-4080
1562
-4056
-3054
-7136
9198
-7124
-4878
-23268
-3587
-5092
9472
-10216
-3371
-10188
257
-14312
-3576
-4036
263
-7164
-3881
-12272
2041
-14324
-5369
-13288
-793
-7148
11243
-16160
-11774
-11240
-5896
-10224
2818
-16372
-3873
-8144
-1783
236
3582
-25320
6461
-5080
-1780
252
-3363
-15328
-4101
3092
-1538
-6132
-4127
-1008
9721
-14284
-2050
-3848
3337
-6108
-3872
-11252
-6635
-17348
7733
-11240
3073
-11212
-1319
-15312
6628
-10176
-7173
-6092
7939
-6916
-9729
-3032
7468
-7084
11298
-15116
-5391
-7152
2836
-7160
24
-4036
2816
-3028
-14854
-3064
288
-12240
-4573
-14088
501
-8184
5886
-1992
-2573
1272
1280
-7940
521
-9988
8986
-14312
-492
-8168
-7679
-15340
-759
-6076
6137
-10176
10487
-1000
-1795
-10180
1034
-15336
-7957
-14316
5624
-10188
11272
-14309
12840
-22204
-3085
-11252
-781
-5088
1011
44
-5085
-9148
5663
-6136
-10216
-8176
2323
-9196
14633
-14316
-4343
-14320
7198
-8192
-12562
-16132
-2018
-15312
7408
-8144
5891
-10240
2271
-9160
-4115
-9176
-10477
-8176
8451
-6120
-5349
-10200
7159
28
-6118
6184
9511
-11220
4872
-5896
-6110
-11236
2302
-14296
-4594
-10236
3064
-12276
6903
-13288
-7670
-5904
2586
-12276
2298
3112
-1297
3096
-1793
-18396
3832
-12264
-4877
2056
2042
-15316
1538
-9204
8702
-9180
5123
-3056
2799
252
-8227
-5092
-6400
-8160
-1301
-7136
-2777
-5920
5110
-14320
-1035
-937
-4097
-12284
-8447
-9180
-1755
-9184
-10748
-2824
-1542
-14304
8432
-9156
-3311
-8160
-6675
-11248
-6163
-18400
4083
-11228
-13338
-11244
5885
-5108
-3839
-16340
-2039
-8132
-9461
-20472
3042
-4060
-4851
-6100
-6
-2008
5122
-980
-8
-944
-5368
-11208
6131
-7132
4872
-8124
1774
-4056
-3852
-15352
-4347
2088
2546
