-3852
11732
-2004
6150
-13300
1271
-7120
-2571
3108
-5375
1064
-752
-9156
5371
-5088
-523
-14084
1036
-3868
8187
-10208
1028
-8188
-7436
-9204
-1776
-4040
-6137
-13308
-4336
36
7924
-10220
8724
-11228
-3095
-14268
5622
-3032
-1548
-8128
-8939
1060
-5630
-12264
-3070
-6088
1280
32
5109
3108
1783
-7092
4075
6172
3357
-3000
531
-9168
-5101
-5112
7675
-14308
2555
-11192
4621
-10240
-13
-11204
-1301
-2028
-6905
-11184
-1533
40
8725
-14328
-2067
-11236
-2086
-14304
-1254
-1800
-2289
-5021
-2836
-5104
-6678
4108
5128
-5100
8928
-8140
750
8212
-13537
-19412
495
-14276
-4072
-15316
-1525
-2004
1760
-14288
-242
-10160
-773
-3848
-1770
4104
-4830
-9168
5110
-10236
-1830
-4044
-3271
-2028
-45
-15320
4394
-8172
-3080
-13264
-4871
-4036
-3835
-1808
-3599
-1004
5916
-5040
-7451
-9156
4898
1040
3071
-8164
-1284
-8164
496
16
992
-9216
-2021
-13280
273
-4084
-739
-8160
-1527
252
-6685
-7152
1250
-972
1032
-1008
3323
-2012
-7140
-7152
-10
-8176
2777
-4088
1015
-2016
-7151
-11200
5878
-9196
-1582
-13284
-1831
-3004
2344
-12252
-5341
-13288
-520
-5076
9226
2064
-9748
-2824
13065
-7128
3830
-1004
-5126
-6100
6911
-992
-5871
-9988
3047
-11220
13329
32
-2043
-5892
3347
-13276
3855
-11236
-4368
-6120
-782
-7140
-5114
-12288
-1263
-4064
-6142
4104
-13056
20
-9729
-14300
3355
-5916
2048
-5100
-3604
-5108
6888
3108
-10000
-3064
-760
-3028
-2320
-22248
481
4108
5362
-5096
-4617
-7948
-4815
2068
1047
-6136
-8940
-6116
-1028
-5112
6143
-5080
3843
1044
3809
-8172
-1255
2052
-767
-5072
2535
-2044
1509
-5120
-7689
-5908
1063
-13284
-3350
-1024
7195
-9172
6162
-23280
2304
-1796
534
-9164
5378
-13312
-4033
-4088
9448
-12256
-2063
-5112
6375
-10228
7191
32
-1272
-6136
-21756
-1000
1025
-8180
-4640
-1968
-5912
-11236
1556
-15300
5879
29960
1768
2088
511
-23280
-9215
-4080
2035
-8132
1260
-6112
7701
-9164
-535
-5112
11005
-4052
-2581
1276
3036
-12240
-2303
-5096
-3041
-2020
-527
-7116
3826
-1024
1265
-10192
2843
-15340
1270
-8168
1272
-8160
8233
-13272
4115
-1812
1740
-3056
1288
-8988
-1766
-15112
2538
-5904
-10216
-6112
-5896
-1000
-3854
2096
2314
-14304
-1798
-2016
-3862
-8176
-5902
-12212
-519
-6928
3075
-12048
-1028
-11264
1057
-15320
-4597
-5080
-8200
-14296
5054
-16332
526
-7124
-8217
-11264
2816
-960
-5625
-14320
5903
-3020
3577
-6104
-7924
-6116
1249
-3052
-2542
-11216
-1569
-10208
2568
-996
11276
-10192
-5903
-8140
1021
-4028
-3841
-3048
2321
-3040
-550
0
-242
-17404
-989
-8176
-7916
1084
6941
-8140
-3348
-2024
-1561
-11248
-4089
-2012
5884
-7120
4345
-11212
-246
-2828
3318
-3064
-1006
-3064
995
-6104
-1819
-16344
-3856
-11216
-9762
-13276
9002
-6124
7696
-11240
4832
-11020
-7167
-1984
1761
-14316
2308
-1992
3841
-10224
7133
-6920
4092
-6096
-7185
-11260
6144
-14276
256
40
-1247
-13296
-3576
-13308
3864
1048
812
-12260
-26
-5056
248
-4884
-2540
-8176
28
1036
-472
-1020
5606
-7152
-1014
-17352
-11992
-15304
-4896
0
3839
-3064
-2826
-6132
7659
-992
4072
-9216
5915
-4052
-3839
1084
2539
-8188
1516
1276
-3287
-11248
2547
1060
-4915
6392
-6
-6140
-10224
-8148
-1572
-9184
3122
-11228
3344
-6128
-5900
-3048
1285
-4088
-5345
-9212
-253
4116
2335
-3024
2781
-11216
1258
-5064
1292
-4048
7431
-1004
-11814
-7108
10245
-6124
-2293
-3064
2832
-10212
7654
3072
765
-3856
259
4100
-9986
-3068
1030
-10224
-2867
-6128
4350
16
-2069
-3068
-3048
-9188
8938
3108
-6907
-23248
-3301
-9204
721
-8176
-2568
-4032
-6129
-996
-1521
-13236
-3585
-2000
6385
-10180
-3607
5164
-9
3084
9711
-15328
2529
-21448
510
-4072
4355
-984
1801
-17368
-6393
-5080
5143
7176
10210
-5064
-3078
-3028
4102
-14332
11001
-14088
-7697
-976
-5637
-4076
525
-4044
-12295
-6144
-7429
-5076
283
-10208
-4090
-11196
-6161
-9156
1270
3112
1307
-10224
6622
-4088
-6672
7404
3603
-8972
-1004
1068
-3578
-11212
-10472
2064
1021
-4048
-4346
-10236
10995
2048
-2789
3120
10991
-976
-777
-15308
773
-14088
5144
-1984
1771
-15336
-4337
-11264
-1548
-6136
5871
-6088
1796
-1008
-1547
-19432
783
-9168
-5402
-17388
-8200
-11200
-1288
-18364
6420
-5096
12567
-8160
2809
-11236
-6670
6396
2836
-3848
4633
1100
-1042
-7096
15859
-14284
-6613
4
5377
-996
7392
-13296
-3590
-12260
-2555
-14264
10514
1056
-1287
-7148
2333
-9176
-1547
2068
10201
-11264
10784
-9996
-2045
-11216
-9441
-10188
-1248
-7940
-40
-8120
-2334
8
9966
-9208
-2324
-12224
-1261
-7944
3824
-7156
-2785
4100
4361
-14284
1522
-8168
2098
-6108
-3332
-4868
5111
-18412
4598
-2048
1516
-4064
5631
-3048
2837
-7144
9475
-6116
5877
-9140
13
-2020
4
-4084
-2303
5164
-7923
-992
-1043
-9216
-9495
-10224
7956
-3012
-5149
-9992
8443
-14280
-1561
-12268
6421
-9192
-7932
-16364
518
-5092
6648
-8180
1266
-9160
6436
44
-2280
-7112
-2800
-7160
-2544
-12260
7422
-10204
-3319
-1004
-786
-5908
-1241
-12268
8411
-9184
-4341
-3028
1285
-8164
5364
-956
3022
-12252
-4600
-14320
7162
-10216
756
-13304
1764
-2020
8231
-2036
-4853
-12268
2785
-11204
984
-10240
-1006
-5060
-4389
-21452
5114
2092
2313
-2048
-4866
-5892
-13775
-10208
-798
-3044
-8178
-6100
-794
-11200
778
-11244
-4082
-10176
-542
-11236
-762
-4068
5377
-6124
6377
-17392
6630
-1996
-12531
-6096
1808
-3036
-5366
-3020
-777
-7156
6637
-10240
4849
-9192
-271
-4080
-1555
-12268
-5627
-11240
3601
-6916
-6671
5148
9226
-2020
5096
4156
3831
-11216
2320
-3032
6676
-11184
-771
-5068
-7419
-1980
4103
-9208
-9461
-2016
-1519
12
-6414
-8176
-3058
-4064
3071
-4092
-3853
-19436
-2864
-11256
2562
-3032
1017
-10000
5368
0
-5862
-6116
517
2084
2059
-18424
7194
-18204
-7170
-4076
521
-16368
-2272
-7132
-2564
-4072
-762
-8968
-13826
-5104
4615
-17344
7716
-12264
3307
-4872
-2351
252
-5101
2076
-4601
-5112
16389
-2040
-1016
-9184
-3798
-11236
-10772
-6076
-2312
-14312
5876
-4060
-2067
-6120
5870
-9204
-4087
-7116
-5140
-6132
4619
-5088
-6378
-4068
8001
-15356
-4859
-13276
-2822
-20240
1277
-11260
-4090
-6132
745
-4064
1273
-3044
2531
-9156
5906
-11240
-5588
1276
8911
-7152
8463
-14320
-4871
-8172
1015
-12260
1033
-10212
-1285
-8140
6437
-9204
513
-11220
-2830
-3872
6372
-5088
-230
-5084
-3825
-9172
-4075
-11256
278
-12288
1331
2088
-523
-8116
5344
-4888
-2045
-4072
-1788
6192
1278
-5092
6407
-11228
-9731
1056
5108
-6096
7704
6204
5174
-7120
-2306
-9192
-7445
-6128
3067
-1012
-7454
1072
-521
24
-2310
-21460
229
-11256
4338
-4056
-2291
-10172
7915
1060
-9476
3100
758
-6108
-3567
-6144
-1044
-11196
-462
-12244
528
4340
-5619
-2020
5889
-15316
-4349
-12276
-3316
-13300
3045
-11044
1020
-15328
1279
-2028
-3341
-18404
3603
-5108
7683
4104
-4117
-16380
-3329
-6116
17885
-5088
-5629
-6132
-1514
-4048
2843
1272
6925
-10192
1539
1028
535
-6124
6634
5176
-1813
-9188
9213
-3024
1289
-10212
504
-8144
-2319
-8156
-1558
-7160
-480
2056
1556
-1008
9971
-3068
-2327
-17388
-5313
-10224
-5880
-2824
-3066
248
241
-12244
2084
-3044
-4891
1272
5600
-8184
-206
-4076
5638
-1008
4119
8428
6633
-6116
1274
-4868
-5356
12
2312
-11216
6396
7200
-3311
-12040
1505
-14088
12795
-12236
-9738
-8192
-1020
-6092
-3880
-5088
15348
-4060
-5369
-12284
513
48
-2312
-6116
-4638
-14084
8973
-7136
1780
-8168
2312
-984
-4613
-19369
3334
-6112
-3557
-3852
-13079
-14092
-2780
-6924
1761
2084
-9495
-14304
-1794
-11232
-1524
-4084
-17945
72
4380
-7144
-266
-9200
1519
-4060
-1823
52
-5901
-11240
3321
-3008
1533
-5116
-3059
-1012
-2055
-22020
1505
-7108
-4086
10268
-5125
-3052
7144
-3052
5914
6228
-2535
-8156
-3560
-11208
236
-7144
4330
-9188
499
-11224
1288
-7160
7115
1040
-8152
3148
-4581
-7120
-511
-9208
3315
-1984
285
28
-9251
-2020
4380
-18396
-2042
-11184
-531
-8168
-9732
-4052
10998
2280
-2337
-11012
-1288
-2040
-1320
-11236
-7161
-17160
1280
-10236
2282
-9184
0
-2000
2051
-6112
-2522
20
10754
28
-2804
2108
5369
1028
8464
-4096
-5904
-2032
-4092
-7164
3050
1080
5391
1024
-994
-7100
-3324
-9216
-515
-19380
8200
-8168
-6389
-10204
-2055
-15324
280
-9192
-278
-6120
7902
-8140
-14621
-6088
-790
4120
-5637
-3040
-4856
-7144
748
-9164
-505
-3024
-1290
1252
5143
-6120
-720
1068
-2569
-16352
12568
-7132
-4
-4072
-2269
-9160
750
-17376
-2574
-4064
3087
-8164
6102
-9160
2302
-14308
6682
-4036
6138
-13292
6677
-2032
6926
-21504
9459
-20444
2521
-5092
6136
-13268
-2071
-976
6894
-10212
-2539
-2000
-509
-18400
2306
-12232
1023
-6128
3828
-13296
5621
-3028
-8521
-10224
-2809
-2000
8975
-4028
-4
-16320
6931
-12268
-2608
3120
-4355
-5120
4125
-1012
-3832
-6120
9223
-13296
-16637
-9204
2328
-4884
4614
-13268
-1008
-16328
3596
-8156
1786
-996
-4585
-9204
-6649
6192
2790
-7144
3081
-3032
1784
-14308
8423
-7136
-4587
-5092
5906
-10232
-1039
-14300
7406
-3072
-8949
1048
2812
-9204
5124
-18420
10482
-1808
253
-10212
-5623
-7164
-540
-19440
-4564
-11228
9199
-3848
-1528
-11264
-6937
-9164
-6147
-5104
-1796
5128
-6404
-13276
-274
-19420
-1341
-3848
-4875
-1004
-5686
-12060
-4589
-5084
9000
-21488
8187
-1004
-6843
-1020
4100
-14272
-4067
-17364
7713
-4060
7923
-1816
-2014
-7960
11255
-8176
4079
-13280
3827
-13296
476
1048
526
1088
-210
-937
-5112
-8152
5107
-10208
-1792
-5092
2259
-1020
-7163
-6084
3857
3324
6645
-10228
1551
-9176
1771
-7144
1303
-10212
-1032
-14272
-5141
-8156
3550
-6088
8714
-7136
-4073
-5120
-2055
4148
-6660
-2028
1259
-3004
-3801
-14324
261
-11024
20
-11192
3609
-12260
3331
-4880
9185
3088
-16697
-14312
-5856
-10236
9230
-4040
-6694
-3884
15
-6112
-1772
-6120
-1273
-9152
5886
-7104
11245
-10204
6170
-3040
-1790
-4060
2011
4120
-1513
-2024
-2066
-984
6150
-2000
515
252
1277
-16376
7691
-1024
3035
4112
6674
-13276
-4603
-8172
-759
-13284
-6918
-19400
-3341
-5100
11238
-10204
34
-984
-8685
-992
5140
-5108
4111
-13308
-4095
2076
-13054
16
9475
4144
2283
-3052
-7139
-784
-2093
-1816
-1274
-4872
-8478
2048
10735
-5104
-26
8
4818
1024
-5345
24
5617
-772
4089
3084
2836
-9180
35
-21480
-1523
4112
-1295
-5104
12034
-9176
-754
-5104
-1824
-3044
7388
-12272
3362
-1008
-6150
-7120
-3595
28
4585
-12276
-6908
-12224
3074
4136
6148
-1012
10020
5164
5139
-15348
2278
-20476
7437
252
2777
-4052
-11235
-8192
-2777
2060
-1278
3108
-9741
-13272
6437
-9192
-8927
-5088
5621
-6108
-5840
-7128
3599
-13276
1001
4128
-2068
-12256
-5642
-2012
774
-11248
-993
-12236
6143
-13308
-6129
-14308
1281
2100
-5619
3076
7165
-784
2286
1068
-2566
5132
-1030
5356
3855
-5080
-1790
-12248
-207
-8136
-6439
4132
-1816
5132
1523
-7140
-5866
-3048
-4130
-1004
-3065
2284
-6649
16
2048
-8172
-762
-10200
-5104
-6120
-758
-6128
3092
-16360
1042
-14096
4837
-10212
-2293
-10200
9234
4116
5127
-1808
-13870
-2020
757
-4044
-17
-5892
2544
2072
5139
-9184
3823
-4096
3598
-13060
-6405
-8156
-2577
-4040
-1005
3324
-2560
-2036
-5384
-2012
561
2080
2311
-11208
5897
-3048
-8434
40
-1025
-17396
-5355
-5076
-4626
-4080
5373
-6104
-2019
-5092
-8196
-4080
-4381
-11252
1506
-8152
-1828
-3048
-7409
-4024
3560
-6128
-243
-5084
-9446
1060
-8437
-7160
-7166
-4888
-1542
8212
-2055
-10224
-3334
-3064
11018
-4096
-6892
-5080
-16622
-9200
-16967
-12256
3302
-1000
-1786
-6140
3
-13296
2554
-4048
-20
-10000
-9734
-10212
-6416
-15356
-1003
-8176
-238
-16352
2012
-4068
-4357
-4020
-7703
-9192
2078
-4896
-9236
-3048
4897
-13288
9974
24
12828
-1012
2314
16
5923
-5092
6379
-7940
524
-7956
-5884
-6128
-1051
-3056
-1499
-2004
4334
-7116
-8194
-2820
5139
16
-2285
-3848
-16385
4348
-9735
4
-3818
-3032
507
-12288
-7659
-13072
-1555
-9196
-1526
-12260
9458
-5052
-2059
-6128
-1011
-13260
3851
-6124
-3352
-3052
-2105
1044
516
-11252
-9937
-5896
8146
-5072
-13
-19428
11015
-3052
303
-17368
-12284
-952
4345
-3060
7424
-4080
-5342
-3020
11782
-8964
-1281
-2036
3309
-5892
-1786
-10212
-8761
-7136
-1527
-5096
20
-5084
-4829
-9176
8468
-7148
1003
2288
277
-3060
-246
-14308
-9719
-988
-1270
-4084
1292
6196
6896
-15320
-4629
3088
-1313
-4868
-5906
-5104
8715
-3040
5636
-8188
10016
12
2547
-8192
-6655
1084
-9951
-9216
-4052
-5072
-4080
-6088
10247
6180
1029
-10224
5366
-15304
-3574
-13256
9231
-14316
-5396
-5116
526
-9176
-3351
16
-5400
-8968
-7417
-10216
773
-18432
2834
4132
-1009
-3044
-1504
-964
-3331
-3060
-1026
1044
9724
-6104
525
-6124
5624
-15128
-4602
-2036
9489
-4084
-2036
-972
28362
-2985
12798
36
7130
1048
5939
-3036
-3823
-8140
-7940
12
-2779
-10216
1054
-7132
10747
-26364
-9235
1052
-3609
20
-1273
3316
-1308
2064
-20
-5112
-5366
-6120
-3339
-2012
2574
-7148
4867
-6108
-3092
-988
-1020
3112
782
-3008
6402
-5088
-12516
-1008
5384
-4056
-2055
-2048
10253
-7128
-1789
-11244
-1798
-8172
3601
-4092
13019
-10232
-296
-4096
-1780
-2016
7433
-2008
3080
-8176
-4377
-8168
-1011
-9200
-2839
-19436
-726
5372
-8208
-6120
-3086
-2032
2296
-9188
3865
-10220
12784
8220
-22
-13296
-5
-2012
4849
-11252
4351
-9192
-5374
1268
6139
-980
-2292
-3040
1048
-8148
1329
-8172
-2342
-5108
-1781
-4080
5
-2016
4348
-4064
-9983
-9988
754
4132
-2826
-12284
-4874
-2925
-3090
-5076
-996
-11260
-1282
-18420
5114
-2016
-7977
7420
6425
-5092
-3579
2296
11192
1076
2265
-19432
-10464
-772
23
-4048
259
-10004
-3594
-10196
2290
2080
3077
-11220
4551
-7132
-10965
-15312
-7698
-7140
263
-3068
-786
-1008
3863
-964
-3838
-1996
-6949
-10200
-3322
-4052
-2048
-4060
-3078
-13076
-2813
-6116
7925
-14316
-743
-13272
5329
-13260
7694
-13268
-3781
-9188
763
-4888
11538
-13217
11258
3104
1271
-4084
6678
-4096
-11794
-14320
-1298
-3072
-493
248
1023
-10204
2062
-3052
3542
-1808
25
-17384
-253
-9196
-5881
-1020
10748
-4076
7426
-15312
2810
4
-1270
-2832
-3319
-7132
-1794
-7124
-6140
-3052
-8967
-11240
235
-11228
802
-7148
2825
-10228
-12020
-10204
6396
-11204
-8206
-4052
1279
-14320
1542
8428
-2574
-10236
778
-11252
5626
-3064
-6678
-3020
-2809
-6116
3624
-12236
-11779
-6128
-7162
-4092
5377
-14332
278
20
-5352
-8192
10235
-3036
7679
-6124
5888
-5096
-1518
-3064
759
-10204
3844
-3852
3065
-12248
-1548
-9212
-1799
-8124
3595
-3052
7182
-7148
-2290
-7960
-982
-13296
-4102
5148
-11497
-15344
-744
-8148
2571
-9172
-3844
-12044
5372
-5096
-1291
-3848
30861
-6108
7202
-4076
798
1060
9723
-6108
-814
-2004
3341
-3060
-5397
-6104
-6653
-8168
732
-13284
-744
-9160
7134
-14284
-1804
-25292
-6903
-6128
1036
-17400
2575
-13248
-2272
-11248
-2819
-6092
3106
-6144
-5126
-8172
-8455
-14292
1036
-7136
8703
-2036
3348
-7124
-3844
-7148
-8191
-3020
-2031
-11256
-1291
-6132
-6891
-6108
-232
-16360
-4378
1276
-4584
-4092
-1539
-5900
5647
-8136
3360
-7136
1764
-4080
-5641
-14304
3315
-980
-3828
-4072
-802
-11224
-6882
-7144
-2326
-8144
-8247
-996
-5132
-14280
-12804
-2004
-13078
-16348
-1034
-12272
-7681
-2004
4619
-6104
3310
-7152
259
1060
-6661
-8180
-5125
-3012
-2539
-9176
-1007
-7112
1004
-2024
-2554
1028
-7411
11504
6433
40
7211
-8176
-9231
-9180
-752
-13068
-4618
2076
1824
2048
-15908
-19412
-4878
-10208
-9727
-10220
6644
5144
4566
2096
-3034
-10228
2835
-10228
-8187
-16364
-10263
-8184
761
-1008
7154
-7124
-6931
-12272
-3340
-996
-1286
-10184
2275
-7128
-2768
-8140
3571
-13272
7896
-996
3817
-3032
6655
-5076
-1817
-5108
-7933
-8968
-3600
-7100
5357
-8140
-2558
44
6680
-8160
-12618
-5072
10475
72
-7934
-12044
-2801
-5076
7420
-14300
5114
-10220
-8701
-14272
-7183
-9156
4352
-10196
7165
-11236
-754
3080
8929
-6924
3038
-3040
14832
-13288
-5403
-5088
-4332
-9196
4384
-7116
-5887
-4076
-8975
-9208
1533
1272
-10447
-968
8445
-10200
-2834
-10212
4341
-4044
-6904
220
-10721
-6088
5888
-6140
247
-13280
-5410
-13280
-282
-9168
-3572
-6084
-3319
-17356
765
-6108
-2329
-8968
-6151
-10204
974
-8184
6644
-7132
-2832
-2036
-2071
12348
5629
-7116
-4600
-7081
4078
-26316
8940
-6136
-14588
-11220
4836
-4080
9714
-3028
-5606
-13276
-504
-10220
5145
-6132
-6416
-14260
-2532
16
5637
-12264
-10236
-10224
2060
-3044
-9213
-992
3073
-10208
-1021
-6116
1534
-11208
8759
60
4872
-6084
-8179
-1004
-1795
-1000
8678
-5104
-497
3112
8
-10240
-9498
-7144
4063
3096
759
-9184
-10200
-19404
11798
-3052
-4329
-14292
8442
-9988
-5359
-11244
5638
1052
4608
-12264
-7416
-8180
1492
-7120
-4609
16
9231
-996
1793
-11248
1296
-4092
-3615
-12256
-2293
-13288
-6131
-16348
-1270
-5112
-7129
-9212
-1531
-7144
-501
-3044
-3559
2056
-787
-15320
2597
-5096
-7890
-5044
1805
-5104
-1795
-9212
-5392
-2028
-2549
-10192
-5120
2084
3086
-12236
2031
-2016
-1815
-18180
-3841
-18432
3835
-12268
-8942
-8168
-5896
-1016
-2308
-11236
4870
-8972
-3070
-6916
-6672
-16340
-2325
-9216
4814
-12252
-2830
-8184
-10469
-13060
-5885
-12244
4621
-14320
-2815
-5084
22850
-5072
-1279
-10236
-273
3316
1530
-4068
-3328
-4076
5384
-14292
-3593
-13296
-1820
-11248
-5352
-3056
6167
-7164
1268
-992
6686
-5040
7646
-5092
2071
4348
-7182
-7096
-4122
6396
-1049
-5084
-6637
-13236
499
-4080
-1551
-8132
-2043
-14288
-1826
6392
2311
-13072
-6718
-19440
4592
-6108
-2315
-3036
4864
-10204
-8959
-7960
4605
-6112
4577
-9164
3363
-5900
4370
52
-264
-7152
-6376
-11244
7673
-5076
5116
-8144
5640
-3848
5598
8244
-3324
4140
5873
-9200
-1041
-6144
3329
-3064
8719
-6108
5420
-16384
2311
-9148
-269
-940
2052
-7940
-1794
-11228
-2555
-11228
-3794
-8188
280
-19448
1031
8212
-5394
7216
766
-12260
-1721
-9152
3337
-6108
2845
-4872
542
-5076
-2096
-9164
-8686
-10228
-11037
-10224
10747
7192
-5580
-7124
-4088
-5072
-543
-9192
-10993
-2020
-3318
-5100
6604
-6088
-6412
-10196
2305
-6092
4362
-5104
-266
-1796
2574
-3012
6702
-4088
3292
0
-3857
-13292
-778
-25308
-248
-12232
-2533
-5084
2040
-11016
-3068
-10236
-7966
-2024
7670
-988
748
-12276
-778
-4052
-525
-4032
-1759
-9180
-3573
-10176
301
-9180
11260
244
-3814
252
-1281
-8168
7911
-13280
-1268
-9152
-2247
-5048
-10
0
6918
-11252
-2544
-12276
3103
-12284
5357
-5076
3859
7168
-3566
1080
-21
-976
4588
-1000
-1013
-12048
5625
-3040
-1299
-14312
-8680
-7952
8461
-7148
6893
-6104
-1560
-12240
5914
-3044
2031
-8140
-528
-3036
5616
-8152
-2808
-5896
544
-6104
2579
-6108
-2047
-6084
-1288
-3060
978
8
-1318
-15312
-1554
-10240
3304
-780
-1547
-12208
3328
-7148
2581
244
522
-6124
-8218
10248
805
-1000
-4596
-6132
-6915
-1996
513
-6076
-14082
-3008
5143
-3036
12542
-12252
-5888
1072
-1795
-11236
-1488
-6128
-3336
-9192
-495
-15348
246
-976
4106
-2036
-2792
-15312
-492
1060
3085
-5116
-1024
-8180
12327
-6128
8693
-8144
3315
-6104
-9462
-13300
-3581
-13276
7933
-18432
-1285
24
8725
-5084
4605
1076
-5908
-10204
-7408
-9208
4864
-8976
280
-11228
-8673
-9188
4881
-3040
-1512
-14288
-3327
-3000
-3619
-5084
-5622
-3064
4857
-13304
-7909
-5068
7952
-16372
-225
-7148
7184
-13292
6166
-11196
-7946
-4064
2287
-15340
-14625
-9188
5890
-1988
-240
-17368
3831
-1976
1535
-6084
2017
-6132
-2838
-9216
-747
-9168
3317
-13288
-11029
1064
2301
-6112
2293
-12260
-992
-14308
-7672
-10216
-7169
-10204
1537
-18180
-9682
-8964
-7410
-7140
-6637
-2016
7439
-15356
-773
6160
6175
-18412
-1824
-1016
-5648
-11036
1294
-11260
4355
-10220
5381
-5052
-4873
-2044
4108
-7960
788
-9212
5874
-4060
-3065
-6120
245
-8132
8174
-6100
3333
-14300
-6410
-7116
2022
-5088
3598
-7156
-991
-6916
22
-15312
4333
-11216
4828
0
-5585
-15324
-501
-11220
1241
-14272
493
-4044
1809
-3004
7730
-17376
1530
-1000
-2294
-3016
-6122
-10204
4390
-11244
3592
-9184
4903
-18384
6879
-9212
-7418
-5096
3616
-5100
-2329
-9188
-1554
5144
7148
-3852
-12760
-9168
8213
-2016
241
-4884
1514
-23044
2320
-5108
6373
-11036
2593
-7120
5905
-9160
-1523
-9188
6172
-6108
1772
-7136
-8730
-10240
5372
-15340
-511
-2016
-2073
-9208
287
0
-3876
1044
-5372
-6132
-1307
-11256
2559
-9192
-511
-9212
4592
9248
-4614
7192
-4552
-9184
-6129
-11224
6384
2072
-2034
12
-11507
-7136
260
-10228
2066
-10200
3066
-10228
-8709
-3036
-6131
-4084
1756
-7120
5596
-10228
-525
-4096
4584
-4072
493
-14300
-4870
-11240
2301
-15352
3329
-14264
2326
-6144
3573
-1984
-1299
5136
-1027
-10212
-2805
-7100
-2563
-12216
1289
-8148
233
-7140
-3871
-5052
508
-10196
-3587
-4076
3073
-4020
5398
-4092
-3063
-9992
-3069
-15116
11771
-8172
-9723
-7120
4616
1068
-7181
-11260
6920
-12280
-1305
-14332
-8691
-19432
2321
-12280
-803
-13288
268
-5108
1568
2068
-7450
-4868
-12543
-17368
13593
9268
-465
-16360
11549
-10184
5412
-4080
-3578
-2024
7936
-11220
-3586
2096
-1801
-15348
-1048
-10224
-249
-12256
8170
-7124
-796
-2028
-3346
1044
-3814
-8168
15088
-17368
2347
-10212
3085
-3040
747
-10192
-11262
-12284
-5855
-24288
1536
-2996
3835
-8192
-5609
-5120
-12592
-8140
-769
-10176
2585
-10212
4582
-4088
-483
-15316
3078
-6092
3810
-5104
-6916
-5108
-8205
-1996
4831
-8160
6907
-9160
-1744
-13296
3072
-4868
-2571
-10184
2064
-8140
1782
-11200
2316
-14324
-2294
-11012
-4624
-9200
-5392
-7132
3120
-4072
11341
-9192
-2540
-2000
-3071
-6124
1793
-2024
7666
4336
1041
-6104
5380
-12260
4088
-2008
-3582
-12256
-19
-12248
-3093
-2836
6413
-10224
3820
-9200
-1533
-14324
-6157
-5092
8979
-3048
6634
-9192
-4113
-10224
2304
-5084
7662
-15328
1549
-6128
-3327
-4036
-4569
-17368
-782
4136
-4314
-13256
2531
-4032
-3321
-9008
-1551
-10216
-1008
-3052
1320
2064
-256
-18400
547
-4052
9215
-5080
-2287
-5112
4873
7200
-4595
-6132
9982
-2024
-224
-9204
4588
-6128
-506
2096
9187
22272
-224
-5080
4627
-2004
-3062
2064
1810
-1012
3062
-6100
2112
-8168
-4639
-17376
2569
-7092
-4332
-4096
484
-5900
45
-6108
-2567
-8172
13826
-8168
-9981
-9192
4865
-10220
513
1100
1542
-9988
-4618
-18408
4109
-7084
3614
-14292
-7698
-4084
-2545
2300
8246
-6116
1808
-8184
-4904
2056
-2309
3072
3855
-11232
-4629
-6128
-1298
-4064
-7441
4
4100
2092
-976
-5072
6374
-6049
-2554
-5116
8715
-9136
6397
-7140
-1274
-2020
1287
-1008
-3869
-3028
1797
-7152
-3353
1056
525
-8164
-1513
-7120
16366
-15120
-9480
-11240
3300
-4068
5415
4340
1047
36
2550
-9204
-9962
-6124
-8213
-11220
1289
-8144
6661
-2992
-8452
-9196
246
-4060
-4095
-6132
3561
-14108
7160
-16312
-5655
-6104
4066
-17380
-4316
-7124
512
-13292
-1807
-9188
3878
-4020
793
-16376
2027
3120
3090
-5900
-503
-5116
8946
-4876
2068
-4880
-6931
-10208
3858
-10220
-8155
-15328
-1265
-4068
-526
-6104
769
-1004
-4
-10192
-2556
-10204
-5384
-6072
10751
-5092
6342
-7160
-1805
-5104
-2043
-8140
2847
-16364
1255
1064
2275
-7136
-9232
-3052
5622
-8188
4889
-8160
-6134
-18424
5399
-18400
-10758
1036
5145
-2008
3805
-11256
2291
-2016
-522
-6128
7921
-2044
2564
-1976
3082
4140
-4126
-8160
-5107
-16324
-7655
-6916
8685
-960
-3322
-8124
3606
-5904
1541
-4056
-2545
-3040
-5618
-13292
-5875
-4076
2336
-4060
-3058
-4096
11770
-3032
2816
6148
-2313
-11216
14
-16320
-3066
-10180
-995
-6124
-5126
-12236
-2071
-14288
1033
-3060
-3068
-13312
8455
-8124
-1012
-2036
2558
-964
-3328
-11228
3584
-7168
-4615
-12252
1759
-9176
-5114
-13272
3866
-4072
10284
-11236
-4605
2064
3073
-19432
2061
-20460
-3591
3092
8184
-9192
-523
-8132
-9741
-12260
-2029
-4064
2028
-9204
-3088
-16320
1749
-18192
774
-9148
-2013
-11220
249
-8180
-11750
-6088
708
-9196
-14
-6092
-1289
-16348
-1300
-13284
-5915
-2008
2820
-4072
2532
-19376
1287
-20444
4369
-7148
-8191
-7144
-11555
-5092
-479
-7952
5903
-4064
-8449
-9180
3335
-6104
-1557
-11212
-2292
-14304
-1049
-13304
-4855
-15344
7166
-11232
6386
-2028
5420
-15352
-3050
-6124
-1779
-10192
4863
-5104
-2808
-14316
9228
-11248
-2538
-8188
3358
2120
823
-14320
-3557
-10192
-248
-10184
4095
-8176
8707
-10208
6642
-14304
-4335
-7116
5858
-8168
-6385
-2032
-786
24
795
-2020
13552
-7108
7182
16
-505
-9196
-6959
-10224
7415
40
-11009
-4092
-266
-10216
-7699
-4080
-5627
-3064
5388
28
2074
-4048
7415
-6144
-3574
-18416
-3031
-3072
-8171
-13304
4308
7184
-12839
-11220
1280
-12256
-2836
2300
8173
-1992
1519
248
2271
68
3320
-20468
-4127
9244
778
-2016
6195
-8168
3842
-4072
-2275
-4068
-1801
-11012
14830
-5064
-6403
-4064
5348
-5072
7930
-9140
-8973
-6104
2039
-6068
-15883
-6096
9995
-16328
6675
-9196
2830
-10224
3300
-13308
-11258
-5120
3892
-10200
-1032
-6116
790
-10188
-504
-14308
549
-7132
3834
-5072
-5860
5132
4353
-11244
267
-12240
1023
2288
8673
-12236
-5335
6184
-5370
3112
2308
-2024
526
5140
-463
-8148
-749
-9144
2816
-8172
-5375
-5104
1251
4128
8470
-6124
-3333
-8168
10243
-17388
-3362
-18372
-7675
-6112
5126
-16336
18
-2977
-1519
-16372
-3350
-7168
1528
1040
-6147
-20452
-778
-8176
6135
-8160
1325
2060
-3534
-7140
6397
-7156
-4600
-7128
-3863
-4076
2047
236
-8450
-6096
8702
60
6690
-3032
-13808
-4064
-6401
-12256
1573
-5088
4098
1264
-3348
-17376
-4
1108
13046
