-5068
3311
-9164
1782
-11252
7424
-3056
-4561
-10220
-1037
-7160
-3825
-5892
-2096
-7124
-7716
-2020
-16127
-7160
2017
-14308
-11013
-3056
3061
-3040
2077
-7152
-7438
-14292
7432
-10216
-236
-7156
5645
-7148
7923
-3032
1525
-8188
4111
-11212
9738
-16336
-264
-8152
1541
-12272
10796
-13276
2557
-8168
5378
-12244
-6911
-4040
-763
-18384
519
-1008
2069
-8192
-761
-2044
-2073
5352
-6394
44
-4866
-2020
-8953
-5104
-5906
-2040
-4594
-4872
-6919
3304
-777
32
-2569
-6128
-14593
-9172
1553
-7152
-3862
32
-550
-13252
-6907
-9188
3065
-8180
-229
-8101
3356
-12244
274
-14280
-4845
-8184
-1299
-4080
4098
-10204
510
-13276
3322
-3052
-18
-6108
-4874
-3048
-7962
-6108
2311
232
716
-20448
-5081
-12288
2601
-6124
-12539
-5052
6391
-12236
-288
-10216
-8934
-5104
-7412
-2028
-1542
-11248
-5656
-11012
-7669
-13068
2294
-4884
-7207
-14280
-32
6148
-6900
-9196
-2313
-996
-6418
-19424
5622
-7152
-6925
-5088
5883
-9176
-4076
-16136
-10214
-7116
1792
-21496
5147
5148
-1008
-2016
-8
-3012
4917
-3048
-1513
-4072
10227
-10228
-2552
-9164
4624
-4056
-15879
-9204
46
2060
9754
2060
1797
6196
12547
224
-227
-10232
-2536
-8140
-5647
-20412
4867
-5076
-1793
3088
1047
-6132
2351
-3008
-6
-11244
2258
-8184
-4078
-11232
-5646
5172
-1783
-8188
507
-9208
-9720
-6108
-2318
44
-9712
-7140
5621
-4092
-3331
-2828
-1554
-9212
510
-3848
-14832
-15324
4626
1276
-7951
-3036
9449
-9196
-10477
-1000
-7445
-1008
-1780
-13272
7440
-5112
270
-11024
-23
-2000
-9977
-10196
-7466
-11224
14330
-4060
-2818
-11220
6423
5172
7
-5108
6954
-10180
6393
-5120
4071
-976
6895
1060
2560
-14328
5889
-11248
-2552
-5116
-2774
-7132
-14578
-6116
8191
-6128
-2565
-11244
2543
-4876
-4138
3112
1065
-9216
5108
-8192
-2302
-9188
5394
-12268
1288
-10228
-8163
-17344
1809
-8164
737
-13268
1005
-16356
-6113
-11188
-7662
-6080
1257
-10180
13022
-4080
-5122
-5116
3538
-12260
-2334
-5112
-8920
-7136
-5882
-10232
554
-13252
11760
-4084
8
4140
-5878
-9200
2294
8204
3560
-6112
5883
-8148
-7140
-14284
6391
2080
527
-13304
-5085
-21484
-9995
-5072
-1003
-6116
2798
-11240
4037
-11248
11537
-12280
-12047
-15336
4590
-4080
-3086
-2008
1293
-4080
7706
36
1022
-14284
2550
-7144
-2532
-12252
-3085
-1800
2060
-2004
9
-6932
-3602
-6116
1057
-8184
-262
-992
5139
-10228
-4593
-4060
8457
-7140
-739
-7140
-9993
-7124
3108
-4052
13296
-16352
5426
-2016
-964
-6108
4351
40
4370
-18388
-1014
-7128
30
-2020
-795
2064
1796
-18360
-3825
-10240
-10775
-9152
13625
2296
-1555
-9184
-10010
4324
1813
4164
487
9260
-9460
-3020
-3085
-8184
-5923
-6144
1256
-10216
6665
-2008
-2826
-10208
2805
-2965
-4360
-5104
1747
-8160
-503
-7132
-8485
-4056
507
-9204
-1036
-3032
-10496
-10232
5905
-3056
-1237
5136
-3332
-8132
7416
-9992
12797
-4076
5138
-6120
-6171
-3008
-1564
-17400
-5596
-4040
-1054
-3868
3597
-8964
14597
-6116
-6143
-8136
-5381
-5092
6159
7192
-2556
-14324
-2819
-15328
3021
-10180
-2567
-12260
7697
-11204
-13346
-17384
7669
-10192
2788
-8976
13842
-5072
-6428
-13272
-6686
-5060
-5584
-13304
7373
-6916
-6907
-6144
6388
-2044
-3548
-5092
-6412
-9156
-7414
-7952
9714
-13248
-495
-7948
-5914
-16344
-4069
-12232
1543
-1000
-1733
-14284
4379
-7944
2045
-6100
-1042
-2044
-6640
36
-6871
-13252
8678
-5068
-1270
-7124
1549
3096
-2329
-2032
1812
-1024
14354
-11016
-795
-8168
3332
-16384
-8488
-8140
-1268
-12248
7177
-6116
7185
-7156
3621
-15332
5637
-6096
3296
-8144
-11283
-9184
772
2292
-4092
-8132
7154
-12268
-6933
-5088
-3040
-6100
6394
-6080
-16115
-8168
-259
-2828
2549
-6920
3326
-5060
-1043
-2024
8175
1052
3067
-7140
-265
-8168
-1812
-7144
9212
-1000
5135
-12036
2328
-13304
-1550
-14088
-1308
-4060
-755
-9992
-1042
-7112
6895
-15320
509
-12240
-3823
-6100
537
-12264
4624
-11212
-6132
-2020
488
-3072
3351
-21500
-12003
-10224
7184
-5084
4128
-1008
4091
-13280
8977
-7120
3550
25868
-5926
-11024
547
-6096
7726
16
-2328
56
5641
-11252
-4348
-11216
-752
-20456
3861
-9212
5354
-4888
10778
-9172
2301
-11228
9456
-7944
-12063
-13284
2020
-5120
-2829
-13092
-230
-9212
-4633
-9212
-992
-6920
-5927
-11232
8939
-9188
2836
-3036
3065
-17380
9188
-2024
5376
-9192
3630
-7140
7384
-11208
-11765
-8128
-1064
-4072
-9197
-12268
5371
12324
-1531
-5072
3048
-9196
-1812
-4096
-3807
-18384
-1767
-2820
7435
-11212
8211
-15340
13066
-3016
1259
-11236
-11517
-6144
2307
-10196
-6652
-12260
-8436
-16312
-3594
-7144
765
-3024
3595
-11260
-1044
-11224
-4621
5136
251
1060
-4572
-17388
13322
-15328
-511
-3008
-1549
-7144
2285
-5112
-7125
2284
3088
-7128
8959
-4040
-520
-5104
2068
-15328
1513
-8156
4584
-8176
-5884
-8160
-3566
-2028
-11514
-7128
9224
-5904
-6920
-19436
2060
1056
3060
-6068
-6388
-9160
13788
-8972
1757
-3044
7198
-11256
2002
-2036
5130
-13256
-7402
-6108
-991
-15280
1296
-10196
6907
-14284
-5886
-11256
10246
-13280
-12294
-8176
-5155
-4060
24
-14292
1299
1076
9463
-5056
-11034
-7128
4117
2068
-9439
-14276
15355
-9192
-8431
-5892
-7220
-11228
-757
-11248
-6383
-11224
-543
-11232
6138
-7164
-4597
-17368
-29164
-10192
29653
-9196
2276
-9208
2319
-784
-10547
-20436
-6168
4148
-6661
-6072
8443
-2020
-2572
12
-5119
-8184
511
-11228
-3317
-4048
5871
-12248
2562
-4036
3830
-19408
768
16
3574
6160
-3356
-5900
3843
-18412
766
-10208
-4356
1040
1804
-16352
-7936
-972
7405
-13276
4121
-13268
-8151
-6112
-1535
-6124
-7144
-9216
-2550
-7148
7873
-10224
3373
-18180
4625
-10188
-3348
-9188
1529
-12224
7443
-2020
6617
-4092
-2770
-4872
17912
-12272
-4589
40
-4619
-5092
5118
60
8175
-5096
6159
-7156
3293
-3024
-8998
-4060
6170
64
10234
-9156
-2295
-11232
4884
5136
5595
-13264
-742
-9184
-2047
-996
-5097
-21496
10209
-6104
-503
-6104
-2349
-12236
3591
-3040
5889
-9160
4890
-10224
11498
-7124
-7687
-11224
-5376
36
-5406
-10228
7153
-14324
-2318
-8156
5902
68
1524
-15116
-1294
-11236
-4067
-12252
4354
3084
-6362
-13284
1746
-2040
2535
-3036
8963
-6132
1774
-4076
-2007
-5116
759
-11256
-1011
-17396
-4606
-7144
4636
-10208
-3070
40
4845
-7140
4634
-5896
3083
-5068
7
1276
2021
1032
3023
-4072
536
-4044
-2571
-18388
-9508
-6084
1259
-9160
-2580
-7096
-4350
-9212
-2826
-7136
1015
-11240
-2076
-4088
499
-12276
-1022
-8136
4882
-11244
-9739
-9184
2050
-20432
3090
-18400
2831
-4064
-815
-11196
-10744
-21284
-9958
-5080
-2535
-10216
8973
-7124
7166
-11244
1562
4
-1537
-4048
6388
-16324
274
-7940
10234
-11240
3609
-11244
765
-4092
-1290
-17392
8186
-8168
1027
-16360
-5132
-4020
-793
-8168
-11285
-10224
8205
-2012
-7392
-10180
2037
-9184
8464
-21476
-1788
-9180
8197
-7128
-6657
1060
-7447
-10196
-3113
-8160
-7931
-15336
4603
-2008
12798
-19428
-4107
-14320
804
-3032
8207
-4036
-7937
3076
-8217
-5084
2327
5148
1535
-11216
-1798
-5084
-7699
-3024
758
-6132
-1268
-13288
5104
-13240
-1023
-7944
2279
-4056
-510
-4072
9486
3072
-7909
-13288
7459
-6104
2559
-9184
1851
-10204
-7971
-4068
-248
-2016
-4321
7208
1058
-14272
3338
-980
1792
-3048
5365
-1000
-7681
-14245
245
-9192
6173
-7964
1518
-9204
1285
-5096
2553
-11252
506
-17372
-2812
-17356
1802
-3072
-2841
-7124
-2029
-8136
1000
-9160
-10774
-11240
3836
-3044
-3610
-4072
2549
-8168
-2331
1036
-10549
5124
-2014
-4020
3827
-5100
6404
7180
-8462
-7124
7414
-780
2322
-8180
-3849
-9192
-1292
-9196
-4597
-14084
7452
-8140
-6155
-4088
-2321
-2000
4359
-14096
-12812
-12228
-30
-6116
1049
-14312
3061
-7164
7658
-12224
254
-7140
3048
1048
-995
-16360
4342
1060
-5644
-8156
-5861
-4872
5876
-3032
9961
-13300
2323
-2040
5109
1056
-6154
-9204
5394
-19456
5124
-6068
-254
-11228
-2832
-1008
-1079
-9196
-4355
-13276
2787
-9148
6702
2096
-261
-8168
-3611
-6100
-270
-5084
6412
-4080
2057
-6096
-1267
-8116
-7458
-9176
-774
-7160
4088
-7136
-3582
-16356
14
-7156
4117
-10160
2288
-4072
-2276
-3020
2305
-7960
-3589
-16372
5352
-17348
-5590
56
4605
-11260
-3524
-6108
-6135
-19436
3025
-11236
3855
7204
31
-21480
-3647
-4088
-1286
-11224
6626
-7120
-7387
-7156
779
-19432
-9085
-7140
5642
-9208
-4647
-8144
2552
4120
-1307
-11248
-269
-10208
12055
-20480
4320
-4032
-5344
-6120
-6425
-5088
-10721
-4048
-273
-11020
5364
-8176
-6134
-10196
1044
-16332
1016
-4048
-5385
56
6430
-17368
12038
-11228
-758
-3040
-1823
-17340
-7668
-8172
7426
-4072
1292
-6116
3798
-7120
7671
-3024
2858
-17356
2557
-5096
-3067
3088
7918
-1020
3908
-5104
2318
-16360
-769
-12272
-4633
-8192
1289
-18388
-3828
-9188
-2061
-8176
2823
-11228
8938
-10188
1541
-13260
-3075
-9196
-14083
-9168
11505
-4060
-1575
-12272
-5105
-12256
-7397
-8976
6121
20
-2831
-9160
-2547
-14300
9516
-1008
2328
-2016
2816
-8156
1796
-14316
3337
-13260
6139
-11228
8481
-12252
4860
-9168
6161
-5108
805
-6104
-3316
-4076
-2837
-14284
-1769
64
2022
-8184
-6147
-8176
-6103
-10204
8689
-12256
-1475
-9208
2307
-9168
6379
-10216
-5150
-10224
-1793
-10216
5620
-8152
4630
-9180
-9190
-11228
-3328
7196
6172
-14312
5862
-7128
-1519
-11232
-4620
-4064
-2801
-14308
-2571
-12212
204
-13288
6931
-13280
-7150
-6108
6897
-4088
-5379
-11212
6620
-9204
4602
-9184
7697
-9192
-2009
4112
1254
-4060
4076
-3848
4095
-4044
-8230
-996
-1550
-14292
5607
-9212
-749
-4064
7661
-10192
5657
-4076
-5103
-7124
8173
-10208
1038
-7168
6155
-3036
-6168
-2008
2320
-6084
-3362
-15336
-2591
-5108
8144
-16364
2321
3124
5647
-20428
-13328
-2048
-2814
2080
-1256
-13284
-2308
-4076
-2282
-6092
-9984
-10192
-14357
-3016
-4095
-9164
-5859
5168
-4900
-16372
-752
-15316
-2266
-15296
-2585
-13308
6642
-10180
-3589
-8128
-2011
-3056
-2302
-7140
-9231
52
14587
-5052
6672
-10240
2570
-11228
-260
-9208
-2307
-10188
6156
-7140
7149
32
-11522
-976
-10
-12268
16112
-9180
3079
-11236
-5114
-8164
-7457
-9204
-3118
-8120
20
-17364
-5376
-17404
9481
1272
8504
-11252
-1536
-16380
-2341
-17396
2066
-7124
-5342
-3052
-1275
-13280
273
-5068
8964
-2016
-3038
-10196
-3055
-19369
-7191
-25292
-4897
-6104
-4863
-5108
1804
-5048
2053
-6072
-5381
-11252
4133
48
9969
-8964
-3057
-7156
770
3171
1265
-12272
2351
-12232
5929
-6136
2302
-9152
-8211
-5104
5344
-5116
-2860
-8140
-1541
-11228
6891
-1008
-2280
-14268
-2558
-15328
1291
-9180
-4355
-15312
232
-11256
531
4
-1798
-13260
4877
-8168
9979
-8144
-4357
-11252
-1257
-8148
4127
-3844
-9742
-5064
-5115
-4072
-7217
-2032
-4331
2300
10214
64
800
-11228
-4121
-11196
1040
-17400
3591
-18376
-1813
-2044
-2065
-6116
-2026
-4076
2255
-6112
3074
-780
1552
1080
-519
-2000
-2568
-10180
-8422
-4056
3821
-4052
-2552
-9180
5103
-13284
-6914
-9164
5383
-6116
7173
-11192
5648
-1992
5136
-9204
2777
-10240
-2342
-8176
-4331
12320
5162
-18392
9723
-11188
40
-12272
2801
-15304
2056
-13288
-3828
-13276
-7174
-12044
-5616
-10192
1290
-9172
-1821
-988
4120
1044
-1783
-2824
-6658
-6128
-4844
-7144
-8185
9240
-4615
-8192
-701
-13068
2838
-3036
-1017
-3048
4885
-4076
984
-5120
4357
212
5638
-8968
8185
-16368
-8437
-8144
783
-12280
8209
3092
-271
-3032
-1025
-3052
3810
44
-771
-2044
10253
-9188
3570
-7144
506
-11216
-261
-996
2843
-7136
-5335
-12264
9751
12
787
-9200
12564
-7116
14319
-13240
3320
-6116
1311
-4064
-1524
5196
4333
-7156
500
40
-6368
-14084
-757
-4080
760
-10200
-6922
-11240
5364
-6136
-1021
-13272
6662
2064
-7145
-13292
3567
-4060
-3107
-9184
728
-7112
-2055
7168
-6117
-7128
6178
-6128
-2818
1044
2035
-12256
4359
-10172
763
-3012
6360
-12280
-5121
-4060
473
-5076
5359
-7964
-3554
-16320
1501
-952
10223
-2032
-1306
-4072
4597
-11244
-3315
-9180
2309
-9168
5892
-15336
7445
-23048
2321
2120
-8162
-11248
-9494
-5080
509
-9216
-1783
-7148
3828
-8168
-1056
-8180
158
-3032
-25043
-8176
3354
-4076
-1756
-9212
-4892
-3040
-1757
-10208
1544
-5900
-6392
-9180
-8206
-8148
-5119
-4036
6637
7408
2584
-8168
811
-8140
-1
-9992
-3851
-9188
765
-10208
14316
-9192
-3072
-13280
-2270
-960
-6395
6152
3844
-15324
-5884
-14308
-802
-7156
-1263
-3040
6407
-1020
-2285
-6072
6143
2064
-728
-11244
5119
-14328
9971
-6104
272
4348
-1802
-13076
-4324
-9180
-5854
-8180
1049
-11248
-8677
-6120
-11816
-4052
-5369
-6928
-3861
-17348
-3578
3096
3079
-7940
-8684
-10228
-11742
-8156
-532
-6088
1287
-19416
3634
-6092
-2054
-6116
-249
-8144
2088
-9184
1312
40
2007
-6136
3557
-8176
1560
-4072
744
-8164
3363
-14308
1272
2076
1
-6112
2805
-6124
11241
-8164
2804
-4096
7940
-12280
2787
-15348
2059
-14284
2308
-6132
-6634
76
-8442
-5100
-3320
-3028
-6416
24
4337
2076
5873
-9180
5923
-968
4097
-10232
8445
-7128
-7
-968
-3325
-7112
-7948
24
215
-10216
7933
-13300
-498
-7152
-2023
-5076
549
-17388
14037
-12240
6
-10172
3351
-11232
-8226
-5052
7649
-8148
-7126
-6100
-537
-21440
8713
-9152
4071
-7156
-3607
-15324
8992
-9168
3095
-7073
5374
-10184
1019
-4088
3346
-18356
-2044
16
-9478
-3052
-5870
-15108
6670
-15332
-4113
-12236
-6390
-7944
-3371
-10240
-7
-4064
2349
-1012
1573
-10216
4362
-14316
1532
-5076
-748
-7168
-1509
-7144
4611
-1804
4090
-11260
-1292
-4872
274
-3008
-3101
-15356
260
-3052
-4838
-4056
8228
-6072
-3338
-10216
5388
2056
1555
-9176
7443
28
-4592
-6100
1772
2124
-10481
-6049
-10483
-19432
3591
-7156
-513
80
10298
-8152
9463
-9988
10769
-5084
-15895
-9188
6179
-8968
12307
-7160
-2062
-10176
-6123
-6132
999
-4048
-4363
-13296
-5323
-2008
3333
-3044
5130
-960
-5883
-14300
3080
-11212
12
-8172
8422
-3020
9478
-8156
5680
-10220
4083
-10204
-2511
-16356
-18
-15280
9496
-8164
-253
-11196
8214
-13288
7431
1060
7472
-12036
-11
0
-5398
-7120
-1539
-15296
-8961
4108
-3598
-11232
531
-4068
763
-7132
5608
-16348
-1252
-17376
8413
-2832
2334
-5892
4082
-13292
763
-7120
-1549
-5896
-782
6164
-9213
-7116
7436
-8176
2563
-4076
-10
-10168
19673
-1980
9467
-5084
3815
-14284
-6168
1040
5142
-4884
-750
-10208
-2577
-14336
4361
-1000
-6934
-10208
10985
252
-4334
-18396
-9999
-11200
-11763
-8184
-6651
25892
3343
-5112
3578
-5080
-2060
-9160
11046
-2820
3353
-15344
11252
-11200
-8940
-14328
7909
-12244
-5350
-9188
-1006
-6136
-1542
-3064
503
-3056
1309
-5112
7172
-976
2047
-14316
2576
5180
-1316
-14296
-6431
-2044
3613
-9136
1517
-13264
-4131
-9208
2524
-13280
-5371
-13304
3088
-8964
10252
-3844
-770
-1996
-4875
-11216
-12805
-17360
12780
-12268
-5348
-10004
1803
-9196
-478
2100
-1520
-2840
-12825
-8164
-7449
-17392
2787
-7132
8170
-8180
2549
-7136
-2068
-4872
-1771
-12228
-3597
-9184
278
-5912
8671
-4084
1279
-8172
2808
-15304
-3297
-3024
-258
3096
-1310
-11240
-5884
-10200
3816
-7144
-3108
-5064
515
-5072
-5351
-19428
-3342
7188
3067
-6104
273
-9196
3539
-12256
-4907
-4076
-3096
-13300
3080
-13260
-500
-4064
-251
-6088
-1540
-8180
-3076
-8172
7670
3084
4607
-5112
-9954
-10224
-2271
4
-4853
-13264
-3580
8
-1022
-7140
-1780
8
-502
-6928
1791
-14304
-5410
-4060
-13284
-8184
2558
-16372
-1013
3096
4870
-9176
5325
-4088
5655
-7944
4119
2084
2256
-10228
9741
-14336
3831
-2028
-2016
-3072
-5351
24
-3328
-4028
291
-12272
2822
-6088
-7154
-7136
5129
-7160
2594
-7168
-3056
-6108
270
248
3582
-7156
3830
-6116
-1231
-7148
-6940
-9188
8200
-13292
8932
-7956
-1531
-3064
261
-6112
6405
-14116
-3598
6168
-5372
-2012
5876
-2004
2548
-9144
5161
-8180
11296
16
-3333
-8160
4348
-10212
-3058
-5120
8949
-5916
-5632
-13276
23
1052
-3377
-980
-1791
-7160
-7183
-10188
-6125
-10184
12572
-6928
-4600
-6108
778
-3856
1771
-5900
10209
-14312
-11526
-10184
1275
-9200
10257
-4076
-3605
-11264
-7420
-7148
2290
-5072
1044
-17364
-8989
-2992
-6676
-5040
-518
-9208
-8201
1064
-7961
-11256
13582
-7136
2843
-8176
4364
-2016
-1548
2056
-516
-8152
1069
-12276
-6382
-9184
-3594
-13280
-3101
-4068
1822
-11212
2844
-10220
-1269
-6076
-6175
-16360
-2284
-16376
1560
-13308
1286
-11012
-1792
-4040
-5896
-8156
3851
-9192
1046
-1996
-504
-19416
-1290
-7164
2600
-12272
4839
-984
-3028
-8176
-1764
-17372
3601
-1012
-725
-6120
720
-10204
5359
-5108
2585
-1008
1313
-12228
5887
-2032
2054
-3852
-2823
-3056
11766
-8164
-5882
0
248
-15112
-2860
-13292
3093
1064
7128
-16368
2558
4112
-4096
-11228
4619
4
5118
-9216
26
-10204
-5902
-12284
5157
-5056
-4896
-2012
-750
-10212
-2045
-8168
-4118
3116
1061
2080
7631
-10232
-10493
-11240
-725
-5088
-229
-6144
-9481
-13280
724
-14328
-6659
-15348
-4883
-11236
6892
-4092
-4819
-17380
7431
-12236
3808
68
-4613
-12272
7673
-984
-1798
-10184
2552
-4040
3849
-10204
-3578
-16384
1273
-8172
-259
-6128
-9223
-6108
-2789
13348
-800
-960
-8220
-5120
2556
-10180
-2293
-11240
7448
-9204
-4598
-6108
6675
-11016
1804
4136
7405
-15120
7154
-976
2592
-17396
-7173
-7148
-1530
-980
-4595
-7136
4370
3108
-507
-1012
-4367
-12264
1059
-3068
4883
-13068
-7945
-3864
7885
-4056
-1313
-5088
-15639
1072
1283
-12248
540
-12240
7684
-5068
2813
4152
-2785
-5056
-10036
-12272
-272
-6076
5592
-9204
10001
-15332
511
-13280
-983
-996
2801
-14304
-3554
-13284
7188
-7116
-40
-10176
-3831
-8140
-10494
-3048
-1548
-6112
-2824
-5892
-7657
-14300
-1797
16
8973
1040
-6617
-14320
792
-12240
-1521
-13260
-5658
-11260
-8962
-7140
1285
-5100
-5657
-11200
-5149
-9200
-5845
-14316
-2307
-7952
7945
-7132
3826
-2844
-2278
-13300
-290
-6120
-6381
-3844
-4378
-6128
12551
28
4121
-5092
-2056
-7112
-1780
-8116
-7907
-3072
-748
-15340
2789
-18408
-3831
-11228
-19
-13276
5361
-940
2597
-10180
15324
40
-11007
-8160
-4124
-2012
2527
-3044
2552
-7948
-2567
-4064
-1518
-2004
-2312
-10228
-7352
-12256
17666
-2985
-7919
-4084
6429
6148
7926
-7160
1025
-6132
-1550
20
-2032
-7144
-2777
-992
7405
-13264
5894
-3056
520
-6136
2816
-8140
-2082
-11244
4860
-7148
-4336
-7144
1008
-12288
4881
-9176
2068
3076
-1767
-2032
-1807
52
1540
-3020
7166
-10216
-991
-5088
3313
-7132
2816
-9164
-4613
-11240
-7689
-8156
8952
32
-4886
-1988
2526
-7128
-2783
-7156
5373
44
-6395
1036
-11017
-15348
7697
-5116
-8468
1084
6388
-12284
-4617
-13268
-1294
-5068
6681
-9200
3806
-8172
4595
-9160
-4334
-5116
10750
-14312
6106
10256
-3845
-7104
7681
1052
-2322
-3036
1000
-6104
-2059
-8168
550
20
6412
48
-6902
-5088
-7462
-2012
2548
5120
6135
-3052
2074
-7944
-1312
-2008
6427
-7144
-2065
-17392
-9985
-6920
-5613
-4072
7683
-12248
2330
28
3861
-956
2064
-7160
-777
-4872
-6938
-5076
5641
5140
-4862
-7164
3598
-19456
-520
-7160
-2884
-1804
-36
-5056
-1832
-3036
-8208
-14320
3607
-12212
7451
-3044
1785
-12244
2075
-4068
-533
-15288
-1794
-4040
4113
-7144
4390
-8156
3856
3324
-3311
2056
-5870
-6088
754
-5096
7444
7208
1265
-6120
-3860
-8140
11560
-4052
-2566
-10180
-4060
-9200
-4330
-2024
-502
-10208
-234
-6928
-4078
-6108
-5893
-9204
1544
-13092
-3849
-5112
3080
-12264
4351
-6112
-2301
-16344
10709
-9184
5661
-9184
530
24
7956
-3052
-512
-3044
-2565
-10204
795
-9192
546
-8148
14082
-4080
-5910
-13308
-2573
-13256
1515
-4072
15
-10188
3852
-11248
5842
-14312
6127
-8116
2813
-11260
1034
-13288
5880
-14316
-3348
-11228
-5159
-6088
-2808
-8172
-266
-6136
-769
1260
1821
-11236
-4833
-19404
5937
-19456
2840
3288
-4099
7236
-1562
-4076
-2544
-8180
10505
-14332
-2866
-6116
-11796
-17396
8215
-16336
-1004
-10232
10999
-15340
-792
-10208
764
-9180
6101
-11200
-514
-8972
-2062
-1800
5404
-7156
1016
-13284
-5147
-7140
-5383
-8164
-5895
36
-748
-2012
5128
-937
7676
-5056
775
-17368
-3294
-10196
3834
-984
-1001
-14308
3334
-5068
-3337
-10240
6421
-5088
7676
32
8213
-4872
779
-5116
-5132
-3044
-14067
-4040
9211
-3848
-2568
-15308
4071
-19412
10504
-11224
9484
-11216
9184
-5892
-1785
-8188
1293
-12244
-4359
1096
-6881
-3844
-818
3124
-3047
-15352
-783
-13072
2257
-14296
-1580
-7152
-3
48
1542
-1000
5629
-8164
-6650
68
-1013
-12240
-8710
-7140
-8740
-11236
-12318
-11236
2034
-2032
-8231
-8964
276
-18384
-1043
-18180
-9209
-8136
-2319
-3048
-1267
-9168
-11531
-13296
4825
-11224
5661
-17404
-1784
-8164
4850
-11212
-4587
-12256
265
-12268
-1019
-3012
-742
-3044
-510
-1984
-3574
-13284
-6154
-9196
-8944
0
3067
5160
272
-10208
-5140
-11016
-6917
-7128
4114
-1008
2518
-22272
-744
-4052
7203
-10204
-6397
-15296
7703
-6936
2837
-12256
-2298
-15324
1531
-10180
5106
-15312
-1274
-3032
2565
-8192
3841
-8168
-2062
-15348
2602
-15332
786
-8128
6424
-8192
-244
2064
1298
2080
-4614
-1996
8406
-6132
8702
-5076
3104
-8964
4854
6160
7143
-3028
12773
-11244
2348
-13064
8171
-3036
-10236
4112
4907
-12228
-2789
-15324
-3594
-20424
2803
-18416
-2061
-5076
-3354
-4040
-7381
-8144
-22
-4084
-2316
-5080
-7169
2096
4874
-5104
-5668
-13280
3307
-6108
-3333
-2036
7700
-2016
1813
-15312
-515
3080
-269
-8144
4353
-7096
-7399
-11216
5126
-12264
5365
-15108
1312
-4048
-9962
-3048
-2260
-20420
-233
-8168
-2545
-6116
10511
-19452
240
3100
-10751
-8184
1822
-9204
10485
2072
1559
5364
-1268
-8172
-1292
-16372
-8719
-10220
2335
-10232
-1796
-988
-2064
-17384
-283
-10224
760
5120
-4626
3144
269
28
5917
-8148
10735
-9188
-7962
-21484
10999
-4084
-5421
-4052
7420
3076
4873
-16352
-5141
-19424
11247
-4080
-241
-8148
-6921
-15344
-8679
-15328
8438
-10208
11249
-14296
4372
-4872
-1550
-11020
-2552
-14284
-7425
-7168
-1831
-5108
2579
-5092
-783
-9204
4881
-5120
5149
-13064
4352
-17380
-7411
-12232
3545
-18392
-9736
6160
-8453
-10196
4338
-14320
1038
-11200
2054
6216
-254
-14304
1785
-11244
-2826
5140
3361
-9204
-3091
5168
-5621
-8152
-4607
-7088
-6906
-11224
9992
-5100
3362
-6124
7377
5156
-6162
4116
8419
-6932
3064
-6128
9716
-2852
7191
-1004
3611
-5072
-3329
2048
2787
-9180
9729
-14256
10224
-7148
1548
-7140
7916
-4028
2807
-3848
-9680
-4048
35
2080
1264
-2824
5422
-9176
-4088
-2032
-2559
44
-8185
-17372
8147
-4068
1028
-10188
2571
248
-4051
-7160
1311
-2044
12298
-972
4369
-8192
-2314
-5080
-760
-4032
5889
2060
3615
-3064
2834
-8184
760
-6104
-2061
2088
-3545
-2028
2810
-9216
-754
-3020
5098
-6120
-7099
-6128
3323
-6128
-3594
-6060
-3579
-9196
-5637
-9184
6166
-12264
4097
-4040
-3835
-6144
-4867
-5088
-7436
-9156
-7180
-3016
-3308
-13300
-1025
-18380
2077
-1800
-2057
-4080
-2793
-5076
-711
-13248
-2593
-8980
6631
-4052
7435
-8144
4083
-8180
6901
-2012
757
-11232
5108
3080
1261
-10008
4611
1244
-3320
4132
7172
-11264
-4
-10228
-1592
-7144
-11780
3080
1771
-18180
4338
-10216
-8436
-3068
255
2068
6135
-14288
3288
-9172
8223
-8148
-4311
-6104
-4371
-12256
-9232
-9188
-6419
1104
-1326
-12248
3320
-2020
-4113
-5112
7164
-7128
1822
-6140
-2588
-3052
-500
-5904
-2065
-8156
-9467
-7168
8431
-1992
-6139
-3024
2068
-5112
-765
-12256
3813
2092
8443
-12056
5622
-4076
270
-4068
4596
-3072
5671
-1024
-1024
-10180
-227
-8972
3849
-10184
1548
-12244
-6664
-12264
11009
-2036
-1261
-6068
-9997
-12256
-2322
-7160
-4144
-15324
8172
-6108
-14081
-6088
-9715
-17376
-772
-17380
-2345
-8184
-2313
-9164
-757
-16312
-4377
-2048
-5639
-8148
-4854
-1004
5141
-3032
6105
-16384
-521
3084
8738
-8180
-769
-12268
-12010
-980
18
-16376
3596
-13284
9188
-15344
3601
-20444
1537
5140
8962
-14304
-3623
7208
-4360
-7132
-1049
-4084
-3812
-13296
721
-12244
-258
2064
-6677
-8152
2551
-3040
-6888
-9996
-8466
-9204
1793
-12012
-2027
-1000
3822
-11232
1812
-5100
8448
-16328
-3070
-9164
5618
-6116
-9447
-12240
-3833
-5084
2030
-17384
7680
-5084
4378
-9148
3084
-10228
-6888
-9992
-1531
-18388
9237
-8148
-2061
-15320
10763
-5100
-3351
-5936
-4095
-17360
7171
-11220
-4111
-8148
6933
-15312
4349
-4032
-6399
-4896
5119
-8168
5352
-13276
3573
-4876
787
-10232
6678
6156
7665
-6108
243
40
-4108
-12256
-15367
52
-7425
-7156
-7174
-6112
527
-8168
-502
-7156
-1513
-7160
-3085
-24272
-2076
-5076
1272
36
791
-11224
3591
-9196
5643
-7108
1019
-2016
-6628
-9184
765
2080
-3121
-13240
-1833
-3036
-10486
-16328
-4099
-13276
-5902
1064
6665
36
5663
-11248
296
-11252
6426
-5068
7173
-9208
-2573
-8132
-1280
-5096
7143
-10204
3061
-5104
-14507
2048
14302
252
-5103
-10216
6359
-3024
-7196
-16348
-778
-2024
1520
-8164
6
-14260
26
-3064
-5684
-10196
6394
-15312
-258
-5120
-277
-18408
-6666
6204
5378
-10196
3362
1080
1293
-8144
-273
-8192
-2557
-3856
3819
-6088
-3844
-9184
6395
-8156
1560
-17392
-4883
-7132
11255
-4076
780
-6100
2558
-8148
44
-12252
-5623
-8152
5904
-7164
-9497
-5056
13832
-8172
-16145
-14328
-1789
-8108
2801
-9204
511
-8156
3618
-7132
-496
-18352
-7649
-13225
6388
-5072
-500
-2004
-5138
-12044
-13807
-15120
6392
-6140
-9958
24
-1279
-7136
7939
-12256
9938
-7948
-7952
-13288
6904
-5092
-1298
-7140
6356
-7144
1303
-6136
-240
-11196
5360
-16132
-247
-13268
2065
-3048
3054
-3040
9167
1052
-226
-2820
2825
-4056
-8481
-17384
4880
-14300
-271
-16364
-2052
-9208
7690
-9212
5899
-5068
-7656
-10208
5878
-11240
-7408
-10196
487
-4868
4836
-13272
-2547
-10153
3338
