-15356
1030
-3044
2276
-3040
3042
-8172
-744
-8172
-7175
-10184
3823
-2036
756
-3036
-6678
1272
1276
-12240
-2
0
4902
-1992
3348
-7156
3819
3320
-3069
-6956
-5847
-8972
-1996
-4092
12251
-7144
1273
-3064
-273
-8116
-5095
-12240
8189
-7164
-2548
-18392
1522
-10232
9993
-11216
-6151
-3016
-4620
-7168
2046
-12264
-4617
-944
-980
-7132
522
32
7182
1068
-5670
-8172
15
-11236
-3816
-6124
5
-4064
-5854
-7152
2532
-16328
3361
-7980
759
-2000
-7453
-3044
-9724
-10212
1799
-15296
-8706
-7132
-1997
-16332
3316
-2008
-8206
2128
-1013
4124
-1031
-2020
-5374
-12272
2028
-16332
-7658
2096
-2051
-7104
3833
-8976
-791
-2016
-5656
-7124
4087
-13292
14307
-2028
-250
-9208
5626
-10216
-7138
-15344
492
-8176
1539
-1012
1041
-1000
-1021
-10204
-2546
-2020
11234
-12228
-1306
-4088
6149
-8972
-1810
-10208
3601
-1020
3847
-6112
3856
-2044
1036
-6124
9492
-10188
1054
28
4072
-9992
-1801
-3048
10994
-7168
4849
-6136
4068
-2036
760
4132
8193
-8180
5887
-9164
15
-3044
-259
-1004
2080
-6088
2805
4152
2323
-11264
3831
-4068
-782
-7144
-6128
-4052
2559
-5076
2074
-7136
7918
-6920
-4101
-7100
-2302
-8192
6632
-4072
-4129
-11220
5883
-6956
10988
-9988
-1806
-14300
-9961
-10224
-2290
-13292
6072
-1008
-11509
-9172
-2803
-7140
-13606
-976
5913
-6112
-1074
2084
-7895
-16364
3051
-7944
5903
-11224
2830
-15360
3066
-11188
8976
-7108
1284
-3056
14108
-6100
3838
-9132
-1515
-1024
5156
-14300
4085
-15328
2552
-9212
-11005
-4872
13281
-14276
-3841
-10224
5903
-7148
-1036
-14308
-7982
-6140
-2853
-7160
-2572
-9208
-3096
-7144
1038
-9164
6128
3096
6405
-6120
-1274
-9168
-2302
-7112
1263
-6108
-484
-4084
-4601
-9208
8725
-23212
1284
-2016
1799
-8132
-283
-7116
-2774
-6128
10765
-2020
3599
1024
2281
-15320
4884
-14288
4608
-8192
-5112
-8968
6374
-6108
1020
-3044
-275
-5092
2088
-4044
530
-13256
-541
-5060
-4060
-12284
-5394
-7132
-3599
-10208
-6640
-2028
7954
5140
-761
-12189
8955
-8160
6150
-3024
-515
-18400
1282
-2044
6162
-5076
4577
-12232
-9505
-22240
1027
-11264
-7962
-10196
513
-11208
5367
-9168
-1045
-4056
9209
-4048
-14032
-9164
8435
-11260
4
-10216
-9234
-10212
6904
3080
2566
-6120
4864
-11224
-8176
-12256
-6919
-6112
3594
-27364
-7914
1044
-7162
-12252
-1316
8204
2587
-9156
-238
-10228
5108
1068
-5116
36
10272
-2016
4335
-12272
-522
-13300
-535
-10224
5630
-11248
-299
-992
1280
-988
-3850
52
-3303
-4048
-4587
-17380
3075
-3060
8960
-7148
252
-15344
-5937
-12284
-2311
-7168
-1304
1052
-7377
-5084
5663
-9204
-3063
-11216
-2032
-5116
-11809
-5900
-775
44
-4612
-14320
-4105
-4092
5140
-2008
4603
16
-6899
12
-790
-7136
-4641
-20448
-1266
-5084
6920
-8192
5388
-21444
-1547
-11224
2592
-2000
1810
-3040
1
10252
-799
-948
3803
-15344
-9757
-5904
-7178
-3024
-263
-6092
6919
-8160
12806
-6096
1294
-5100
-803
-7128
-292
-8972
4868
-15316
9976
-13068
4128
-12268
-4857
-2008
1044
-15328
-5091
-8152
2571
-10228
1559
40
-6643
-9172
718
-16348
-2316
-10200
2305
-15340
-7407
-3044
7145
-8152
-5867
-16360
1037
-1008
-6612
-3860
5379
-2036
1289
-3000
-1788
-7944
4122
-8156
504
-3036
-6389
-2028
1795
-5064
-4603
-7940
1800
-7968
-787
-13292
-751
1068
6170
-15332
266
-8120
4580
-10196
-1808
-5052
-3833
-4060
-4
-18356
781
-17376
-11004
36
-3599
-2016
-756
-972
5939
-8152
5169
4140
-2053
-3008
8464
-6108
-3852
3088
-8189
-13272
-6870
-16132
-1806
-13248
3839
-2044
504
-13284
1301
-2044
-758
-9192
-2066
60
3591
-980
3039
-15308
-7930
-10184
-1758
-4084
-259
-8152
-2292
-10216
1021
-3016
-2529
-11212
3567
-10228
-35
-22260
-4866
-11236
-2277
-1992
2792
-3040
2297
-5092
10979
-7944
-3584
1060
-19679
2052
4844
-12236
1004
-12272
4084
-17384
7915
-11236
8225
-19456
8431
-6100
-2320
-10180
-5633
-3028
-3072
-10192
-3643
-7144
1537
-17388
4369
-5088
13043
-16340
-3340
-9156
-1235
-9192
3370
-7156
7118
-5096
-1291
-3028
-5900
-8180
-3323
-11244
-4608
16
245
-5080
-2319
-17392
-1251
-7136
770
7176
1792
-12252
-520
-6112
-4348
1272
-1014
-14328
-819
-3024
-7678
-19456
-11300
-5088
-7443
-10212
-1544
-11256
-6675
-12240
-9980
-17332
1017
-10228
-1034
16
-6899
-9184
5882
-9172
508
-9204
-6665
-26356
-3883
-14308
0
-3056
-6389
-5112
12
-10204
-245
-7156
255
-4068
9502
-13260
-9969
4156
-12
-12240
-6381
-7144
11286
-1804
7941
-12272
4869
-10180
-2070
-3064
3311
-16364
-2558
-2020
-252
-10224
-9728
-7132
1030
-14284
2537
-9152
2803
4108
3354
-5060
-1570
-4048
-3338
-2012
1551
-2048
1046
-6084
-2283
3100
9965
-3848
-4107
-7168
-16135
-7156
6395
-8152
-7718
-6116
-254
1104
-977
-4036
2299
-13280
7940
-12248
1043
1276
3569
-5096
4382
4112
3054
-20456
789
-12268
3585
-6084
-3858
-7152
-4335
-9196
-2557
-4092
12062
-12260
1270
-14304
4353
-9172
488
52
6420
-9184
1800
-3024
-4084
-8172
4603
1068
-1006
-4084
6439
-5033
-2818
-9180
2054
-11236
2819
1100
7405
-1992
6627
-18372
-2533
-10200
991
28
-2798
-3044
2016
2292
787
-11212
1022
-4868
-253
-9168
7681
-9180
-7672
-11260
10976
-8152
3053
-7156
7429
2300
3849
28
4350
-7160
11252
-4084
5113
-18416
2782
-9144
-5334
-10212
9220
-11248
-2811
-6136
6896
-9172
-3824
-6120
1302
3088
-6403
-8132
-493
5372
-6395
-19444
2587
-13288
-3619
-9208
7162
1036
1570
-5096
-281
-10224
1278
3108
-1487
-6112
-11536
-7136
5627
-7136
517
-12268
-3827
-14332
10743
-7128
6404
-16372
782
-10204
7674
-10208
7437
-4064
2789
-9184
-2301
-12244
-1042
-5108
530
-6128
-3865
4124
3301
4120
-3844
-12276
10242
-5084
-5329
-14088
-1531
-5116
-11020
-5100
3096
-2048
4602
-5088
1514
3100
2043
-2044
765
-2036
-2586
-13284
-257
-13244
-5360
-16340
7922
-9180
8466
-6132
-6909
-6096
6656
-11228
8436
-16368
2058
-1008
-2838
-7960
-11494
-11012
-2575
-13292
-4381
-6084
-5391
-1012
3607
-10192
-3856
-9204
-6139
-984
-6181
2088
8472
-9176
-1532
1256
-7897
-3044
-1285
-13284
-2814
-8964
2295
3096
-1033
-7112
-5380
-10232
-2833
-1016
-8984
-13084
-6632
-1820
-3068
-7168
9968
-8180
-1038
-6112
3828
-15348
3579
-9216
6172
-11228
1270
-8168
6387
-11236
8197
-3844
-7652
4116
-2557
-5100
-4891
-4064
14888
-9200
3812
-17384
-3863
-3012
-12297
-7144
-1325
-5064
2059
-5104
-1550
-13272
-6401
-8172
-5378
-4048
4389
-1992
11036
-8124
-3072
-7120
-3347
-6112
-8438
-17372
1523
-3040
-2806
-13288
4098
-2008
-4599
-2044
1516
-4052
-1033
-9172
-3541
-18416
739
-14088
-14853
2108
265
-6112
-2587
-8164
1778
-4088
-6652
-5908
-1287
-20228
-1788
-15320
3832
1032
-7415
1052
6677
-8160
-2518
-972
13824
-10149
273
-6124
-6432
-19416
7723
-9204
3574
-18376
-1540
-19436
8684
-9988
4349
-4072
-3585
-14088
-17207
-8148
4628
-14300
9249
-11216
11250
-3060
-9442
-15352
789
-8164
8965
-7132
5405
-5060
764
-5060
-7198
-4872
-514
-7140
1267
-5904
4609
-22264
-2306
-12252
-1568
-11252
-7130
-9200
-4634
1056
5370
-4880
4117
-10228
-7174
-5088
5618
-16376
1747
-14328
-2326
-5900
-6904
-12236
2045
-16364
-4613
-9148
291
-12264
2526
-10216
11033
24
-3592
-4056
-8223
-11224
5904
-3064
3095
-12268
1290
-5092
11799
-1992
-2584
-13296
-2839
-9156
1837
-996
9981
-3000
4358
-13280
5126
-7136
-9471
-12248
-2286
-7116
-4636
-2044
236
-16344
1066
-4072
-5375
-6088
-8467
-11244
-3857
-2032
-2559
-6104
-525
-5088
12588
-15352
-1044
-16364
4600
-776
-1226
-976
1527
-3036
-1779
-15112
-4880
-2000
-6408
-10208
-5131
-6064
12536
4
-9972
-5092
-6941
-992
-9709
-10224
2806
-5056
-7956
-1000
-268
-14088
-3308
-3844
-7631
-10196
18924
-13288
8471
-18420
-2523
-14300
2034
-13284
-722
1056
-5369
-4056
5130
-7124
-260
-7108
-12297
1056
-762
-7132
-3846
-8168
-2599
2276
-4073
-14316
1306
-8085
-5925
-14336
-11506
-8152
-12810
-11224
7163
-11252
3346
-9200
5107
-10208
4346
-11240
-1257
-2036
-6905
-4084
10751
-3020
518
-8164
-6139
-12040
-2067
3104
2073
-4056
-2046
-3064
4073
-10216
-7187
-6100
8206
32
519
-4076
-2827
-7940
-6657
-9168
8460
-15328
7698
-11200
5110
-9204
8206
-16336
-1304
-13080
3328
-5060
2015
-8176
1796
-13276
6638
-15332
1287
-2840
8440
-5084
4373
-6104
3842
-6108
6907
-12036
-5600
-12244
-522
-5892
-11296
-7136
-11778
1064
268
1092
3853
-2008
2852
-15356
-2820
-10224
3794
1024
-257
7228
5863
-12260
-3104
-9160
1815
-3024
-4620
-7168
510
-7112
10514
-5092
5423
-5068
9707
-4080
-1776
-4080
539
52
249
-8976
2294
-12220
-3805
-12268
5394
36
8392
-8156
7180
-14320
9240
-1016
4376
-14284
-4124
-13268
1534
-5052
-4634
-20228
3317
-11020
-3020
-1000
3569
-6116
-14330
-8172
3823
-12220
-3868
-7160
2298
-5120
505
-5072
-2066
-6124
1825
-4076
-5659
-11240
-4132
-8964
1796
-6136
-762
-5100
4601
-6140
-6931
-6136
-2293
-5104
-5873
-3060
-3099
-9152
1024
-10232
1043
-996
-2821
-9176
-3341
-8148
-10737
-8192
-2577
-11216
-10500
-17372
-527
-4056
-3863
-6116
4843
-3048
2326
-3852
-3591
-17364
6169
-3036
3047
-9140
532
-4064
1025
-8176
5876
-4052
-4616
-5060
-4819
-7168
-5382
4112
6891
-15320
-1270
-3056
-254
-9176
3300
-12040
-3854
2080
-8
-4048
-5591
-972
787
-12040
3588
-7140
-7164
-988
-2252
-10212
-3819
-9152
2316
-14084
18173
-9172
-4325
-15284
6894
-2028
-7656
-22224
2018
1052
3105
-15352
4872
-7124
1326
-13288
501
-8152
8458
-7148
-4356
-14312
-8933
-10196
12038
-9129
-7186
-15332
1283
-3064
1292
-16324
-6376
-7144
-7969
-9164
-4606
2292
5369
-2024
-8443
-9176
-1800
-5076
-5614
-3852
263
-14308
1512
-17364
-13062
-24260
-1788
-8144
-785
-7152
2831
-9172
10489
-12256
-5900
-6072
-5143
-12272
-1025
-8156
15324
1064
4111
-16364
11828
-6116
-4092
-2024
-6161
-9204
-497
-15300
-7694
-7124
-12535
-5092
5900
-772
6153
-4092
1281
-12280
1273
-7156
-5631
1044
-3089
-7160
-5882
-7140
1763
2092
-1522
-10196
1510
-6096
-10999
-10180
-7916
-6104
-477
-11236
-505
-7968
5366
-6092
-9984
-13296
2806
-17396
-11521
-8156
-12038
-3064
6138
-16364
-1313
-11232
2831
-5084
2801
-12272
3819
-8140
793
-15300
-221
-11220
4375
-5896
4075
-3000
-6644
-6132
5631
-4044
5130
-5096
3354
-1804
-1826
-12284
1531
-4064
-3855
-12288
6431
-9188
292
-7148
-7403
-19420
5922
-9180
5159
-9192
-6928
-14332
-5132
-2040
7417
6180
5864
-12220
-13552
8
-8683
3108
-5405
-6924
-1521
-9208
533
-1800
280
-3056
-2332
-4040
-8713
-3016
7954
-13064
4378
-10236
1529
-7144
538
-10228
-7195
-2036
10754
-32500
-1582
-11252
4364
-15324
2565
-10200
-7953
24
3848
-12052
6130
-13276
6920
-13268
-526
-4032
9973
-6116
-5631
-4084
2843
-3056
-2041
-9184
-1789
-5112
-8973
-5088
1233
-18400
472
-10208
5395
-5092
514
-1000
-7146
-4056
2788
-8988
-3571
-14296
766
-7104
-1530
-996
-2524
-988
5624
-12052
5125
-1992
-4416
-3072
3082
-6104
-764
-3040
-732
-7108
3063
-11228
-8722
-11044
5348
2108
-10486
-14288
-3592
-12276
3856
1032
-3592
-7108
-6906
-8184
-31
-14296
1776
-10216
1534
-10196
-9201
-17372
-5617
-8176
7670
-4024
2267
-4064
-3330
-14304
10471
-8140
-7412
-6920
-4872
-6124
2850
-1980
-498
-6136
-4882
-14276
-7440
-18396
-4357
-9160
7152
-8089
1823
-7128
2587
-5104
-765
-6080
-764
-4012
5138
-17396
6882
-5088
-6407
-3004
2806
-12272
-5094
-5100
-19164
-12260
-5424
-3844
-549
-13260
6398
-2012
-489
-2004
5877
-10212
9729
-7152
-13
-14260
23
-9188
-4109
-13228
16370
3096
-555
-24268
-11042
-4868
1025
-16320
-5650
-20472
-5873
-9204
-5152
32
-3075
-13260
2845
-8156
-6423
-944
3340
-4048
4846
-9212
3790
-10208
10774
-5104
-2324
-11240
-2807
-10220
-3589
-18380
-3603
-13304
-1775
-6084
6126
3104
2089
-9172
-3354
-11216
2794
-3844
9500
-2048
-7171
-3024
-1792
-8968
-4867
-5092
-2537
-4060
-997
-6096
526
-12236
1550
-10208
8969
-5076
13581
-3852
-6916
-5088
-1785
-7156
-5125
-7120
-2563
-5056
-6657
-14280
6936
-12240
1259
-5100
-308
-17328
5867
-14308
-5895
-5092
7161
-3068
773
-3048
3052
-6080
2344
-6096
6138
-6092
-4581
-12248
-283
-7148
-3069
-1016
-781
-14292
-1570
-16364
1789
-3048
-4392
-11212
2566
-4068
-8418
-16352
-3807
-19424
3825
-5084
4096
-6116
3813
-6124
-540
-11248
12
-12040
14558
-4044
-8156
-16304
-1767
-18392
-1799
-16376
-1534
-9168
6405
-984
2011
-1992
-4091
-5064
521
-10212
6390
-9164
-8677
-7152
7418
-8152
5348
-11236
-509
-4080
-8460
-10216
-11071
-3060
6652
-10220
-8955
-7092
4606
-4080
761
-7120
12262
-10172
5086
-6140
-4313
-1988
6161
-17372
1822
4140
-2053
-7128
-5126
-16384
232
-3068
4604
-13272
1034
-9140
9707
-11240
-3375
-2036
10236
-6124
-11506
-17400
-1758
-10180
4621
-19412
-4366
-10216
-496
-8156
-4843
-3032
5104
-11232
-3055
-6088
-1288
6176
6887
-8112
-4618
-10240
1316
-10204
1267
-6120
-3305
-10212
6680
-9180
7943
-10232
3063
-11260
2294
-9140
2295
-7152
1003
-6076
11548
-13244
-1030
-12244
-3611
-14316
5146
-10004
2316
-16344
-9995
-8980
-2568
-14088
2290
-14312
-569
16
242
-4060
3828
-7132
4371
-3056
-4387
-9164
-7411
12
5123
-5056
11002
-20440
1545
-10208
1297
-11248
2307
2092
-1795
-5108
4862
-13304
-4362
-6932
-2839
-4052
1301
-7144
4102
-6120
-5369
-8148
15588
-9188
-6365
-9988
13826
-13272
3611
1056
15376
-10188
3328
-2032
4619
-6084
1795
-6053
3620
-15128
-4564
-10208
-2305
-11248
5921
-8152
6436
-14280
-2308
1048
-282
252
-2331
-11240
5888
-2016
2519
-6136
-1012
-6128
-2316
40
6941
-4060
15602
-10228
10485
-9172
4621
-6100
9727
-9176
-8477
-15320
1057
-15116
1288
-2836
-5400
-11248
-4098
-17408
-3075
-7160
4358
-19380
4592
-9184
-7923
-4872
-2871
-1996
3345
-9208
5131
-4088
-2299
-11264
-1274
-9200
-1567
-1000
-2830
-1008
5634
-8188
4
-9204
-5915
-12280
-3843
1048
-1543
-12052
4105
-980
-6145
-8984
-261
-8188
5645
-9204
-7395
-6120
2046
-7156
3569
-8148
-2039
-4048
6638
-2004
-4090
-1004
-2073
-8172
6899
-8152
-2835
-15316
2026
-9184
4367
-11224
-3852
-988
11825
-11016
-1304
-10180
1010
-2028
-6650
-10192
3831
2096
720
-16384
-14284
-11244
-4071
-10228
778
-3048
-4639
-13228
-1311
-6120
7156
-2008
-3070
-6128
7210
24
767
-10200
-3601
-1004
-1548
-4076
2837
1048
-35
-1004
-477
3100
1551
-2820
8440
-7168
1276
-9172
5906
-9184
5645
-13304
-1516
-12248
7192
-11220
-7206
-5116
14816
-9184
8462
-7112
-9193
252
2259
-23252
-5140
-1800
-1516
1088
3608
-12280
-4101
3092
-743
-9172
5375
-17360
778
-17400
-3359
-14264
-10
-15304
3111
-12240
-3055
-976
3061
-8184
5371
-19388
759
-16136
-4858
-4076
7706
-9204
-507
-5108
1795
-20456
1796
-17360
-1292
1268
-2286
-6124
15
-9164
-242
-22232
-52
-996
6373
-9212
-5914
-5084
-5941
-13256
4863
56
741
-3024
-6397
-17388
-5102
-8968
6141
-3864
-8472
-17340
3072
-8172
8695
-16328
251
16
-4331
-3036
2582
-1988
10005
-5064
-2810
-3056
-1827
1044
1257
-8188
9487
-2016
287
-9188
2301
-9996
-3553
-3052
13830
36
-9237
3132
-12
-17348
-2877
-2016
547
-13284
-536
-5080
3604
-30452
-3348
-14296
-4378
4100
-3088
-13064
-7155
-7144
-10538
-12232
-7391
-7148
13285
-13284
3822
-10232
-5134
-2004
-270
-14316
793
-2016
-3096
-5096
12015
-11232
-8202
-6116
-3866
-5072
8206
-13252
-992
-11236
7649
-3064
-1800
-12232
-4656
1260
3101
-8152
-2830
-15332
-750
-16360
-3606
-17400
-6921
1272
-1038
-3844
-5883
-6136
763
-12248
744
-12044
500
-12240
7677
-15284
-6917
2060
-3310
-13256
-3018
-4076
5879
-6112
-6639
-8188
-556
-4044
2284
-8164
6663
-10220
11222
-10200
1012
-19432
-6895
-2008
-3081
-7144
15618
-10184
-4344
-11240
-496
-2036
-2068
-13292
10029
-6108
232
-11228
254
-10200
-6687
-7168
-4371
4
7686
-11256
1530
-10180
2330
-13288
-7926
-12264
-7152
-10192
5653
-5096
-9232
-10192
7192
-6124
-3579
1064
9207
-15324
544
-9992
-5913
-6076
-8198
-5052
-7429
-14312
4350
-9988
5376
-5116
5119
-11212
-512
-15312
-8203
-11236
-11786
-4096
-14581
-10204
-2054
-4048
3360
-10196
1776
-10200
3786
-6080
-2796
-7116
-2281
-13232
1484
-13312
-4340
-10224
-1763
-11204
2814
-5072
-6157
-9172
-6386
-8160
-2333
-10164
-3073
-5108
-3027
-17384
5620
2088
-14827
-976
-3826
-3060
5872
-2828
8973
-20432
-3352
-3044
8
-3040
-12304
-8148
1489
-1004
-3293
-6096
1029
-2008
6176
-964
-517
-8160
-275
-14304
2821
-5072
-5855
4148
-5114
20
256
-10196
9690
-8140
-5651
-11244
-3056
-6916
7666
-18392
-3321
-19220
277
-2824
-530
-12224
13304
-7120
295
-8972
7395
-6120
4541
-6100
538
-5100
-7140
-2020
-1527
-980
-1289
-3052
-256
-16304
-9240
-13288
-2587
-4892
2569
-2020
3065
-9992
-6893
-6120
-4063
-4028
1763
-12252
2563
-10216
10185
-7120
3836
-6916
814
-9192
-7675
-16344
499
-12272
-11776
-6100
-9471
-12256
6397
40
5083
-9988
-4387
-2012
-2799
-4088
774
-4072
2812
-11212
5893
-8160
-5922
-8184
3073
-3060
-3611
-14308
1321
-10224
1809
-5896
1825
-9188
-5122
-984
-4849
-12280
-4848
-14300
4390
-21484
-1249
-15340
-4096
5140
8195
-10204
-5624
-5904
1789
-12220
1286
6188
-5130
36
6434
-14316
3875
-6116
-9773
-13268
6147
-9160
-6903
40
-5851
-2044
2043
-26288
-2029
-14296
-1274
-12276
-7914
-10220
-11044
-13248
4087
-8160
-4608
2092
-3353
-10192
-10991
-14264
-3074
-10204
-521
-9184
-1496
-7100
-30
-11224
274
-13300
-761
-11236
-1538
-7152
-766
-5060
7418
-6932
2035
-21460
8955
-13300
-9203
-3048
3825
-8188
-1303
-22232
-9251
-7160
2000
-7136
6184
-23268
-3304
-7124
-4615
-12280
4339
-6096
1329
-7140
2328
-3044
519
-3056
3868
-6120
1795
-988
5896
-2048
3602
-14324
1803
36
5665
5188
-268
1072
1792
-7140
6904
-6140
-2019
-6064
-5893
-11216
-6152
-5096
-1014
-5076
-5365
-12224
493
-10184
-2037
-10184
2836
-4048
-3085
-5072
-1520
-2032
40
-3040
7145
-1972
1287
-5904
-1234
1040
-6206
-9148
-806
1076
-12544
-11200
11260
-1020
-480
-3844
-6677
-2008
2573
5180
-2304
-9992
-2071
-13284
-1033
-4064
-514
-6100
-2561
-9172
-3532
-10212
3346
-9160
-3587
-10204
5113
-7140
-509
-14320
1267
-10236
-2039
-6120
-1544
248
-7421
-7168
4059
-9212
-3369
-14332
5378
-16336
1242
-12252
-761
-6124
-2074
-7100
-6419
-2028
-2533
-6944
-4086
-4892
-8730
-6940
-3314
-6936
-7696
-5892
-5166
-7120
7696
-3060
7161
2076
-4578
-12264
248
-13236
225
-12248
-7959
-1008
-5135
40
-3060
-1796
-12280
3088
-3098
2072
-13041
-2028
-3821
-12268
-3087
1064
-2801
-9160
5902
-9200
3601
-4080
10798
1068
532
-4096
1502
-12268
2573
-16360
-1572
36
-1253
-11020
2287
224
-8191
-964
7412
-5120
1776
-12236
-1539
-10188
4354
-8976
-8697
-10204
-5390
-3024
6641
-3032
4844
-11244
-6401
-9188
1260
-15328
7884
-9988
-1276
-5096
-1234
-15276
-9462
-7156
-2835
3092
1814
-4056
-3302
-6100
-7668
-11196
8190
1272
3059
-10196
5404
-8148
-1786
-13268
-3574
-4072
3576
-8172
-6906
-15340
-6163
-13312
1803
-8172
789
-12272
-4633
-1992
-2795
-10220
3849
1040
11776
-11232
484
-3040
16953
-9996
1267
2120
-1294
-12044
525
-1016
5854
-7148
-1788
-14104
7435
-13312
798
-980
265
-8160
3092
-6116
9712
-16380
-4902
-10196
-5640
-2016
-990
-12260
5359
-992
3626
-10204
-5388
-18420
2541
252
3602
-3064
1811
16
6663
-8176
26
-4032
4078
-13284
-817
-5108
5607
-10188
1486
-6112
-3079
-5896
-2293
-18388
-10738
-992
-7969
-11232
2875
-5100
2283
4
-3057
-9196
2812
-5084
2802
-7132
-4315
-988
8937
-10216
-4842
-18368
-3594
-1996
-5348
-8168
-5897
-3844
5577
-8176
1016
-13280
-3635
-2004
-6167
-14292
1534
-6140
1051
-1812
274
-5120
3054
-13284
-4620
-7140
-5387
-6128
5398
-9156
1031
-6092
4649
-9132
5618
-9212
1332
-19420
2542
-8128
2853
-18420
-1026
-12268
6946
-15344
3863
3092
-7906
-11028
2242
4100
4367
-11216
497
-13217
-3815
-8168
1542
-4068
-3342
-14328
-4871
-6112
751
3128
-2841
-4084
5618
-3032
4899
-14104
1817
-13280
5120
-19424
-3300
-11244
-1271
-9212
9449
-13308
6148
-19412
-6889
-3040
5631
-3844
-721
-9192
474
-12272
8189
-4880
3839
-9172
-239
-1012
-4108
3088
-2352
-17364
11552
-6108
1273
-14288
-1269
-11228
13822
7372
-5654
-6104
-283
-12232
7701
-1008
-274
-9188
-2544
-12264
-7679
-4884
6685
-8168
-7159
8
4026
-10192
-508
-5084
-7711
-17384
4897
3080
-4320
-5096
2554
60
-7409
1040
-3348
-10208
5122
-6128
-4347
-16336
-1542
-992
3622
1084
1
-12284
-4341
16
2058
-16328
-10724
-8972
5356
12
-796
1052
5395
-9164
-3058
1084
-5380
-7132
-6195
-8172
-994
-5904
7908
3320
499
-1000
-4072
-7152
270
-5096
2283
-1796
4371
-14324
8699
-10196
-2827
-5108
263
-7120
4351
-14300
-3322
-4076
-6633
-16348
800
-2032
5395
-3036
4107
-10196
-1815
-7164
-4871
248
6937
-11204
2562
-992
5385
-4076
-9778
-3028
-10954
-6096
-1527
2076
3596
-10208
7729
-15308
-4090
-1996
3353
-9192
1024
-7140
1039
-2012
-12815
-18204
2331
-1824
-8425
-7152
12049
-20228
-3299
-10156
-2298
-9200
-558
-12256
-1518
-8172
9205
1032
4097
-4096
-2797
-4876
-1298
-10196
8442
-3068
2089
-13296
-533
-13264
-3077
-4072
1008
-14284
-8727
-6120
-4361
-14324
2335
-8152
-6645
-8156
4388
-4024
770
-13260
-3815
-7152
-1504
-8144
-10417
-13256
-1306
-980
7410
-3060
-11802
-1024
5897
-3004
4089
-6096
-7950
-9160
-5893
-9180
6921
80
9702
-11252
789
-2000
6145
-8184
-2022
-8124
3058
-952
1222
-11208
-2360
-5104
2575
-8176
2563
-17372
-7969
-988
3312
-10236
1029
-980
-7441
-9172
-782
-12272
-242
-19416
2804
-14332
-9727
-5088
3069
-3044
2586
-9208
-4348
-3044
-3071
-3048
-6425
-2820
17
1024
-2066
-3020
-243
-9192
-502
-5092
9237
-7160
2833
-17380
16871
-11208
-10503
-7148
-6367
-20436
-4385
-4076
1298
1076
-1332
-8984
5377
-3060
-3045
-12272
2030
-17364
-2242
-10240
-2028
-2012
-7411
40
455
-4068
6160
-6092
-4807
-9208
-3313
-5052
-1486
-12284
10238
-16332
4860
-7156
4088
-2016
3600
-4048
14324
-14288
1028
1276
6429
-6124
5147
-1008
3046
12
9730
-7128
1548
-13296
-8914
-6124
-1277
-6100
1525
-952
-1997
-6116
13290
-8152
-2304
-992
-2036
-12276
728
-8124
2566
3096
-2068
-13268
8716
-4084
5664
6384
-3313
1056
4368
-4044
-1
-18404
4326
-12272
-7913
1052
2026
-8176
3869
-10176
-2583
-14308
-8222
-6128
5135
8252
3843
-3052
-1074
20
772
-9196
2833
1028
11272
-15332
-11274
-2028
8465
-4056
4072
-2020
-3582
-5088
8711
-9164
-243
1052
-718
-2020
-6901
-9216
7699
4132
-2810
-3044
2355
-24284
-1309
20
7149
-2000
4633
-15344
3090
-8164
3042
-19436
-764
2056
-6944
-6057
-8196
-6068
-6631
-5120
9734
-8124
1012
2296
-6891
2080
-515
-11256
9705
-11220
3862
-14312
5170
-7152
8177
-18428
-10755
-7148
-2024
-996
-262
-12232
5622
16
8726
-10212
-2318
-14084
5906
-6096
-3582
-5112
-2316
-9196
2306
-9188
-3569
-15320
5
-8101
4096
-9204
-275
1068
-3338
-15336
1514
5152
-9993
-8976
-5917
1260
5618
-13280
-4069
-6112
-3088
-13248
-4847
-7944
1305
2060
5593
-6132
1838
-18184
3300
-9196
-6
3080
-1044
4116
-3576
36
9978
-3012
-9720
-17388
287
-5108
3086
-8184
-3594
-3060
9723
-6060
-775
-13288
5359
-8168
4632
-4048
-1281
-15308
733
1044
2817
-12260
-5399
-6132
-3319
-11028
6910
-5092
-1273
-2032
-1049
-3848
-6909
-12048
2849
-19396
-4605
8
-560
-6064
-5374
-8172
12552
-3852
772
-11248
1564
-12272
5642
-11228
-28
-8172
3079
1096
242
-10220
4844
-17376
4866
-7104
8707
-9208
-4318
-3040
4361
-7132
-3362
-5108
-3316
-3064
7183
-5068
316
-6096
5384
-13288
-5387
-7132
8929
-4064
-8207
-6916
-2285
-5076
-2838
-992
-2797
-4044
7909
-3044
-1467
-7088
9681
-14316
-12011
-3860
-2573
-3032
-7700
-6924
8737
-7128
3606
2068
-4668
-5084
-255
-3052
6647
6176
6142
-3028
-2577
2060
4870
-15332
536
-6108
2814
-18180
-2268
-9196
-1270
-2828
-2553
-9192
3630
-1796
3062
-14312
-5384
-8176
2012
-4076
-1760
-3048
-1304
-10192
2811
-9172
2293
-8184
-1527
-8152
-2547
-7156
2542
7180
-7938
-7148
1263
4144
-5143
-8176
15864
-8140
-7134
-12272
2842
-16372
-10502
1036
-531
1028
7430
-6136
-2813
-7152
7151
-5088
-8701
-9168
8448
-1804
-6141
-12244
2838
-20440
-1
-2032
242
-13264
33
-4096
4102
-6128
5142
28
-9741
-10208
-1549
-11260
495
11300
2511
-17388
-1764
-1836
-2033
-4092
-1040
8196
252
-9168
41
-2048
3581
-12240
2270
8204
-508
-1996
-247
-10208
2830
1048
-263
-16360
-5117
-12288
4334
-4088
-3336
-7112
-3857
-11236
-1295
-8164
5097
-10216
512
-7168
-9456
-5116
-2798
-964
5634
-13272
2803
-2020
-8993
-6124
-5116
-7116
5381
-6128
4845
-9160
6669
-10192
-805
-6132
-1014
-6132
1772
-18364
3818
-2973
-6632
-8172
4573
-6136
-13582
-15316
-2819
1084
6640
-2000
4095
-5096
8707
-14284
6127
-1816
-4837
-7132
6445
-2840
1808
10248
-6151
-5092
9451
-4068
-9247
-8144
-8692
-6140
-2580
-5096
-7408
2088
-4132
-12276
9220
-3060
-6890
2076
-8929
-13244
3298
1028
-1582
-9192
249
-6120
2020
-8176
1797
-9125
-7683
-11244
1550
8
-6115
-15356
4859
-7140
4866
-4028
-6914
-2036
509
-9132
2016
-13300
7929
-14300
-6624
-15316
-2532
-27344
7417
-16316
-5877
-12228
-5900
-6124
-10222
-14084
-758
68
-5126
-8160
4347
-960
525
-13288
13322
-9144
8190
3108
7422
-11244
7952
-6944
-11546
-6144
2055
-17380
10503
-3032
-5877
1084
-1046
-7136
-2545
-9200
770
-4868
1336
-7108
1810
-772
4371
-5040
5379
-5044
2569
2112
-2343
-7132
-4360
-9180
-2325
-6096
5135
-14296
-1524
-15332
-1505
