-2004
-2795
-11188
-6376
-4064
3311
-7100
7182
-8184
-1033
-2828
1042
-9188
-753
-15304
2814
-8140
2552
-15348
1317
-5072
260
-19440
1005
-10236
-10749
-8176
6850
-10164
-7416
-6124
-5634
-12264
4360
-10004
-5345
-3040
3848
-12252
4848
-19412
-1794
-7164
-756
-8168
-2052
-19444
2780
-17400
11510
-11212
-1023
-3068
-1296
-8128
7707
5160
-2522
-18396
3350
-4872
-1268
-10153
792
-8160
-7204
-2024
-1027
-15304
-5127
-8101
2569
-5108
3081
-19412
2050
-4084
13567
-18400
3322
-14288
9443
-1988
-773
-3012
-2040
-11232
6121
2068
-511
-15316
7673
-11200
-7941
-8101
1792
-16364
1017
-8168
7931
-6112
1764
-17400
-3051
-8152
-513
-3040
-7667
-7120
-9716
24
-4367
-10196
7
-17388
10253
-8180
1535
-21456
3586
-8164
-2837
-14284
-771
-2048
2288
-6132
5107
-11208
-11256
-5084
-1015
-8164
-758
-19444
7658
-5896
-10986
-12288
-6926
1252
3309
-8168
3072
29968
6146
-4036
-2073
-2020
-243
-9204
-1279
-9136
-1585
-16360
2315
-8156
-6674
-20468
2543
-12276
6387
-11240
3301
-6108
7152
-6136
12796
-1980
-1020
-8176
-2539
-5104
2321
-13060
1006
-10228
533
-7152
-466
-6140
3350
-20416
5651
-16316
-771
-6068
3578
-12216
-6663
-12256
1780
-5080
-6390
-6132
-2571
-2012
-8965
-9184
4825
-2012
-2815
68
1529
-6116
3572
-5092
-772
-11240
-9204
-13276
-1009
-2032
1049
-5088
-2294
-8188
-6902
-7128
-5103
-11260
3077
-9180
5136
-12256
-2264
-2032
-3320
-19388
-6405
-6120
-13568
-4056
6361
-11232
4872
-4072
-1528
-6108
219
40
-1767
-4032
8466
-20428
4353
-7160
10747
-1953
-5364
-6920
523
-14300
-3342
-12264
6406
-10220
-4850
-5104
5145
5140
-791
-6120
1040
-7136
-1270
-7944
-5663
-6104
-1762
-14304
2274
-7148
-2023
-9208
-3142
-7132
9508
3076
-2588
-8144
4092
-9192
5151
-9132
-15387
-14312
1814
-7144
11774
-14284
5609
40
-789
-12264
3351
-6140
3070
-960
5843
-21448
-503
-17388
267
-3056
11542
-17404
2042
-13288
-6180
-6104
6166
-20460
260
-7136
-3880
-4068
1520
-15288
8750
-9144
2806
-12260
-4853
-4044
1788
-4024
-5381
2096
-12825
-17404
7414
-988
-1505
-7124
-771
2300
5094
-9180
751
-7148
-3071
-4060
1560
6192
-2055
-9988
-2814
-1008
3821
-3052
-473
-12220
-8219
-10232
-3077
-6100
1053
-6080
-743
48
-6699
2296
259
-11220
1300
-6132
-13586
-7128
-1292
1028
2325
-4064
-3855
-14288
-4842
-5084
5115
2088
6154
2068
532
-5064
1805
-8160
4128
-13280
-16632
-7132
6385
-2020
2277
-6136
5082
-7940
-4654
-9160
-1806
-1992
2301
1096
-777
1032
-245
-11240
-3295
-9144
-1292
-10176
-501
-5076
496
-14316
5444
1076
3803
-10216
2055
-4028
-5627
-9180
2798
-3012
-5086
-7960
-1804
-956
5859
-4044
-2023
-5080
-4645
-1992
4594
-6136
4103
-8136
-4846
-12208
-534
-984
-8504
-12216
-1508
-17352
5868
-16328
4081
-5108
8663
-3036
-1974
-3072
7446
-10216
-3308
-6080
-3299
-8144
1306
-9180
5632
-9168
-2052
-11208
-5684
-1020
4861
-10188
6638
-3016
1588
-15340
7905
-3044
-4375
-10180
-239
7180
519
-10176
-4125
16404
-5890
-9176
3060
3116
1780
-11224
-1295
-5084
8195
-9180
4862
-9160
519
5368
8691
-6112
-5106
-7104
3869
-8136
7953
-10224
4369
-11252
1517
-8164
-2069
-13260
2043
-17408
730
-9188
489
-13300
-1779
-14312
6410
-14320
2070
-10180
-2040
-10228
1010
-19424
4085
-4064
-749
-19448
-4355
3132
7189
-12256
3055
-11204
2551
-6104
-5615
-17344
-5332
-13244
-16
-16340
3069
-18376
-1767
-9180
2809
-13268
1310
-8156
-1819
-7128
9471
-9188
3323
-8168
-1046
-7152
4
24
3321
-11256
-11008
-980
-6383
-9200
-6402
-3028
3597
-7152
-3329
32
2560
-14332
-2834
-15324
-5893
-13304
504
-6096
2844
-9180
-244
-21460
7401
-1024
9183
-15348
798
-7940
3617
-6108
1259
-10204
-7732
-11236
1240
-10200
-2526
-6116
3562
-8964
2556
-13268
753
-980
-3850
-12272
2565
-10232
4381
-26324
3357
-26336
-5847
-12244
7934
-11212
-13555
-8964
6207
-10212
-2291
-11232
4348
-11248
-5393
-5072
-273
-2028
-10475
-13264
-4087
-12220
4326
-5056
-9996
-7948
1780
-7128
3855
-8116
-14874
-14308
-2570
-10196
3339
28
-1822
-7132
10253
-22244
-1007
-14292
-1244
-13280
289
-5100
8696
-7100
3838
-6092
-1567
-14292
-489
-14332
4369
-10000
3289
-8964
-4362
-5896
-3818
-9196
10504
-21260
2842
-9168
-9984
-3024
6636
-1000
-2031
-11248
2823
-12252
1754
-2828
-523
-8988
7204
-8164
-4136
-13268
3335
3132
6411
-10196
263
-5084
-29
-5116
-2538
-5108
-8201
-11228
228
-3024
-10725
-24304
9188
-12276
257
-10192
7407
-11177
9199
-3844
-2027
-11236
5630
-18408
-1030
-8164
1028
-6068
-7173
36
-8747
-17164
9996
-6944
1836
-6108
9753
3096
5863
36
9230
-8184
-6397
-9188
-5124
-8140
4610
-9168
-6355
-10208
7405
-11236
2348
-11244
9496
1064
2804
-7148
-4825
-9188
-1769
-8152
11261
-15348
11764
1068
-8186
2080
3608
-988
8459
-10184
-7422
-11220
2841
-10196
10239
-14276
-11006
-10216
2811
-6132
1573
-14260
3330
-6116
-2060
-988
1270
-8128
551
-16320
-3604
52
5077
-9168
-4093
-2036
6111
-8172
-1491
-9192
-244
-5116
-761
-10184
-6416
-11256
751
-10196
4353
-13292
14325
-12280
7176
-13300
-3786
-8156
4637
-4028
-9470
-9204
-1033
-11200
5629
-5916
-5643
-2981
-1533
-10204
-13066
-10224
-525
-6104
2561
20
7396
6208
-5144
-6096
-3601
-6104
-5098
-6092
9979
-14300
-762
-14264
-6451
-2012
-8743
-7132
221
-3052
-12028
-9188
9450
-13060
1546
-11208
3287
-15352
6179
-7160
-7671
-2844
7687
-2032
1300
-14300
16903
-9160
-3577
1064
-732
-4028
506
-13288
3322
2048
-230
-4052
980
-12244
-2531
40
14613
3088
-6649
-3056
-1017
-9180
1806
-16344
4115
-14088
3355
-1804
-1517
-6128
-7686
-4032
-1040
-10200
-3338
-8140
-9242
-11244
-4906
-17356
12042
-13244
12552
-5036
510
-15312
4348
-23256
5680
-10208
8201
-13209
-5632
-7952
1564
-12268
-1515
-9184
275
3096
766
240
3557
-13240
-8183
-10188
-3331
-9172
43
-9212
1048
-11232
-2292
-12264
-4387
-13284
1793
-21496
6910
-10164
3846
-8148
7134
3112
283
-5096
-6714
-11228
10216
3092
-967
5136
-4347
-2028
-7444
-6080
9465
-8140
3574
-5052
-12556
-13228
-1049
-11236
-3108
-3060
3303
-4056
5151
-2036
4386
56
-2044
-8156
4112
-14328
7173
-3068
-12
-4056
-5678
-13268
-762
-18412
5392
-984
-8468
-5100
2044
-26336
1320
-19428
-3616
-13268
1519
-9188
7681
3084
-5412
-14320
2065
-17328
-4845
-4060
-10972
-7120
9680
-12244
11507
-11264
-1527
-15340
499
-8156
-2057
-5092
-3335
-7152
-3568
-15320
-1560
-9212
-3370
-9192
6643
-4044
2525
-1976
-515
-1968
3100
-23252
1820
-9144
1256
-8168
-12292
-19456
7193
-8164
-14853
-22272
-520
-19404
5599
-6132
3567
-12252
-5090
2080
6883
-14312
3832
-7156
-744
-4052
-2282
-10212
8714
-18412
4102
-14300
-2041
-2992
-1828
-5056
2571
-2008
-2046
-8164
-11780
-4068
-3578
-16304
1000
-5108
-14592
-12232
-2550
-3060
-16892
-3028
-4334
-7128
9197
-9200
-250
-8964
9965
-7152
-2034
2288
-2837
-2012
8461
-1024
-6422
-20440
-5098
-1000
1523
-3056
-6930
-6084
-6146
-8188
-6639
-10212
-12596
-6124
-2802
-10224
2339
-5044
11532
-996
-4619
-8160
-1559
-3016
-4840
-7120
3053
-7120
-6122
-10228
-2836
32
-248
-12268
1831
-772
-737
72
2560
-8168
-1251
-13296
-1815
-15292
5103
-5092
2346
-964
9741
-9176
3610
-7156
-4620
1048
4131
-19404
246
-10212
42
-996
-2556
-17372
-4078
2068
-773
1072
-3070
60
-4131
32
-1278
-6916
3370
-13256
5104
4168
2546
-11240
2031
-7128
-250
-10196
-5120
-13284
-5343
-13296
-1529
-4084
-549
-10172
-11953
-9180
-226
-8176
14827
-10232
4081
-13284
4092
-10228
4837
-4076
7428
-17388
3075
-9180
-14332
-3012
2058
-10004
798
-3040
-8722
-6108
-7693
-2036
-33
-9176
2002
-6116
-250
-13244
-11255
-4080
5854
-5900
-274
-3052
-5909
-6124
-2317
1024
2563
16
-512
-5072
-6366
-4084
5116
-5096
3825
-7144
-1270
4
-4844
-12052
764
3132
257
7196
-16396
-13264
-246
-4068
1002
2048
-1052
-10200
-10241
-9200
-4114
-9188
6186
-6140
-5652
-3028
-4636
-7144
-3355
-9208
-5888
-7156
-4900
-2032
-12062
1024
-15398
-12248
2341
-10188
4094
-10220
3315
-6128
-776
-10208
-3333
-11020
-8
2068
-1501
-17372
7930
-11228
-4090
-8180
7669
-5108
-4348
-6108
-4128
-5068
4324
-14280
-12298
-10192
7926
-8180
-9735
-3048
11759
-5080
-3075
-12268
-8712
-6084
-1294
-10200
-1028
-1808
-2822
-13060
8935
-7148
4593
-11224
4044
-988
772
-5072
-3550
-9988
11023
-12232
3552
-18180
-7692
-18404
-3326
-13276
4350
-4088
-5925
-9192
8
-2004
14335
-13284
-5869
-3856
3078
-2824
11805
-3060
786
-4048
804
1056
737
-10200
-5866
-1020
-5359
-7116
1276
-7116
7159
-5088
-1730
-984
-3099
-7104
6625
-3024
-2811
-11232
2328
-19404
2834
-6948
1808
-6140
9168
-9168
-1774
-13264
1524
-5072
-4369
-6136
-2037
-13296
-5875
-16384
2790
-3028
-2290
-2848
5153
-5048
-550
-4080
7430
24
227
-10232
6139
-10188
-5917
-10224
4156
-9164
6611
-4076
-1275
20
2782
-4096
3561
-14308
-4122
1028
-1526
-4052
-2836
-13264
-4856
44
-4394
-3060
-5398
1096
-538
-10216
-2047
-13072
798
1072
2830
-4076
-13545
4144
5878
-11200
985
-9184
-1027
1048
200
-5092
-7416
-1012
4899
-9212
7134
-11204
-2557
-8168
2309
-19420
1302
-18392
-239
-4052
1011
-11252
3092
-8168
7133
-8148
-2050
-5088
-3049
-12256
1551
-2044
4096
-7116
-2032
-19432
-9483
-14308
6926
-9992
4877
-11020
8182
-12280
2807
-12240
-12280
-9180
7454
-19212
8962
-18428
-3301
-4868
6653
-4044
-3841
-13276
-4358
-12240
-2064
-4048
-249
-7156
-3817
-3052
7422
-15344
-4603
-12260
7666
4116
-1529
-8160
-2543
-996
-1270
7216
-10753
-9200
4547
-4084
-2550
-4068
7462
-8156
3055
-10172
-6144
1032
1531
-9200
-4359
-3852
5389
-12256
2796
-988
15581
-14292
3331
-12272
-758
-16348
5647
-8976
1771
3132
753
-5904
-1298
-8976
-6930
-6936
-249
2068
-786
-6144
-3590
-2012
-12277
-6100
-1526
1080
-7407
-10208
-4860
2084
9727
-16336
1736
-6072
-5850
-8168
-1817
-12256
-3333
-9196
-257
-6100
-2593
-3036
1524
-10208
-7695
-4036
2531
-8188
-4119
-11200
-2550
-17360
6173
-10228
-7367
-4064
7945
-4072
-1010
-1008
-5904
-7104
-2566
-12268
3069
-11145
-14344
-5060
-2558
-19416
-4851
-9156
2548
-4060
-10722
-17305
3870
-7124
13083
3116
-10203
-15332
-249
-5088
1774
-6088
760
-17348
-988
-8176
4367
-2008
-5118
-4028
7178
-9192
-1543
40
-2787
-9204
1803
-792
3888
-14292
217
-4060
12547
-18400
-8720
-7140
-8200
-7136
7930
-11224
-3835
-4036
6108
-4088
-5381
-10224
8180
5136
-1827
-3008
-11006
-14280
7200
1272
4351
-9208
-5896
-13276
-2562
-8160
2581
36
-5609
-12280
3589
1040
-534
8
7380
-14320
-1271
-9192
-2847
-15312
-4378
-933
-10240
-4064
8953
-12224
-3581
-8160
723
-10192
-5646
-5892
10746
-13284
1795
-7156
1260
-8176
-5389
-10228
4613
-9180
-11
-7108
-2580
-2032
-4587
-12224
-1288
-5076
3315
-8136
6175
-5096
-3309
-11200
-213
-2004
1806
-8156
2314
-6096
-6664
-2024
-741
-9156
3602
-12236
-4109
-8188
-775
-9204
-2811
-13260
550
-4052
10718
-11232
265
-12280
4375
-6104
10476
-4056
-1520
-6116
10
-12248
6675
-12248
489
-14296
-6343
1064
982
-5092
-3298
-1016
5107
-5068
4621
-8184
-5376
-3028
12275
-7956
-1030
-2040
4866
-12244
-2564
-7092
3061
-14324
3352
4144
6885
-8964
-6139
1072
-5626
-6100
7441
-8132
1821
-3028
4335
-956
-2277
-11244
-8243
-4056
-7139
-3056
2770
-21472
2575
-4080
-1500
-12248
-3592
-14296
2773
-3040
-1011
-9180
6176
-17400
-753
-10204
4332
-7112
-10518
-7148
3066
-11252
5137
-5084
3855
-5084
256
-4868
-1204
-15324
3857
-8172
223
-5108
-8970
-7124
6375
-6100
-7706
-6096
-2070
-6140
2053
-996
5355
-1964
8465
-16344
3605
-7152
-4627
1060
-2578
-14312
-5620
-980
6906
-4092
-6429
-10188
-3098
48
-1811
-10192
735
-6128
-2838
-11248
-9989
-16340
-517
-12040
4640
-12248
4349
-6100
-3075
-15332
5392
-6116
-218
-6112
7135
-11228
-2076
-9204
-9470
-12248
-5149
-4076
8464
-9196
2544
-1012
1791
-14308
-2339
-9188
554
-5080
-5903
-9196
-3025
1260
7932
-4872
7181
16
3833
-1980
-13340
-6112
10976
-6084
1544
-996
9219
-6104
4855
8
3539
-6108
261
-12244
-3829
-6104
1512
-10200
5150
-8172
5875
-10176
734
-14308
-13578
-1016
12295
-3008
10020
-7948
-3342
-11216
-746
-1796
4099
-3064
-1276
-1976
6650
-14280
1825
-14296
3073
-11204
4138
-14284
-774
-980
-1824
-10196
-275
-13244
-777
-6104
-1285
-6104
268
-11224
1288
-8172
5362
-4064
-223
-7148
-5377
2104
8728
-15328
9488
-7952
-6388
-3052
-8427
-8964
-2313
-2000
-3122
-7132
9997
-7120
-3092
-11244
5902
-20460
-241
-12276
-5893
-10212
-6138
-11236
463
-10232
-7679
-6084
265
-10184
7418
-20424
2063
-18432
-1055
-10228
-5591
-24252
6146
-18392
-7412
-976
3301
-11248
-1593
-8176
-5894
-15312
2527
-9144
-2545
-21492
10501
-5076
1558
-6920
4089
-13300
1034
-8132
-4358
-6120
2049
3120
-3593
-5088
-15591
-2020
-4087
-15336
-12769
-2992
-8725
-8164
8191
-9188
4338
-15340
4107
-984
5346
-5892
1539
-20428
-3822
-20464
6892
-4060
-3573
2092
279
-12256
-2298
-11236
-4612
-6116
-3064
-12236
-7
-15316
-6884
-10196
17402
-9212
-6171
-4092
6181
-8148
2324
-9196
4367
-12280
3560
-14092
-5383
-10204
2556
-1000
-1542
68
-1008
-5084
760
5156
3383
-9200
1290
-20464
2564
-4084
14814
-4052
5887
-8976
-7173
-5896
-1028
-8180
-8459
-12256
4328
-3044
-11991
-16332
-9947
-8180
1780
-11244
1280
-9192
-11742
60
5653
-9212
7413
-5112
-5914
-11244
4608
-7132
-3880
-10220
-12813
-11228
9462
-7140
1548
-8144
1738
-4076
2045
-11016
1566
-10224
-7957
-23276
994
-7168
-3086
-6104
5889
-11220
739
-10008
757
-5080
1017
-6104
2038
-5116
-6877
3324
-6665
-8176
2531
-6072
-4855
-996
-260
-9196
-1030
-5092
4853
-12260
-7189
-7144
-5119
2072
5867
-27340
-2283
-8976
-9999
-10208
8462
-5068
-2565
-6128
1280
3076
2321
-7148
-1792
-5080
6119
-5088
-4635
-3068
-802
-8180
-222
5176
-2823
1040
3819
-13296
-3072
-5104
-9970
-9184
6916
-5096
-2051
-3064
1035
-14300
7385
-9196
-5651
-11244
-7918
-12236
1777
-8972
-1520
-11228
13062
-4056
-4324
-10220
-4363
7216
-526
-8164
2067
-1828
-1303
-3844
8432
-11232
2815
-6104
2043
-9176
6129
-4088
-1041
2128
13027
-4080
4115
-9200
1294
-12272
2547
-3056
-252
76
-9204
-9204
7706
-6112
-5130
2288
2337
-2840
-5861
-9184
2547
1048
9183
2060
-1285
-2040
-11798
-11252
6665
-6116
-8694
-18416
6113
-5092
1514
-11224
510
36
-8177
-5104
-2821
-984
7438
-3024
13028
-14324
-3829
-772
-7435
-5108
-6144
-14284
7700
-4056
790
-4048
4613
-9192
4598
-16132
1532
4132
5126
-2044
10250
-2020
1801
-12052
3821
-4068
9403
-2040
8182
-2032
-2285
1080
3835
-13280
225
-9188
-5340
-6100
-4100
-1992
-32
-15328
8203
-15340
-281
-16308
-2791
-5072
4600
-17324
4375
-13312
-550
-5084
-4614
-6112
6397
-14296
-5890
-16368
1518
-6116
8178
-776
-2846
-12268
1271
-12272
-3102
-13268
6925
-12284
-6420
-5052
1756
-992
6937
-2012
1824
-10192
2545
-11244
756
-5096
-2071
1052
10988
-10204
3317
40
1509
-5092
8679
-4060
2572
-6112
3870
-1016
-5890
-17348
8485
-4060
-4331
-13084
768
-6124
-5364
-18412
-6146
-1996
-5888
-4060
-6912
-17380
-7430
44
215
-6108
-7432
1032
9464
-20412
3342
-5040
5654
-3024
-5121
-8156
2842
-9160
-1004
-7128
10710
-980
4874
252
-9731
-976
1565
-6108
-236
-5108
-3848
13320
1543
-6108
1287
-9140
-3575
-6124
7171
-8132
1270
-16312
8947
-9188
-2016
-6128
2284
-10220
-2346
-6124
-248
28
2813
-12224
5632
-18396
-3852
-11200
-2845
-4084
13842
-6128
1548
-6084
-6651
3080
281
-10176
-3569
-1996
5647
-6132
-2538
-19436
-527
-16328
269
-10180
-4580
-14312
-1029
-13268
7929
-9196
-8697
-7084
4871
-9168
2765
-13288
13825
-14320
-2003
-3844
2828
-12244
-2561
244
2053
2064
263
-4040
-7407
-2996
-1070
-7124
17387
-3016
5349
-2020
13850
-20444
-1036
-4068
3821
-992
-3357
-5084
-5350
-13284
1770
-9200
1782
-8140
-4085
-7156
-3292
1060
-6124
-5084
6421
-11236
-44
-19452
-14061
-4080
218
-6104
-746
-13068
-4331
-996
-4851
-13276
5384
-6092
6659
-7156
-1533
-6140
1823
-14280
-3057
-12240
12297
-5100
-13837
-2004
6370
-23288
-4626
-5072
-3349
-5084
-4608
-14332
-5167
-18376
4108
-10224
-9972
-18412
2569
-15328
516
-9136
8148
-6920
-10754
-8140
-12310
-7168
2027
-2824
3335
-8148
2294
2060
1322
-21476
549
6192
-547
-12256
-3359
-8144
-7409
-4084
-1767
-8976
2273
-11196
3865
-7152
-3568
-6116
539
-5080
10154
-6080
3305
-13264
-511
-6112
-2064
-10184
-6136
-8144
-2804
-10160
9470
-11228
5115
-13272
4618
-7108
-233
1084
11047
-13288
3844
-15116
-5147
-15320
3609
-10220
5155
28
3342
2116
7426
-4060
-6164
-8128
3020
-4064
-538
-5021
3356
1048
-6108
-12252
4595
-1012
5387
-7136
-9466
-3056
-4096
-12212
-5606
-5088
4827
-11240
8214
-5076
-1282
-4072
-5366
36
3080
-976
-3807
-8148
-4335
-9200
7166
-10204
3848
-8176
6632
-6092
1045
-8168
7171
-1012
-235
28
1495
-11016
4417
-5072
-3341
-16348
8720
-8188
1265
-6140
6940
-10188
-6126
-11177
9237
-5060
3314
-11252
-3049
-13288
-2787
-13300
11796
-12276
5101
-13276
-6174
-2016
-1001
-9164
-7442
-9204
-7368
4
2806
-5100
3356
-13288
-1289
-3048
-3321
-12268
288
-11260
-3603
1028
-3322
-15332
1540
-1800
8180
-3072
4393
-15288
10993
-2024
1278
1268
34
-5108
9986
-972
7703
-6128
3844
-17368
-3334
-8176
5397
-4032
-9202
-22256
8168
5176
-3602
-6112
7953
-3040
8726
-5892
4849
1088
-2538
-9148
2539
-10188
3054
-7128
-7173
-10204
5621
-3028
-2043
-10184
5907
-6096
2784
-8184
-1322
-2036
2568
-12256
6664
-16344
3863
-8164
-1775
-6132
10260
-12256
534
-10164
-515
-980
-9477
-9192
-9720
-7136
-513
-10204
-5606
3096
4363
-8168
5384
-7104
-3624
-6112
2056
-11240
-1526
1024
5078
-10200
3338
-7152
-14852
-14336
2824
-12084
-3809
-8172
9723
-17368
5371
-14284
-4380
-4044
-10503
-7152
7412
-6144
-5126
-12272
-2306
-4056
4611
52
2026
-2032
-2562
-12048
-3346
-8160
-276
-12272
1517
24
2842
-956
-4363
-10153
-16135
-7944
8949
-984
294
-7152
14869
-8148
6918
-14256
-3846
6196
-4136
2076
5607
-9152
-1793
1064
-1266
-8972
-2259
-5076
9953
-9176
6390
-8156
-10496
1056
7199
-13276
-1011
-7152
753
-8176
-5872
-11044
-529
-8140
7654
1256
-3333
-14328
252
-5896
12566
-9164
516
-2024
-4896
-10192
-2817
-7136
-553
-4072
-13315
-3016
-13585
-4080
4891
-2032
-2060
-3032
-3832
-17364
516
-13308
7397
-9184
1806
-4048
782
-14324
2029
-8964
6171
-6120
-2800
-1804
-3083
-12256
-2566
4
-12543
-17388
5112
-3844
-6155
13356
-255
24
-4103
-6116
-3355
-10228
1541
-9200
7200
-11184
-6105
-15304
-2855
-2024
2013
52
2810
-18416
-5363
-15300
1023
-11228
-3595
-4036
-2051
-5120
3321
-4064
-282
-3060
9481
-10204
3780
-10200
-1556
2100
-6895
-9188
4346
-2044
-749
-9176
-7977
-11244
9484
-5112
6902
-15304
7193
5160
3090
-1008
2576
-1796
-1289
-12260
-8715
-10204
-2018
-3000
5366
-7952
-1593
-6124
-3577
-8176
4860
7184
-7162
-11264
12310
-14296
-5154
-13264
2577
-2012
-1573
-10220
-6153
-2040
5125
-7140
-1015
-9992
280
-18408
-5375
-3032
4357
-7144
-2320
-11252
-6881
4132
2565
-12236
4060
1256
-3064
-4060
-3815
-3036
-735
-10180
5914
-3048
1557
-11028
-3308
-9148
2812
-4096
-8954
-17392
222
-4900
499
-4024
-6130
-3880
-3370
-10200
799
-6120
2067
-2016
7672
-4076
-3076
-3024
4578
-12232
7424
-2024
-721
-12272
1818
-14260
-3850
-7944
4335
-12248
-282
-984
2817
-13236
-10745
-7948
2282
-17352
7955
-8168
-11253
-8156
-1281
24
4830
-6080
6434
-5060
475
-9168
1512
-3012
6638
-7144
-9201
-13280
-249
-2044
491
-3020
-10244
-2000
-5391
-15304
-4326
-11260
-2294
-7128
2521
240
-1298
-4068
3084
-3064
9725
-20428
-1014
-23276
4657
-15308
-2092
-24264
-6162
-4060
-5358
-14304
2304
-9188
-5889
-6916
-8443
-17285
-2289
-12260
997
-7940
1532
-9164
1262
-5104
-2312
-3056
2308
-4052
2824
-2024
2011
-7136
8472
-5096
7916
-980
-1281
-13292
-3074
-8180
-2561
-13280
-7929
-8172
-4061
-10145
0
-13288
4595
-16348
-1790
-11236
2332
-14304
4615
-14328
-3588
-8180
767
-1004
6405
-3028
1002
-16336
-8695
-13280
5669
-5084
4604
-780
1312
-13288
49
-5904
8720
-2016
13832
-7144
-22
-4076
2573
-8172
-243
8299
-2298
-7116
11790
252
-7182
-7140
-3043
-6116
4069
-4064
-500
-9180
8448
-16344
-722
-2820
2271
-3052
2281
-11216
6668
-11208
-7698
-8172
-3583
-22232
2562
-7164
8180
-18432
-11796
-4056
-5118
-15320
2290
-996
-5368
-12232
6429
-21456
5133
-14288
-2566
-7160
248
12
808
-6140
5366
-11224
-4835
-10192
-3343
-10188
-2071
-772
3081
-2020
245
-7968
-3082
-10208
-4606
-10212
-3855
-7148
4314
2112
-6421
40
-3076
-8160
-10231
60
8710
2068
6911
-14304
791
-5108
-1008
-9184
-11791
-12268
490
-12260
-515
-992
-8467
-5088
1790
-3068
4106
-9192
3358
-6108
-2317
-4048
1265
-2000
777
-8168
3846
-5080
1974
-8148
2269
-14288
3342
-8148
-237
-1000
-6123
-8168
-3335
-6116
5882
-6096
5346
-10192
10020
-1000
-4847
-13252
-9013
-14116
-3079
-7156
-7700
-8148
-7680
-13308
3586
-14328
-478
-7156
-5883
-14272
-3332
-4088
-14828
-10228
7239
-8156
-2046
-5072
-1771
-13304
-9183
-10228
-3593
-9212
3605
-8152
-5130
-8172
1291
-5060
-1025
-11228
-1784
-13288
-2288
-17356
8952
28
-4343
2300
-2800
7172
3308
-11192
8463
28
-1552
-1996
-4354
2072
9210
-972
1546
-7116
2302
-14304
-13562
-3060
4643
-11212
7
-2832
-5882
68
-5647
6152
285
2300
4344
-13268
6374
-5080
6637
-12272
1043
-7136
1285
-16336
-1809
-8972
2835
5148
4376
-5100
1026
-2032
-9219
-5108
1784
-10216
3080
-15308
1777
-3848
485
-5044
-5634
-13064
521
-7948
-5642
-9180
8189
-8156
-3821
-15328
1750
-1000
5918
-14332
13586
-8164
6916
5364
4091
-5076
4583
-4052
2541
-1980
-753
-8144
5135
-6112
-6386
-6092
4341
-7164
-2558
-11200
3838
-3989
-9445
-9176
8187
-5068
-2569
-24300
-788
-12232
9487
-9117
-6675
-776
4590
-11256
6641
-976
-1799
-9144
-755
-4088
526
-6096
1299
-4084
4356
-4040
508
-8176
3064
-6132
2814
-1000
254
-5084
-1036
-14320
-2082
1092
-2832
-6092
-9969
-8160
-6904
-3020
-3068
-13264
-12314
-4872
-7180
-13072
-1822
-8156
1304
-3844
-1546
-13260
-1256
-13276
-2790
-11200
-9200
-4040
8187
-18400
12808
-8996
-282
-11204
-29
-8156
-2079
-4076
-3568
-16336
-3354
-9216
1813
-3016
7952
-5112
-12546
-11232
5894
-11208
1038
-18392
6132
-3072
-3077
-6060
-5133
-4012
-5635
-14308
11248
-9176
-4348
-12264
1
-18428
2327
-5076
8147
-9176
9473
-13296
6891
-15332
-8935
-5064
-4387
-7152
-2052
-6124
7426
-14324
5890
-16344
2307
-12260
-2020
-5060
-4366
-10196
262
-4064
-3843
-7164
5870
-8188
1758
-15296
-4130
-14288
744
-10224
-2030
-12228
2059
-16360
3609
-12244
-2563
-4068
3086
-18388
-1790
-988
10505
-12208
-2047
-11220
-13079
-2040
-2565
-16340
-8958
-16356
-2847
-6104
2587
-9132
-5168
-3040
772
-12252
4349
-8112
-2055
-4056
-4871
-13272
-5129
-2024
3864
-13292
-13609
-2044
4365
-5080
-239
-2008
-782
-980
-10278
-11232
4352
-12260
-784
-10220
3566
-5892
-11001
-6128
-1259
1044
-3293
-6092
-9707
-7136
-3082
-5096
9743
-6100
4332
-9164
1573
-11232
4324
-16132
-3321
-5084
-2791
-11244
1545
-11228
10735
44
-541
-4084
-3093
8240
2337
-10204
5893
-11220
-6110
-5100
7420
-14260
-252
-18392
8488
-5900
-1501
-9160
4370
-8980
6104
-4040
4609
-5092
-3586
-17408
-3332
-3072
1293
-3044
777
-5892
4620
-5104
3338
-9160
6919
-19408
-6432
-5096
-3340
-9176
1288
-17396
-13820
-3036
-1059
-15356
1046
-7092
-5386
-17396
8463
-10196
-3044
-4868
1816
-7104
-7403
-13280
5874
-8132
6660
-7136
-3821
-14328
1522
-1012
-228
-5088
2802
-4080
-3579
-11240
3826
-8160
-6629
-9164
-3063
-2020
2582
-2004
-7176
-12236
-3381
-21468
-5917
-6136
2326
3128
-10247
-11244
8465
-3032
-266
-6108
-4087
-15344
-9742
-8136
-3825
16
-768
-8176
-7928
-17400
15623
-7144
1531
2056
-785
-4064
6364
-3056
-2294
-11216
4838
-12276
5113
-1024
2545
-984
1014
-13284
6669
-1008
2559
-9192
6404
-9176
-4588
4104
9709
-7952
-2305
-15332
-9955
-5104
-5135
-4072
5903
3100
-2309
-17408
6387
-8128
2050
-14288
1751
-7073
-813
44
5417
-18396
-1047
-13260
-8164
-5100
9215
-7140
-3599
-8164
-1277
-3048
2058
-12268
994
-19228
727
-9216
5615
-4868
12252
-8160
-2049
-2032
-4086
-15336
-14596
-16156
1283
-5056
4337
-996
-3818
-7108
-5124
-3064
-5119
-3036
7701
1024
-7394
-8168
-9481
-13280
-5629
5148
1284
-14328
-2311
-3848
3294
-7156
-4634
-4072
-6688
-3064
3106
-12268
-783
-5120
-4845
-7128
1518
3144
779
-13264
-2580
-968
3612
-2024
4123
1036
-5120
-5076
10760
-11260
-8160
-11196
2809
-13284
3100
-1816
-3599
-16384
-1750
-16348
-3573
-16308
-3079
-8180
-7147
-10228
-3364
-4048
-8699
-4868
5877
-6116
521
-4876
2295
4148
2533
-12264
-8983
-6076
2306
-2000
5634
-4056
-3829
-8172
-6406
-4060
510
-4060
-6441
-9196
6672
4100
7955
-12248
-2823
-7128
-3322
-10224
-9957
-5096
-2560
-8140
-5136
-10224
8189
-17360
-5874
-6116
-6355
-9200
9739
-13292
4871
-8164
5374
-10212
8951
-8188
2307
-6132
766
-7152
4868
-8156
258
-9180
1772
-2048
-2568
-17408
-9463
-8156
-248
-11252
1286
-11264
9204
-7156
2306
-9200
-5625
-2040
-7671
-13292
3852
7180
6682
-4088
11783
-996
3609
-10240
-8453
-4032
10763
-9188
33
-7128
20
-3048
4632
-6120
-1020
-16348
-1550
-3064
5343
-972
1814
-6132
-515
-8152
11498
-4084
-3066
-4868
-297
-12256
2785
-8168
747
3080
12291
-13264
-3365
-11180
7144
-988
-490
-9200
522
-7136
274
-15308
10229
